4921894974,51.4576667848,25.3021173842,1468202234.0,None,4921895021
4921895021,51.4576619905,25.3021029145,1468202244.0,4921894974,4921895340
4921895340,51.4576550916,25.3020814546,1468202254.0,4921895021,4921895784
4921895784,51.4576505052,25.3020668054,1468202264.0,4921895340,4921896247
4921896247,51.4576525135,25.302060549,1468202274.0,4921895784,4921896651
4921896651,51.4576580087,25.3020558365,1468202284.0,4921896247,4921899291
4921899291,51.458028998,25.3020357999,1468202329.0,4921896651,4921899316
4921899316,51.4580443028,25.302046001,1468202330.0,4921899291,4921899345
4921899345,51.4580469978,25.302046528,1468202331.0,4921899316,4921899391
4921899391,51.4580450118,25.3020593804,1468202340.0,4921899345,4921899418
4921899418,51.4580850509,25.3020688215,1468202346.0,4921899391,4921899447
4921899447,51.4580991,25.3020626,1468202347.0,4921899418,4921899516
4921899516,51.4582791,25.3020146,1468202350.0,4921899447,4921899649
4921899649,51.4584038,25.3019596,1468202352.0,4921899516,4921900084
4921900084,51.459237,25.301586,1468202361.0,4921899649,4921900559
4921900559,51.4606,25.30095,1468202371.0,4921900084,4921901022
4921901022,51.462179,25.300242,1468202381.0,4921900559,4921901487
4921901487,51.4635353,25.2997163,1468202391.0,4921901022,4921901814
4921901814,51.4636521,25.2996233,1468202393.0,4921901487,4921901862
4921901862,51.463906,25.299403,1468202396.0,4921901814,4921901896
4921901896,51.4639718,25.2993806,1468202397.0,4921901862,4921901927
4921901927,51.4640415,25.2993731,1468202398.0,4921901896,4921901982
4921901982,51.4640891,25.2993775,1468202398.0,4921901927,4921902040
4921902040,51.4641567119,25.2993995113,1468202399.0,4921901982,4921902130
4921902130,51.46419568,25.2994229789,1468202400.0,4921902040,4921902183
4921902183,51.4642468653,25.2994695539,1468202400.0,4921902130,4921902233
4921902233,51.4642859408,25.2995286386,1468202401.0,4921902183,4921902280
4921902280,51.4643087585,25.2995963273,1468202402.0,4921902233,4921902336
4921902336,51.464315517,25.2996682637,1468202403.0,4921902280,4921902644
4921902644,51.4645005,25.3007206,1468202412.0,4921902336,4921903320
4921903320,51.4646288,25.302126,1468202422.0,4921902644,4921903467
4921903467,51.4647486,25.3037031,1468202432.0,4921903320,4921903911
4921903911,51.4646431,25.3051306,1468202441.0,4921903467,4921904310
4921904310,51.4642403,25.3065258,1468202450.0,4921903911,4921904738
4921904738,51.4635086,25.3078888,1468202459.0,4921904310,4921905207
4921905207,51.4626556,25.3092175,1468202469.0,4921904738,4921905681
4921905681,51.4617796,25.3106003,1468202479.0,4921905207,4921906222
4921906222,51.4609873,25.3118066,1468202489.0,4921905681,4921906348
4921906348,51.4608993,25.311985,1468202492.0,4921906222,4921906410
4921906410,51.460883,25.3120655,1468202493.0,4921906348,4921906483
4921906483,51.4608854918,25.3121611246,1468202494.0,4921906410,4921906603
4921906603,51.4609162185,25.3122783276,1468202496.0,4921906483,4921906767
4921906767,51.460991288,25.3124505231,1468202499.0,4921906603,4921906844
4921906844,51.4610701757,25.3125511557,1468202500.0,4921906767,4921906941
4921906941,51.4611283644,25.312601677,1468202501.0,4921906844,4921907006
4921907006,51.4612204461,25.3126546789,1468202503.0,4921906941,4921907041
4921907041,51.4613354728,25.3126957292,1468202504.0,4921907006,4921907541
4921907541,51.4625903019,25.3129595635,1468202513.0,4921907041,4921908103
4921908103,51.4642316002,25.3130806636,1468202523.0,4921907541,4921908628
4921908628,51.4658372999,25.3130784179,1468202533.0,4921908103,4921909152
4921909152,51.4675596007,25.3131188846,1468202543.0,4921908628,4921909565
4921909565,51.4692647999,25.3131018987,1468202553.0,4921909152,4921910029
4921910029,51.4707634856,25.3131687572,1468202563.0,4921909565,4921911005
4921911005,51.4737014972,25.3135858447,1468202583.0,4921910029,4921911456
4921911456,51.475302802,25.3137115467,1468202593.0,4921911005,4921911947
4921911947,51.4769138048,25.3138489997,1468202603.0,4921911456,4921912424
4921912424,51.4782738048,25.3139649017,1468202613.0,4921911947,4921912609
4921912609,51.4785183008,25.3139740023,1468202618.0,4921912424,4921912688
4921912688,51.4786044952,25.3139554075,1468202619.0,4921912609,4921912773
4921912773,51.4787162873,25.3139326905,1468202621.0,4921912688,4921912825
4921912825,51.4787705274,25.3139414126,1468202622.0,4921912773,4921912877
4921912877,51.4788465352,25.3139654351,1468202623.0,4921912825,4921913027
4921913027,51.479027022,25.3140188838,1468202625.0,4921912877,4921913437
4921913437,51.4800862931,25.3141031343,1468202634.0,4921913027,4921913900
4921913900,51.4816419919,25.3142291836,1468202644.0,4921913437,4921914406
4921914406,51.4832214917,25.3143556917,1468202654.0,4921913900,4921914692
4921914692,51.4839128016,25.3143951912,1468202661.0,4921914406,4921914894
4921914894,51.4841415988,25.3143768192,1468202664.0,4921914692,4921914948
4921914948,51.4842200916,25.3143968461,1468202665.0,4921914894,4921915069
4921915069,51.4844700936,25.3144593468,1468202668.0,4921914948,4921915513
4921915513,51.4855217905,25.3145382092,1468202677.0,4921915069,4921915923
4921915923,51.4866165967,25.3146112764,1468202687.0,4921915513,4921915998
4921915998,51.486734541,25.3145855217,1468202688.0,4921915923,4921916691
4921916691,51.486990339,25.3145153599,1468202692.0,4921915998,4921916730
4921916730,51.4870749927,25.3145256714,1468202693.0,4921916691,4921916749
4921916749,51.4871349853,25.3145486491,1468202693.0,4921916730,4921916779
4921916779,51.4871844801,25.3145850374,1468202694.0,4921916749,4921916800
4921916800,51.4872240495,25.3146310613,1468202695.0,4921916779,4921916827
4921916827,51.4872435138,25.3146678544,1468202695.0,4921916800,4921916851
4921916851,51.4872554239,25.3147325087,1468202696.0,4921916827,4921916888
4921916888,51.4872537643,25.3147950844,1468202697.0,4921916851,4921916923
4921916923,51.4872310001,25.3148793001,1468202698.0,4921916888,4921916954
4921916954,51.4871361009,25.3152881001,1468202702.0,4921916923,4921917098
4921917098,51.4870296017,25.3164561003,1468202711.0,4921916954,4921917617
4921917617,51.4869055221,25.3178260864,1468202721.0,4921917098,4921918074
4921918074,51.486785711,25.3192236133,1468202731.0,4921917617,4921918543
4921918543,51.4866686843,25.3206700237,1468202741.0,4921918074,4921918926
4921918926,51.4866561403,25.3214977986,1468202749.0,4921918543,4921918971
4921918971,51.4866782552,25.3215645361,1468202750.0,4921918926,4921919007
4921919007,51.486704953,25.3216092038,1468202751.0,4921918971,4921919059
4921919059,51.4867414597,25.3216416359,1468202751.0,4921919007,4921919085
4921919085,51.4867895919,25.3216689725,1468202752.0,4921919059,4921919115
4921919115,51.4868425259,25.3216855472,1468202753.0,4921919085,4921919148
4921919148,51.4868826523,25.3216876268,1468202753.0,4921919115,4921919197
4921919197,51.4869241612,25.3216848961,1468202754.0,4921919148,4921919298
4921919298,51.4870543771,25.3216541817,1468202755.0,4921919197,4921919669
4921919669,51.4880776904,25.3212758542,1468202764.0,4921919298,4921920145
4921920145,51.4895914067,25.320632199,1468202774.0,4921919669,4921920594
4921920594,51.4911892223,25.3199177927,1468202784.0,4921920145,4921921093
4921921093,51.4927847147,25.3192149632,1468202794.0,4921920594,4921921560
4921921560,51.4943121099,25.3185427415,1468202804.0,4921921093,4921921890
4921921890,51.4951634236,25.3181496883,1468202812.0,4921921560,4921922059
4921922059,51.4952457391,25.3180910953,1468202814.0,4921921890,4921922477
4921922477,51.4958041619,25.3174687587,1468202823.0,4921922059,4921922531
4921922531,51.495872022,25.3174385842,1468202824.0,4921922477,4921922566
4921922566,51.4959486004,25.3174210033,1468202825.0,4921922531,4921922591
4921922591,51.4961159999,25.3174089612,1468202826.0,4921922566,4921922670
4921922670,51.4963835047,25.3174258876,1468202829.0,4921922591,4921922722
4921922722,51.4965016143,25.3174612988,1468202830.0,4921922670,4921922770
4921922770,51.4965630166,25.3174977881,1468202831.0,4921922722,4921922815
4921922815,51.4966146088,25.317544352,1468202831.0,4921922770,4921922841
4921922841,51.4966571014,25.3176027796,1468202832.0,4921922815,4921922861
4921922861,51.4966871,25.3176689995,1468202833.0,4921922841,4921922898
4921922898,51.4966970018,25.3177335046,1468202834.0,4921922861,4921922948
4921922948,51.4966935215,25.3178010492,1468202834.0,4921922898,None
