4922381550,51.4991137211,25.2945022993,1468211267.0,None,4922381691
4922381691,51.4991687135,25.2945344088,1468211271.0,4922381550,4922381755
4922381755,51.4991733453,25.2945456683,1468211271.0,4922381691,4922381804
4922381804,51.4991760378,25.2945584753,1468211272.0,4922381755,4922381886
4922381886,51.4992040205,25.2946152277,1468211274.0,4922381804,4922381933
4922381933,51.499203756,25.2946349138,1468211275.0,4922381886,4922382430
4922382430,51.4992436054,25.2949374141,1468211282.0,4922381933,4922382493
4922382493,51.499263,25.294962,1468211283.0,4922382430,4922382550
4922382550,51.4992908447,25.2949833368,1468211284.0,4922382493,4922382599
4922382599,51.4993201785,25.294998899,1468211284.0,4922382550,4922382642
4922382642,51.4993620771,25.2950107644,1468211285.0,4922382599,4922382703
4922382703,51.4994025281,25.2950125826,1468211286.0,4922382642,4922382921
4922382921,51.4995355206,25.2950130589,1468211290.0,4922382703,4922383541
4922383541,51.5001451064,25.2949332058,1468211299.0,4922382921,4922383759
4922383759,51.5003327707,25.2949030336,1468211303.0,4922383541,4922383813
4922383813,51.5003570105,25.2948834062,1468211304.0,4922383759,4922384041
4922384041,51.5005203265,25.2947847941,1468211308.0,4922383813,4922384146
4922384146,51.5005907887,25.2947752794,1468211310.0,4922384041,4922384459
4922384459,51.5007778228,25.2947715173,1468211315.0,4922384146,4922384522
4922384522,51.5008091213,25.2947635792,1468211316.0,4922384459,4922384611
4922384611,51.5008498118,25.294776338,1468211317.0,4922384522,4922384659
4922384659,51.5008751061,25.2947862939,1468211318.0,4922384611,4922384711
4922384711,51.5008935001,25.2948113993,1468211318.0,4922384659,4922384769
4922384769,51.5009378049,25.2948710339,1468211319.0,4922384711,4922384985
4922384985,51.5011737218,25.2951265957,1468211324.0,4922384769,4922385319
4922385319,51.5013155727,25.2952443091,1468211328.0,4922384985,4922385390
4922385390,51.5013358028,25.2952400074,1468211329.0,4922385319,4922385513
4922385513,51.5014221001,25.2952360018,1468211331.0,4922385390,4922385581
4922385581,51.5014855,25.2952198005,1468211333.0,4922385513,4922385643
4922385643,51.5015415,25.2951901,1468211334.0,4922385581,4922386294
4922386294,51.5021166347,25.2948653662,1468211343.0,4922385643,4922391233
4922391233,51.5021655502,25.2955464081,1468211419.0,4922386294,4922391339
4922391339,51.5021117422,25.2955643811,1468211420.0,4922391233,4922391390
4922391390,51.5020867105,25.2955812446,1468211421.0,4922391339,4922391454
4922391454,51.5020739674,25.2955968131,1468211421.0,4922391390,4922391594
4922391594,51.5020644306,25.2956166969,1468211422.0,4922391454,4922391660
4922391660,51.5020537798,25.2956463117,1468211422.0,4922391594,4922391726
4922391726,51.5020329038,25.2957145723,1468211424.0,4922391660,4922391778
4922391778,51.5020354583,25.295755853,1468211425.0,4922391726,4922391813
4922391813,51.5020459642,25.2957852395,1468211426.0,4922391778,4922391854
4922391854,51.5020608882,25.2958119674,1468211427.0,4922391813,4922391910
4922391910,51.5020771737,25.2958274757,1468211427.0,4922391854,4922391983
4922391983,51.502107694,25.2958475846,1468211428.0,4922391910,4922392036
4922392036,51.5021405498,25.2958621539,1468211429.0,4922391983,4922392085
4922392085,51.5022028287,25.2958817192,1468211430.0,4922392036,None
