4923460273,51.5004559649,25.2947258711,1468227797.0,None,4923460757
4923460757,51.5004453169,25.2947175159,1468227807.0,4923460273,4923461243
4923461243,51.500446474,25.294718536,1468227817.0,4923460757,4923461691
4923461691,51.5004583898,25.2947331511,1468227827.0,4923461243,4923462143
4923462143,51.5004669482,25.294735996,1468227837.0,4923461691,4923462591
4923462591,51.5004607895,25.2947219746,1468227847.0,4923462143,4923463055
4923463055,51.5004508893,25.2947052327,1468227857.0,4923462591,4923463521
4923463521,51.5004404487,25.2946968399,1468227867.0,4923463055,4923463991
4923463991,51.5004297952,25.2946849813,1468227877.0,4923463521,4923464458
4923464458,51.5004283042,25.2946415138,1468227887.0,4923463991,4923464877
4923464877,51.500431603,25.2946221097,1468227897.0,4923464458,None
