4923472295,51.4481536,25.3293738,1468228046.0,None,4923472633
4923472633,51.4478033,25.328663,1468228054.0,4923472295,4923472851
4923472851,51.4476818,25.3280641,1468228058.0,4923472633,4923473307
4923473307,51.4477248,25.326646,1468228068.0,4923472851,4923473780
4923473780,51.4479455,25.3250855,1468228078.0,4923473307,4923474252
4923474252,51.4482095,25.3235263,1468228088.0,4923473780,4923474737
4923474737,51.4485795,25.3220376,1468228098.0,4923474252,4923475414
4923475414,51.4488170972,25.3209977826,1468228111.0,4923474737,4923475477
4923475477,51.4488151,25.3209955,1468228112.0,4923475414,4923475948
4923475948,51.4488623,25.3209725,1468228121.0,4923475477,4923476446
4923476446,51.448901,25.3209505,1468228131.0,4923475948,4923476886
4923476886,51.4489066,25.3208396,1468228140.0,4923476446,4923477051
4923477051,51.4488468,25.3207314999,1468228143.0,4923476886,4923477184
4923477184,51.4487579915,25.3206285502,1468228146.0,4923477051,4923477257
4923477257,51.4486975641,25.3205888843,1468228147.0,4923477184,4923477385
4923477385,51.4485660989,25.3205050492,1468228150.0,4923477257,4923477446
4923477446,51.4484837834,25.32048463,1468228151.0,4923477385,4923477883
4923477883,51.4478400544,25.3203084435,1468228159.0,4923477446,4923478024
4923478024,51.4476852976,25.3201996036,1468228161.0,4923477883,4923478050
4923478050,51.4475855714,25.3200890175,1468228162.0,4923478024,4923478083
4923478083,51.4474823795,25.3199295094,1468228164.0,4923478050,4923478166
4923478166,51.4474198462,25.3197657969,1468228166.0,4923478083,4923478285
4923478285,51.44739217,25.3195965373,1468228168.0,4923478166,4923478361
4923478361,51.4474026269,25.3194934501,1468228169.0,4923478285,4923478445
4923478445,51.4474453955,25.3193499845,1468228171.0,4923478361,4923478557
4923478557,51.4475533536,25.3191459919,1468228174.0,4923478445,4923478634
4923478634,51.4476659806,25.3190159465,1468228175.0,4923478557,4923479049
4923479049,51.448284725,25.3185127548,1468228183.0,4923478634,4923479137
4923479137,51.4484219975,25.3184488918,1468228185.0,4923479049,4923479172
4923479172,51.4485358971,25.3184199662,1468228186.0,4923479137,4923479287
4923479287,51.4486723716,25.3184095559,1468228188.0,4923479172,4923479538
4923479538,51.4490972307,25.3184045361,1468228193.0,4923479287,4923479603
4923479603,51.4491980948,25.3183670991,1468228194.0,4923479538,4923479665
4923479665,51.4492693253,25.3183201506,1468228195.0,4923479603,4923479727
4923479727,51.4493292494,25.3182581154,1468228196.0,4923479665,4923480169
4923480169,51.4498843935,25.317564069,1468228205.0,4923479727,4923480420
4923480420,51.4501359938,25.3171091725,1468228209.0,4923480169,4923480641
4923480641,51.450293584,25.3165871668,1468228213.0,4923480420,4923480837
4923480837,51.4504777864,25.31603493,1468228218.0,4923480641,4923481508
4923481508,51.4509775837,25.3149800869,1468228227.0,4923480837,4923481724
4923481724,51.451602679,25.3137786203,1468228237.0,4923481508,4923482069
4923482069,51.4520992377,25.3127654275,1468228245.0,4923481724,4923482552
4923482552,51.45279612,25.3116764303,1468228255.0,4923482069,4923483038
4923483038,51.4535209246,25.3103601147,1468228265.0,4923482552,4923483580
4923483580,51.4542224053,25.3089516992,1468228275.0,4923483038,4923483804
4923483804,51.4544090663,25.3082665101,1468228279.0,4923483580,4923484123
4923484123,51.4544992567,25.3071547662,1468228286.0,4923483804,4923484393
4923484393,51.4543911778,25.3063965779,1468228291.0,4923484123,4923485067
4923485067,51.4539988465,25.3053791457,1468228299.0,4923484393,4923485137
4923485137,51.4537075237,25.3049059162,1468228304.0,4923485067,4923485192
4923485192,51.4536157127,25.3048259075,1468228305.0,4923485137,4923485241
4923485241,51.4534951696,25.3047539018,1468228306.0,4923485192,4923485299
4923485299,51.4533568679,25.3046483185,1468228308.0,4923485241,4923485353
4923485353,51.4533101644,25.304579465,1468228309.0,4923485299,4923485401
4923485401,51.4532927115,25.3045243118,1468228310.0,4923485353,4923485443
4923485443,51.4532785414,25.3044327986,1468228311.0,4923485401,4923485533
4923485533,51.4532286676,25.3041187133,1468228315.0,4923485443,4923485585
4923485585,51.4531892832,25.3040637712,1468228316.0,4923485533,4923485627
4923485627,51.4531401187,25.3040151933,1468228317.0,4923485585,4923485658
4923485658,51.4530426437,25.303943176,1468228318.0,4923485627,4923486095
4923486095,51.4521250932,25.3033038246,1468228328.0,4923485658,4923486533
4923486533,51.4511601,25.3025361,1468228338.0,4923486095,4923486956
4923486956,51.4500755,25.3017223001,1468228348.0,4923486533,4923487477
4923487477,51.4489465951,25.3008115095,1468228358.0,4923486956,4923487988
4923487988,51.4477689779,25.29982852,1468228368.0,4923487477,4923488150
4923488150,51.4473713013,25.2993990256,1468228372.0,4923487988,4923488423
4923488423,51.4469824592,25.2987503226,1468228378.0,4923488150,4923488673
4923488673,51.4468099243,25.2982212426,1468228382.0,4923488423,4923489182
4923489182,51.4466912187,25.297518949,1468228392.0,4923488673,4923489434
4923489434,51.4466893596,25.2974583804,1468228397.0,4923489182,4923489624
4923489624,51.4466794043,25.2974225785,1468228399.0,4923489434,4923489766
4923489766,51.4466729661,25.2974172141,1468228400.0,4923489624,4923489801
4923489801,51.4466689189,25.2973967439,1468228401.0,4923489766,4923490157
4923490157,51.4466581012,25.2973611602,1468228411.0,4923489801,4923490648
4923490648,51.4466119076,25.2972936142,1468228420.0,4923490157,4923490872
4923490872,51.4465244915,25.2972350964,1468228423.0,4923490648,4923490980
4923490980,51.4463775776,25.2971234645,1468228426.0,4923490872,4923491048
4923491048,51.4463602459,25.2970884253,1468228427.0,4923490980,4923491094
4923491094,51.4463485493,25.2970382968,1468228428.0,4923491048,4923491149
4923491149,51.4463412012,25.29695223,1468228429.0,4923491094,4923491252
4923491252,51.4463577897,25.2968260091,1468228431.0,4923491149,4923491344
4923491344,51.4463546327,25.2967070796,1468228432.0,4923491252,4923491422
4923491422,51.4463249743,25.2966221378,1468228433.0,4923491344,4923491497
4923491497,51.4462759094,25.2965437538,1468228434.0,4923491422,4923491541
4923491541,51.4461923,25.2964585,1468228436.0,4923491497,4923491914
4923491914,51.4454117837,25.2958033412,1468228445.0,4923491541,4923492468
4923492468,51.4443125997,25.2949003006,1468228455.0,4923491914,None
