4922970848,51.5024215,25.2914378,1468219960.0,None,4922971483
4922971483,51.5006155684,25.2917671594,1468219970.0,4922970848,4922972038
4922972038,51.4993755255,25.2919854889,1468219979.0,4922971483,4922972124
4922972124,51.4992980294,25.2920287522,1468219980.0,4922972038,4922972237
4922972237,51.4992694539,25.2920598231,1468219981.0,4922972124,4922972311
4922972311,51.4992574789,25.2920863856,1468219981.0,4922972237,4922972358
4922972358,51.4992497942,25.2921159427,1468219982.0,4922972311,4922972405
4922972405,51.4992487995,25.2921467948,1468219982.0,4922972358,4922972487
4922972487,51.4992511,25.2922338,1468219984.0,4922972405,4922973085
4922973085,51.4992875,25.2928538,1468219993.0,4922972487,4922973349
4922973349,51.4993023,25.2928936,1468219996.0,4922973085,4922973571
4922973571,51.4993533,25.2930143,1468220000.0,4922973349,4922974490
4922974490,51.4993455,25.2930403,1468220000.0,4922973571,4922974589
4922974589,51.4993318,25.2930631,1468220001.0,4922974490,4922974649
4922974649,51.4993035,25.293096,1468220001.0,4922974589,4922974702
4922974702,51.4992436,25.2931928,1468220003.0,4922974649,4922974748
4922974748,51.4992393,25.293239,1468220004.0,4922974702,4922974792
4922974792,51.4992418,25.2932976,1468220005.0,4922974748,4922974977
4922974977,51.4992623,25.2938276,1468220015.0,4922974792,4922975138
4922975138,51.499287,25.2943095,1468220025.0,4922974977,4922975748
4922975748,51.4993141212,25.2949260341,1468220035.0,4922975138,4922975843
4922975843,51.4993463216,25.2949869648,1468220036.0,4922975748,4922975902
4922975902,51.499367854,25.2950045694,1468220036.0,4922975843,4922975967
4922975967,51.4993913297,25.2950174802,1468220037.0,4922975902,4922976038
4922976038,51.4994161438,25.2950256218,1468220037.0,4922975967,4922976077
4922976077,51.4994411051,25.2950286526,1468220038.0,4922976038,4922976140
4922976140,51.4994685194,25.2950291825,1468220039.0,4922976077,4922976196
4922976196,51.4994922976,25.2950268912,1468220039.0,4922976140,4922976864
4922976864,51.5001439942,25.2949398285,1468220049.0,4922976196,4922977145
4922977145,51.5003628825,25.2948963719,1468220053.0,4922976864,4922977245
4922977245,51.5004092113,25.2948677008,1468220055.0,4922977145,4922977336
4922977336,51.5004492709,25.294828755,1468220056.0,4922977245,4922977437
4922977437,51.5004983389,25.294797298,1468220058.0,4922977336,4922977494
4922977494,51.5005325142,25.2947886712,1468220058.0,4922977437,4922977572
4922977572,51.5006010877,25.2947835637,1468220060.0,4922977494,4922978192
4922978192,51.5010049766,25.2947719229,1468220069.0,4922977572,4922978907
4922978907,51.5014968071,25.2947709194,1468220079.0,4922978192,None
