4922720755,51.4988596,25.2944213,1468216307.0,None,4922720830
4922720830,51.4988873,25.2944126,1468216309.0,4922720755,4922721291
4922721291,51.4989972894,25.2944358019,1468216316.0,4922720830,4922721718
4922721718,51.4991078157,25.294487925,1468216321.0,4922721291,4922721836
4922721836,51.4991439585,25.29450959,1468216323.0,4922721718,4922721905
4922721905,51.4991507785,25.2945116706,1468216324.0,4922721836,4922722498
4922722498,51.4991628193,25.2944960279,1468216333.0,4922721905,4922723268
4922723268,51.4991531379,25.2944542425,1468216343.0,4922722498,4922724023
4922724023,51.4991381072,25.2944310867,1468216353.0,4922723268,4922724726
4922724726,51.4991382194,25.2944448327,1468216363.0,4922724023,4922725458
4922725458,51.4991300432,25.2944379103,1468216373.0,4922724726,4922726253
4922726253,51.4991223148,25.2944395055,1468216383.0,4922725458,4922726914
4922726914,51.4991184909,25.2944528222,1468216393.0,4922726253,4922727580
4922727580,51.4991173466,25.2944604129,1468216403.0,4922726914,4922728342
4922728342,51.4991115756,25.2944575358,1468216413.0,4922727580,4922729057
4922729057,51.4991178051,25.2944649843,1468216423.0,4922728342,4922729828
4922729828,51.4991224632,25.2944748083,1468216433.0,4922729057,4922730644
4922730644,51.4991173404,25.2944598503,1468216443.0,4922729828,4922749832
4922749832,51.4991121436,25.2943988617,1468216726.0,4922730644,4922749909
4922749909,51.499150216,25.2944028993,1468216728.0,4922749832,4922750024
4922750024,51.4991708862,25.294412571,1468216729.0,4922749909,4922750080
4922750080,51.49917744,25.29441932,1468216730.0,4922750024,4922750150
4922750150,51.4991836089,25.2944287661,1468216730.0,4922750080,4922750212
4922750212,51.4991867809,25.2944391369,1468216730.0,4922750150,4922750271
4922750271,51.4991900671,25.2944569849,1468216731.0,4922750212,4922750360
4922750360,51.4991988182,25.2945041261,1468216732.0,4922750271,4922750676
4922750676,51.4992648091,25.2948378167,1468216739.0,4922750360,4922750744
4922750744,51.4992952336,25.2948800004,1468216740.0,4922750676,4922750785
4922750785,51.4993249375,25.2949017741,1468216741.0,4922750744,4922750898
4922750898,51.4993548346,25.294913757,1468216742.0,4922750785,4922750955
4922750955,51.4993857001,25.2949240985,1468216742.0,4922750898,4922751019
4922751019,51.4994423173,25.2949348863,1468216744.0,4922750955,4922751112
4922751112,51.4994895334,25.2949362017,1468216745.0,4922751019,4922751424
4922751424,51.4997218678,25.2949252831,1468216749.0,4922751112,4922752070
4922752070,51.5002163183,25.2949151626,1468216759.0,4922751424,4922752176
4922752176,51.5002736387,25.2948941442,1468216761.0,4922752070,4922752244
4922752244,51.5002906536,25.2948759519,1468216761.0,4922752176,4922752311
4922752311,51.5002978771,25.2948591196,1468216762.0,4922752244,4922752487
4922752487,51.5003784977,25.2947971031,1468216765.0,4922752311,4922752581
4922752581,51.5004532105,25.2947659246,1468216767.0,4922752487,4922752641
4922752641,51.5004804806,25.2947659927,1468216767.0,4922752581,4922752691
4922752691,51.5005140646,25.2947738617,1468216768.0,4922752641,4922752766
4922752766,51.5005609939,25.2947894778,1468216769.0,4922752691,4922753062
4922753062,51.500715015,25.2948291113,1468216774.0,4922752766,4922753837
4922753837,51.5011550092,25.2948264533,1468216784.0,4922753062,4922753928
4922753928,51.5012303069,25.2948269564,1468216786.0,4922753837,4922754167
4922754167,51.5013645001,25.2947648601,1468216790.0,4922753928,4922754420
4922754420,51.5014933008,25.2947512812,1468216793.0,4922754167,4922755094
4922755094,51.5020471201,25.2947585608,1468216802.0,4922754420,4922759803
4922759803,51.5022303983,25.295488818,1468216869.0,4922755094,4922759868
4922759868,51.5021932549,25.2955030058,1468216870.0,4922759803,4922759923
4922759923,51.5021630063,25.2955224963,1468216870.0,4922759868,4922759984
4922759984,51.5021387793,25.2955526448,1468216871.0,4922759923,4922760046
4922760046,51.5021282017,25.2955796708,1468216872.0,4922759984,4922760147
4922760147,51.5020853047,25.2956891482,1468216874.0,4922760046,4922760241
4922760241,51.5020867913,25.2957276604,1468216875.0,4922760147,4922760290
4922760290,51.5020972277,25.2957648786,1468216875.0,4922760241,4922760367
4922760367,51.5021167611,25.2957945969,1468216876.0,4922760290,4922760410
4922760410,51.5021440024,25.2958107698,1468216877.0,4922760367,4922760475
4922760475,51.5021930306,25.2958401425,1468216878.0,4922760410,4922760541
4922760541,51.5022464503,25.295859645,1468216879.0,4922760475,None
