4921226560,51.4959595807,25.3104703187,1468185103.0,None,4921226595
4921226595,51.4964565727,25.3107968621,1468185108.0,4921226560,4921226628
4921226628,51.4965103635,25.3108743723,1468185109.0,4921226595,4921226657
4921226657,51.4965414356,25.3109442379,1468185110.0,4921226628,4921226687
4921226687,51.4965546783,25.311021302,1468185111.0,4921226657,4921226724
4921226724,51.4965464721,25.3111261408,1468185112.0,4921226687,4921226769
4921226769,51.4965024087,25.3112590925,1468185113.0,4921226724,4921226806
4921226806,51.4959816163,25.3125146615,1468185122.0,4921226769,4921226845
4921226845,51.4957600469,25.3134287875,1468185128.0,4921226806,4921226866
4921226866,51.4956640037,25.3146754995,1468185137.0,4921226845,4921226912
4921226912,51.4958003068,25.3160237972,1468185147.0,4921226866,4921226938
4921226938,51.4958970438,25.3163135477,1468185149.0,4921226912,4921226973
4921226973,51.4959729253,25.3164172105,1468185150.0,4921226938,4921227014
4921227014,51.4960834347,25.3165184546,1468185152.0,4921226973,4921227059
4921227059,51.4961777508,25.3165722776,1468185153.0,4921227014,4921227762
4921227762,51.4962485837,25.3165943286,1468185153.0,4921227059,4921227787
4921227787,51.4963393322,25.3166006905,1468185154.0,4921227762,4921227815
4921227815,51.4963801302,25.3165914909,1468185155.0,4921227787,4921228556
4921228556,51.4964360403,25.316572224,1468185156.0,4921227815,4921228585
4921228585,51.4965585209,25.3165516362,1468185157.0,4921228556,4921228617
4921228617,51.4966212764,25.3165594839,1468185158.0,4921228585,4921228649
4921228649,51.4966634497,25.3165742026,1468185158.0,4921228617,4921228694
4921228694,51.4966991767,25.3165969137,1468185159.0,4921228649,4921228727
4921228727,51.4970742264,25.3168609897,1468185164.0,4921228694,4921228754
4921228754,51.497325422,25.3170350034,1468185167.0,4921228727,4921228806
4921228806,51.4974319987,25.3170715304,1468185168.0,4921228754,4921228843
4921228843,51.4975230582,25.3170784461,1468185169.0,4921228806,4921228876
4921228876,51.4975891895,25.3170669075,1468185170.0,4921228843,4921229591
4921229591,51.4976796121,25.3170350472,1468185171.0,4921228876,4921229631
4921229631,51.4987777189,25.3165680723,1468185180.0,4921229591,4921229666
4921229666,51.5004117105,25.315855549,1468185190.0,4921229631,4921242823
4921242823,51.5021788,25.3150856,1468185200.0,4921229666,None
