4924860651,51.4433678,25.2939048,1468251589.0,None,4924860721
4924860721,51.4443123,25.2947348,1468251599.0,4924860651,4924860774
4924860774,51.4452461777,25.2954714353,1468251609.0,4924860721,4924860831
4924860831,51.446102503,25.2960945475,1468251619.0,4924860774,4924860892
4924860892,51.446681428,25.2965038129,1468251629.0,4924860831,4924860998
4924860998,51.4467086069,25.2965387287,1468251631.0,4924860892,4924861060
4924861060,51.4467302671,25.2965540891,1468251632.0,4924860998,4924861123
4924861123,51.4467397949,25.2965595831,1468251633.0,4924861060,4924861174
4924861174,51.4467566587,25.2965595021,1468251633.0,4924861123,4924861218
4924861218,51.4468789245,25.2965777878,1468251637.0,4924861174,4924861279
4924861279,51.4471017226,25.2966167102,1468251642.0,4924861218,4924861357
4924861357,51.4471367522,25.2966393093,1468251643.0,4924861279,4924861393
4924861393,51.4471649665,25.2966667416,1468251643.0,4924861357,4924861455
4924861455,51.447199567,25.2967058196,1468251644.0,4924861393,4924861527
4924861527,51.4472236894,25.2967540943,1468251645.0,4924861455,4924861567
4924861567,51.447244703,25.2968179294,1468251647.0,4924861527,4924861622
4924861622,51.4472484543,25.2968730078,1468251648.0,4924861567,4924861676
4924861676,51.4472409264,25.2969206583,1468251648.0,4924861622,4924861731
4924861731,51.4472229261,25.2969836605,1468251649.0,4924861676,4924861783
4924861783,51.4471880771,25.2970474699,1468251650.0,4924861731,4924861849
4924861849,51.4471434529,25.297098907,1468251651.0,4924861783,4924861903
4924861903,51.4470789714,25.2971522447,1468251653.0,4924861849,4924861964
4924861964,51.446993618,25.2971988697,1468251654.0,4924861903,4924861991
4924861991,51.4468946951,25.2972313603,1468251656.0,4924861964,4924862035
4924862035,51.4467618242,25.2972534923,1468251658.0,4924861991,4924862085
4924862085,51.4466543958,25.2972463098,1468251660.0,4924862035,4924862146
4924862146,51.446592515,25.2972302204,1468251661.0,4924862085,4924862211
4924862211,51.4463256808,25.2971626878,1468251665.0,4924862146,4924862298
4924862298,51.446252387,25.2971708871,1468251666.0,4924862211,4924862404
4924862404,51.4461330222,25.2971990899,1468251667.0,4924862298,4924862474
4924862474,51.4460143094,25.2972482192,1468251669.0,4924862404,4924862555
4924862555,51.445903869,25.2973168226,1468251672.0,4924862474,4924862612
4924862612,51.4458714645,25.2973520146,1468251673.0,4924862555,4924862664
4924862664,51.445857014,25.2973791116,1468251673.0,4924862612,4924862705
4924862705,51.445849473,25.2974091497,1468251674.0,4924862664,4924862768
4924862768,51.4458510063,25.2974295346,1468251675.0,4924862705,4924862823
4924862823,51.4458561111,25.2974451605,1468251675.0,4924862768,4924862867
4924862867,51.4458656068,25.2974655373,1468251676.0,4924862823,4924862927
4924862927,51.4458740061,25.2974723335,1468251677.0,4924862867,4924862979
4924862979,51.4458801039,25.297477522,1468251677.0,4924862927,4924863055
4924863055,51.4459326001,25.2975383004,1468251681.0,4924862979,4924863114
4924863114,51.4460223,25.2975861,1468251684.0,4924863055,4924863185
4924863185,51.4460498,25.297591,1468251685.0,4924863114,4924863241
4924863241,51.4463778,25.2976568,1468251695.0,4924863185,4924863308
4924863308,51.4464675,25.2976723,1468251699.0,4924863241,4924863379
4924863379,51.4465214995,25.2977093001,1468251709.0,4924863308,4924863428
4924863428,51.4465545283,25.2977361999,1468251719.0,4924863379,4924863492
4924863492,51.4465498372,25.2977314862,1468251729.0,4924863428,4924863561
4924863561,51.4465197841,25.2977927952,1468251739.0,4924863492,4924863623
4924863623,51.446559484,25.2978051841,1468251749.0,4924863561,4924863671
4924863671,51.4465600707,25.2978271735,1468251759.0,4924863623,4924863720
4924863720,51.446573949,25.2978170787,1468251769.0,4924863671,4924863772
4924863772,51.446591962,25.2978370621,1468251779.0,4924863720,4924863798
4924863798,51.4465940114,25.2978349775,1468251789.0,4924863772,4924863871
4924863871,51.4465862556,25.2978955781,1468251799.0,4924863798,4924863928
4924863928,51.446608742,25.2978883686,1468251809.0,4924863871,4924863968
4924863968,51.4466241682,25.2978770859,1468251819.0,4924863928,4924864051
4924864051,51.446623984,25.2978902783,1468251829.0,4924863968,4924864111
4924864111,51.4466349633,25.2979076398,1468251839.0,4924864051,4924864171
4924864171,51.4466395441,25.2979275083,1468251849.0,4924864111,4924873341
4924873341,51.446675208,25.2979144519,1468252003.0,4924864171,4924873956
4924873956,51.4466817804,25.2980895842,1468252013.0,4924873341,4924874164
4924874164,51.4466955153,25.2981838862,1468252016.0,4924873956,4924874223
4924874223,51.4467062326,25.298199187,1468252017.0,4924874164,4924874272
4924874272,51.44671797,25.2982029078,1468252018.0,4924874223,4924874348
4924874348,51.4467345974,25.2982141723,1468252018.0,4924874272,4924874396
4924874396,51.446771184,25.2982298106,1468252020.0,4924874348,4924874454
4924874454,51.4467834242,25.2982296273,1468252020.0,4924874396,4924874607
4924874607,51.4468049027,25.2982308786,1468252021.0,4924874454,4924874723
4924874723,51.4468239997,25.2982271001,1468252022.0,4924874607,4924875067
4924875067,51.4468506617,25.2982088668,1468252028.0,4924874723,4924875140
4924875140,51.4468504821,25.2982028547,1468252028.0,4924875067,4924875209
4924875209,51.4468543799,25.2981860769,1468252029.0,4924875140,4924875276
4924875276,51.4468533041,25.2981454201,1468252031.0,4924875209,4924875736
4924875736,51.446795606,25.2979089544,1468252038.0,4924875276,4924876353
4924876353,51.4467033038,25.2975026706,1468252048.0,4924875736,4924877130
4924877130,51.4466517202,25.2973697774,1468252058.0,4924876353,4924877323
4924877323,51.4466166914,25.2973200892,1468252062.0,4924877130,4924877849
4924877849,51.4464631866,25.2971577302,1468252069.0,4924877323,4924877956
4924877956,51.4464364483,25.2970976128,1468252071.0,4924877849,4924878064
4924878064,51.4464210182,25.2970262212,1468252073.0,4924877956,4924878163
4924878163,51.4464225036,25.2969585756,1468252074.0,4924878064,4924878207
4924878207,51.4464371225,25.2969111067,1468252075.0,4924878163,4924878268
4924878268,51.4464728285,25.2968462132,1468252077.0,4924878207,4924878352
4924878352,51.4465225904,25.2967853025,1468252078.0,4924878268,4924878436
4924878436,51.4465657398,25.2967513287,1468252079.0,4924878352,4924879079
4924879079,51.4466167734,25.2967238303,1468252080.0,4924878436,4924879190
4924879190,51.4466899294,25.2966987618,1468252081.0,4924879079,4924879271
4924879271,51.4468665014,25.2966570377,1468252084.0,4924879190,4924879321
4924879321,51.4469467009,25.2966592762,1468252085.0,4924879271,4924879448
4924879448,51.447035855,25.2966814144,1468252086.0,4924879321,4924879539
4924879539,51.4471180107,25.2967228085,1468252088.0,4924879448,4924879714
4924879714,51.4471519833,25.2967616855,1468252088.0,4924879539,4924879799
4924879799,51.4471852519,25.2968077478,1468252089.0,4924879714,4924879853
4924879853,51.4472074432,25.2968627472,1468252090.0,4924879799,4924879946
4924879946,51.4472152334,25.2969206243,1468252091.0,4924879853,4924880022
4924880022,51.4472113027,25.2969783544,1468252092.0,4924879946,4924880084
4924880084,51.4471868199,25.2970617409,1468252094.0,4924880022,4924880225
4924880225,51.4471122121,25.2972037211,1468252096.0,4924880084,4924880283
4924880283,51.4469918684,25.2974580615,1468252099.0,4924880225,4924880348
4924880348,51.446976501,25.2976108748,1468252101.0,4924880283,4924880404
4924880404,51.446996024,25.2977335067,1468252103.0,4924880348,4924880451
4924880451,51.4471187645,25.2982591393,1468252108.0,4924880404,4924880922
4924880922,51.4475168493,25.2990934072,1468252116.0,4924880451,4924881238
4924881238,51.4479393368,25.2996307804,1468252120.0,4924880922,4924881801
4924881801,51.4491366394,25.3007142432,1468252130.0,4924881238,4924882397
4924882397,51.4504334757,25.301809119,1468252140.0,4924881801,4924883172
4924883172,51.4517407038,25.302827274,1468252150.0,4924882397,4924883754
4924883754,51.4529385714,25.3036296671,1468252160.0,4924883172,4924884301
4924884301,51.453592434,25.3040292575,1468252170.0,4924883754,4924884637
4924884637,51.453864713,25.3041672525,1468252176.0,4924884301,4924884807
4924884807,51.4538901176,25.3042058049,1468252177.0,4924884637,4924885011
4924885011,51.4539167005,25.3042588511,1468252178.0,4924884807,4924885077
4924885077,51.4539240653,25.3043135431,1468252178.0,4924885011,4924885117
4924885117,51.4539293236,25.3044418279,1468252180.0,4924885077,4924885353
4924885353,51.4539324532,25.3047782908,1468252185.0,4924885117,4924885418
4924885418,51.4539824928,25.3048938,1468252186.0,4924885353,None
