4923460273,51.5004559104,25.2947246031,1468227797.0,None,4923460757
4923460757,51.5004453243,25.2947166616,1468227807.0,4923460273,4923461243
4923461243,51.5004464265,25.2947192426,1468227817.0,4923460757,4923461691
4923461691,51.5004585422,25.2947342693,1468227827.0,4923461243,4923462143
4923462143,51.5004671816,25.294736772,1468227837.0,4923461691,4923462591
4923462591,51.5004607798,25.2947210513,1468227847.0,4923462143,4923463055
4923463055,51.5004507352,25.2947050247,1468227857.0,4923462591,4923463521
4923463521,51.5004403619,25.294696566,1468227867.0,4923463055,4923463991
4923463991,51.5004297871,25.2946849494,1468227877.0,4923463521,4923464458
4923464458,51.5004283114,25.2946415374,1468227887.0,4923463991,4923464877
4923464877,51.5004316081,25.2946221263,1468227897.0,4923464458,None
