4921226560,51.4959597163,25.3104698461,1468185103.0,None,4921226595
4921226595,51.4964566981,25.3107964545,1468185108.0,4921226560,4921226628
4921226628,51.496510474,25.3108741514,1468185109.0,4921226595,4921226657
4921226657,51.4965420131,25.3109441361,1468185110.0,4921226628,4921226687
4921226687,51.4965553295,25.3110216493,1468185111.0,4921226657,4921226724
4921226724,51.4965470998,25.3111267129,1468185112.0,4921226687,4921226769
4921226769,51.4965025922,25.3112592485,1468185113.0,4921226724,4921226806
4921226806,51.4959818159,25.3125147669,1468185122.0,4921226769,4921226845
4921226845,51.495759961,25.3134287672,1468185128.0,4921226806,4921226866
4921226866,51.4956640116,25.3146754983,1468185137.0,4921226845,4921226912
4921226912,51.4958003219,25.316023791,1468185147.0,4921226866,4921226938
4921226938,51.495896952,25.3163136257,1468185149.0,4921226912,4921226973
4921226973,51.4959728018,25.3164173934,1468185150.0,4921226938,4921227014
4921227014,51.4960833261,25.3165187111,1468185152.0,4921226973,4921227059
4921227059,51.4961776691,25.3165725724,1468185153.0,4921227014,4921227762
4921227762,51.4962485561,25.3165947096,1468185153.0,4921227059,4921227787
4921227787,51.4963393858,25.3166010076,1468185154.0,4921227762,4921227815
4921227815,51.4963801802,25.3165918089,1468185155.0,4921227787,4921228556
4921228556,51.4964361074,25.3165725986,1468185156.0,4921227815,4921228585
4921228585,51.4965585555,25.3165518629,1468185157.0,4921228556,4921228617
4921228617,51.4966212368,25.3165597903,1468185158.0,4921228585,4921228649
4921228649,51.4966633645,25.3165745409,1468185158.0,4921228617,4921228694
4921228694,51.4966989699,25.3165976028,1468185159.0,4921228649,4921228727
4921228727,51.4970741034,25.3168613072,1468185164.0,4921228694,4921228754
4921228754,51.497325292,25.3170353429,1468185167.0,4921228727,4921228806
4921228806,51.4974319973,25.317071919,1468185168.0,4921228754,4921228843
4921228843,51.4975231582,25.3170790356,1468185169.0,4921228806,4921228876
4921228876,51.4975893424,25.3170676006,1468185170.0,4921228843,4921229591
4921229591,51.4976798026,25.3170358067,1468185171.0,4921228876,4921229631
4921229631,51.4987779201,25.3165688718,1468185180.0,4921229591,4921229666
4921229666,51.5004118978,25.3158563106,1468185190.0,4921229631,4921242823
4921242823,51.5021788,25.3150856,1468185200.0,4921229666,None
