4924626973,51.4973658032,25.2897768447,1468248429.0,None,4924627605
4924627605,51.4973016064,25.2897761747,1468248440.0,4924626973,4924628333
4924628333,51.4973104916,25.2898016453,1468248450.0,4924627605,4924629277
4924629277,51.4972371079,25.2898362373,1468248459.0,4924628333,4924629772
4924629772,51.4971025196,25.289883009,1468248467.0,4924629277,4924630464
4924630464,51.4969588157,25.2899092427,1468248477.0,4924629772,4924631448
4924631448,51.4967515729,25.2899484426,1468248487.0,4924630464,4924632220
4924632220,51.4966525726,25.2899818435,1468248496.0,4924631448,4924632607
4924632607,51.4965568231,25.2900365693,1468248502.0,4924632220,4924633010
4924633010,51.4965151014,25.2900915708,1468248508.0,4924632607,4924633153
4924633153,51.4964917058,25.2901331618,1468248511.0,4924633010,4924633381
4924633381,51.4964839114,25.2901558835,1468248512.0,4924633153,4924633642
4924633642,51.496479036,25.2901996058,1468248515.0,4924633381,4924633782
4924633782,51.4964802034,25.2902425997,1468248517.0,4924633642,4924634387
4924634387,51.4964827545,25.290322335,1468248526.0,4924633782,4924634999
4924634999,51.4964899859,25.290361508,1468248536.0,4924634387,4924635762
4924635762,51.4964916328,25.2903525103,1468248546.0,4924634999,4924636432
4924636432,51.4965108131,25.2903624754,1468248556.0,4924635762,4924637241
4924637241,51.4964971623,25.2903694101,1468248565.0,4924636432,4924637795
4924637795,51.4964983448,25.2903649661,1468248576.0,4924637241,4924638493
4924638493,51.4964932027,25.2903646305,1468248585.0,4924637795,4924639289
4924639289,51.4964824414,25.2903735917,1468248595.0,4924638493,4924640089
4924640089,51.4964583168,25.2903962542,1468248606.0,4924639289,4924640792
4924640792,51.4964642681,25.2904129274,1468248616.0,4924640089,4924641321
4924641321,51.4964874759,25.2904796006,1468248623.0,4924640792,4924641937
4924641937,51.4965501272,25.290894408,1468248632.0,4924641321,4924642860
4924642860,51.4965539527,25.2909978213,1468248642.0,4924641937,4924643485
4924643485,51.4965343184,25.2910148821,1468248652.0,4924642860,4924644126
4924644126,51.4965434053,25.2910507283,1468248662.0,4924643485,4924644984
4924644984,51.4965698965,25.291070456,1468248672.0,4924644126,4924645644
4924645644,51.4965858872,25.2910741518,1468248682.0,4924644984,4924646276
4924646276,51.4965945223,25.2910798509,1468248692.0,4924645644,4924647125
4924647125,51.496594344,25.2910772431,1468248702.0,4924646276,4924647751
4924647751,51.4965634055,25.2910903936,1468248712.0,4924647125,4924648398
4924648398,51.4965470333,25.2911017879,1468248722.0,4924647751,4924649234
4924649234,51.4965626346,25.2911025628,1468248732.0,4924648398,4924649922
4924649922,51.4965772216,25.2911007726,1468248742.0,4924649234,4924650588
4924650588,51.4965672081,25.291111782,1468248752.0,4924649922,4924656627
4924656627,51.4967187317,25.2917170156,1468248818.0,4924650588,4924656697
4924656697,51.4967530267,25.2917776083,1468248819.0,4924656627,4924656733
4924656733,51.4967959176,25.2918262066,1468248820.0,4924656697,4924656756
4924656756,51.4969011244,25.2919123809,1468248823.0,4924656733,4924656800
4924656800,51.4969829436,25.2919843597,1468248825.0,4924656756,4924656861
4924656861,51.4970285214,25.2920553867,1468248827.0,4924656800,4924656914
4924656914,51.4970560371,25.2921214549,1468248828.0,4924656861,4924656983
4924656983,51.4970636283,25.2921760796,1468248829.0,4924656914,4924657040
4924657040,51.4970614507,25.2922319325,1468248830.0,4924656983,4924657099
4924657099,51.4970410824,25.2922987276,1468248831.0,4924657040,4924657137
4924657137,51.4970077051,25.2923663754,1468248833.0,4924657099,4924657177
4924657177,51.4969618165,25.2924221485,1468248834.0,4924657137,4924657216
4924657216,51.4969053387,25.2924643381,1468248835.0,4924657177,4924657405
4924657405,51.4968400327,25.2924937921,1468248836.0,4924657216,4924657460
4924657460,51.4967844075,25.2925071719,1468248836.0,4924657405,4924657503
4924657503,51.4967043038,25.292514153,1468248837.0,4924657460,4924657546
4924657546,51.4965957758,25.2924947695,1468248839.0,4924657503,4924657614
4924657614,51.4962204393,25.2924315427,1468248842.0,4924657546,4924657650
4924657650,51.4958242344,25.292493881,1468248846.0,4924657614,4924657770
4924657770,51.4951822329,25.2926406113,1468248852.0,4924657650,4924657819
4924657819,51.4951420335,25.2926683846,1468248852.0,4924657770,4924657850
4924657850,51.4951255261,25.2926916648,1468248853.0,4924657819,4924657913
4924657913,51.495117932,25.2927146531,1468248853.0,4924657850,4924657965
4924657965,51.4951133181,25.2927462574,1468248854.0,4924657913,4924658013
4924658013,51.4951151814,25.2927817361,1468248855.0,4924657965,4924658527
4924658527,51.4952147451,25.2934547586,1468248864.0,4924658013,4924659307
4924659307,51.4953004554,25.294100566,1468248874.0,4924658527,4924659914
4924659914,51.49532105,25.2942382893,1468248884.0,4924659307,4924660600
4924660600,51.495347032,25.2944500931,1468248894.0,4924659914,4924661270
4924661270,51.4953637802,25.2945735042,1468248904.0,4924660600,4924661925
4924661925,51.4953890686,25.2947816067,1468248914.0,4924661270,4924662791
4924662791,51.495395173,25.2948685844,1468248924.0,4924661925,4924663345
4924663345,51.495371895,25.2949329116,1468248934.0,4924662791,4924663424
4924663424,51.4953426492,25.2949624651,1468248934.0,4924663345,4924663480
4924663480,51.4952961105,25.2949917974,1468248935.0,4924663424,4924663556
4924663556,51.4952063,25.2950266,1468248936.0,4924663480,4924664349
4924664349,51.494137,25.2953195,1468248945.0,4924663556,4924664798
4924664798,51.4936225,25.295476,1468248952.0,4924664349,4924664922
4924664922,51.4936111,25.2954891,1468248953.0,4924664798,4924665114
4924665114,51.4936028,25.2955088,1468248953.0,4924664922,4924665231
4924665231,51.4936015,25.2955248,1468248954.0,4924665114,4924665339
4924665339,51.4936041,25.295542,1468248954.0,4924665231,4924665402
4924665402,51.4936136,25.2955763,1468248955.0,4924665339,4924665596
4924665596,51.4937178,25.2959593,1468248964.0,4924665402,4924665704
4924665704,51.4937345,25.296031,1468248966.0,4924665596,4924666362
4924666362,51.4937721,25.296154,1468248975.0,4924665704,4924667027
4924667027,51.4937711,25.2961561,1468248985.0,4924666362,4924667696
4924667696,51.493772,25.2961578,1468248995.0,4924667027,4924668475
4924668475,51.493774906,25.2961606852,1468249005.0,4924667696,4924668583
4924668583,51.4937625,25.2962023,1468249009.0,4924668475,4924668654
4924668654,51.493757,25.2962068,1468249009.0,4924668583,4924668710
4924668710,51.4937421,25.2962171,1468249010.0,4924668654,4924668790
4924668790,51.493718,25.2962285,1468249010.0,4924668710,4924668847
4924668847,51.4936661,25.296241,1468249011.0,4924668790,4924669037
4924669037,51.4932251,25.2963475,1468249016.0,4924668847,4924669107
4924669107,51.4932055,25.2963686,1468249016.0,4924669037,4924669153
4924669153,51.4931988,25.296383,1468249017.0,4924669107,4924669220
4924669220,51.4931945,25.2963976,1468249017.0,4924669153,4924669273
4924669273,51.4931893,25.29643,1468249017.0,4924669220,4924669341
4924669341,51.4931863,25.2965038,1468249018.0,4924669273,None
