4925240336,51.4880457194,25.2725576724,1468257851.0,None,4925240881
4925240881,51.4880503685,25.2725531621,1468257861.0,4925240336,4925241423
4925241423,51.488050588,25.272542001,1468257871.0,4925240881,4925241992
4925241992,51.4880473993,25.2725358584,1468257881.0,4925241423,4925242510
4925242510,51.4880059511,25.2725184079,1468257891.0,4925241992,4925243022
4925243022,51.4879715,25.2724906,1468257901.0,4925242510,4925243618
4925243618,51.4879708,25.2724725,1468257911.0,4925243022,4925244450
4925244450,51.4880505,25.2724933,1468257926.0,4925243618,4925245009
4925245009,51.4880304614,25.2724985345,1468257936.0,4925244450,4925245527
4925245527,51.4880197758,25.2724960461,1468257946.0,4925245009,4925246059
4925246059,51.4880184806,25.272503853,1468257956.0,4925245527,4925246608
4925246608,51.4880126022,25.2725068706,1468257966.0,4925246059,4925247138
4925247138,51.4880094375,25.2725053372,1468257976.0,4925246608,4925247722
4925247722,51.4880052865,25.2725085262,1468257986.0,4925247138,4925248236
4925248236,51.488001125,25.2725135052,1468257996.0,4925247722,4925248794
4925248794,51.487999322,25.2725159477,1468258006.0,4925248236,4925249360
4925249360,51.4879994264,25.2725099357,1468258016.0,4925248794,4925249903
4925249903,51.4880110051,25.2725192627,1468258026.0,4925249360,4925250492
4925250492,51.4880233935,25.2725279273,1468258036.0,4925249903,None
