4922720755,51.4988596,25.2944213,1468216307.0,None,4922720830
4922720830,51.4988873,25.2944126,1468216309.0,4922720755,4922721291
4922721291,51.4989972692,25.2944358051,1468216316.0,4922720830,4922721718
4922721718,51.4991074951,25.294488641,1468216321.0,4922721291,4922721836
4922721836,51.4991442232,25.2945092413,1468216323.0,4922721718,4922721905
4922721905,51.4991507427,25.2945117916,1468216324.0,4922721836,4922722498
4922722498,51.4991628497,25.2944959106,1468216333.0,4922721905,4922723268
4922723268,51.4991533737,25.2944529498,1468216343.0,4922722498,4922724023
4922724023,51.4991381083,25.294430208,1468216353.0,4922723268,4922724726
4922724726,51.4991384507,25.2944439438,1468216363.0,4922724023,4922725458
4922725458,51.499130217,25.2944361708,1468216373.0,4922724726,4922726253
4922726253,51.4991223314,25.2944386903,1468216383.0,4922725458,4922726914
4922726914,51.4991184725,25.2944528639,1468216393.0,4922726253,4922727580
4922727580,51.4991174264,25.29446008,1468216403.0,4922726914,4922728342
4922728342,51.4991115449,25.2944576256,1468216413.0,4922727580,4922729057
4922729057,51.4991174712,25.2944653023,1468216423.0,4922728342,4922729828
4922729828,51.4991231998,25.2944737626,1468216433.0,4922729057,4922730644
4922730644,51.4991174115,25.2944595853,1468216443.0,4922729828,4922749832
4922749832,51.4991122193,25.294399308,1468216726.0,4922730644,4922749909
4922749909,51.4991500791,25.294403585,1468216728.0,4922749832,4922750024
4922750024,51.4991708009,25.2944129243,1468216729.0,4922749909,4922750080
4922750080,51.4991774269,25.2944196134,1468216730.0,4922750024,4922750150
4922750150,51.4991834836,25.2944290535,1468216730.0,4922750080,4922750212
4922750212,51.499186406,25.2944393817,1468216730.0,4922750150,4922750271
4922750271,51.4991901816,25.2944569591,1468216731.0,4922750212,4922750360
4922750360,51.4991985094,25.2945043446,1468216732.0,4922750271,4922750676
4922750676,51.4992648257,25.2948378444,1468216739.0,4922750360,4922750744
4922750744,51.4992947801,25.294880861,1468216740.0,4922750676,4922750785
4922750785,51.499324659,25.2949022476,1468216741.0,4922750744,4922750898
4922750898,51.4993543754,25.2949145446,1468216742.0,4922750785,4922750955
4922750955,51.4993852307,25.294925829,1468216742.0,4922750898,4922751019
4922751019,51.4994423487,25.2949359853,1468216744.0,4922750955,4922751112
4922751112,51.4994895907,25.2949372387,1468216745.0,4922751019,4922751424
4922751424,51.4997219828,25.2949264499,1468216749.0,4922751112,4922752070
4922752070,51.5002163473,25.2949154206,1468216759.0,4922751424,4922752176
4922752176,51.500273702,25.2948947041,1468216761.0,4922752070,4922752244
4922752244,51.5002907435,25.294876707,1468216761.0,4922752176,4922752311
4922752311,51.5002980078,25.2948601649,1468216762.0,4922752244,4922752487
4922752487,51.5003788371,25.2947981374,1468216765.0,4922752311,4922752581
4922752581,51.5004535652,25.2947669843,1468216767.0,4922752487,4922752641
4922752641,51.5004807829,25.2947668239,1468216767.0,4922752581,4922752691
4922752691,51.5005141714,25.2947742968,1468216768.0,4922752641,4922752766
4922752766,51.5005609842,25.2947892767,1468216769.0,4922752691,4922753062
4922753062,51.5007150402,25.2948279466,1468216774.0,4922752766,4922753837
4922753837,51.5011550241,25.2948258652,1468216784.0,4922753062,4922753928
4922753928,51.5012303179,25.2948263728,1468216786.0,4922753837,4922754167
4922754167,51.5013645004,25.2947649607,1468216790.0,4922753928,4922754420
4922754420,51.5014933023,25.2947515827,1468216793.0,4922754167,4922755094
4922755094,51.5020471545,25.2947586646,1468216802.0,4922754420,4922759803
4922759803,51.5022300539,25.2954888488,1468216869.0,4922755094,4922759868
4922759868,51.5021931781,25.2955030158,1468216870.0,4922759803,4922759923
4922759923,51.5021630165,25.2955224901,1468216870.0,4922759868,4922759984
4922759984,51.5021387459,25.2955527194,1468216871.0,4922759923,4922760046
4922760046,51.5021280354,25.2955791155,1468216872.0,4922759984,4922760147
4922760147,51.5020832905,25.2956880513,1468216874.0,4922760046,4922760241
4922760241,51.5020834483,25.295728913,1468216875.0,4922760147,4922760290
4922760290,51.5020952893,25.2957674831,1468216875.0,4922760241,4922760367
4922760367,51.5021162788,25.2957959255,1468216876.0,4922760290,4922760410
4922760410,51.5021438307,25.2958119087,1468216877.0,4922760367,4922760475
4922760475,51.5021929103,25.2958412269,1468216878.0,4922760410,4922760541
4922760541,51.5022463633,25.2958602309,1468216879.0,4922760475,None
