4924251858,51.4992739458,25.2994535221,1468242952.0,None,4924252127
4924252127,51.4992444462,25.2994719856,1468242956.0,4924251858,4924252187
4924252187,51.4992364725,25.2994855484,1468242957.0,4924252127,4924252429
4924252429,51.4991739603,25.2995482134,1468242960.0,4924252187,4924252488
4924252488,51.4991518852,25.2995531352,1468242961.0,4924252429,4924252561
4924252561,51.4991339869,25.2995504518,1468242961.0,4924252488,4924252657
4924252657,51.4991047248,25.2995404069,1468242962.0,4924252561,4924252712
4924252712,51.4990882918,25.2995260156,1468242963.0,4924252657,4924252767
4924252767,51.4990725177,25.2995086832,1468242963.0,4924252712,4924252816
4924252816,51.4990322387,25.2994599584,1468242964.0,4924252767,4924253356
4924253356,51.4988036,25.299164,1468242973.0,4924252816,4924253461
4924253461,51.4987965581,25.2991483741,1468242975.0,4924253356,4924253696
4924253696,51.4987966355,25.2990981275,1468242978.0,4924253461,4924253765
4924253765,51.4988043221,25.2990850079,1468242979.0,4924253696,4924253847
4924253847,51.4988217317,25.2990645419,1468242979.0,4924253765,4924253886
4924253886,51.4988473408,25.2990440712,1468242980.0,4924253847,4924253966
4924253966,51.4989306025,25.2989861393,1468242982.0,4924253886,4924254455
4924254455,51.4991163594,25.2988610743,1468242989.0,4924253966,4924255080
4924255080,51.4991198063,25.2988944268,1468242998.0,4924254455,4924255754
4924255754,51.499152255,25.2989214857,1468243008.0,4924255080,4924256411
4924256411,51.4991717903,25.2989059263,1468243018.0,4924255754,4924257044
4924257044,51.4991806061,25.2988869232,1468243028.0,4924256411,4924257725
4924257725,51.4991732097,25.2988716785,1468243038.0,4924257044,4924258428
4924258428,51.4991787584,25.2988651314,1468243048.0,4924257725,4924259086
4924259086,51.4991897436,25.2988652146,1468243058.0,4924258428,4924259770
4924259770,51.4992059315,25.2988665142,1468243068.0,4924259086,4924260526
4924260526,51.4992203855,25.2988847342,1468243078.0,4924259770,4924261123
4924261123,51.4992276784,25.2988901093,1468243088.0,4924260526,4924261805
4924261805,51.4992464191,25.2989023367,1468243098.0,4924261123,4924262498
4924262498,51.4992554139,25.2989022191,1468243108.0,4924261805,4924263542
4924263542,51.4997535352,25.2984858195,1468243125.0,4924262498,4924263622
4924263622,51.4997550978,25.2984441506,1468243126.0,4924263542,4924263702
4924263702,51.4997513078,25.2984206397,1468243127.0,4924263622,4924263761
4924263761,51.499743723,25.298396257,1468243127.0,4924263702,4924263958
4924263958,51.4997258509,25.2983545247,1468243128.0,4924263761,4924264042
4924264042,51.4996927416,25.2983213335,1468243129.0,4924263958,4924264070
4924264070,51.4996477843,25.2982854256,1468243129.0,4924264042,4924265091
4924265091,51.4988641882,25.297505556,1468243138.0,4924264070,4924265159
4924265159,51.4981615,25.296430715,1468243148.0,4924265091,4924266000
4924266000,51.4973082614,25.2948528152,1468243158.0,4924265159,4924266266
4924266266,51.4968853419,25.2936440495,1468243168.0,4924266000,4924266875
4924266875,51.4968208089,25.2934463521,1468243178.0,4924266266,4924267583
4924267583,51.4968084713,25.29344949,1468243188.0,4924266875,4924268232
4924268232,51.4968020588,25.2934539805,1468243198.0,4924267583,4924268972
4924268972,51.4968012828,25.2934583541,1468243208.0,4924268232,4924269638
4924269638,51.496808641,25.2934604487,1468243218.0,4924268972,4924270266
4924270266,51.4968169455,25.2934621789,1468243228.0,4924269638,4924270934
4924270934,51.4967884344,25.2933388201,1468243238.0,4924270266,4924271669
4924271669,51.4967231034,25.2930354788,1468243248.0,4924270934,4924272408
4924272408,51.4967047576,25.2929408517,1468243258.0,4924271669,4924273142
4924273142,51.4967024659,25.2929368444,1468243268.0,4924272408,4924273774
4924273774,51.4966931509,25.2928766023,1468243278.0,4924273142,4924274475
4924274475,51.4966971383,25.2928730483,1468243288.0,4924273774,4924275109
4924275109,51.4966893308,25.2928801491,1468243298.0,4924274475,4924275771
4924275771,51.4966919149,25.2928781019,1468243308.0,4924275109,4924276385
4924276385,51.4966917027,25.292877089,1468243318.0,4924275771,4924277003
4924277003,51.4966963927,25.2928732981,1468243328.0,4924276385,4924277741
4924277741,51.4967015447,25.2928677229,1468243338.0,4924277003,4924278340
4924278340,51.4966773151,25.2927803614,1468243348.0,4924277741,4924278494
4924278494,51.4966432316,25.2926603073,1468243351.0,4924278340,4924278617
4924278617,51.4965998119,25.2925856701,1468243353.0,4924278494,4924278690
4924278690,51.4965617934,25.2925484191,1468243354.0,4924278617,4924279031
4924279031,51.4963865093,25.2923868427,1468243358.0,4924278690,4924279141
4924279141,51.4963443615,25.29229308,1468243360.0,4924279031,4924279216
4924279216,51.4963386602,25.2922376138,1468243360.0,4924279141,4924279409
4924279409,51.4963448962,25.2921813649,1468243361.0,4924279216,4924296656
4924296656,51.4963769185,25.2920916829,1468243362.0,4924279409,4924296706
4924296706,51.496438515,25.2919019773,1468243365.0,4924296656,4924296767
4924296767,51.4964328805,25.2917488177,1468243366.0,4924296706,4924296862
4924296862,51.4961733493,25.2902905899,1468243375.0,4924296767,4924296945
4924296945,51.4958011661,25.2884508447,1468243385.0,4924296862,4924297022
4924297022,51.4954401279,25.286646452,1468243395.0,4924296945,4924297086
4924297086,51.4950764883,25.2846694407,1468243405.0,4924297022,4924297128
4924297128,51.4947012691,25.2828302042,1468243415.0,4924297086,4924297191
4924297191,51.4943573118,25.2812659903,1468243425.0,4924297128,4924297231
4924297231,51.4942606876,25.2809744592,1468243435.0,4924297191,4924297278
4924297278,51.4942784377,25.2809646308,1468243445.0,4924297231,4924297401
4924297401,51.4942765031,25.2809675418,1468243455.0,4924297278,4924297449
4924297449,51.4942740128,25.2809766705,1468243465.0,4924297401,4924297520
4924297520,51.4942751156,25.2809795609,1468243475.0,4924297449,4924297607
4924297607,51.4942879284,25.2809686251,1468243485.0,4924297520,4924297659
4924297659,51.4942736209,25.2809844081,1468243495.0,4924297607,4924297713
4924297713,51.4940424986,25.2804340204,1468243505.0,4924297659,4924297800
4924297800,51.4933118,25.2791968,1468243515.0,4924297713,4924297842
4924297842,51.4923273,25.2780786,1468243524.0,4924297800,4924297873
4924297873,51.4909996,25.276962,1468243533.0,4924297842,4924297923
4924297923,51.4898768,25.2761523,1468243543.0,4924297873,None
