4922381550,51.4991132421,25.2945027881,1468211267.0,None,4922381691
4922381691,51.4991689013,25.2945340842,1468211271.0,4922381550,4922381755
4922381755,51.4991737594,25.2945454455,1468211271.0,4922381691,4922381804
4922381804,51.49917644,25.2945582643,1468211272.0,4922381755,4922381886
4922381886,51.4992043909,25.2946151069,1468211274.0,4922381804,4922381933
4922381933,51.4992041874,25.2946347694,1468211275.0,4922381886,4922382430
4922382430,51.4992437918,25.2949370943,1468211282.0,4922381933,4922382493
4922382493,51.499263,25.294962,1468211283.0,4922382430,4922382550
4922382550,51.4992912604,25.2949825408,1468211284.0,4922382493,4922382599
4922382599,51.4993204844,25.2949982108,1468211284.0,4922382550,4922382642
4922382642,51.4993622142,25.295010186,1468211285.0,4922382599,4922382703
4922382703,51.4994025754,25.2950122017,1468211286.0,4922382642,4922382921
4922382921,51.4995355556,25.2950126399,1468211290.0,4922382703,4922383541
4922383541,51.5001451167,25.2949330481,1468211299.0,4922382921,4922383759
4922383759,51.5003323794,25.2949022366,1468211303.0,4922383541,4922383813
4922383813,51.5003568572,25.2948830733,1468211304.0,4922383759,4922384041
4922384041,51.5005203699,25.2947847837,1468211308.0,4922383813,4922384146
4922384146,51.5005907699,25.2947757413,1468211310.0,4922384041,4922384459
4922384459,51.5007778605,25.2947722213,1468211315.0,4922384146,4922384522
4922384522,51.5008091566,25.2947643919,1468211316.0,4922384459,4922384611
4922384611,51.5008498311,25.2947769087,1468211317.0,4922384522,4922384659
4922384659,51.500875116,25.2947866208,1468211318.0,4922384611,4922384711
4922384711,51.5008935003,25.2948112244,1468211318.0,4922384659,4922384769
4922384769,51.5009378138,25.2948702343,1468211319.0,4922384711,4922384985
4922384985,51.5011739291,25.2951265885,1468211324.0,4922384769,4922385319
4922385319,51.5013155263,25.2952443246,1468211328.0,4922384985,4922385390
4922385390,51.5013358075,25.2952400199,1468211329.0,4922385319,4922385513
4922385513,51.5014221002,25.2952360049,1468211331.0,4922385390,4922385581
4922385581,51.5014855,25.2952198013,1468211333.0,4922385513,4922385643
4922385643,51.5015415,25.2951901001,1468211334.0,4922385581,4922386294
4922386294,51.5021163541,25.2948654783,1468211343.0,4922385643,4922391233
4922391233,51.5021654662,25.2955462532,1468211419.0,4922386294,4922391339
4922391339,51.502112149,25.2955645252,1468211420.0,4922391233,4922391390
4922391390,51.5020870665,25.2955814967,1468211421.0,4922391339,4922391454
4922391454,51.5020742482,25.2955971833,1468211421.0,4922391390,4922391594
4922391594,51.5020646478,25.2956170421,1468211422.0,4922391454,4922391660
4922391660,51.502054071,25.2956468409,1468211422.0,4922391594,4922391726
4922391726,51.5020334248,25.2957145494,1468211424.0,4922391660,4922391778
4922391778,51.5020352284,25.2957559411,1468211425.0,4922391726,4922391813
4922391813,51.50204624,25.295784789,1468211426.0,4922391778,4922391854
4922391854,51.5020607043,25.2958117487,1468211427.0,4922391813,4922391910
4922391910,51.5020772907,25.2958269112,1468211427.0,4922391854,4922391983
4922391983,51.5021078528,25.2958467183,1468211428.0,4922391910,4922392036
4922392036,51.5021406337,25.2958619011,1468211429.0,4922391983,4922392085
4922392085,51.5022028742,25.2958815848,1468211430.0,4922392036,None
