4925563742,51.5001623921,25.2897327542,1468263135.0,None,4925564221
4925564221,51.5001514336,25.2896106916,1468263143.0,4925563742,4925564406
4925564406,51.5001375439,25.2895835516,1468263145.0,4925564221,4925564475
4925564475,51.5001273615,25.28957552,1468263146.0,4925564406,4925564527
4925564527,51.5001190868,25.2895722028,1468263146.0,4925564475,4925564568
4925564568,51.5000915323,25.2895625387,1468263148.0,4925564527,4925564614
4925564614,51.5000742335,25.2895606182,1468263148.0,4925564568,4925564643
4925564643,51.5000597911,25.2895607253,1468263149.0,4925564614,4925564688
4925564688,51.5000454942,25.2895626982,1468263150.0,4925564643,4925564757
4925564757,51.5000264388,25.2895668986,1468263151.0,4925564688,4925564903
4925564903,51.4999853408,25.2895906275,1468263153.0,4925564757,4925564965
4925564965,51.4999764015,25.2896044637,1468263153.0,4925564903,4925565005
4925565005,51.4999692526,25.2896184873,1468263154.0,4925564965,4925565349
4925565349,51.499906871,25.2897374845,1468263160.0,4925565005,4925565410
4925565410,51.4998927037,25.289744866,1468263160.0,4925565349,4925565463
4925565463,51.4998616573,25.2897596544,1468263161.0,4925565410,4925565515
4925565515,51.4998301397,25.2897670989,1468263162.0,4925565463,4925565608
4925565608,51.4997833712,25.2897707106,1468263164.0,4925565515,4925565840
4925565840,51.4996797023,25.2897826119,1468263168.0,4925565608,4925565979
4925565979,51.4996249073,25.2898032895,1468263170.0,4925565840,4925566049
4925566049,51.499591286,25.2898232246,1468263171.0,4925565979,4925566280
4925566280,51.4995112204,25.2898877033,1468263175.0,4925566049,4925566343
4925566343,51.4994962923,25.2899104501,1468263176.0,4925566280,4925566539
4925566539,51.4994522246,25.2899823265,1468263180.0,4925566343,4925566699
4925566699,51.499429159,25.2900539858,1468263182.0,4925566539,4925566909
4925566909,51.4994032453,25.2901414301,1468263186.0,4925566699,4925566989
4925566989,51.4993805599,25.2901779385,1468263187.0,4925566909,4925567057
4925567057,51.4993583739,25.2901970205,1468263188.0,4925566989,4925567115
4925567115,51.4993291426,25.2902121956,1468263189.0,4925567057,4925567178
4925567178,51.499302238,25.2902166973,1468263190.0,4925567115,4925567219
4925567219,51.4992853784,25.2902155628,1468263191.0,4925567178,4925567266
4925567266,51.4992584212,25.2902116727,1468263192.0,4925567219,4925567328
4925567328,51.4992420695,25.2902046941,1468263192.0,4925567266,4925567372
4925567372,51.4992255,25.2901941,1468263193.0,4925567328,4925567919
4925567919,51.4989878,25.2900395,1468263202.0,4925567372,4925568539
4925568539,51.4988298,25.2899486,1468263212.0,4925567919,4925569172
4925569172,51.4987875,25.2898976,1468263222.0,4925568539,4925569763
4925569763,51.4987795,25.289881,1468263232.0,4925569172,4925570429
4925570429,51.4987741,25.2898725,1468263242.0,4925569763,4925571021
4925571021,51.498769,25.2898698,1468263252.0,4925570429,4925571595
4925571595,51.4987636,25.2898756,1468263262.0,4925571021,4925572164
4925572164,51.4987516,25.2898771,1468263272.0,4925571595,4925572762
4925572762,51.4987346049,25.2898678673,1468263282.0,4925572164,4925573426
4925573426,51.4987365352,25.2898689824,1468263292.0,4925572762,4925574078
4925574078,51.4987410018,25.2898603901,1468263302.0,4925573426,4925574734
4925574734,51.4987516,25.289865,1468263312.0,4925574078,4925575343
4925575343,51.4987658,25.289856,1468263322.0,4925574734,4925579136
4925579136,51.4987551109,25.2897809496,1468263379.0,4925575343,4925579205
4925579205,51.498738663,25.2897732799,1468263379.0,4925579136,4925579251
4925579251,51.4987168,25.2897676,1468263380.0,4925579205,4925579506
4925579506,51.498628,25.289748,1468263385.0,4925579251,4925579822
4925579822,51.498503,25.2897003,1468263389.0,4925579506,4925580218
4925580218,51.498299,25.2896598,1468263395.0,4925579822,4925580308
4925580308,51.49825,25.289674,1468263397.0,4925580218,4925580367
4925580367,51.4982181,25.2896911,1468263398.0,4925580308,4925580439
4925580439,51.498174,25.2897201,1468263399.0,4925580367,4925580796
4925580796,51.4979208,25.289808,1468263404.0,4925580439,4925581033
4925581033,51.4977338,25.2898865,1468263408.0,4925580796,4925581399
4925581399,51.4973400872,25.289967705,1468263414.0,4925581033,4925582008
4925582008,51.496916986,25.2900781944,1468263423.0,4925581399,4925582635
4925582635,51.4968097679,25.2900777905,1468263433.0,4925582008,4925583260
4925583260,51.4967014921,25.2900735078,1468263443.0,4925582635,4925583957
4925583957,51.4965923423,25.2901203423,1468263453.0,4925583260,4925584443
4925584443,51.4965738667,25.2901338512,1468263463.0,4925583957,4925585097
4925585097,51.4965668944,25.2901366609,1468263473.0,4925584443,4925585656
4925585656,51.496557365,25.2901408293,1468263483.0,4925585097,4925586277
4925586277,51.4965357787,25.2901540045,1468263493.0,4925585656,4925586859
4925586859,51.4965216954,25.2901506162,1468263503.0,4925586277,4925587427
4925587427,51.4965244325,25.2901502459,1468263513.0,4925586859,4925588045
4925588045,51.496522036,25.2901531311,1468263523.0,4925587427,4925588610
4925588610,51.4965130632,25.2901535225,1468263533.0,4925588045,4925589298
4925589298,51.4965003386,25.2901551825,1468263543.0,4925588610,4925589868
4925589868,51.4964865736,25.2901594014,1468263553.0,4925589298,4925590509
4925590509,51.4964799059,25.2901678434,1468263563.0,4925589868,4925591667
4925591667,51.4964775834,25.290198628,1468263580.0,4925590509,4925592231
4925592231,51.4964513663,25.2902547994,1468263589.0,4925591667,4925592331
4925592331,51.4964494066,25.2902754164,1468263591.0,4925592231,4925592397
4925592397,51.4964529509,25.2902891917,1468263592.0,4925592331,4925593003
4925593003,51.4965533725,25.2907241347,1468263601.0,4925592397,4925593616
4925593616,51.496722866,25.2914799976,1468263611.0,4925593003,4925594143
4925594143,51.496760707,25.2916902607,1468263619.0,4925593616,4925594270
4925594270,51.4967761848,25.2917258694,1468263621.0,4925594143,4925594332
4925594332,51.496812749,25.2917778854,1468263622.0,4925594270,4925594393
4925594393,51.4968403784,25.291800806,1468263623.0,4925594332,4925594517
4925594517,51.4968944409,25.2918380101,1468263625.0,4925594393,4925594593
4925594593,51.4969470637,25.2918870656,1468263627.0,4925594517,4925594702
4925594702,51.4970122596,25.2919505386,1468263628.0,4925594593,4925594844
4925594844,51.497085935,25.2920353731,1468263631.0,4925594702,4925594896
4925594896,51.4971073169,25.2920923781,1468263632.0,4925594844,4925594982
4925594982,51.4971235446,25.2921631084,1468263633.0,4925594896,4925595069
4925595069,51.4971209258,25.292235096,1468263634.0,4925594982,4925595153
4925595153,51.4971005909,25.2923073713,1468263635.0,4925595069,4925595268
4925595268,51.4970524305,25.2923957397,1468263637.0,4925595153,4925595434
4925595434,51.4969975757,25.2924628039,1468263639.0,4925595268,4925595526
4925595526,51.4969493145,25.2925003597,1468263641.0,4925595434,4925595575
4925595575,51.4969158387,25.2925184497,1468263642.0,4925595526,4925595691
4925595691,51.4968470025,25.2925437909,1468263643.0,4925595575,4925595790
4925595790,51.4967655412,25.2925591671,1468263645.0,4925595691,4925595917
4925595917,51.4966718285,25.2925597364,1468263647.0,4925595790,4925596015
4925596015,51.4965927789,25.2925389002,1468263648.0,4925595917,4925596140
4925596140,51.4965120604,25.2925060276,1468263650.0,4925596015,4925596339
4925596339,51.4963765545,25.2924564383,1468263653.0,4925596140,4925596542
4925596542,51.4962790852,25.2924457447,1468263654.0,4925596339,4925596630
4925596630,51.4961751473,25.2924526754,1468263656.0,4925596542,4925597155
4925597155,51.4953054915,25.2925926248,1468263665.0,4925596630,4925597869
4925597869,51.4940565754,25.2927872373,1468263675.0,4925597155,4925598492
4925598492,51.4925300703,25.2930252018,1468263685.0,4925597869,4925599131
4925599131,51.4911047856,25.2931728028,1468263695.0,4925598492,4925599806
4925599806,51.4899295688,25.2931122766,1468263705.0,4925599131,4925600869
4925600869,51.488647018,25.2929949228,1468263714.0,4925599806,4925601001
4925601001,51.4879364217,25.2930895353,1468263719.0,4925600869,4925601049
4925601049,51.4873123386,25.2932926446,1468263723.0,4925601001,4925601560
4925601560,51.4859142729,25.2939248583,1468263732.0,4925601049,None
