4921343614,51.4576128832,25.3022360993,1468187886.0,None,4921343654
4921343654,51.4576104563,25.3022380915,1468187896.0,4921343614,4921343705
4921343705,51.4576066576,25.3022361391,1468187906.0,4921343654,4921344001
4921344001,51.4576061083,25.3022357154,1468187916.0,4921343705,4921344439
4921344439,51.4576080572,25.3022330751,1468187926.0,4921344001,4921344899
4921344899,51.4576044745,25.3022276075,1468187936.0,4921344439,4921345639
4921345639,51.4576051682,25.3022259461,1468187946.0,4921344899,4921345830
4921345830,51.4576088432,25.3022270057,1468187956.0,4921345639,4921346256
4921346256,51.4576106491,25.3022290779,1468187966.0,4921345830,4921346704
4921346704,51.457611173,25.3022317556,1468187976.0,4921346256,None
