4921894974,51.457666765,25.3021174988,1468202234.0,None,4921895021
4921895021,51.4576619657,25.3021028282,1468202244.0,4921894974,4921895340
4921895340,51.4576550803,25.3020813931,1468202254.0,4921895021,4921895784
4921895784,51.4576505124,25.3020668132,1468202264.0,4921895340,4921896247
4921896247,51.4576525326,25.3020606181,1468202274.0,4921895784,4921896651
4921896651,51.4576580213,25.3020558887,1468202284.0,4921896247,4921899291
4921899291,51.4580289953,25.3020357997,1468202329.0,4921896651,4921899316
4921899316,51.4580443067,25.3020460024,1468202330.0,4921899291,4921899345
4921899345,51.4580469947,25.3020465662,1468202331.0,4921899316,4921899391
4921899391,51.4580450285,25.30205922,1468202340.0,4921899345,4921899418
4921899418,51.4580851197,25.3020688507,1468202346.0,4921899391,4921899447
4921899447,51.4580991,25.3020626,1468202347.0,4921899418,4921899516
4921899516,51.4582791,25.3020146,1468202350.0,4921899447,4921899649
4921899649,51.4584038,25.3019596,1468202352.0,4921899516,4921900084
4921900084,51.459237,25.301586,1468202361.0,4921899649,4921900559
4921900559,51.4606,25.30095,1468202371.0,4921900084,4921901022
4921901022,51.462179,25.300242,1468202381.0,4921900559,4921901487
4921901487,51.4635353,25.2997163,1468202391.0,4921901022,4921901814
4921901814,51.4636521,25.2996233,1468202393.0,4921901487,4921901862
4921901862,51.463906,25.299403,1468202396.0,4921901814,4921901896
4921901896,51.4639718,25.2993806,1468202397.0,4921901862,4921901927
4921901927,51.4640415,25.2993731,1468202398.0,4921901896,4921901982
4921901982,51.4640891,25.2993775,1468202398.0,4921901927,4921902040
4921902040,51.4641568642,25.2993993909,1468202399.0,4921901982,4921902130
4921902130,51.4641959236,25.2994228158,1468202400.0,4921902040,4921902183
4921902183,51.4642469515,25.2994694933,1468202400.0,4921902130,4921902233
4921902233,51.4642858595,25.2995286917,1468202401.0,4921902183,4921902280
4921902280,51.4643087011,25.2995963651,1468202402.0,4921902233,4921902336
4921902336,51.4643158046,25.2996682153,1468202403.0,4921902280,4921902644
4921902644,51.4645005,25.3007206,1468202412.0,4921902336,4921903320
4921903320,51.4646288,25.302126,1468202422.0,4921902644,4921903467
4921903467,51.4647486,25.3037031,1468202432.0,4921903320,4921903911
4921903911,51.4646431,25.3051306,1468202441.0,4921903467,4921904310
4921904310,51.4642403,25.3065258,1468202450.0,4921903911,4921904738
4921904738,51.4635086,25.3078888,1468202459.0,4921904310,4921905207
4921905207,51.4626556,25.3092175,1468202469.0,4921904738,4921905681
4921905681,51.4617796,25.3106003,1468202479.0,4921905207,4921906222
4921906222,51.4609873,25.3118066,1468202489.0,4921905681,4921906348
4921906348,51.4608993,25.311985,1468202492.0,4921906222,4921906410
4921906410,51.460883,25.3120655,1468202493.0,4921906348,4921906483
4921906483,51.4608854805,25.3121611582,1468202494.0,4921906410,4921906603
4921906603,51.4609161075,25.3122786376,1468202496.0,4921906483,4921906767
4921906767,51.4609912721,25.3124505538,1468202499.0,4921906603,4921906844
4921906844,51.4610702777,25.3125509612,1468202500.0,4921906767,4921906941
4921906941,51.4611284513,25.3126015109,1468202501.0,4921906844,4921907006
4921907006,51.4612203752,25.3126549144,1468202503.0,4921906941,4921907041
4921907041,51.4613354367,25.3126959007,1468202504.0,4921907006,4921907541
4921907541,51.4625903045,25.3129595126,1468202513.0,4921907041,4921908103
4921908103,51.4642316004,25.3130807467,1468202523.0,4921907541,4921908628
4921908628,51.4658372998,25.3130785747,1468202533.0,4921908103,4921909152
4921909152,51.4675596016,25.3131187307,1468202543.0,4921908628,4921909565
4921909565,51.4692647998,25.3131020307,1468202553.0,4921909152,4921910029
4921910029,51.470763466,25.3131691084,1468202563.0,4921909565,4921911005
4921911005,51.4737014936,25.3135859032,1468202583.0,4921910029,4921911456
4921911456,51.4753028046,25.3137114761,1468202593.0,4921911005,4921911947
4921911947,51.4769138112,25.3138488666,1468202603.0,4921911456,4921912424
4921912424,51.4782738111,25.3139647705,1468202613.0,4921911947,4921912609
4921912609,51.4785183018,25.3139738721,1468202618.0,4921912424,4921912688
4921912688,51.4786044888,25.3139552847,1468202619.0,4921912609,4921912773
4921912773,51.4787162706,25.313932546,1468202621.0,4921912688,4921912825
4921912825,51.4787705639,25.3139411631,1468202622.0,4921912773,4921912877
4921912877,51.478846582,25.3139652156,1468202623.0,4921912825,4921913027
4921913027,51.4790270514,25.3140187281,1468202625.0,4921912877,4921913437
4921913437,51.4800862839,25.3141033129,1468202634.0,4921913027,4921913900
4921913900,51.481641981,25.314229428,1468202644.0,4921913437,4921914406
4921914406,51.4832214808,25.3143559464,1468202654.0,4921913900,4921914692
4921914692,51.4839128036,25.3143954455,1468202661.0,4921914406,4921914894
4921914894,51.4841415971,25.3143768452,1468202664.0,4921914692,4921914948
4921914948,51.4842200805,25.3143969074,1468202665.0,4921914894,4921915069
4921915069,51.4844700853,25.3144594079,1468202668.0,4921914948,4921915513
4921915513,51.4855217778,25.3145384879,1468202677.0,4921915069,4921915923
4921915923,51.4866165923,25.3146115113,1468202687.0,4921915513,4921915998
4921915998,51.4867345958,25.3145858177,1468202688.0,4921915923,4921916691
4921916691,51.4869903913,25.3145157094,1468202692.0,4921915998,4921916730
4921916730,51.4870749828,25.3145257665,1468202693.0,4921916691,4921916749
4921916749,51.4871349656,25.3145487148,1468202693.0,4921916730,4921916779
4921916779,51.4871844537,25.3145850873,1468202694.0,4921916749,4921916800
4921916800,51.4872239824,25.3146311431,1468202695.0,4921916779,4921916827
4921916827,51.4872433987,25.314667927,1468202695.0,4921916800,4921916851
4921916851,51.4872553222,25.3147325202,1468202696.0,4921916827,4921916888
4921916888,51.4872537165,25.3147950635,1468202697.0,4921916851,4921916923
4921916923,51.4872310002,25.3148793002,1468202698.0,4921916888,4921916954
4921916954,51.4871361045,25.3152881007,1468202702.0,4921916923,4921917098
4921917098,51.4870296039,25.3164561007,1468202711.0,4921916954,4921917617
4921917617,51.4869054187,25.3178260683,1468202721.0,4921917098,4921918074
4921918074,51.486785859,25.319223631,1468202731.0,4921917617,4921918543
4921918543,51.4866689326,25.3206700555,1468202741.0,4921918074,4921918926
4921918926,51.4866561955,25.3214977968,1468202749.0,4921918543,4921918971
4921918971,51.4866781962,25.3215645837,1468202750.0,4921918926,4921919007
4921919007,51.4867048907,25.3216093414,1468202751.0,4921918971,4921919059
4921919059,51.4867414061,25.3216418169,1468202751.0,4921919007,4921919085
4921919085,51.4867895814,25.3216692051,1468202752.0,4921919059,4921919115
4921919115,51.486842562,25.3216858835,1468202753.0,4921919085,4921919148
4921919148,51.486882724,25.3216880717,1468202753.0,4921919115,4921919197
4921919197,51.486924245,25.3216854348,1468202754.0,4921919148,4921919298
4921919298,51.4870544816,25.3216546991,1468202755.0,4921919197,4921919669
4921919669,51.4880778118,25.3212763304,1468202764.0,4921919298,4921920145
4921920145,51.4895915488,25.3206327296,1468202774.0,4921919669,4921920594
4921920594,51.4911893869,25.3199184557,1468202784.0,4921920145,4921921093
4921921093,51.4927848695,25.3192155886,1468202794.0,4921920594,4921921560
4921921560,51.4943122585,25.3185433387,1468202804.0,4921921093,4921921890
4921921890,51.4951635908,25.3181502137,1468202812.0,4921921560,4921922059
4921922059,51.4952459276,25.3180914972,1468202814.0,4921921890,4921922477
4921922477,51.4958042447,25.317468971,1468202823.0,4921922059,4921922531
4921922531,51.4958720513,25.3174386962,1468202824.0,4921922477,4921922566
4921922566,51.4959486009,25.317421008,1468202825.0,4921922531,4921922591
4921922591,51.4961159997,25.3174089106,1468202826.0,4921922566,4921922670
4921922670,51.4963835109,25.3174257379,1468202829.0,4921922591,4921922722
4921922722,51.4965016336,25.3174608924,1468202830.0,4921922670,4921922770
4921922770,51.496563039,25.317497364,1468202831.0,4921922722,4921922815
4921922815,51.4966146207,25.3175441503,1468202831.0,4921922770,4921922841
4921922841,51.4966571032,25.3176027518,1468202832.0,4921922815,4921922861
4921922861,51.4966871001,25.3176689988,1468202833.0,4921922841,4921922898
4921922898,51.4966970043,25.3177335108,1468202834.0,4921922861,4921922948
4921922948,51.4966935507,25.3178011161,1468202834.0,4921922898,None
