4923652016,51.498216,25.2994215,1468231815.0,None,4923652048
4923652048,51.49827,25.2993903,1468231817.0,4923652016,4923652481
4923652481,51.4985125,25.2992205,1468231826.0,4923652048,4923653307
4923653307,51.4988530218,25.2989991312,1468231835.0,4923652481,4923653415
4923653415,51.4994377789,25.2986481814,1468231844.0,4923653307,4923653601
4923653601,51.4997006758,25.298480267,1468231849.0,4923653415,4923653647
4923653647,51.4997265926,25.2984418799,1468231850.0,4923653601,4923653677
4923653677,51.4997389214,25.2984084316,1468231851.0,4923653647,4923653739
4923653739,51.4997397263,25.2983715255,1468231852.0,4923653677,4923653804
4923653804,51.4997323721,25.2983478363,1468231852.0,4923653739,4923653841
4923653841,51.49971326,25.2983258282,1468231853.0,4923653804,4923653871
4923653871,51.4996740456,25.2982812135,1468231854.0,4923653841,4923654356
4923654356,51.4992164532,25.297856836,1468231863.0,4923653871,4923654649
4923654649,51.4988836438,25.2975232307,1468231871.0,4923654356,4923655153
4923655153,51.4985526185,25.2969923478,1468231880.0,4923654649,4923655661
4923655661,51.4980084793,25.29611867,1468231890.0,4923655153,4923656202
4923656202,51.4976414068,25.295463478,1468231900.0,4923655661,4923656491
4923656491,51.4976300078,25.2954473827,1468231910.0,4923656202,4923656910
4923656910,51.4976065676,25.2954260533,1468231920.0,4923656491,4923657396
4923657396,51.4976019205,25.2954242053,1468231930.0,4923656910,4923657857
4923657857,51.497596257,25.295421881,1468231940.0,4923657396,4923658332
4923658332,51.4975867059,25.2954145454,1468231950.0,4923657857,4923658757
4923658757,51.497585781,25.2954136772,1468231960.0,4923658332,4923659273
4923659273,51.4975679888,25.2953796711,1468231970.0,4923658757,4923659769
4923659769,51.4974347838,25.2951053665,1468231980.0,4923659273,4923660208
4923660208,51.4971115682,25.2943041183,1468231990.0,4923659769,4923660693
4923660693,51.4968658826,25.2934677352,1468232000.0,4923660208,4923661217
4923661217,51.4967463362,25.2928366488,1468232010.0,4923660693,4923661744
4923661744,51.4967422739,25.2927898192,1468232020.0,4923661217,4923662334
4923662334,51.4967473063,25.2927867456,1468232030.0,4923661744,4923662764
4923662764,51.4967509842,25.2927817899,1468232040.0,4923662334,4923663329
4923663329,51.4967539446,25.2927795199,1468232050.0,4923662764,4923664105
4923664105,51.4967544727,25.2927827639,1468232060.0,4923663329,4923664151
4923664151,51.496756595,25.292783178,1468232070.0,4923664105,4923664551
4923664551,51.4967596146,25.2927814704,1468232080.0,4923664151,4923665047
4923665047,51.4967613186,25.2927806751,1468232090.0,4923664551,4923665480
4923665480,51.4967644283,25.2927797212,1468232100.0,4923665047,4923665707
4923665707,51.4967302715,25.2926338024,1468232105.0,4923665480,4923665784
4923665784,51.4966887818,25.2925674112,1468232106.0,4923665707,4923666102
4923666102,51.4966146052,25.2924955098,1468232108.0,4923665784,4923666132
4923666132,51.4964666455,25.2923563764,1468232110.0,4923666102,4923666178
4923666178,51.4964404256,25.2922977492,1468232111.0,4923666132,4923666303
4923666303,51.4964297369,25.2922387904,1468232112.0,4923666178,4923666338
4923666338,51.4964341079,25.2921839722,1468232113.0,4923666303,4923666388
4923666388,51.4964499363,25.2921253919,1468232115.0,4923666338,4923666428
4923666428,51.4964649853,25.2920941418,1468232116.0,4923666388,4923666714
4923666714,51.4964682223,25.2920722486,1468232126.0,4923666428,4923667138
4923667138,51.4964485321,25.2920714724,1468232136.0,4923666714,4923667551
4923667551,51.4964361047,25.2920709312,1468232146.0,4923667138,4923668022
4923668022,51.4964335969,25.2920723021,1468232156.0,4923667551,4923668238
4923668238,51.4965074009,25.2920028382,1468232160.0,4923668022,4923668356
4923668356,51.496563078,25.2919744706,1468232161.0,4923668238,4923668401
4923668401,51.4966124508,25.291959762,1468232162.0,4923668356,4923668424
4923668424,51.4966809059,25.2919524381,1468232163.0,4923668401,4923668792
4923668792,51.4967497955,25.2919601052,1468232164.0,4923668424,4923669101
4923669101,51.496819756,25.2919874806,1468232165.0,4923668792,4923669176
4923669176,51.4968665681,25.2920204417,1468232166.0,4923669101,4923669214
4923669214,51.4968947842,25.2920495375,1468232166.0,4923669176,4923669260
4923669260,51.4969284008,25.2921035365,1468232167.0,4923669214,4923669305
4923669305,51.4969516726,25.2921617285,1468232168.0,4923669260,4923669341
4923669341,51.4969598418,25.2922249965,1468232168.0,4923669305,4923669405
4923669405,51.4969508101,25.2922880296,1468232169.0,4923669341,4923669460
4923669460,51.4968608008,25.292688175,1468232173.0,4923669405,4923669486
4923669486,51.4969978926,25.2933400466,1468232179.0,4923669460,4923669531
4923669531,51.4973917024,25.2944861498,1468232188.0,4923669486,4923670006
4923670006,51.4979020264,25.2955890618,1468232198.0,4923669531,4923670560
4923670560,51.4985239481,25.2965502769,1468232208.0,4923670006,4923670920
4923670920,51.499266268,25.297425602,1468232218.0,4923670560,4923671446
4923671446,51.5001377882,25.2982449438,1468232228.0,4923670920,4923672115
4923672115,51.5011807806,25.2989457629,1468232238.0,4923671446,4923672241
4923672241,51.5020012509,25.2993777535,1468232246.0,4923672115,4923672308
4923672308,51.5021158534,25.2994046067,1468232248.0,4923672241,4923672336
4923672336,51.5021865032,25.2994045535,1468232248.0,4923672308,4923672381
4923672381,51.5022564978,25.2993904828,1468232249.0,4923672336,4923672436
4923672436,51.5023263261,25.2993641766,1468232250.0,4923672381,4923672474
4923672474,51.5024171,25.2993085,1468232251.0,4923672436,None
