4921684348,51.4955316,25.303638,1468196804.0,None,4921684373
4921684373,51.4955331,25.3036505,1468196804.0,4921684348,4921684399
4921684399,51.495526,25.3036596,1468196805.0,4921684373,4921684444
4921684444,51.4955185,25.3036745,1468196806.0,4921684399,4921684471
4921684471,51.4955056,25.3036768,1468196806.0,4921684444,4921684499
4921684499,51.4955001,25.3036775,1468196806.0,4921684471,4921684523
4921684523,51.4954835,25.3036718,1468196807.0,4921684499,4921684554
4921684554,51.4954711,25.3036658,1468196807.0,4921684523,4921684571
4921684571,51.4954608,25.3036525,1468196808.0,4921684554,4921684586
4921684586,51.495454,25.3036353,1468196808.0,4921684571,4921684611
4921684611,51.495456,25.303619,1468196809.0,4921684586,4921684636
4921684636,51.4954626,25.3036053,1468196809.0,4921684611,4921684659
4921684659,51.4954731,25.3035831,1468196810.0,4921684636,4921684700
4921684700,51.4955201,25.3034181,1468196815.0,4921684659,4921684910
4921684910,51.4955475619,25.3032905463,1468196822.0,4921684700,4921685270
4921685270,51.4955453031,25.3032611835,1468196831.0,4921684910,4921685613
4921685613,51.4955370921,25.3032807437,1468196841.0,4921685270,4921685967
4921685967,51.4955464508,25.3032830974,1468196851.0,4921685613,4921686266
4921686266,51.4955460697,25.3032890316,1468196861.0,4921685967,4921686604
4921686604,51.495546685,25.3032834823,1468196871.0,4921686266,4921686920
4921686920,51.4955425443,25.3032819949,1468196881.0,4921686604,4921687284
4921687284,51.4955430513,25.3032836968,1468196891.0,4921686920,4921687636
4921687636,51.4955445223,25.3032823914,1468196901.0,4921687284,4921688022
4921688022,51.4955449974,25.3032840568,1468196911.0,4921687636,4921688513
4921688513,51.4955489677,25.3032851873,1468196921.0,4921688022,4921688638
4921688638,51.4955473129,25.3032819922,1468196931.0,4921688513,4921689152
4921689152,51.4955427775,25.3032806827,1468196941.0,4921688638,4921701319
4921701319,51.495551,25.3030503,1468197305.0,4921689152,4921701622
4921701622,51.4956176,25.302785,1468197315.0,4921701319,4921701853
4921701853,51.4956565,25.302639,1468197323.0,4921701622,4921701955
4921701955,51.4956686,25.3025936,1468197325.0,4921701853,4921702073
4921702073,51.4957236,25.3024085,1468197331.0,4921701955,4921702646
4921702646,51.495728,25.3023573,1468197332.0,4921702073,4921702678
4921702678,51.4957875,25.302067,1468197342.0,4921702646,4921702765
4921702765,51.495897,25.3016043,1468197352.0,4921702678,4921703085
4921703085,51.4959873,25.3011085,1468197362.0,4921702765,4921703161
4921703161,51.4959995973,25.3009947865,1468197365.0,4921703085,4921703266
4921703266,51.495991,25.300949,1468197366.0,4921703161,4921703297
4921703297,51.4959746,25.3009153,1468197367.0,4921703266,4921703320
4921703320,51.4959566,25.3008956,1468197368.0,4921703297,4921703340
4921703340,51.4959293,25.3008771,1468197369.0,4921703320,4921703370
4921703370,51.4959085,25.3008691,1468197369.0,4921703340,4921703397
4921703397,51.4958785,25.3008656,1468197370.0,4921703370,4921703426
4921703426,51.4958480486,25.3008684274,1468197371.0,4921703397,4921703458
4921703458,51.4958227378,25.3008799005,1468197372.0,4921703426,4921703543
4921703543,51.4956885,25.3009641,1468197375.0,4921703458,4921703829
4921703829,51.4951258,25.3012205,1468197384.0,4921703543,4921704103
4921704103,51.4944916,25.3014966,1468197394.0,4921703829,4921704407
4921704407,51.4938675,25.3017363,1468197404.0,4921704103,None
