4924503846,51.5007194285,25.3020969164,1468246614.0,None,4924503847
4924503847,51.500649074,25.3021020428,1468246625.0,4924503846,4924503848
4924503848,51.5006351347,25.3020962011,1468246627.0,4924503847,4924503849
4924503849,51.5006361928,25.3020961897,1468246629.0,4924503848,4924506299
4924506299,51.5007299695,25.3020709951,1468246646.0,4924503849,4924506300
4924506300,51.5007324206,25.3022238072,1468246648.0,4924506299,4924506301
4924506301,51.5007321776,25.3022236803,1468246650.0,4924506300,4924506307
4924506307,51.5007153231,25.3020874927,1468246652.0,4924506301,4924506309
4924506309,51.5007155119,25.3020878458,1468246654.0,4924506307,4924506310
4924506310,51.5007153411,25.3020875506,1468246656.0,4924506309,4924506313
4924506313,51.5007152803,25.3020873877,1468246658.0,4924506310,4924506316
4924506316,51.5007152383,25.3020872554,1468246660.0,4924506313,4924506318
4924506318,51.5007152043,25.302087136,1468246662.0,4924506316,4924506319
4924506319,51.5007151734,25.3020870215,1468246664.0,4924506318,4924506320
4924506320,51.5007151438,25.3020869086,1468246666.0,4924506319,None
