4924798551,51.4523305362,25.3199256236,1468250857.0,None,4924799033
4924799033,51.4511919828,25.3198966161,1468250867.0,4924798551,4924799622
4924799622,51.4509964833,25.3198908147,1468250875.0,4924799033,4924799821
4924799821,51.4508725832,25.3198653851,1468250879.0,4924799622,4924800499
4924800499,51.4502109751,25.3198432639,1468250888.0,4924799821,4924801112
4924801112,51.4497488,25.3198271,1468250898.0,4924800499,4924801302
4924801302,51.4496063,25.3198391,1468250900.0,4924801112,4924801366
4924801366,51.4495398,25.3198596,1468250902.0,4924801302,4924801545
4924801545,51.4494351,25.319914,1468250904.0,4924801366,4924801623
4924801623,51.449373,25.3199661,1468250906.0,4924801545,4924801732
4924801732,51.449325,25.3200268,1468250907.0,4924801623,4924801997
4924801997,51.4491386,25.320282,1468250911.0,4924801732,4924802157
4924802157,51.4489946,25.320388,1468250913.0,4924801997,4924802252
4924802252,51.4488418,25.320458,1468250914.0,4924802157,4924802320
4924802320,51.4486735698,25.3204967567,1468250916.0,4924802252,4924802423
4924802423,51.448502332,25.3205012387,1468250917.0,4924802320,4924802633
4924802633,51.4481346127,25.3204464893,1468250920.0,4924802423,4924802748
4924802748,51.4479531129,25.320388323,1468250922.0,4924802633,4924802926
4924802926,51.4478136238,25.3203117116,1468250925.0,4924802748,4924803152
4924803152,51.4477232234,25.3202449774,1468250928.0,4924802926,4924803681
4924803681,51.4476205626,25.3201233601,1468250935.0,4924803152,4924803880
4924803880,51.4474533498,25.3198607663,1468250940.0,4924803681,4924804014
4924804014,51.4474250291,25.3197686488,1468250942.0,4924803880,4924804153
4924804153,51.4474147379,25.3196210856,1468250943.0,4924804014,4924804282
4924804282,51.4474435074,25.3194307255,1468250945.0,4924804153,4924804379
4924804379,51.4475102422,25.319262476,1468250947.0,4924804282,4924804481
4924804481,51.4475807817,25.3191511421,1468250948.0,4924804379,4924804587
4924804587,51.4476881883,25.3190390316,1468250950.0,4924804481,4924805119
4924805119,51.4482429549,25.3185716828,1468250958.0,4924804587,4924805589
4924805589,51.4483859175,25.3185015967,1468250960.0,4924805119,4924805640
4924805640,51.4485350548,25.3184616054,1468250962.0,4924805589,4924805716
4924805716,51.4486988474,25.3184480291,1468250964.0,4924805640,4924805947
4924805947,51.449036284,25.318448056,1468250970.0,4924805716,4924806073
4924806073,51.4491184152,25.3184185539,1468250972.0,4924805947,4924806226
4924806226,51.4491827002,25.3183804712,1468250973.0,4924806073,4924806312
4924806312,51.4492517948,25.3183183216,1468250974.0,4924806226,4924806958
4924806958,51.4498710391,25.3175432293,1468250984.0,4924806312,4924807229
4924807229,51.4501278226,25.3170713211,1468250988.0,4924806958,4924807890
4924807890,51.4505307403,25.3158867979,1468250998.0,4924807229,4924808661
4924808661,51.4512585339,25.3144640754,1468251008.0,4924807890,4924809043
4924809043,51.4516288997,25.3137617836,1468251013.0,4924808661,4924809416
4924809416,51.4519198717,25.3130735637,1468251019.0,4924809043,4924810052
4924810052,51.4525672511,25.3120579182,1468251028.0,4924809416,4924810797
4924810797,51.4532544243,25.3109073557,1468251038.0,4924810052,4924811279
4924811279,51.4536032174,25.3101701458,1468251045.0,4924810797,4924812270
4924812270,51.4536205723,25.3100785104,1468251046.0,4924811279,4924812340
4924812340,51.4536146745,25.3100338542,1468251047.0,4924812270,4924812381
4924812381,51.4535981577,25.3099960558,1468251048.0,4924812340,4924812437
4924812437,51.4535824881,25.3099752883,1468251048.0,4924812381,4924812519
4924812519,51.4535545954,25.3099492953,1468251049.0,4924812437,4924812567
4924812567,51.4535329985,25.3099382984,1468251049.0,4924812519,4924812625
4924812625,51.4535105997,25.3099310997,1468251050.0,4924812567,4924812664
4924812664,51.4534743,25.3099253,1468251051.0,4924812625,4924812709
4924812709,51.4534223,25.3099253,1468251052.0,4924812664,4924812757
4924812757,51.4533945,25.3099358,1468251052.0,4924812709,4924812807
4924812807,51.4533573,25.309957,1468251053.0,4924812757,4924812900
4924812900,51.4533215,25.3099876,1468251054.0,4924812807,4924812959
4924812959,51.4529486,25.3103931,1468251063.0,4924812900,4924813073
4924813073,51.4524211,25.3109778,1468251073.0,4924812959,4924813737
4924813737,51.4520496,25.3116546,1468251083.0,4924813073,4924814370
4924814370,51.4518995,25.3118808,1468251093.0,4924813737,4924814981
4924814981,51.4518723123,25.3119239534,1468251103.0,4924814370,4924815614
4924815614,51.4518701105,25.3119295163,1468251113.0,4924814981,4924816672
4924816672,51.4518707849,25.3119299887,1468251123.0,4924815614,4924816899
4924816899,51.451765,25.3120971,1468251133.0,4924816672,4924817519
4924817519,51.4515606,25.3124326,1468251143.0,4924816899,4924818532
4924818532,51.4513446,25.3127915,1468251153.0,4924817519,4924818780
4924818780,51.4511206,25.3131576,1468251163.0,4924818532,4924819751
4924819751,51.4508788,25.3135261,1468251173.0,4924818780,4924820047
4924820047,51.4506736,25.3138166,1468251183.0,4924819751,4924820217
4924820217,51.4506216,25.3139061,1468251186.0,4924820047,4924820289
4924820289,51.4506158,25.3139485,1468251187.0,4924820217,4924820482
4924820482,51.4505965,25.3140333,1468251189.0,4924820289,4924821120
4924821120,51.4504038,25.314365,1468251199.0,4924820482,4924821740
4924821740,51.4502366,25.3147463,1468251209.0,4924821120,4924822346
4924822346,51.4499851,25.3151741,1468251219.0,4924821740,4924822958
4924822958,51.4497211,25.315605,1468251229.0,4924822346,4924823594
4924823594,51.4495158,25.3161056,1468251239.0,4924822958,4924824181
4924824181,51.4493695,25.3165206,1468251249.0,4924823594,4924824865
4924824865,51.449276,25.3167771,1468251259.0,4924824181,4924825214
4924825214,51.4492191,25.3169488,1468251265.0,4924824865,4924825647
4924825647,51.4491366,25.317157,1468251272.0,4924825214,4924826014
4924826014,51.4490758,25.3173716,1468251278.0,4924825647,4924826637
4924826637,51.4489495,25.3176575,1468251288.0,4924826014,4924826821
4924826821,51.4489215,25.3177043,1468251289.0,4924826637,4924827325
4924827325,51.4486911,25.3179916,1468251299.0,4924826821,4924827675
4924827675,51.4485722986,25.3181637946,1468251305.0,4924827325,4924827917
4924827917,51.4485429999,25.3181824973,1468251306.0,4924827675,4924828101
4924828101,51.4485191,25.3181905996,1468251306.0,4924827917,4924828175
4924828175,51.4484930995,25.3181945966,1468251307.0,4924828101,4924828267
4924828267,51.4484754996,25.3181927976,1468251308.0,4924828175,4924828309
4924828309,51.4484604998,25.318185799,1468251308.0,4924828267,4924828355
4924828355,51.4484395,25.3181732997,1468251309.0,4924828309,4924828381
4924828381,51.4484285,25.3181614999,1468251309.0,4924828355,4924828424
4924828424,51.4484198,25.3181485,1468251310.0,4924828381,4924828462
4924828462,51.4484058,25.3181223,1468251311.0,4924828424,4924828512
4924828512,51.4484046,25.3181065,1468251312.0,4924828462,4924828551
4924828551,51.4484071,25.3180951,1468251312.0,4924828512,4924828597
4924828597,51.4484146,25.3180763,1468251313.0,4924828551,4924828626
4924828626,51.4484396,25.3180296,1468251315.0,4924828597,4924828708
4924828708,51.4484828,25.3179385,1468251321.0,4924828626,4924829233
4924829233,51.448496,25.3179226,1468251331.0,4924828708,4924830193
4924830193,51.4484984902,25.3179284848,1468251341.0,4924829233,4924830527
4924830527,51.448504,25.3179356,1468251351.0,4924830193,4924831264
4924831264,51.4485083,25.3179391,1468251361.0,4924830527,4924831902
4924831902,51.4485100047,25.3179405446,1468251371.0,4924831264,4924832575
4924832575,51.4485105121,25.3179425328,1468251381.0,4924831902,4924833555
4924833555,51.44851,25.3179438,1468251391.0,4924832575,4924833801
4924833801,51.4485150222,25.3179427123,1468251401.0,4924833555,4924834430
4924834430,51.4485136288,25.3179440799,1468251411.0,4924833801,4924835037
4924835037,51.4485090235,25.3179475753,1468251421.0,4924834430,4924835867
4924835867,51.4485104813,25.3179500566,1468251431.0,4924835037,4924836427
4924836427,51.448504106,25.3179550178,1468251441.0,4924835867,None
