4925040875,51.4926495,25.3020053,1468254595.0,None,4925040921
4925040921,51.492664,25.3020143,1468254596.0,4925040875,4925040994
4925040994,51.4926801,25.3020221,1468254597.0,4925040921,4925041028
4925041028,51.4927018,25.3020271,1468254598.0,4925040994,4925041115
4925041115,51.4927306,25.3020275,1468254598.0,4925041028,4925041151
4925041151,51.4927641,25.302021,1468254599.0,4925041115,4925041538
4925041538,51.4931736,25.3019016,1468254609.0,4925041151,4925042654
4925042654,51.4938636,25.30168,1468254619.0,4925041538,4925042861
4925042861,51.4948195,25.301318,1468254629.0,4925042654,4925043365
4925043365,51.4958076577,25.3008981556,1468254639.0,4925042861,4925044047
4925044047,51.4966273,25.3004808,1468254649.0,4925043365,4925044535
4925044535,51.4971068,25.3001636,1468254656.0,4925044047,4925044599
4925044599,51.4971295,25.3001263,1468254656.0,4925044535,4925044678
4925044678,51.4971316,25.3001,1468254657.0,4925044599,4925044742
4925044742,51.4971301,25.3000776,1468254657.0,4925044678,4925044780
4925044780,51.4971238,25.3000348,1468254658.0,4925044742,4925044876
4925044876,51.4971283004,25.2999618032,1468254661.0,4925044780,4925045456
4925045456,51.4971527874,25.299716596,1468254670.0,4925044876,4925045655
4925045655,51.4971518661,25.2996964956,1468254671.0,4925045456,4925045729
4925045729,51.4971451878,25.2996859985,1468254672.0,4925045655,4925045776
4925045776,51.4971391031,25.2996809999,1468254672.0,4925045729,4925045821
4925045821,51.4971240351,25.29966992,1468254673.0,4925045776,4925045866
4925045866,51.4971112212,25.2996651859,1468254674.0,4925045821,4925046135
4925046135,51.4970838238,25.2996625523,1468254680.0,4925045866,4925046332
4925046332,51.4970604206,25.2996613598,1468254681.0,4925046135,4925046387
4925046387,51.4970288503,25.2996681026,1468254682.0,4925046332,4925046436
4925046436,51.4970121203,25.2996774097,1468254683.0,4925046387,4925046484
4925046484,51.4970030409,25.2996848441,1468254684.0,4925046436,4925046559
4925046559,51.496998551,25.2996917,1468254685.0,4925046484,4925046611
4925046611,51.4969918064,25.2997041007,1468254686.0,4925046559,4925046656
4925046656,51.4969914833,25.2997111416,1468254686.0,4925046611,4925046697
4925046697,51.4969920293,25.2997219499,1468254687.0,4925046656,4925046755
4925046755,51.4969935621,25.2997274908,1468254687.0,4925046697,4925046800
4925046800,51.4969955104,25.299734601,1468254688.0,4925046755,4925047347
4925047347,51.4969745005,25.2997001002,1468254698.0,4925046800,4925047890
4925047890,51.4970056037,25.2997304976,1468254706.0,4925047347,4925048935
4925048935,51.4970158267,25.2997343984,1468254707.0,4925047890,4925049027
4925049027,51.4970359842,25.2997379868,1468254708.0,4925048935,4925049161
4925049161,51.4970879412,25.2997546543,1468254718.0,4925049027,4925049383
4925049383,51.4971046,25.2997600547,1468254728.0,4925049161,4925050058
4925050058,51.4971140983,25.2997510883,1468254738.0,4925049383,4925050668
4925050668,51.4971172936,25.2997441483,1468254748.0,4925050058,4925051381
4925051381,51.4971202933,25.2997385187,1468254758.0,4925050668,4925052114
4925052114,51.4971210081,25.2997351125,1468254768.0,4925051381,4925052836
4925052836,51.4971048436,25.2997365485,1468254778.0,4925052114,4925053525
4925053525,51.4970964435,25.2997428264,1468254788.0,4925052836,4925054223
4925054223,51.4970900576,25.2997457197,1468254798.0,4925053525,4925054891
4925054891,51.497091609,25.2997481376,1468254808.0,4925054223,4925055564
4925055564,51.4970961078,25.2997505896,1468254818.0,4925054891,4925056174
4925056174,51.4971048167,25.2997495867,1468254828.0,4925055564,None
