4922930220,51.4451185859,25.2953984552,1468219374.0,None,4922930752
4922930752,51.4464367359,25.2963559673,1468219384.0,4922930220,4922931396
4922931396,51.4468147335,25.2965913529,1468219391.0,4922930752,4922931942
4922931942,51.4469002267,25.2966133201,1468219392.0,4922931396,4922931997
4922931997,51.4470748932,25.2966705398,1468219394.0,4922931942,4922932252
4922932252,51.4471305623,25.2967089116,1468219395.0,4922931997,4922933119
4922933119,51.4471772292,25.296755345,1468219396.0,4922932252,4922933184
4922933184,51.4472096157,25.2968124882,1468219397.0,4922933119,4922933228
4922933228,51.4472281318,25.2968742823,1468219397.0,4922933184,4922933261
4922933261,51.447232403,25.2969375583,1468219398.0,4922933228,4922933297
4922933297,51.4472224094,25.2970012422,1468219399.0,4922933261,4922933328
4922933328,51.4471876159,25.2970862117,1468219400.0,4922933297,4922933360
4922933360,51.4470049434,25.2975434716,1468219405.0,4922933328,4922933413
4922933413,51.4470065264,25.2976878992,1468219406.0,4922933360,4922933452
4922933452,51.4470967655,25.2981795409,1468219410.0,4922933413,4922933496
4922933496,51.4473004301,25.298738904,1468219414.0,4922933452,4922933547
4922933547,51.447659226,25.299330512,1468219419.0,4922933496,4922933584
4922933584,51.4480935075,25.2997813702,1468219423.0,4922933547,4922934003
4922934003,51.4491831399,25.3007394483,1468219432.0,4922933584,4922934705
4922934705,51.4503601137,25.3017407499,1468219442.0,4922934003,4922935389
4922935389,51.4516825862,25.3027667931,1468219452.0,4922934705,4922936048
4922936048,51.4530032438,25.3036388261,1468219462.0,4922935389,4922936733
4922936733,51.4536576438,25.3040443823,1468219472.0,4922936048,4922936947
4922936947,51.4538460757,25.304143342,1468219475.0,4922936733,4922937057
4922937057,51.4538816139,25.3041822629,1468219475.0,4922936947,4922937118
4922937118,51.4539059176,25.3042275573,1468219476.0,4922937057,4922937174
4922937174,51.4539253376,25.3042972941,1468219477.0,4922937118,4922937216
4922937216,51.453930998,25.3043955376,1468219478.0,4922937174,4922937571
4922937571,51.4539538145,25.3047901409,1468219483.0,4922937216,4922937658
4922937658,51.4539983211,25.3048953519,1468219484.0,4922937571,4922938360
4922938360,51.4544316102,25.3057509593,1468219494.0,4922937658,4922938745
4922938745,51.4546442336,25.3064544043,1468219500.0,4922938360,4922939327
4922939327,51.4547531548,25.3075032824,1468219508.0,4922938745,4922939794
4922939794,51.4546201737,25.3084623681,1468219515.0,4922939327,4922940776
4922940776,51.4543253276,25.3092993771,1468219521.0,4922939794,4922940828
4922940828,51.4536449768,25.3105268741,1468219531.0,4922940776,4922941604
4922941604,51.4529416044,25.3117458928,1468219541.0,4922940828,4922942293
4922942293,51.4522334032,25.3128463886,1468219551.0,4922941604,4922942456
4922942456,51.4521632787,25.312993345,1468219553.0,4922942293,4922942512
4922942512,51.4521598431,25.313040619,1468219554.0,4922942456,4922942575
4922942575,51.4521697799,25.3130704768,1468219555.0,4922942512,4922942646
4922942646,51.4521820253,25.3130856297,1468219555.0,4922942575,4922942710
4922942710,51.4521966221,25.313098826,1468219556.0,4922942646,4922942763
4922942763,51.4522145122,25.3131098142,1468219556.0,4922942710,4922942825
4922942825,51.4522343051,25.3131178059,1468219557.0,4922942763,4922942880
4922942880,51.4522725005,25.3131260006,1468219558.0,4922942825,4922942913
4922942913,51.4523606,25.313136,1468219559.0,4922942880,4922943525
4922943525,51.4531785,25.3132705,1468219569.0,4922942913,4922944148
4922944148,51.4542035,25.3134005,1468219579.0,4922943525,4922944804
4922944804,51.4548325,25.3134533,1468219589.0,4922944148,4922945439
4922945439,51.4557461,25.3134863,1468219599.0,4922944804,4922946012
4922946012,51.4568398,25.3134916,1468219609.0,4922945439,4922946636
4922946636,51.4575185,25.3134081,1468219619.0,4922946012,4922947168
4922947168,51.458097,25.3132563,1468219626.0,4922946636,4922947755
4922947755,51.4591365,25.3128931,1468219636.0,4922947168,4922948402
4922948402,51.459918,25.3126726,1468219646.0,4922947755,4922948590
4922948590,51.460031,25.3126025,1468219648.0,4922948402,4922948983
4922948983,51.4604403,25.3122416,1468219654.0,4922948590,4922949047
4922949047,51.4605268,25.3122178,1468219655.0,4922948983,4922949097
4922949097,51.4606151,25.3122131,1468219656.0,4922949047,4922949151
4922949151,51.4606831,25.3122235,1468219656.0,4922949097,4922949185
4922949185,51.4607483,25.3122478,1468219657.0,4922949151,4922949214
4922949214,51.4608073564,25.3122850593,1468219658.0,4922949185,4922949256
4922949256,51.4608623,25.3123341,1468219659.0,4922949214,4922949560
4922949560,51.4612160401,25.312663478,1468219663.0,4922949256,4922949662
4922949662,51.4613463335,25.312714797,1468219664.0,4922949560,4922950231
4922950231,51.4624443204,25.3129428284,1468219671.0,4922949662,4922951075
4922951075,51.4640850089,25.3130867894,1468219680.0,4922950231,4922951377
4922951377,51.4658835049,25.3130908549,1468219690.0,4922951075,4922952014
4922952014,51.4676785016,25.3131079256,1468219700.0,4922951377,4922952749
4922952749,51.469385302,25.3131125315,1468219710.0,4922952014,4922954875
4922954875,51.473911507,25.3136136561,1468219739.0,4922952749,4922955572
4922955572,51.4755007948,25.3137192181,1468219749.0,4922954875,4922956466
4922956466,51.4770427945,25.3138494349,1468219759.0,4922955572,4922957285
4922957285,51.4783762989,25.3139633696,1468219769.0,4922956466,4922957488
4922957488,51.4785356118,25.3139638801,1468219772.0,4922957285,4922957770
4922957770,51.4785945158,25.3139479206,1468219775.0,4922957488,4922958055
4922958055,51.4787422929,25.313915258,1468219778.0,4922957770,4922958147
4922958147,51.4787890757,25.313923875,1468219779.0,4922958055,4922958214
4922958214,51.4788384656,25.3139438255,1468219780.0,4922958147,4922958388
4922958388,51.4790779997,25.3140225063,1468219782.0,4922958214,4922959050
4922959050,51.4804533116,25.314151866,1468219792.0,4922958388,4922959821
4922959821,51.4821750123,25.3142927454,1468219802.0,4922959050,4922960575
4922960575,51.4837101135,25.3144157397,1468219812.0,4922959821,4922960990
4922960990,51.4839451027,25.3144160179,1468219817.0,4922960575,4922961078
4922961078,51.4840024953,25.3143988617,1468219818.0,4922960990,4922961192
4922961192,51.4841136022,25.3143753477,1468219820.0,4922961078,4922961258
4922961258,51.4841573,25.3143808002,1468219820.0,4922961192,4922961396
4922961396,51.4842265126,25.3144040308,1468219821.0,4922961258,4922961500
4922961500,51.4845181107,25.3144761337,1468219824.0,4922961396,4922962270
4922962270,51.4860895157,25.3146096291,1468219833.0,4922961500,4922962623
4922962623,51.4866182803,25.3146303663,1468219838.0,4922962270,4922963690
4922963690,51.4867179694,25.3146157922,1468219847.0,4922962623,4922963761
4922963761,51.4870611053,25.3145295296,1468219853.0,4922963690,4922963831
4922963831,51.4871186069,25.3145449687,1468219854.0,4922963761,4922963878
4922963878,51.4871663059,25.3145730857,1468219855.0,4922963831,4922963947
4922963947,51.4871933206,25.3145995685,1468219855.0,4922963878,4922964020
4922964020,51.4872240601,25.3146452308,1468219856.0,4922963947,4922964077
4922964077,51.4872440651,25.3147000743,1468219857.0,4922964020,4922964124
4922964124,51.4872523238,25.3147810008,1468219858.0,4922964077,4922964188
4922964188,51.4872375765,25.3148625884,1468219859.0,4922964124,4922964249
4922964249,51.4872006413,25.3149566536,1468219860.0,4922964188,4922964287
4922964287,51.4871515428,25.3151200948,1468219862.0,4922964249,4922964874
4922964874,51.4870450866,25.3162977978,1468219871.0,4922964287,4922965573
4922965573,51.4868861196,25.3179415148,1468219881.0,4922964874,4922966216
4922966216,51.4867718038,25.3195972682,1468219891.0,4922965573,4922966929
4922966929,51.4866545885,25.3211396019,1468219901.0,4922966216,4922967162
4922967162,51.4866610907,25.3215407394,1468219905.0,4922966929,4922967261
4922967261,51.4866947008,25.3216141887,1468219906.0,4922967162,4922967300
4922967300,51.4867218873,25.3216438396,1468219906.0,4922967261,4922967408
4922967408,51.4867548775,25.3216681515,1468219907.0,4922967300,4922967452
4922967452,51.4867906517,25.3216820721,1468219907.0,4922967408,4922967522
4922967522,51.4868563762,25.3216972744,1468219908.0,4922967452,4922967583
4922967583,51.4869295804,25.3216965687,1468219909.0,4922967522,4922967628
4922967628,51.4869801743,25.3216838963,1468219909.0,4922967583,4922967731
4922967731,51.4874120388,25.3215447909,1468219913.0,4922967628,4922968375
4922968375,51.4888796184,25.3209570642,1468219922.0,4922967731,4922969047
4922969047,51.4905138346,25.3202382416,1468219932.0,4922968375,4922969703
4922969703,51.4921093668,25.3195263652,1468219942.0,4922969047,4922970309
4922970309,51.4936611621,25.3188460406,1468219952.0,4922969703,4922971009
4922971009,51.495023368,25.3182391537,1468219962.0,4922970309,4922971056
4922971056,51.4951876937,25.3181438155,1468219964.0,4922971009,4922971105
4922971105,51.4952423003,25.3180884427,1468219965.0,4922971056,None
