4922970848,51.5024215,25.2914378,1468219960.0,None,4922971483
4922971483,51.5006155578,25.291767045,1468219970.0,4922970848,4922972038
4922972038,51.4993755003,25.2919852152,1468219979.0,4922971483,4922972124
4922972124,51.4992980055,25.2920284988,1468219980.0,4922972038,4922972237
4922972237,51.4992694384,25.2920596621,1468219981.0,4922972124,4922972311
4922972311,51.4992574718,25.2920863137,1468219981.0,4922972237,4922972358
4922972358,51.4992497923,25.2921159236,1468219982.0,4922972311,4922972405
4922972405,51.4992487993,25.2921467931,1468219982.0,4922972358,4922972487
4922972487,51.4992511,25.2922338,1468219984.0,4922972405,4922973085
4922973085,51.4992875,25.2928538,1468219993.0,4922972487,4922973349
4922973349,51.4993023,25.2928936,1468219996.0,4922973085,4922973571
4922973571,51.4993533,25.2930143,1468220000.0,4922973349,4922974490
4922974490,51.4993455,25.2930403,1468220000.0,4922973571,4922974589
4922974589,51.4993318,25.2930631,1468220001.0,4922974490,4922974649
4922974649,51.4993035,25.293096,1468220001.0,4922974589,4922974702
4922974702,51.4992436,25.2931928,1468220003.0,4922974649,4922974748
4922974748,51.4992393,25.293239,1468220004.0,4922974702,4922974792
4922974792,51.4992418,25.2932976,1468220005.0,4922974748,4922974977
4922974977,51.4992623,25.2938276,1468220015.0,4922974792,4922975138
4922975138,51.499287,25.2943095,1468220025.0,4922974977,4922975748
4922975748,51.4993141279,25.2949260461,1468220035.0,4922975138,4922975843
4922975843,51.4993463295,25.2949869183,1468220036.0,4922975748,4922975902
4922975902,51.4993678729,25.2950044908,1468220036.0,4922975843,4922975967
4922975967,51.4993913397,25.2950173716,1468220037.0,4922975902,4922976038
4922976038,51.4994161585,25.2950254938,1468220037.0,4922975967,4922976077
4922976077,51.4994411069,25.2950286028,1468220038.0,4922976038,4922976140
4922976140,51.499468526,25.2950290414,1468220039.0,4922976077,4922976196
4922976196,51.4994922968,25.2950267531,1468220039.0,4922976140,4922976864
4922976864,51.5001439922,25.2949397383,1468220049.0,4922976196,4922977145
4922977145,51.5003628428,25.2948962275,1468220053.0,4922976864,4922977245
4922977245,51.5004091815,25.2948675661,1468220055.0,4922977145,4922977336
4922977336,51.500449261,25.294828571,1468220056.0,4922977245,4922977437
4922977437,51.5004983519,25.2947972308,1468220058.0,4922977336,4922977494
4922977494,51.5005325189,25.2947886286,1468220058.0,4922977437,4922977572
4922977572,51.5006010836,25.294783585,1468220060.0,4922977494,4922978192
4922978192,51.5010049686,25.2947720655,1468220069.0,4922977572,4922978907
4922978907,51.5014968095,25.2947708592,1468220079.0,4922978192,None
