4924041064,51.5003661401,25.302110495,1468239635.0,None,4924041065
4924041065,51.5003667521,25.3021105,1468239635.0,4924041064,4924042887
4924042887,51.5004801166,25.3021976995,1468239637.0,4924041065,4924042891
4924042891,51.5004806522,25.3021978322,1468239639.0,4924042887,4924042893
4924042893,51.5004804379,25.3021978243,1468239642.0,4924042891,4924042895
4924042895,51.5004806655,25.3021978407,1468239644.0,4924042893,4924042897
4924042897,51.5004806652,25.3021978415,1468239646.0,4924042895,4924042900
4924042900,51.5004806652,25.3021978415,1468239648.0,4924042897,4924042901
4924042901,51.5004806652,25.3021978415,1468239650.0,4924042900,4924042902
4924042902,51.5004806652,25.3021978415,1468239652.0,4924042901,4924042903
4924042903,51.5004778728,25.3021968274,1468239654.0,4924042902,4924042905
4924042905,51.5004748584,25.3021961894,1468239656.0,4924042903,4924042906
4924042906,51.5004715823,25.3021961146,1468239658.0,4924042905,4924042909
4924042909,51.5004714131,25.3021972793,1468239660.0,4924042906,4924042910
4924042910,51.500441745,25.3021088679,1468239662.0,4924042909,4924042911
4924042911,51.5004477696,25.3021072398,1468239664.0,4924042910,4924042912
4924042912,51.5004460905,25.3021075003,1468239666.0,4924042911,4924045892
4924045892,51.500447777,25.3021072296,1468239668.0,4924042912,4924045893
4924045893,51.5004477784,25.3021072288,1468239670.0,4924045892,4924045894
4924045894,51.5004477784,25.3021072288,1468239672.0,4924045893,4924045895
4924045895,51.5004477784,25.3021072288,1468239674.0,4924045894,4924045896
4924045896,51.5004477784,25.3021072288,1468239676.0,4924045895,4924045897
4924045897,51.5004477784,25.3021072288,1468239678.0,4924045896,4924045899
4924045899,51.5004477784,25.3021072288,1468239680.0,4924045897,4924045900
4924045900,51.5004464181,25.3021076023,1468239682.0,4924045899,4924045902
4924045902,51.5004447969,25.3021076434,1468239684.0,4924045900,4924045904
4924045904,51.5004430187,25.3021078935,1468239686.0,4924045902,4924045907
4924045907,51.5004454181,25.3021091802,1468239688.0,4924045904,4924045908
4924045908,51.500479603,25.3020091579,1468239690.0,4924045907,4924045910
4924045910,51.500479644,25.3020093123,1468239692.0,4924045908,4924045911
4924045911,51.5004796253,25.302008841,1468239694.0,4924045910,4924045912
4924045912,51.5004795969,25.3020085176,1468239696.0,4924045911,4924046684
4924046684,51.5004795538,25.3020083719,1468239698.0,4924045912,4924046686
4924046686,51.5004795538,25.3020083719,1468239700.0,4924046684,4924046687
4924046687,51.5004795538,25.3020083719,1468239702.0,4924046686,4924046688
4924046688,51.5004795538,25.3020083719,1468239704.0,4924046687,4924046689
4924046689,51.5004795538,25.3020083719,1468239706.0,4924046688,4924046691
4924046691,51.5004795538,25.3020083719,1468239708.0,4924046689,4924046692
4924046692,51.5004795538,25.3020083719,1468239710.0,4924046691,4924046693
4924046693,51.5004795538,25.3020083719,1468239712.0,4924046692,4924046696
4924046696,51.5004795538,25.3020083719,1468239714.0,4924046693,4924046704
4924046704,51.5004795538,25.3020083719,1468239716.0,4924046696,4924046718
4924046718,51.5004795538,25.3020083719,1468239718.0,4924046704,4924046720
4924046720,51.5004795538,25.3020083719,1468239720.0,4924046718,4924046722
4924046722,51.5004795538,25.3020083719,1468239722.0,4924046720,4924046724
4924046724,51.5004795538,25.3020083719,1468239724.0,4924046722,4924046725
4924046725,51.5004795538,25.3020083719,1468239726.0,4924046724,4924048551
4924048551,51.5004795538,25.3020083719,1468239728.0,4924046725,4924048552
4924048552,51.5004795538,25.3020083719,1468239730.0,4924048551,4924048553
4924048553,51.5004795538,25.3020083719,1468239732.0,4924048552,4924048555
4924048555,51.5004795538,25.3020083719,1468239734.0,4924048553,4924048557
4924048557,51.5004795538,25.3020083719,1468239736.0,4924048555,4924048558
4924048558,51.5004795538,25.3020083719,1468239738.0,4924048557,4924048560
4924048560,51.5004795538,25.3020083719,1468239740.0,4924048558,4924048562
4924048562,51.5004795538,25.3020083719,1468239742.0,4924048560,4924048564
4924048564,51.5004795538,25.3020083719,1468239744.0,4924048562,4924048566
4924048566,51.5004795538,25.3020083719,1468239746.0,4924048564,4924048568
4924048568,51.5004795538,25.3020083719,1468239748.0,4924048566,4924048570
4924048570,51.5004795538,25.3020083719,1468239750.0,4924048568,4924048571
4924048571,51.5004795538,25.3020083719,1468239752.0,4924048570,4924048572
4924048572,51.5004795538,25.3020083719,1468239754.0,4924048571,4924048574
4924048574,51.5004795538,25.3020083719,1468239756.0,4924048572,4924050311
4924050311,51.5004795667,25.3020085599,1468239758.0,4924048574,4924050312
4924050312,51.5004795786,25.3020088668,1468239760.0,4924050311,4924050313
4924050313,51.5004795768,25.3020092918,1468239762.0,4924050312,4924050315
4924050315,51.5004796175,25.3020095471,1468239764.0,4924050313,4924050316
4924050316,51.5004880331,25.3019584978,1468239766.0,4924050315,4924050317
4924050317,51.5004884786,25.3019554975,1468239768.0,4924050316,4924050321
4924050321,51.5004875948,25.301960858,1468239770.0,4924050317,4924050324
4924050324,51.5004867978,25.3019656396,1468239772.0,4924050321,4924050327
4924050327,51.5004860822,25.3019699005,1468239779.0,4924050324,4924050329
4924050329,51.5004860822,25.3019699005,1468239781.0,4924050327,4924050335
4924050335,51.5004860822,25.3019699005,1468239785.0,4924050329,4924050348
4924050348,51.5004860822,25.3019699005,1468239787.0,4924050335,4924052045
4924052045,51.5004860822,25.3019699005,1468239789.0,4924050348,4924052046
4924052046,51.5004860822,25.3019699005,1468239791.0,4924052045,4924052047
4924052047,51.5004865107,25.3019674402,1468239793.0,4924052046,4924052048
4924052048,51.5004869792,25.3019647234,1468239795.0,4924052047,4924052050
4924052050,51.5004875014,25.3019616597,1468239797.0,4924052048,4924052052
4924052052,51.5004884644,25.3019554578,1468239799.0,4924052050,4924052053
4924052053,51.5004975239,25.3021640106,1468239805.0,4924052052,4924052056
4924052056,51.5004971857,25.3021638116,1468239807.0,4924052053,4924052058
4924052058,51.5004968397,25.3021667546,1468239809.0,4924052056,4924052059
4924052059,51.5004970537,25.3021693321,1468239811.0,4924052058,4924052060
4924052060,51.5004970555,25.3021674184,1468239813.0,4924052059,4924052061
4924052061,51.5004974261,25.3021648598,1468239816.0,4924052060,4924052063
4924052063,51.5005229261,25.3023833601,1468239818.0,4924052061,4924052064
4924052064,51.500522769,25.3023833329,1468239818.0,4924052063,4924053707
4924053707,51.5005226983,25.3023826548,1468239820.0,4924052064,4924053708
4924053708,51.5005226721,25.3023822384,1468239822.0,4924053707,4924053709
4924053709,51.5005226502,25.3023818684,1468239824.0,4924053708,4924053711
4924053711,51.5005226502,25.3023818684,1468239826.0,4924053709,4924053713
4924053713,51.5005226502,25.3023818684,1468239828.0,4924053711,4924053716
4924053716,51.5005227179,25.302382164,1468239830.0,4924053713,4924053720
4924053720,51.5005227871,25.3023825129,1468239832.0,4924053716,4924053722
4924053722,51.5005228656,25.3023831085,1468239834.0,4924053720,4924053724
4924053724,51.5005227186,25.3023833982,1468239836.0,4924053722,4924053727
4924053727,51.5005211279,25.302226109,1468239841.0,4924053724,4924053729
4924053729,51.5005217967,25.302226598,1468239843.0,4924053727,4924053731
4924053731,51.50051982,25.3022249366,1468239847.0,4924053729,4924055484
4924055484,51.5005184506,25.3022239052,1468239849.0,4924053731,4924055486
4924055486,51.5005175613,25.3022232872,1468239854.0,4924055484,4924055488
4924055488,51.5005175613,25.3022232872,1468239856.0,4924055486,4924055490
4924055490,51.5005175613,25.3022232872,1468239858.0,4924055488,4924055491
4924055491,51.5005175613,25.3022232872,1468239860.0,4924055490,4924055492
4924055492,51.5005175613,25.3022232872,1468239862.0,4924055491,4924055493
4924055493,51.5005175613,25.3022232872,1468239864.0,4924055492,4924055496
4924055496,51.5005175613,25.3022232872,1468239866.0,4924055493,4924055497
4924055497,51.5005175613,25.3022232872,1468239868.0,4924055496,4924055498
4924055498,51.5005175613,25.3022232872,1468239870.0,4924055497,4924055499
4924055499,51.5005175613,25.3022232872,1468239873.0,4924055498,4924055500
4924055500,51.5005175613,25.3022232872,1468239875.0,4924055499,4924055503
4924055503,51.5005175613,25.3022232872,1468239877.0,4924055500,4924057216
4924057216,51.5005175613,25.3022232872,1468239879.0,4924055503,4924057217
4924057217,51.5005175613,25.3022232872,1468239884.0,4924057216,4924057220
4924057220,51.5005175613,25.3022232872,1468239886.0,4924057217,4924057223
4924057223,51.5005175613,25.3022232872,1468239888.0,4924057220,4924057225
4924057225,51.5005175613,25.3022232872,1468239890.0,4924057223,4924057227
4924057227,51.5005175613,25.3022232872,1468239892.0,4924057225,4924057230
4924057230,51.5005175613,25.3022232872,1468239894.0,4924057227,4924057231
4924057231,51.5005175613,25.3022232872,1468239897.0,4924057230,None
