4924251858,51.4992738721,25.2994532574,1468242952.0,None,4924252127
4924252127,51.4992443722,25.2994717392,1468242956.0,4924251858,4924252187
4924252187,51.4992363851,25.2994852701,1468242957.0,4924252127,4924252429
4924252429,51.4991741319,25.2995478508,1468242960.0,4924252187,4924252488
4924252488,51.4991519936,25.2995529663,1468242961.0,4924252429,4924252561
4924252561,51.4991340438,25.2995503755,1468242961.0,4924252488,4924252657
4924252657,51.4991046621,25.2995405039,1468242962.0,4924252561,4924252712
4924252712,51.4990881956,25.2995261583,1468242963.0,4924252657,4924252767
4924252767,51.4990724086,25.2995088421,1468242963.0,4924252712,4924252816
4924252816,51.4990321193,25.2994601295,1468242964.0,4924252767,4924253356
4924253356,51.4988036,25.299164,1468242973.0,4924252816,4924253461
4924253461,51.4987965792,25.2991484376,1468242975.0,4924253356,4924253696
4924253696,51.4987967182,25.2990983652,1468242978.0,4924253461,4924253765
4924253765,51.4988044619,25.2990854068,1468242979.0,4924253696,4924253847
4924253847,51.4988218664,25.299064923,1468242979.0,4924253765,4924253886
4924253886,51.4988474708,25.2990444371,1468242980.0,4924253847,4924253966
4924253966,51.4989307015,25.29898647,1468242982.0,4924253886,4924254455
4924254455,51.4991164294,25.2988612861,1468242989.0,4924253966,4924255080
4924255080,51.4991199035,25.2988947145,1468242998.0,4924254455,4924255754
4924255754,51.4991525307,25.2989215494,1468243008.0,4924255080,4924256411
4924256411,51.4991718968,25.2989062682,1468243018.0,4924255754,4924257044
4924257044,51.4991807093,25.2988872236,1468243028.0,4924256411,4924257725
4924257725,51.4991729023,25.2988718403,1468243038.0,4924257044,4924258428
4924258428,51.4991788782,25.2988655706,1468243048.0,4924257725,4924259086
4924259086,51.499189924,25.2988656111,1468243058.0,4924258428,4924259770
4924259770,51.499206118,25.2988668104,1468243068.0,4924259086,4924260526
4924260526,51.4992204436,25.2988849199,1468243078.0,4924259770,4924261123
4924261123,51.4992277402,25.2988903077,1468243088.0,4924260526,4924261805
4924261805,51.4992464602,25.2989024705,1468243098.0,4924261123,4924262498
4924262498,51.4992554577,25.298902362,1468243108.0,4924261805,4924263542
4924263542,51.4997537694,25.2984861636,1468243125.0,4924262498,4924263622
4924263622,51.4997553029,25.2984443239,1468243126.0,4924263542,4924263702
4924263702,51.4997514067,25.2984207198,1468243127.0,4924263622,4924263761
4924263761,51.4997437616,25.2983962788,1468243127.0,4924263702,4924263958
4924263958,51.4997256749,25.2983547636,1468243128.0,4924263761,4924264042
4924264042,51.4996926199,25.2983215686,1468243129.0,4924263958,4924264070
4924264070,51.4996476408,25.2982857653,1468243129.0,4924264042,4924265091
4924265091,51.4988640934,25.2975056791,1468243138.0,4924264070,4924265159
4924265159,51.4981611485,25.2964311093,1468243148.0,4924265091,4924266000
4924266000,51.4973077793,25.2948531582,1468243158.0,4924265159,4924266266
4924266266,51.4968849205,25.2936442753,1468243168.0,4924266000,4924266875
4924266875,51.4968204505,25.293446477,1468243178.0,4924266266,4924267583
4924267583,51.4968083844,25.2934496509,1468243188.0,4924266875,4924268232
4924268232,51.4968022715,25.2934538983,1468243198.0,4924267583,4924268972
4924268972,51.4968020692,25.2934579626,1468243208.0,4924268232,4924269638
4924269638,51.4968090645,25.2934601226,1468243218.0,4924268972,4924270266
4924270266,51.4968162296,25.2934624747,1468243228.0,4924269638,4924270934
4924270934,51.4967880127,25.2933389611,1468243238.0,4924270266,4924271669
4924271669,51.4967229483,25.2930354902,1468243248.0,4924270934,4924272408
4924272408,51.4967046762,25.2929408263,1468243258.0,4924271669,4924273142
4924273142,51.4967023803,25.2929368227,1468243268.0,4924272408,4924273774
4924273774,51.4966931236,25.2928765512,1468243278.0,4924273142,4924274475
4924274475,51.4966972176,25.2928730247,1468243288.0,4924273774,4924275109
4924275109,51.4966894182,25.2928801238,1468243298.0,4924274475,4924275771
4924275771,51.4966918567,25.2928781012,1468243308.0,4924275109,4924276385
4924276385,51.4966916505,25.2928770947,1468243318.0,4924275771,4924277003
4924277003,51.4966963457,25.2928732995,1468243328.0,4924276385,4924277741
4924277741,51.4967015216,25.292867661,1468243338.0,4924277003,4924278340
4924278340,51.4966774582,25.2927803301,1468243348.0,4924277741,4924278494
4924278494,51.4966431667,25.2926608104,1468243351.0,4924278340,4924278617
4924278617,51.4965997033,25.2925871674,1468243353.0,4924278494,4924278690
4924278690,51.4965616961,25.2925497244,1468243354.0,4924278617,4924279031
4924279031,51.4963863026,25.2923860544,1468243358.0,4924278690,4924279141
4924279141,51.496343924,25.2922930966,1468243360.0,4924279031,4924279216
4924279216,51.4963383281,25.2922375561,1468243360.0,4924279141,4924279409
4924279409,51.4963447444,25.2921813306,1468243361.0,4924279216,4924296656
4924296656,51.4963765021,25.292091237,1468243362.0,4924279409,4924296706
4924296706,51.4964385582,25.2919018876,1468243365.0,4924296656,4924296767
4924296767,51.4964329921,25.2917488087,1468243366.0,4924296706,4924296862
4924296862,51.4961736787,25.2902904433,1468243375.0,4924296767,4924296945
4924296945,51.4958008788,25.2884509235,1468243385.0,4924296862,4924297022
4924297022,51.4954400631,25.2866464763,1468243395.0,4924296945,4924297086
4924297086,51.4950763929,25.2846694707,1468243405.0,4924297022,4924297128
4924297128,51.4947011329,25.2828302527,1468243415.0,4924297086,4924297191
4924297191,51.4943573058,25.2812659952,1468243425.0,4924297128,4924297231
4924297231,51.494260594,25.2809745294,1468243435.0,4924297191,4924297278
4924297278,51.4942782786,25.280964647,1468243445.0,4924297231,4924297401
4924297401,51.4942765008,25.2809675205,1468243455.0,4924297278,4924297449
4924297449,51.4942740018,25.280976622,1468243465.0,4924297401,4924297520
4924297520,51.4942750904,25.2809797894,1468243475.0,4924297449,4924297607
4924297607,51.4942879759,25.280968591,1468243485.0,4924297520,4924297659
4924297659,51.4942737105,25.2809843541,1468243495.0,4924297607,4924297713
4924297713,51.4940424993,25.2804340101,1468243505.0,4924297659,4924297800
4924297800,51.4933118,25.2791968,1468243515.0,4924297713,4924297842
4924297842,51.4923273,25.2780786,1468243524.0,4924297800,4924297873
4924297873,51.4909996,25.276962,1468243533.0,4924297842,4924297923
4924297923,51.4898768,25.2761523,1468243543.0,4924297873,None
