4925185099,51.4991945,25.2901461,1468256903.0,None,4925185742
4925185742,51.4992048,25.2901528,1468256913.0,4925185099,4925186356
4925186356,51.4992076,25.2901546,1468256923.0,4925185742,4925186924
4925186924,51.4992185,25.2901566,1468256933.0,4925186356,4925187473
4925187473,51.499294,25.290196,1468256943.0,4925186924,4925187547
4925187547,51.4993271,25.290198,1468256944.0,4925187473,4925187588
4925187588,51.4993448,25.2901918,1468256945.0,4925187547,4925187622
4925187622,51.4993595,25.2901831,1468256946.0,4925187588,4925187689
4925187689,51.4993748,25.2901695,1468256947.0,4925187622,4925187763
4925187763,51.4993856,25.2901535,1468256948.0,4925187689,4925187809
4925187809,51.499395,25.2901296,1468256949.0,4925187763,4925188452
4925188452,51.4995363,25.2898533,1468256959.0,4925187809,4925188576
4925188576,51.499589,25.2897973,1468256961.0,4925188452,4925188677
4925188677,51.4996423,25.2897663,1468256963.0,4925188576,4925188828
4925188828,51.4997055,25.289742,1468256965.0,4925188677,4925188890
4925188890,51.4997538042,25.2897335897,1468256966.0,4925188828,4925189042
4925189042,51.4998378,25.2897156,1468256969.0,4925188890,4925189089
4925189089,51.4998791,25.2896956,1468256970.0,4925189042,4925189139
4925189139,51.499902,25.289676,1468256971.0,4925189089,4925189371
4925189371,51.5000090689,25.2895961944,1468256975.0,4925189139,4925189465
4925189465,51.5000493298,25.2895780516,1468256977.0,4925189371,4925189542
4925189542,51.5000666141,25.2895777112,1468256977.0,4925189465,4925189626
4925189626,51.5000989822,25.2895764328,1468256979.0,4925189542,4925189937
4925189937,51.5002092163,25.2895784932,1468256985.0,4925189626,4925189999
4925189999,51.5002315248,25.2895701881,1468256986.0,4925189937,4925190049
4925190049,51.5002521221,25.2895572926,1468256987.0,4925189999,4925190078
4925190078,51.5002597573,25.2895467965,1468256988.0,4925190049,4925190367
4925190367,51.500253,25.2895268,1468256993.0,4925190078,4925190525
4925190525,51.5002349939,25.2895292589,1468256994.0,4925190367,4925190595
4925190595,51.5002194134,25.2895352267,1468256995.0,4925190525,4925190662
4925190662,51.5001947412,25.2895504171,1468256997.0,4925190595,4925190729
4925190729,51.5001880256,25.2895573561,1468256998.0,4925190662,4925190747
4925190747,51.5001788696,25.2895682973,1468256999.0,4925190729,4925191271
4925191271,51.5001591559,25.2895864774,1468257009.0,4925190747,4925191759
4925191759,51.5001723825,25.2895423996,1468257017.0,4925191271,4925192318
4925192318,51.5001727244,25.2895376454,1468257027.0,4925191759,4925192822
4925192822,51.500183562,25.289562738,1468257037.0,4925192318,4925193388
4925193388,51.500184061,25.2895630628,1468257047.0,4925192822,4925193916
4925193916,51.5001846736,25.2895572887,1468257057.0,4925193388,4925194485
4925194485,51.5001954481,25.2895578723,1468257067.0,4925193916,4925195064
4925195064,51.5002025098,25.2895509728,1468257077.0,4925194485,4925195649
4925195649,51.5001992601,25.2895440628,1468257087.0,4925195064,4925196207
4925196207,51.5001952035,25.2895488307,1468257097.0,4925195649,4925196687
4925196687,51.5001934329,25.28955654,1468257107.0,4925196207,4925197389
4925197389,51.5001909681,25.2895680292,1468257117.0,4925196687,4925197951
4925197951,51.500193239,25.2895945747,1468257127.0,4925197389,4925198509
4925198509,51.5001918999,25.2895965861,1468257137.0,4925197951,4925214331
4925214331,51.5000852999,25.2899037998,1468257407.0,4925198509,4925214884
4925214884,51.5001318043,25.2898317315,1468257417.0,4925214331,4925215238
4925215238,51.5001450329,25.289741111,1468257423.0,4925214884,4925215327
4925215327,51.5001462755,25.2897127868,1468257424.0,4925215238,4925215393
4925215393,51.5001421649,25.289698288,1468257425.0,4925215327,4925215555
4925215555,51.5001198233,25.2896699839,1468257427.0,4925215393,4925215618
4925215618,51.5001103937,25.2896648124,1468257428.0,4925215555,4925215662
4925215662,51.5000833998,25.2896529308,1468257429.0,4925215618,4925215709
4925215709,51.5000610414,25.2896488932,1468257430.0,4925215662,4925215769
4925215769,51.5000376778,25.2896492328,1468257430.0,4925215709,4925215817
4925215817,51.5000145294,25.289654065,1468257431.0,4925215769,4925215854
4925215854,51.4999977945,25.2896603171,1468257432.0,4925215817,4925215909
4925215909,51.4999865719,25.289668995,1468257432.0,4925215854,4925215958
4925215958,51.4999740629,25.2896850155,1468257433.0,4925215909,4925216092
4925216092,51.4999130001,25.2897645001,1468257437.0,4925215958,4925216138
4925216138,51.499884415,25.289779483,1468257438.0,4925216092,4925216227
4925216227,51.4998437417,25.2897934697,1468257439.0,4925216138,4925216597
4925216597,51.4996309937,25.2898528712,1468257446.0,4925216227,4925216677
4925216677,51.4995938486,25.2898896844,1468257448.0,4925216597,4925216765
4925216765,51.4995731438,25.2899226271,1468257449.0,4925216677,4925217120
4925217120,51.4994738133,25.2900792679,1468257455.0,4925216765,4925217404
4925217404,51.4993908611,25.2902355934,1468257461.0,4925217120,4925217464
4925217464,51.4993685,25.2902478,1468257462.0,4925217404,4925217508
4925217508,51.4993358,25.2902618,1468257463.0,4925217464,4925217567
4925217567,51.4993001022,25.2902666408,1468257464.0,4925217508,4925217614
4925217614,51.4992825241,25.2902633512,1468257464.0,4925217567,4925217655
4925217655,51.4992556,25.2902535,1468257465.0,4925217614,4925217693
4925217693,51.4992328877,25.2902396186,1468257466.0,4925217655,4925217717
4925217717,51.499216885,25.2902241565,1468257466.0,4925217693,4925218276
4925218276,51.4991810991,25.2902087396,1468257476.0,4925217717,4925218867
4925218867,51.4991648813,25.2902219927,1468257486.0,4925218276,4925219448
4925219448,51.4991453733,25.2902343198,1468257496.0,4925218867,None
