4921989465,51.485067,25.2927615,1468204171.0,None,4921989508
4921989508,51.4850456424,25.2927753892,1468204172.0,4921989465,4921989936
4921989936,51.4850662714,25.2927724093,1468204181.0,4921989508,4921990413
4921990413,51.4850341,25.2928038,1468204191.0,4921989936,4921990908
4921990908,51.484917,25.2928765,1468204201.0,4921990413,4921991351
4921991351,51.4847521,25.2929816,1468204211.0,4921990908,4921991877
4921991877,51.4845906,25.2930765,1468204221.0,4921991351,4921992164
4921992164,51.4845285,25.2931171,1468204227.0,4921991877,4921992618
4921992618,51.4844991,25.2931941,1468204236.0,4921992164,4921993156
4921993156,51.484485,25.2932103,1468204246.0,4921992618,4921993640
4921993640,51.4844626,25.2932213,1468204256.0,4921993156,4921994143
4921994143,51.4844557998,25.2932142992,1468204266.0,4921993640,4921994690
4921994690,51.4844107517,25.2931635363,1468204276.0,4921994143,4921995164
4921995164,51.484332422,25.2931066788,1468204285.0,4921994690,4921995221
4921995221,51.4843290882,25.2930939542,1468204286.0,4921995164,4921995281
4921995281,51.4843238776,25.293071744,1468204287.0,4921995221,4921995826
4921995826,51.4843520169,25.293054331,1468204297.0,4921995281,4921996318
4921996318,51.4843972928,25.292994476,1468204307.0,4921995826,4921996791
4921996791,51.4843458908,25.2930312959,1468204317.0,4921996318,4921997287
4921997287,51.4842876,25.2930573,1468204327.0,4921996791,4921997742
4921997742,51.4843060355,25.2930624329,1468204337.0,4921997287,4921998229
4921998229,51.4843398488,25.2930740249,1468204347.0,4921997742,4921998635
4921998635,51.4844513674,25.2931171542,1468204357.0,4921998229,4921999101
4921999101,51.4844143489,25.2930801703,1468204367.0,4921998635,4921999618
4921999618,51.4844561267,25.2930524452,1468204377.0,4921999101,4922000126
4922000126,51.4844739496,25.2930282241,1468204387.0,4921999618,4922000633
4922000633,51.4844622118,25.292996376,1468204397.0,4922000126,4922001099
4922001099,51.484453582,25.2929897299,1468204407.0,4922000633,4922001654
4922001654,51.4844680779,25.2929904636,1468204417.0,4922001099,4922002176
4922002176,51.4844756,25.292995,1468204427.0,4922001654,None
