4921343614,51.4576129774,25.3022362723,1468187886.0,None,4921343654
4921343654,51.457610475,25.3022383113,1468187896.0,4921343614,4921343705
4921343705,51.4576065925,25.3022363396,1468187906.0,4921343654,4921344001
4921344001,51.4576058937,25.3022356162,1468187916.0,4921343705,4921344439
4921344439,51.457607855,25.3022330946,1468187926.0,4921344001,4921344899
4921344899,51.4576042732,25.3022276962,1468187936.0,4921344439,4921345639
4921345639,51.457605133,25.302225736,1468187946.0,4921344899,4921345830
4921345830,51.4576089116,25.3022268304,1468187956.0,4921345639,4921346256
4921346256,51.4576108023,25.3022289588,1468187966.0,4921345830,4921346704
4921346704,51.4576113584,25.3022316884,1468187976.0,4921346256,None
