4921883537,51.5016455,25.2947641,1468201975.0,None,4921883565
4921883565,51.5014319998,25.2947832513,1468201980.0,4921883537,4921883590
4921883590,51.5013972929,25.2948027244,1468201981.0,4921883565,4921883621
4921883621,51.501312292,25.2948588497,1468201985.0,4921883590,4921883674
4921883674,51.501288295,25.2948909511,1468201986.0,4921883621,4921883701
4921883701,51.5012857969,25.294901188,1468201987.0,4921883674,4921883724
4921883724,51.5012217775,25.2950570732,1468201991.0,4921883701,4921883780
4921883780,51.5012075019,25.2953892956,1468201996.0,4921883724,4921883804
4921883804,51.5012276038,25.2954067912,1468201996.0,4921883780,4921883828
4921883828,51.5012535,25.2954241,1468201997.0,4921883804,4921883858
4921883858,51.5012815,25.29544,1468201997.0,4921883828,4921883891
4921883891,51.5013243,25.295457,1468201998.0,4921883858,4921883918
4921883918,51.5013675,25.295461297,1468201999.0,4921883891,4921883945
4921883945,51.501442,25.2954628,1468202000.0,4921883918,4921883970
4921883970,51.5019424845,25.2955165057,1468202006.0,4921883945,4921884003
4921884003,51.5020203964,25.2955541768,1468202007.0,4921883970,4921884026
4921884026,51.5020625997,25.2955901077,1468202008.0,4921884003,4921884048
4921884048,51.502075648,25.2956205951,1468202008.0,4921884026,4921884084
4921884084,51.5020753348,25.2956379146,1468202009.0,4921884048,4921884121
4921884121,51.5020660283,25.295661246,1468202010.0,4921884084,4921884147
4921884147,51.5020540206,25.2956897087,1468202010.0,4921884121,4921884188
4921884188,51.5020554498,25.2957526664,1468202012.0,4921884147,4921884223
4921884223,51.5020688086,25.2957742379,1468202013.0,4921884188,4921884251
4921884251,51.5020940637,25.2957928565,1468202014.0,4921884223,4921884292
4921884292,51.5021162329,25.2957987965,1468202014.0,4921884251,4921884307
4921884307,51.5021389107,25.2958009524,1468202015.0,4921884292,4921889985
4921889985,51.5011620287,25.2916330882,1468202141.0,4921884307,4921890557
4921890557,51.4985066479,25.2920365167,1468202154.0,4921889985,4921890922
4921890922,51.4971889761,25.2923015248,1468202162.0,4921890557,4921891041
4921891041,51.4971008916,25.2923495503,1468202163.0,4921890922,4921891190
4921891190,51.4968038116,25.2925003778,1468202167.0,4921891041,4921891269
4921891269,51.4967090768,25.2925133113,1468202168.0,4921891190,4921891544
4921891544,51.4966425353,25.2925057177,1468202169.0,4921891269,4921891875
4921891875,51.4965388204,25.2924767771,1468202170.0,4921891544,4921891973
4921891973,51.4962765075,25.2924223964,1468202172.0,4921891875,4921892002
4921892002,51.4960498518,25.2924374958,1468202174.0,4921891973,4921892081
4921892081,51.4953710865,25.2925793463,1468202179.0,4921892002,4921892143
4921892143,51.4951895018,25.29264564,1468202181.0,4921892081,4921892186
4921892186,51.4951440825,25.2926871752,1468202182.0,4921892143,4921892245
4921892245,51.4951313696,25.2927145253,1468202183.0,4921892186,4921892300
4921892300,51.4951238361,25.292743215,1468202183.0,4921892245,4921892324
4921892324,51.4951212397,25.2927920881,1468202184.0,4921892300,4921892365
4921892365,51.4951267971,25.2928593046,1468202185.0,4921892324,4921892407
4921892407,51.4952574574,25.2936893314,1468202194.0,4921892365,4921892987
4921892987,51.4954245947,25.2950894867,1468202204.0,4921892407,4921893395
4921893395,51.495512,25.2958178,1468202214.0,4921892987,4921893444
4921893444,51.4954995,25.29585,1468202215.0,4921893395,4921893494
4921893494,51.4954848,25.2958658,1468202215.0,4921893444,4921893543
4921893543,51.4954653,25.2958808,1468202216.0,4921893494,4921893596
4921893596,51.495441,25.2958933,1468202216.0,4921893543,4921893642
4921893642,51.4953926,25.2959113,1468202217.0,4921893596,4921893789
4921893789,51.4950333,25.2959803,1468202222.0,4921893642,4921893895
4921893895,51.4948655,25.2960281,1468202224.0,4921893789,4921893934
4921893934,51.494847,25.2960461,1468202225.0,4921893895,4921893971
4921893971,51.4948331,25.2960688,1468202225.0,4921893934,4921894029
4921894029,51.4948233,25.2960936,1468202226.0,4921893971,4921894076
4921894076,51.4948195,25.2961203,1468202226.0,4921894029,4921894122
4921894122,51.4948198,25.2961531,1468202227.0,4921894076,4921894162
4921894162,51.4948298,25.296218,1468202228.0,4921894122,4921894507
4921894507,51.494934,25.2967161,1468202237.0,4921894162,4921894846
4921894846,51.4950068,25.2969876,1468202243.0,4921894507,4921894888
4921894888,51.4950195,25.297003,1468202244.0,4921894846,4921894938
4921894938,51.4950433,25.2970216,1468202245.0,4921894888,4921894977
4921894977,51.495073,25.2970378,1468202245.0,4921894938,4921895023
4921895023,51.4951636,25.2970621,1468202247.0,4921894977,4921895286
4921895286,51.4954726,25.2971411,1468202252.0,4921895023,4921895339
4921895339,51.4954996,25.2971726,1468202253.0,4921895286,4921895378
4921895378,51.4955183,25.2972095,1468202253.0,4921895339,4921895423
4921895423,51.4955438,25.2972828,1468202255.0,4921895378,4921895903
4921895903,51.4957421,25.2979213,1468202267.0,4921895423,4921895960
4921895960,51.4957641,25.2979558,1468202268.0,4921895903,4921895997
4921895997,51.4957883,25.2979876,1468202268.0,4921895960,4921896093
4921896093,51.495816,25.298015,1468202269.0,4921895997,4921896134
4921896134,51.495841,25.2980221,1468202270.0,4921896093,4921896187
4921896187,51.4958816,25.2980281,1468202270.0,4921896134,4921896221
4921896221,51.4959551,25.2980288,1468202272.0,4921896187,4921896516
4921896516,51.4965171,25.2979646,1468202281.0,4921896221,4921896725
4921896725,51.4967281,25.29792,1468202286.0,4921896516,4921896808
4921896808,51.4968353,25.2979005,1468202288.0,4921896725,4921897222
4921897222,51.4973656,25.2978085,1468202297.0,4921896808,4921897278
4921897278,51.4973953,25.297792,1468202298.0,4921897222,4921897360
4921897360,51.4974691,25.2977821,1468202300.0,4921897278,4921897419
4921897419,51.4974906,25.2977931,1468202300.0,4921897360,4921897473
4921897473,51.497509,25.2978065,1468202301.0,4921897419,4921897510
4921897510,51.4975253,25.2978298,1468202301.0,4921897473,4921897560
4921897560,51.4975336,25.2978558,1468202302.0,4921897510,4921897589
4921897589,51.4975368,25.2978821,1468202302.0,4921897560,4921897620
4921897620,51.4975423,25.2979221,1468202303.0,4921897589,4921897800
4921897800,51.4974598,25.2982775,1468202309.0,4921897620,4921898035
4921898035,51.4972976,25.2985248,1468202314.0,4921897800,4921898143
4921898143,51.4972091,25.2986348,1468202316.0,4921898035,4921898211
4921898211,51.4971526,25.2987371,1468202317.0,4921898143,4921898263
4921898263,51.4971206,25.2988483,1468202319.0,4921898211,4921898281
4921898281,51.49713,25.2989115,1468202320.0,4921898263,4921898724
4921898724,51.4971408,25.2998565,1468202331.0,4921898281,4921898772
4921898772,51.4971708,25.2998725,1468202332.0,4921898724,4921898811
4921898811,51.497183,25.299886,1468202332.0,4921898772,4921898842
4921898842,51.497198,25.2998945,1468202333.0,4921898811,4921898869
4921898869,51.4972083,25.299904,1468202334.0,4921898842,4921898908
4921898908,51.4972332746,25.2999057954,1468202334.0,4921898869,4921898944
4921898944,51.4972617891,25.2998990985,1468202335.0,4921898908,4921899283
4921899283,51.4972927976,25.2998870997,1468202336.0,4921898944,4921899396
4921899396,51.4973368,25.2998556,1468202337.0,4921899283,4921899434
4921899434,51.49771,25.2996981,1468202343.0,4921899396,4921899494
4921899494,51.4977288,25.2996956,1468202344.0,4921899434,4921899677
4921899677,51.4977443,25.2996966,1468202344.0,4921899494,4921899930
4921899930,51.4977565,25.2997053,1468202345.0,4921899677,4921900589
4921900589,51.4977635,25.2997106,1468202345.0,4921899930,4921900634
4921900634,51.4977786,25.29973,1468202346.0,4921900589,4921900655
4921900655,51.4979398,25.2999471,1468202350.0,4921900634,4921900682
4921900682,51.4982021,25.3004206,1468202356.0,4921900655,4921900706
4921900706,51.4982018,25.3004646,1468202357.0,4921900682,4921900761
4921900761,51.4981923,25.3005105,1468202358.0,4921900706,4921900806
4921900806,51.498171,25.3005621,1468202358.0,4921900761,4921900832
4921900832,51.4978598,25.3013798,1468202368.0,4921900806,4921900853
4921900853,51.4977638182,25.3015938806,1468202371.0,4921900832,4921900878
4921900878,51.4977360937,25.3016547262,1468202373.0,4921900853,4921900908
4921900908,51.4977373,25.301669,1468202374.0,4921900878,4921900931
4921900931,51.4977453,25.301683,1468202374.0,4921900908,4921900963
4921900963,51.4977555,25.3016926,1468202375.0,4921900931,4921901000
4921901000,51.4977678,25.3017008,1468202375.0,4921900963,4921901030
4921901030,51.4977791,25.301705,1468202376.0,4921901000,4921901059
4921901059,51.4977931136,25.3017069279,1468202376.0,4921901030,4921901090
4921901090,51.4978118486,25.3017076569,1468202378.0,4921901059,4921901266
4921901266,51.4978339565,25.3017239485,1468202387.0,4921901090,4921901775
4921901775,51.4978068,25.3017495,1468202397.0,4921901266,4921902309
4921902309,51.4977476,25.3017638,1468202407.0,4921901775,4921902791
4921902791,51.4977161,25.3017618,1468202417.0,4921902309,4921903249
4921903249,51.497654,25.301771,1468202427.0,4921902791,4921903731
4921903731,51.4975898,25.3017685,1468202437.0,4921903249,4921904206
4921904206,51.497541213,25.3017609172,1468202447.0,4921903731,4921905575
4921905575,51.4975418668,25.3017252446,1468202477.0,4921904206,4921906108
4921906108,51.497539,25.3016906,1468202487.0,4921905575,4921906664
4921906664,51.4975077746,25.3017230941,1468202497.0,4921906108,None
