4921894974,51.4576667798,25.3021174126,1468202234.0,None,4921895021
4921895021,51.4576619843,25.3021028929,1468202244.0,4921894974,4921895340
4921895340,51.4576550888,25.3020814394,1468202254.0,4921895021,4921895784
4921895784,51.457650507,25.3020668073,1468202264.0,4921895340,4921896247
4921896247,51.4576525182,25.3020605658,1468202274.0,4921895784,4921896651
4921896651,51.4576580117,25.3020558492,1468202284.0,4921896247,4921899291
4921899291,51.4580289973,25.3020357998,1468202329.0,4921896651,4921899316
4921899316,51.4580443038,25.3020460014,1468202330.0,4921899291,4921899345
4921899345,51.458046997,25.3020465374,1468202331.0,4921899316,4921899391
4921899391,51.4580450158,25.3020593404,1468202340.0,4921899345,4921899418
4921899418,51.458085068,25.3020688287,1468202346.0,4921899391,4921899447
4921899447,51.4580991,25.3020626,1468202347.0,4921899418,4921899516
4921899516,51.4582791,25.3020146,1468202350.0,4921899447,4921899649
4921899649,51.4584038,25.3019596,1468202352.0,4921899516,4921900084
4921900084,51.459237,25.301586,1468202361.0,4921899649,4921900559
4921900559,51.4606,25.30095,1468202371.0,4921900084,4921901022
4921901022,51.462179,25.300242,1468202381.0,4921900559,4921901487
4921901487,51.4635353,25.2997163,1468202391.0,4921901022,4921901814
4921901814,51.4636521,25.2996233,1468202393.0,4921901487,4921901862
4921901862,51.463906,25.299403,1468202396.0,4921901814,4921901896
4921901896,51.4639718,25.2993806,1468202397.0,4921901862,4921901927
4921901927,51.4640415,25.2993731,1468202398.0,4921901896,4921901982
4921901982,51.4640891,25.2993775,1468202398.0,4921901927,4921902040
4921902040,51.4641567496,25.2993994814,1468202399.0,4921901982,4921902130
4921902130,51.4641957405,25.2994229383,1468202400.0,4921902040,4921902183
4921902183,51.464246887,25.2994695387,1468202400.0,4921902130,4921902233
4921902233,51.4642859207,25.2995286517,1468202401.0,4921902183,4921902280
4921902280,51.4643087444,25.2995963366,1468202402.0,4921902233,4921902336
4921902336,51.4643155891,25.2996682516,1468202403.0,4921902280,4921902644
4921902644,51.4645005,25.3007206,1468202412.0,4921902336,4921903320
4921903320,51.4646288,25.302126,1468202422.0,4921902644,4921903467
4921903467,51.4647486,25.3037031,1468202432.0,4921903320,4921903911
4921903911,51.4646431,25.3051306,1468202441.0,4921903467,4921904310
4921904310,51.4642403,25.3065258,1468202450.0,4921903911,4921904738
4921904738,51.4635086,25.3078888,1468202459.0,4921904310,4921905207
4921905207,51.4626556,25.3092175,1468202469.0,4921904738,4921905681
4921905681,51.4617796,25.3106003,1468202479.0,4921905207,4921906222
4921906222,51.4609873,25.3118066,1468202489.0,4921905681,4921906348
4921906348,51.4608993,25.311985,1468202492.0,4921906222,4921906410
4921906410,51.460883,25.3120655,1468202493.0,4921906348,4921906483
4921906483,51.460885489,25.312161133,1468202494.0,4921906410,4921906603
4921906603,51.460916191,25.3122784044,1468202496.0,4921906483,4921906767
4921906767,51.460991284,25.3124505308,1468202499.0,4921906603,4921906844
4921906844,51.4610702011,25.3125511073,1468202500.0,4921906767,4921906941
4921906941,51.461128386,25.3126016357,1468202501.0,4921906844,4921907006
4921907006,51.4612204283,25.3126547381,1468202503.0,4921906941,4921907041
4921907041,51.4613354638,25.3126957721,1468202504.0,4921907006,4921907541
4921907541,51.4625903025,25.312959551,1468202513.0,4921907041,4921908103
4921908103,51.4642316002,25.3130806846,1468202523.0,4921907541,4921908628
4921908628,51.4658372999,25.3130784571,1468202533.0,4921908103,4921909152
4921909152,51.4675596009,25.3131188461,1468202543.0,4921908628,4921909565
4921909565,51.4692647999,25.3131019317,1468202553.0,4921909152,4921910029
4921910029,51.4707634808,25.3131688442,1468202563.0,4921909565,4921911005
4921911005,51.4737014963,25.3135858595,1468202583.0,4921910029,4921911456
4921911456,51.4753028027,25.313711529,1468202593.0,4921911005,4921911947
4921911947,51.4769138064,25.3138489664,1468202603.0,4921911456,4921912424
4921912424,51.4782738064,25.3139648689,1468202613.0,4921911947,4921912609
4921912609,51.478518301,25.3139739698,1468202618.0,4921912424,4921912688
4921912688,51.4786044936,25.3139553767,1468202619.0,4921912609,4921912773
4921912773,51.4787162831,25.3139326543,1468202621.0,4921912688,4921912825
4921912825,51.4787705365,25.3139413502,1468202622.0,4921912773,4921912877
4921912877,51.4788465469,25.3139653802,1468202623.0,4921912825,4921913027
4921913027,51.4790270294,25.3140188449,1468202625.0,4921912877,4921913437
4921913437,51.4800862908,25.314103179,1468202634.0,4921913027,4921913900
4921913900,51.4816419892,25.3142292447,1468202644.0,4921913437,4921914406
4921914406,51.483221489,25.3143557555,1468202654.0,4921913900,4921914692
4921914692,51.4839128021,25.3143952549,1468202661.0,4921914406,4921914894
4921914894,51.4841415984,25.3143768257,1468202664.0,4921914692,4921914948
4921914948,51.4842200888,25.3143968615,1468202665.0,4921914894,4921915069
4921915069,51.4844700915,25.3144593622,1468202668.0,4921914948,4921915513
4921915513,51.4855217873,25.3145382789,1468202677.0,4921915069,4921915923
4921915923,51.4866165956,25.3146113352,1468202687.0,4921915513,4921915998
4921915998,51.4867345547,25.3145855957,1468202688.0,4921915923,4921916691
4921916691,51.4869903521,25.314515447,1468202692.0,4921915998,4921916730
4921916730,51.4870749902,25.3145256951,1468202693.0,4921916691,4921916749
4921916749,51.4871349804,25.3145486655,1468202693.0,4921916730,4921916779
4921916779,51.4871844735,25.3145850499,1468202694.0,4921916749,4921916800
4921916800,51.4872240327,25.3146310818,1468202695.0,4921916779,4921916827
4921916827,51.4872434851,25.3146678726,1468202695.0,4921916800,4921916851
4921916851,51.4872553985,25.3147325115,1468202696.0,4921916827,4921916888
4921916888,51.4872537523,25.3147950792,1468202697.0,4921916851,4921916923
4921916923,51.4872310001,25.3148793001,1468202698.0,4921916888,4921916954
4921916954,51.4871361015,25.3152881002,1468202702.0,4921916923,4921917098
4921917098,51.4870296022,25.3164561004,1468202711.0,4921916954,4921917617
4921917617,51.4869054962,25.3178260818,1468202721.0,4921917098,4921918074
4921918074,51.486785748,25.3192236177,1468202731.0,4921917617,4921918543
4921918543,51.4866687461,25.3206700316,1468202741.0,4921918074,4921918926
4921918926,51.486656154,25.3214977982,1468202749.0,4921918543,4921918971
4921918971,51.4866782404,25.321564548,1468202750.0,4921918926,4921919007
4921919007,51.4867049374,25.3216092382,1468202751.0,4921918971,4921919059
4921919059,51.4867414463,25.3216416812,1468202751.0,4921919007,4921919085
4921919085,51.4867895892,25.3216690304,1468202752.0,4921919059,4921919115
4921919115,51.4868425348,25.3216856305,1468202753.0,4921919085,4921919148
4921919148,51.4868826701,25.321687737,1468202753.0,4921919115,4921919197
4921919197,51.4869241819,25.3216850297,1468202754.0,4921919148,4921919298
4921919298,51.487054403,25.3216543101,1468202755.0,4921919197,4921919669
4921919669,51.4880777206,25.3212759728,1468202764.0,4921919298,4921920145
4921920145,51.4895914422,25.3206323318,1468202774.0,4921919669,4921920594
4921920594,51.4911892633,25.3199179579,1468202784.0,4921920145,4921921093
4921921093,51.4927847532,25.3192151187,1468202794.0,4921920594,4921921560
4921921560,51.4943121468,25.3185428899,1468202804.0,4921921093,4921921890
4921921890,51.4951634652,25.3181498188,1468202812.0,4921921560,4921922059
4921922059,51.4952457859,25.3180911949,1468202814.0,4921921890,4921922477
4921922477,51.4958041826,25.3174688117,1468202823.0,4921922059,4921922531
4921922531,51.4958720294,25.3174386122,1468202824.0,4921922477,4921922566
4921922566,51.4959486005,25.3174210045,1468202825.0,4921922531,4921922591
4921922591,51.4961159998,25.3174089484,1468202826.0,4921922566,4921922670
4921922670,51.4963835063,25.3174258502,1468202829.0,4921922591,4921922722
4921922722,51.4965016191,25.3174611977,1468202830.0,4921922670,4921922770
4921922770,51.4965630222,25.3174976829,1468202831.0,4921922722,4921922815
4921922815,51.4966146117,25.317544302,1468202831.0,4921922770,4921922841
4921922841,51.4966571018,25.3176027727,1468202832.0,4921922815,4921922861
4921922861,51.4966871001,25.3176689993,1468202833.0,4921922841,4921922898
4921922898,51.4966970025,25.3177335061,1468202834.0,4921922861,4921922948
4921922948,51.4966935288,25.3178010658,1468202834.0,4921922898,None
