4921343614,51.4576126551,25.3022356885,1468187886.0,None,4921343654
4921343654,51.4576104127,25.3022375683,1468187896.0,4921343614,4921343705
4921343705,51.457606801,25.3022356278,1468187906.0,4921343654,4921344001
4921344001,51.4576065861,25.3022359766,1468187916.0,4921343705,4921344439
4921344439,51.457608528,25.3022329823,1468187926.0,4921344001,4921344899
4921344899,51.4576044736,25.302227686,1468187936.0,4921344439,4921345639
4921345639,51.4576052517,25.3022264802,1468187946.0,4921344899,4921345830
4921345830,51.4576086796,25.3022274234,1468187956.0,4921345639,4921346256
4921346256,51.4576102742,25.3022293536,1468187966.0,4921345830,4921346704
4921346704,51.4576107246,25.3022319087,1468187976.0,4921346256,None
