4924041064,51.5003675823,25.3021098369,1468239635.0,None,4924041065
4924041065,51.5003681447,25.302109865,1468239635.0,4924041064,4924042887
4924042887,51.5004904612,25.3022033138,1468239637.0,4924041065,4924042891
4924042891,51.5004783628,25.3021954469,1468239639.0,4924042887,4924042893
4924042893,51.5004800108,25.302196588,1468239642.0,4924042891,4924042895
4924042895,51.5004841133,25.3021993869,1468239644.0,4924042893,4924042897
4924042897,51.5004840274,25.3021994889,1468239646.0,4924042895,4924042900
4924042900,51.5004784245,25.3021954634,1468239648.0,4924042897,4924042901
4924042901,51.5004727571,25.3021919029,1468239650.0,4924042900,4924042902
4924042902,51.5004698139,25.302190725,1468239652.0,4924042901,4924042903
4924042903,51.5004667323,25.3021895398,1468239654.0,4924042902,4924042905
4924042905,51.5004645825,25.302189415,1468239656.0,4924042903,4924042906
4924042906,51.5004677578,25.3021942948,1468239658.0,4924042905,4924042909
4924042909,51.5004664621,25.3021947521,1468239660.0,4924042906,4924042910
4924042910,51.5004416977,25.3021075692,1468239662.0,4924042909,4924042911
4924042911,51.5004539566,25.3020970043,1468239664.0,4924042910,4924042912
4924042912,51.5004494085,25.3021017366,1468239666.0,4924042911,4924045892
4924045892,51.5004522858,25.3020991797,1468239668.0,4924042912,4924045893
4924045893,51.5004493115,25.3021028808,1468239670.0,4924045892,4924045894
4924045894,51.5004525387,25.3021000501,1468239672.0,4924045893,4924045895
4924045895,51.5004495091,25.3021009467,1468239674.0,4924045894,4924045896
4924045896,51.5004489541,25.3021015741,1468239676.0,4924045895,4924045897
4924045897,51.5004478253,25.302102363,1468239678.0,4924045896,4924045899
4924045899,51.5004464637,25.3021029193,1468239680.0,4924045897,4924045900
4924045900,51.5004450563,25.3021034719,1468239682.0,4924045899,4924045902
4924045902,51.5004459551,25.3021033445,1468239684.0,4924045900,4924045904
4924045904,51.5004488274,25.3020992359,1468239686.0,4924045902,4924045907
4924045907,51.5004489767,25.3021046449,1468239688.0,4924045904,4924045908
4924045908,51.5004798567,25.3020091423,1468239690.0,4924045907,4924045910
4924045910,51.5004798898,25.3020093752,1468239692.0,4924045908,4924045911
4924045911,51.5004798743,25.3020089334,1468239694.0,4924045910,4924045912
4924045912,51.5004798567,25.3020084968,1468239696.0,4924045911,4924046684
4924046684,51.5004798104,25.3020079844,1468239698.0,4924045912,4924046686
4924046686,51.5004794649,25.3020072323,1468239700.0,4924046684,4924046687
4924046687,51.5004796598,25.3020079613,1468239702.0,4924046686,4924046688
4924046688,51.5004796702,25.3020080588,1468239704.0,4924046687,4924046689
4924046689,51.5004796775,25.3020081179,1468239706.0,4924046688,4924046691
4924046691,51.5004796844,25.3020081765,1468239708.0,4924046689,4924046692
4924046692,51.5004796936,25.3020082412,1468239710.0,4924046691,4924046693
4924046693,51.5004797015,25.302008301,1468239712.0,4924046692,4924046696
4924046696,51.5004797102,25.302008361,1468239714.0,4924046693,4924046704
4924046704,51.5004797191,25.3020084193,1468239716.0,4924046696,4924046718
4924046718,51.500479728,25.3020084768,1468239718.0,4924046704,4924046720
4924046720,51.500479728,25.3020084768,1468239720.0,4924046718,4924046722
4924046722,51.500479728,25.3020084768,1468239722.0,4924046720,4924046724
4924046724,51.500479728,25.3020084768,1468239724.0,4924046722,4924046725
4924046725,51.500479728,25.3020084768,1468239726.0,4924046724,4924048551
4924048551,51.500479728,25.3020084768,1468239728.0,4924046725,4924048552
4924048552,51.500479728,25.3020084768,1468239730.0,4924048551,4924048553
4924048553,51.500479728,25.3020084768,1468239732.0,4924048552,4924048555
4924048555,51.500479728,25.3020084768,1468239734.0,4924048553,4924048557
4924048557,51.500479728,25.3020084768,1468239736.0,4924048555,4924048558
4924048558,51.5004797286,25.3020084552,1468239738.0,4924048557,4924048560
4924048560,51.5004797361,25.3020084857,1468239740.0,4924048558,4924048562
4924048562,51.5004797531,25.302008451,1468239742.0,4924048560,4924048564
4924048564,51.5004797332,25.3020083699,1468239744.0,4924048562,4924048566
4924048566,51.5004796884,25.3020082225,1468239746.0,4924048564,4924048568
4924048568,51.5004797343,25.3020084372,1468239748.0,4924048566,4924048570
4924048570,51.5004797679,25.3020083679,1468239750.0,4924048568,4924048571
4924048571,51.5004797296,25.3020082554,1468239752.0,4924048570,4924048572
4924048572,51.5004797127,25.3020081545,1468239754.0,4924048571,4924048574
4924048574,51.5004796454,25.3020079911,1468239756.0,4924048572,4924050311
4924050311,51.5004796845,25.3020082422,1468239758.0,4924048574,4924050312
4924050312,51.5004796913,25.3020085576,1468239760.0,4924050311,4924050313
4924050313,51.5004797124,25.3020089757,1468239762.0,4924050312,4924050315
4924050315,51.5004798621,25.302009564,1468239764.0,4924050313,4924050316
4924050316,51.5004871568,25.3019646592,1468239766.0,4924050315,4924050317
4924050317,51.5004883082,25.3019564664,1468239768.0,4924050316,4924050321
4924050321,51.5004885272,25.3019550019,1468239770.0,4924050317,4924050324
4924050324,51.5004875994,25.3019602693,1468239772.0,4924050321,4924050327
4924050327,51.5004867817,25.3019650211,1468239779.0,4924050324,4924050329
4924050329,51.5004860845,25.3019692601,1468239781.0,4924050327,4924050335
4924050335,51.5004854625,25.3019730691,1468239785.0,4924050329,4924050348
4924050348,51.500484954,25.301976515,1468239787.0,4924050335,4924052045
4924052045,51.5004847628,25.3019788349,1468239789.0,4924050348,4924052046
4924052046,51.5004852151,25.3019761857,1468239791.0,4924052045,4924052047
4924052047,51.5004856273,25.3019737828,1468239793.0,4924052046,4924052048
4924052048,51.5004860855,25.3019710849,1468239795.0,4924052047,4924052050
4924052050,51.5004866705,25.3019675962,1468239797.0,4924052048,4924052052
4924052052,51.5004881027,25.3019574608,1468239799.0,4924052050,4924052053
4924052053,51.5004973075,25.302164751,1468239805.0,4924052052,4924052056
4924052056,51.5004954624,25.3021601095,1468239807.0,4924052053,4924052058
4924052058,51.5004972467,25.3021690093,1468239809.0,4924052056,4924052059
4924052059,51.50049664,25.3021695779,1468239811.0,4924052058,4924052060
4924052060,51.5004970017,25.302168748,1468239813.0,4924052059,4924052061
4924052061,51.5004977984,25.3021673382,1468239816.0,4924052060,4924052063
4924052063,51.5005229135,25.3023829497,1468239818.0,4924052061,4924052064
4924052064,51.5005227671,25.3023847849,1468239818.0,4924052063,4924053707
4924053707,51.5005222697,25.3023826031,1468239820.0,4924052064,4924053708
4924053708,51.5005221545,25.3023818421,1468239822.0,4924053707,4924053709
4924053709,51.500522162,25.3023815688,1468239824.0,4924053708,4924053711
4924053711,51.5005217395,25.3023790221,1468239826.0,4924053709,4924053713
4924053713,51.5005226034,25.3023807469,1468239828.0,4924053711,4924053716
4924053716,51.5005226898,25.3023814666,1468239830.0,4924053713,4924053720
4924053720,51.5005227697,25.302382037,1468239832.0,4924053716,4924053722
4924053722,51.5005229055,25.3023840431,1468239834.0,4924053720,4924053724
4924053724,51.5005221281,25.3023827338,1468239836.0,4924053722,4924053727
4924053727,51.500521576,25.3022260088,1468239841.0,4924053724,4924053729
4924053729,51.500524294,25.3022282988,1468239843.0,4924053727,4924053731
4924053731,51.5005217491,25.3022261194,1468239847.0,4924053729,4924055484
4924055484,51.5005195563,25.3022245228,1468239849.0,4924053731,4924055486
4924055486,51.500518128,25.3022235633,1468239854.0,4924055484,4924055488
4924055488,51.50051734,25.302222971,1468239856.0,4924055486,4924055490
4924055490,51.5005171002,25.3022227233,1468239858.0,4924055488,4924055491
4924055491,51.5005169765,25.3022226196,1468239860.0,4924055490,4924055492
4924055492,51.500516683,25.3022224504,1468239862.0,4924055491,4924055493
4924055493,51.5005168094,25.3022227087,1468239864.0,4924055492,4924055496
4924055496,51.5005169791,25.3022226846,1468239866.0,4924055493,4924055497
4924055497,51.5005167836,25.3022225526,1468239868.0,4924055496,4924055498
4924055498,51.5005168645,25.3022226977,1468239870.0,4924055497,4924055499
4924055499,51.5005169046,25.3022226916,1468239873.0,4924055498,4924055500
4924055500,51.5005169011,25.302222692,1468239875.0,4924055499,4924055503
4924055503,51.5005169011,25.302222692,1468239877.0,4924055500,4924057216
4924057216,51.5005169011,25.302222692,1468239879.0,4924055503,4924057217
4924057217,51.5005169011,25.302222692,1468239884.0,4924057216,4924057220
4924057220,51.5005169011,25.302222692,1468239886.0,4924057217,4924057223
4924057223,51.5005169011,25.302222692,1468239888.0,4924057220,4924057225
4924057225,51.5005169011,25.302222692,1468239890.0,4924057223,4924057227
4924057227,51.5005169011,25.302222692,1468239892.0,4924057225,4924057230
4924057230,51.5005169011,25.302222692,1468239894.0,4924057227,4924057231
4924057231,51.5005169011,25.302222692,1468239897.0,4924057230,None
