4924793552,51.4937610547,25.2804011107,1468250784.0,None,4924794236
4924794236,51.493767263,25.2803974306,1468250794.0,4924793552,4924794859
4924794859,51.4937580074,25.2803817124,1468250804.0,4924794236,4924795494
4924795494,51.4937480141,25.2803698402,1468250814.0,4924794859,4924796169
4924796169,51.4937546273,25.2803773225,1468250824.0,4924795494,4924796757
4924796757,51.4937543479,25.280380532,1468250834.0,4924796169,4924797414
4924797414,51.4937357999,25.280369805,1468250844.0,4924796757,4924798149
4924798149,51.4937372999,25.2803656001,1468250854.0,4924797414,4924798803
4924798803,51.4937510743,25.280371541,1468250864.0,4924798149,4924802732
4924802732,51.4940768081,25.280432791,1468250922.0,4924798803,4924802851
4924802851,51.4942030789,25.2804744253,1468250924.0,4924802732,4924802912
4924802912,51.4942859276,25.2805254999,1468250925.0,4924802851,4924802973
4924802973,51.4943571179,25.2805979892,1468250926.0,4924802912,4924803038
4924803038,51.4944268551,25.2807145063,1468250927.0,4924802973,4924803318
4924803318,51.4945947341,25.2811651038,1468250931.0,4924803038,4924803850
4924803850,51.4948914806,25.2825066469,1468250940.0,4924803318,4924804578
4924804578,51.4952340442,25.2841925133,1468250950.0,4924803850,4924805214
4924805214,51.4955724147,25.2858097029,1468250960.0,4924804578,4924805908
4924805908,51.4958918091,25.2872939333,1468250970.0,4924805214,4924807958
4924807958,51.4961668792,25.2886158679,1468250980.0,4924805908,4924808022
4924808022,51.4963805675,25.289664445,1468250990.0,4924807958,4924808061
4924808061,51.4964795454,25.2901952324,1468251000.0,4924808022,4924808758
4924808758,51.4964765953,25.2901983323,1468251010.0,4924808061,4924809507
4924809507,51.4964676956,25.2902167388,1468251020.0,4924808758,4924810189
4924810189,51.4964647,25.2902244394,1468251030.0,4924809507,4924810932
4924810932,51.4964678448,25.2902542667,1468251040.0,4924810189,4924811592
4924811592,51.4964588893,25.290274736,1468251050.0,4924810932,4924812186
4924812186,51.4964542093,25.2902879753,1468251060.0,4924811592,4924812850
4924812850,51.4964316205,25.290297854,1468251070.0,4924812186,4924813514
4924813514,51.4964181357,25.2902974154,1468251080.0,4924812850,4924814139
4924814139,51.4964128,25.2902831,1468251090.0,4924813514,4924814817
4924814817,51.4964068,25.290266,1468251100.0,4924814139,4924815423
4924815423,51.4964106113,25.29025608,1468251110.0,4924814817,4924816071
4924816071,51.4964281054,25.2902912595,1468251120.0,4924815423,4924816131
4924816131,51.496436335,25.290333037,1468251121.0,4924816071,4924816777
4924816777,51.4966212053,25.2909791006,1468251131.0,4924816131,4924817398
4924817398,51.4967812355,25.2916784519,1468251141.0,4924816777,4924834453
4924834453,51.4968201689,25.2917622447,1468251142.0,4924817398,4924834504
4924834504,51.4968629448,25.2918137533,1468251143.0,4924834453,4924834553
4924834553,51.4969044733,25.2918459715,1468251144.0,4924834504,4924834596
4924834596,51.4971159766,25.2920204049,1468251148.0,4924834553,4924834643
4924834643,51.4971334941,25.2920635001,1468251149.0,4924834596,4924834684
4924834684,51.497148478,25.2921261337,1468251150.0,4924834643,4924834726
4924834726,51.4971462577,25.2921907816,1468251151.0,4924834684,4924834770
4924834770,51.4971316968,25.292252095,1468251152.0,4924834726,4924834815
4924834815,51.4970964262,25.2923251913,1468251153.0,4924834770,4924834850
4924834850,51.4970023744,25.2925263618,1468251156.0,4924834815,4924834895
4924834895,51.4969965964,25.2926317712,1468251157.0,4924834850,4924834933
4924834933,51.4970395641,25.2929483201,1468251161.0,4924834895,4924834975
4924834975,51.4972623313,25.2938760112,1468251170.0,4924834933,4924835017
4924835017,51.4977367441,25.2951036645,1468251180.0,4924834975,4924835063
4924835063,51.4984233599,25.296314588,1468251190.0,4924835017,4924835099
4924835099,51.4992786869,25.2973495397,1468251199.0,4924835063,4924835140
4924835140,51.5003024743,25.2982905273,1468251208.0,4924835099,4924835188
4924835188,51.5013104181,25.2989692395,1468251218.0,4924835140,4924835234
4924835234,51.5018362659,25.2992703017,1468251228.0,4924835188,4924835277
4924835277,51.5020587248,25.2993753072,1468251232.0,4924835234,4924835315
4924835315,51.5021581091,25.2993949499,1468251234.0,4924835277,4924835368
4924835368,51.5022493022,25.2993915191,1468251235.0,4924835315,4924835398
4924835398,51.5023399702,25.2993684964,1468251236.0,4924835368,4924835448
4924835448,51.5024040668,25.2993355801,1468251237.0,4924835398,None
