4923522292,51.4588478,25.2929636,1468229059.0,None,4923522519
4923522519,51.4588941,25.2929746,1468229064.0,4923522292,4923522568
4923522568,51.4589046,25.2929866,1468229065.0,4923522519,4923522612
4923522612,51.4589186,25.2930093,1468229066.0,4923522568,4923522644
4923522644,51.4589221,25.2930288,1468229066.0,4923522612,4923522661
4923522661,51.4589233,25.2930621,1468229067.0,4923522644,4923523071
4923523071,51.4589145,25.2938721,1468229076.0,4923522661,4923523476
4923523476,51.458906,25.2949816,1468229086.0,4923523071,4923523518
4923523518,51.4589293,25.2950427998,1468229087.0,4923523476,4923523572
4923523572,51.4589615,25.295085096,1468229088.0,4923523518,4923523642
4923523642,51.4589840001,25.2951024874,1468229089.0,4923523572,4923523693
4923523693,51.4590113003,25.2951175694,1468229090.0,4923523642,4923523719
4923523719,51.4590425004,25.2951224587,1468229090.0,4923523693,4923524236
4923524236,51.4600915,25.2951653,1468229100.0,4923523719,4923524633
4923524633,51.4619315,25.2951006,1468229110.0,4923524236,4923524765
4923524765,51.4625761,25.2949466,1468229113.0,4923524633,4923525245
4923525245,51.464307,25.294383,1468229123.0,4923524765,4923525497
4923525497,51.4650238,25.2942096,1468229128.0,4923525245,4923525974
4923525974,51.4657445131,25.2941892555,1468229137.0,4923525497,4923526420
4923526420,51.465743388,25.2941899502,1468229147.0,4923525974,4923526920
4923526920,51.465742729,25.2941925321,1468229157.0,4923526420,4923527389
4923527389,51.4657410345,25.2941955888,1468229167.0,4923526920,4923527823
4923527823,51.4657400031,25.2941982113,1468229177.0,4923527389,4923528354
4923528354,51.4657418043,25.2942008482,1468229187.0,4923527823,4923528840
4923528840,51.4657442021,25.2942042098,1468229197.0,4923528354,4923529313
4923529313,51.4657409424,25.2942037141,1468229207.0,4923528840,4923529778
4923529778,51.4657399537,25.2942042962,1468229217.0,4923529313,4923530338
4923530338,51.4657394969,25.294202251,1468229227.0,4923529778,4923530835
4923530835,51.4657369862,25.2941984239,1468229237.0,4923530338,4923531344
4923531344,51.4657340962,25.2941947487,1468229247.0,4923530835,4923531896
4923531896,51.4657895934,25.2941938099,1468229257.0,4923531344,4923531944
4923531944,51.4658183,25.2941991,1468229258.0,4923531896,4923531988
4923531988,51.465834074,25.294208059,1468229258.0,4923531944,4923532017
4923532017,51.4658439747,25.2942198577,1468229259.0,4923531988,4923532076
4923532076,51.4658459844,25.2942273355,1468229259.0,4923532017,4923532123
4923532123,51.4658459944,25.2942355127,1468229259.0,4923532076,4923532179
4923532179,51.4658430996,25.2942451008,1468229259.0,4923532123,4923532233
4923532233,51.465838326,25.2942538833,1468229260.0,4923532179,4923532345
4923532345,51.4658320011,25.2942620976,1468229260.0,4923532233,4923532400
4923532400,51.4658229246,25.2942687322,1468229260.0,4923532345,4923532456
4923532456,51.4658120003,25.2942744993,1468229260.0,4923532400,4923532507
4923532507,51.4657918,25.2942803,1468229261.0,4923532456,4923532565
4923532565,51.4657655359,25.2942828909,1468229261.0,4923532507,4923532631
4923532631,51.4657141242,25.2942782104,1468229262.0,4923532565,4923532684
4923532684,51.4650265,25.2942898,1468229269.0,4923532631,4923532732
4923532732,51.4644729203,25.2944122116,1468229273.0,4923532684,4923533181
4923533181,51.4630709848,25.2948797173,1468229282.0,4923532732,4923533712
4923533712,51.461680295,25.2952622548,1468229290.0,4923533181,4923534013
4923534013,51.4599426,25.2953043,1468229299.0,4923533712,4923534508
4923534508,51.4578856,25.2953408,1468229309.0,4923534013,4923534994
4923534994,51.4557971,25.2954468,1468229319.0,4923534508,4923535464
4923535464,51.4537235,25.2956485,1468229329.0,4923534994,4923536042
4923536042,51.451625,25.2959588,1468229339.0,4923535464,4923536532
4923536532,51.4495261,25.2963818,1468229349.0,4923536042,4923537385
4923537385,51.4477378,25.2968406,1468229359.0,4923536532,4923537676
4923537676,51.4473927905,25.296949796,1468229362.0,4923537385,4923537719
4923537719,51.4473027577,25.2970054103,1468229365.0,4923537676,4923537822
4923537822,51.4472769245,25.2970209282,1468229374.0,4923537719,4923538009
4923538009,51.447105189,25.2972290982,1468229379.0,4923537822,4923538062
4923538062,51.4470200738,25.2972764113,1468229380.0,4923538009,4923538151
4923538151,51.446895942,25.2973101225,1468229381.0,4923538062,4923538193
4923538193,51.4467540022,25.2973287047,1468229383.0,4923538151,4923538243
4923538243,51.4466353676,25.2973183463,1468229384.0,4923538193,4923538421
4923538421,51.4461878568,25.2972266688,1468229387.0,4923538243,4923538517
4923538517,51.4459857073,25.2972573294,1468229389.0,4923538421,4923538985
4923538985,51.444531,25.2976133,1468229398.0,4923538517,None
