4922720755,51.4988596,25.2944213,1468216307.0,None,4922720830
4922720830,51.4988873,25.2944126,1468216309.0,4922720755,4922721291
4922721291,51.4989972423,25.2944358092,1468216316.0,4922720830,4922721718
4922721718,51.4991070928,25.2944891345,1468216321.0,4922721291,4922721836
4922721836,51.4991445381,25.2945088244,1468216323.0,4922721718,4922721905
4922721905,51.4991507348,25.2945117667,1468216324.0,4922721836,4922722498
4922722498,51.4991628835,25.2944957743,1468216333.0,4922721905,4922723268
4922723268,51.4991536114,25.2944516862,1468216343.0,4922722498,4922724023
4922724023,51.4991383458,25.2944285882,1468216353.0,4922723268,4922724726
4922724726,51.4991386812,25.2944428371,1468216363.0,4922724023,4922725458
4922725458,51.4991305518,25.2944341315,1468216373.0,4922724726,4922726253
4922726253,51.499122336,25.2944377357,1468216383.0,4922725458,4922726914
4922726914,51.499118444,25.294452918,1468216393.0,4922726253,4922727580
4922727580,51.499117525,25.2944596494,1468216403.0,4922726914,4922728342
4922728342,51.499111524,25.2944577621,1468216413.0,4922727580,4922729057
4922729057,51.4991168469,25.2944657752,1468216423.0,4922728342,4922729828
4922729828,51.4991240205,25.2944726988,1468216433.0,4922729057,4922730644
4922730644,51.4991175047,25.2944592409,1468216443.0,4922729828,4922749832
4922749832,51.4991123147,25.294399862,1468216726.0,4922730644,4922749909
4922749909,51.4991496875,25.2944049264,1468216728.0,4922749832,4922750024
4922750024,51.4991707527,25.2944132967,1468216729.0,4922749909,4922750080
4922750080,51.4991774146,25.294419976,1468216730.0,4922750024,4922750150
4922750150,51.4991830636,25.2944294214,1468216730.0,4922750080,4922750212
4922750212,51.4991859424,25.2944397026,1468216730.0,4922750150,4922750271
4922750271,51.4991903235,25.2944569272,1468216731.0,4922750212,4922750360
4922750360,51.4991981294,25.29450462,1468216732.0,4922750271,4922750676
4922750676,51.4992648483,25.2948378776,1468216739.0,4922750360,4922750744
4922750744,51.4992942199,25.2948819383,1468216740.0,4922750676,4922750785
4922750785,51.499324312,25.2949028442,1468216741.0,4922750744,4922750898
4922750898,51.4993537954,25.2949155334,1468216742.0,4922750785,4922750955
4922750955,51.4993846401,25.294928021,1468216742.0,4922750898,4922751019
4922751019,51.4994423843,25.2949378151,1468216744.0,4922750955,4922751112
4922751112,51.4994896623,25.2949385409,1468216745.0,4922751019,4922751424
4922751424,51.4997221242,25.2949278964,1468216749.0,4922751112,4922752070
4922752070,51.50021638,25.2949157082,1468216759.0,4922751424,4922752176
4922752176,51.5002737757,25.294895352,1468216761.0,4922752070,4922752244
4922752244,51.5002908522,25.2948776145,1468216761.0,4922752176,4922752311
4922752311,51.5002981677,25.2948614377,1468216762.0,4922752244,4922752487
4922752487,51.5003792527,25.2947994349,1468216765.0,4922752311,4922752581
4922752581,51.5004539966,25.2947682854,1468216767.0,4922752487,4922752641
4922752641,51.5004811472,25.2947678372,1468216767.0,4922752581,4922752691
4922752691,51.5005142983,25.2947748171,1468216768.0,4922752641,4922752766
4922752766,51.5005609734,25.2947890397,1468216769.0,4922752691,4922753062
4922753062,51.5007150707,25.2948265231,1468216774.0,4922752766,4922753837
4922753837,51.5011550411,25.2948251426,1468216784.0,4922753062,4922753928
4922753928,51.5012303303,25.2948256546,1468216786.0,4922753837,4922754167
4922754167,51.501364501,25.2947650824,1468216790.0,4922753928,4922754420
4922754420,51.5014933045,25.2947519438,1468216793.0,4922754167,4922755094
4922755094,51.502047197,25.2947587932,1468216802.0,4922754420,4922759803
4922759803,51.5022296269,25.2954888874,1468216869.0,4922755094,4922759868
4922759868,51.5021930829,25.2955030282,1468216870.0,4922759803,4922759923
4922759923,51.5021630284,25.2955224825,1468216870.0,4922759868,4922759984
4922759984,51.5021387078,25.2955528092,1468216871.0,4922759923,4922760046
4922760046,51.5021278317,25.2955784427,1468216872.0,4922759984,4922760147
4922760147,51.5020812498,25.2956867076,1468216874.0,4922760046,4922760241
4922760241,51.502079485,25.2957300658,1468216875.0,4922760147,4922760290
4922760290,51.5020929703,25.2957709129,1468216875.0,4922760241,4922760367
4922760367,51.5021156851,25.2957975683,1468216876.0,4922760290,4922760410
4922760410,51.5021436128,25.2958133107,1468216877.0,4922760367,4922760475
4922760475,51.502192758,25.2958425484,1468216878.0,4922760410,4922760541
4922760541,51.5022462521,25.2958609521,1468216879.0,4922760475,None
