4924251858,51.4992740596,25.2994539333,1468242952.0,None,4924252127
4924252127,51.4992445607,25.2994723693,1468242956.0,4924251858,4924252187
4924252187,51.4992365994,25.2994860015,1468242957.0,4924252127,4924252429
4924252429,51.4991736964,25.29954878,1468242960.0,4924252187,4924252488
4924252488,51.4991517192,25.2995533936,1468242961.0,4924252429,4924252561
4924252561,51.4991339003,25.2995505679,1468242961.0,4924252488,4924252657
4924252657,51.4991048198,25.2995402598,1468242962.0,4924252561,4924252712
4924252712,51.4990884371,25.2995257998,1468242963.0,4924252657,4924252767
4924252767,51.4990726822,25.2995084432,1468242963.0,4924252712,4924252816
4924252816,51.4990324181,25.2994597008,1468242964.0,4924252767,4924253356
4924253356,51.4988036,25.299164,1468242973.0,4924252816,4924253461
4924253461,51.4987965259,25.2991482768,1468242975.0,4924253356,4924253696
4924253696,51.4987965098,25.2990977655,1468242978.0,4924253461,4924253765
4924253765,51.4988041091,25.2990843992,1468242979.0,4924253696,4924253847
4924253847,51.4988215273,25.299063963,1468242979.0,4924253765,4924253886
4924253886,51.4988471443,25.2990435172,1468242980.0,4924253847,4924253966
4924253966,51.4989304531,25.298985642,1468242982.0,4924253886,4924254455
4924254455,51.4991162558,25.2988607607,1468242989.0,4924253966,4924255080
4924255080,51.4991196589,25.2988939905,1468242998.0,4924254455,4924255754
4924255754,51.4991519636,25.2989212028,1468243008.0,4924255080,4924256411
4924256411,51.4991716243,25.2989053938,1468243018.0,4924255754,4924257044
4924257044,51.4991804903,25.2988865563,1468243028.0,4924256411,4924257725
4924257725,51.4991736806,25.2988714311,1468243038.0,4924257044,4924258428
4924258428,51.4991785835,25.2988644544,1468243048.0,4924257725,4924259086
4924259086,51.499189465,25.2988646054,1468243058.0,4924258428,4924259770
4924259770,51.4992056433,25.2988660573,1468243068.0,4924259086,4924260526
4924260526,51.4992202949,25.2988844449,1468243078.0,4924259770,4924261123
4924261123,51.4992275821,25.2988898,1468243088.0,4924260526,4924261805
4924261805,51.4992463548,25.2989021273,1468243098.0,4924261123,4924262498
4924262498,51.4992553451,25.298901995,1468243108.0,4924261805,4924263542
4924263542,51.4997531775,25.2984852892,1468243125.0,4924262498,4924263622
4924263622,51.4997547762,25.2984438969,1468243126.0,4924263542,4924263702
4924263702,51.4997511492,25.2984205201,1468243127.0,4924263622,4924263761
4924263761,51.4997436647,25.2983962232,1468243127.0,4924263702,4924263958
4924263958,51.4997261171,25.2983541616,1468243128.0,4924263761,4924264042
4924264042,51.4996929275,25.2983209734,1468243129.0,4924263958,4924264070
4924264070,51.4996480046,25.2982849061,1468243129.0,4924264042,4924265091
4924265091,51.4988643335,25.2975053671,1468243138.0,4924264070,4924265159
4924265159,51.4981620328,25.296430117,1468243148.0,4924265091,4924266000
4924266000,51.4973089896,25.2948522985,1468243158.0,4924265159,4924266266
4924266266,51.4968859754,25.2936437092,1468243168.0,4924266000,4924266875
4924266875,51.4968213617,25.2934461606,1468243178.0,4924266266,4924267583
4924267583,51.496808608,25.2934491906,1468243188.0,4924266875,4924268232
4924268232,51.4968017671,25.2934540417,1468243198.0,4924267583,4924268972
4924268972,51.4967999907,25.2934590011,1468243208.0,4924268232,4924269638
4924269638,51.4968080526,25.2934609677,1468243218.0,4924268972,4924270266
4924270266,51.4968179505,25.2934617126,1468243228.0,4924269638,4924270934
4924270934,51.4967890838,25.2933386047,1468243238.0,4924270266,4924271669
4924271669,51.4967233492,25.2930354586,1468243248.0,4924270934,4924272408
4924272408,51.4967048895,25.2929408882,1468243258.0,4924271669,4924273142
4924273142,51.4967026048,25.2929368751,1468243268.0,4924272408,4924273774
4924273774,51.4966931992,25.2928766786,1468243278.0,4924273142,4924274475
4924274475,51.4966970257,25.2928730817,1468243288.0,4924273774,4924275109
4924275109,51.4966891891,25.2928801902,1468243298.0,4924274475,4924275771
4924275771,51.496692005,25.2928781023,1468243308.0,4924275109,4924276385
4924276385,51.4966917846,25.29287708,1468243318.0,4924275771,4924277003
4924277003,51.4966964655,25.2928732941,1468243328.0,4924276385,4924277741
4924277741,51.4967015821,25.2928678177,1468243338.0,4924277003,4924278340
4924278340,51.4966770985,25.2927804105,1468243348.0,4924277741,4924278494
4924278494,51.4966433222,25.292659467,1468243351.0,4924278340,4924278617
4924278617,51.4965999816,25.2925833096,1468243353.0,4924278494,4924278690
4924278690,51.49656194,25.2925464217,1468243354.0,4924278617,4924279031
4924279031,51.4963868269,25.292388093,1468243358.0,4924278690,4924279141
4924279141,51.4963450439,25.2922930289,1468243360.0,4924279031,4924279216
4924279216,51.4963391654,25.2922377032,1468243360.0,4924279141,4924279409
4924279409,51.4963451387,25.2921814245,1468243361.0,4924279216,4924296656
4924296656,51.4963775712,25.2920923682,1468243362.0,4924279409,4924296706
4924296706,51.4964384474,25.2919021158,1468243365.0,4924296656,4924296767
4924296767,51.4964327059,25.2917488315,1468243366.0,4924296706,4924296862
4924296862,51.4961728395,25.2902908162,1468243375.0,4924296767,4924296945
4924296945,51.4958016135,25.2884507219,1468243385.0,4924296862,4924297022
4924297022,51.4954402282,25.2866464144,1468243395.0,4924296945,4924297086
4924297086,51.4950766365,25.284669394,1468243405.0,4924297022,4924297128
4924297128,51.49470148,25.2828301293,1468243415.0,4924297086,4924297191
4924297191,51.494357321,25.2812659827,1468243425.0,4924297128,4924297231
4924297231,51.4942608277,25.2809743547,1468243435.0,4924297191,4924297278
4924297278,51.4942785221,25.2809647832,1468243445.0,4924297231,4924297401
4924297401,51.4942765086,25.2809675757,1468243455.0,4924297278,4924297449
4924297449,51.4942740294,25.2809767441,1468243465.0,4924297401,4924297520
4924297520,51.4942750701,25.2809793229,1468243475.0,4924297449,4924297607
4924297607,51.4942878901,25.2809686482,1468243485.0,4924297520,4924297659
4924297659,51.494273487,25.2809844888,1468243495.0,4924297607,4924297713
4924297713,51.4940424975,25.2804340362,1468243505.0,4924297659,4924297800
4924297800,51.4933118,25.2791968,1468243515.0,4924297713,4924297842
4924297842,51.4923273,25.2780786,1468243524.0,4924297800,4924297873
4924297873,51.4909996,25.276962,1468243533.0,4924297842,4924297923
4924297923,51.4898768,25.2761523,1468243543.0,4924297873,None
