4925185099,51.4991945,25.2901461,1468256903.0,None,4925185742
4925185742,51.4992048,25.2901528,1468256913.0,4925185099,4925186356
4925186356,51.4992076,25.2901546,1468256923.0,4925185742,4925186924
4925186924,51.4992185,25.2901566,1468256933.0,4925186356,4925187473
4925187473,51.499294,25.290196,1468256943.0,4925186924,4925187547
4925187547,51.4993271,25.290198,1468256944.0,4925187473,4925187588
4925187588,51.4993448,25.2901918,1468256945.0,4925187547,4925187622
4925187622,51.4993595,25.2901831,1468256946.0,4925187588,4925187689
4925187689,51.4993748,25.2901695,1468256947.0,4925187622,4925187763
4925187763,51.4993856,25.2901535,1468256948.0,4925187689,4925187809
4925187809,51.499395,25.2901296,1468256949.0,4925187763,4925188452
4925188452,51.4995363,25.2898533,1468256959.0,4925187809,4925188576
4925188576,51.499589,25.2897973,1468256961.0,4925188452,4925188677
4925188677,51.4996423,25.2897663,1468256963.0,4925188576,4925188828
4925188828,51.4997055,25.289742,1468256965.0,4925188677,4925188890
4925188890,51.4997538153,25.2897325062,1468256966.0,4925188828,4925189042
4925189042,51.4998378,25.2897156,1468256969.0,4925188890,4925189089
4925189089,51.4998791,25.2896956,1468256970.0,4925189042,4925189139
4925189139,51.499902,25.289676,1468256971.0,4925189089,4925189371
4925189371,51.5000092481,25.2895967132,1468256975.0,4925189139,4925189465
4925189465,51.5000494025,25.2895782929,1468256977.0,4925189371,4925189542
4925189542,51.5000666494,25.2895782608,1468256977.0,4925189465,4925189626
4925189626,51.50009893,25.2895767801,1468256979.0,4925189542,4925189937
4925189937,51.5002086536,25.2895788813,1468256985.0,4925189626,4925189999
4925189999,51.5002320238,25.2895714756,1468256986.0,4925189937,4925190049
4925190049,51.5002523927,25.2895580405,1468256987.0,4925189999,4925190078
4925190078,51.5002597551,25.2895467964,1468256988.0,4925190049,4925190367
4925190367,51.500253,25.2895268,1468256993.0,4925190078,4925190525
4925190525,51.500234711,25.2895283603,1468256994.0,4925190367,4925190595
4925190595,51.5002191836,25.2895342472,1468256995.0,4925190525,4925190662
4925190662,51.500194556,25.2895493888,1468256997.0,4925190595,4925190729
4925190729,51.5001880639,25.2895569889,1468256998.0,4925190662,4925190747
4925190747,51.500178757,25.2895682366,1468256999.0,4925190729,4925191271
4925191271,51.5001590712,25.2895866655,1468257009.0,4925190747,4925191759
4925191759,51.5001721081,25.2895431665,1468257017.0,4925191271,4925192318
4925192318,51.5001730554,25.2895385319,1468257027.0,4925191759,4925192822
4925192822,51.5001832243,25.2895635912,1468257037.0,4925192318,4925193388
4925193388,51.5001835007,25.2895632188,1468257047.0,4925192822,4925193916
4925193916,51.5001843105,25.2895578374,1468257057.0,4925193388,4925194485
4925194485,51.5001950847,25.2895585504,1468257067.0,4925193916,4925195064
4925195064,51.5002021441,25.2895513971,1468257077.0,4925194485,4925195649
4925195649,51.5001991961,25.2895434736,1468257087.0,4925195064,4925196207
4925196207,51.5001949252,25.2895482803,1468257097.0,4925195649,4925196687
4925196687,51.5001932344,25.2895563833,1468257107.0,4925196207,4925197389
4925197389,51.5001908813,25.2895678404,1468257117.0,4925196687,4925197951
4925197951,51.5001925602,25.2895945046,1468257127.0,4925197389,4925198509
4925198509,51.5001916403,25.2895968086,1468257137.0,4925197951,4925214331
4925214331,51.5000852996,25.2899037992,1468257407.0,4925198509,4925214884
4925214884,51.5001323429,25.2898320782,1468257417.0,4925214331,4925215238
4925215238,51.5001451216,25.2897411417,1468257423.0,4925214884,4925215327
4925215327,51.50014672,25.289712757,1468257424.0,4925215238,4925215393
4925215393,51.5001425848,25.2896982604,1468257425.0,4925215327,4925215555
4925215555,51.5001204128,25.2896699457,1468257427.0,4925215393,4925215618
4925215618,51.5001116844,25.2896626594,1468257428.0,4925215555,4925215662
4925215662,51.5000841321,25.2896519044,1468257429.0,4925215618,4925215709
4925215709,51.5000611182,25.2896491368,1468257430.0,4925215662,4925215769
4925215769,51.5000373723,25.2896472104,1468257430.0,4925215709,4925215817
4925215817,51.5000136568,25.2896521177,1468257431.0,4925215769,4925215854
4925215854,51.4999972542,25.2896595843,1468257432.0,4925215817,4925215909
4925215909,51.4999859818,25.2896682179,1468257432.0,4925215854,4925215958
4925215958,51.4999734502,25.2896842939,1468257433.0,4925215909,4925216092
4925216092,51.4999130004,25.2897645002,1468257437.0,4925215958,4925216138
4925216138,51.4998842001,25.2897786874,1468257438.0,4925216092,4925216227
4925216227,51.4998435944,25.2897926401,1468257439.0,4925216138,4925216597
4925216597,51.4996307206,25.2898517738,1468257446.0,4925216227,4925216677
4925216677,51.4995934575,25.2898886098,1468257448.0,4925216597,4925216765
4925216765,51.4995727364,25.2899216538,1468257449.0,4925216677,4925217120
4925217120,51.4994730663,25.290078672,1468257455.0,4925216765,4925217404
4925217404,51.4993904849,25.2902345499,1468257461.0,4925217120,4925217464
4925217464,51.4993683184,25.2902469039,1468257462.0,4925217404,4925217508
4925217508,51.4993358,25.2902618,1468257463.0,4925217464,4925217567
4925217567,51.4993001337,25.2902654708,1468257464.0,4925217508,4925217614
4925217614,51.499282588,25.2902622018,1468257464.0,4925217567,4925217655
4925217655,51.4992556,25.2902535,1468257465.0,4925217614,4925217693
4925217693,51.499233103,25.2902387506,1468257466.0,4925217655,4925217717
4925217717,51.4992171021,25.2902232794,1468257466.0,4925217693,4925218276
4925218276,51.499181354,25.2902078162,1468257476.0,4925217717,4925218867
4925218867,51.4991650919,25.2902211983,1468257486.0,4925218276,4925219448
4925219448,51.4991455642,25.2902335909,1468257496.0,4925218867,None
