4925563742,51.5001622869,25.289732908,1468263135.0,None,4925564221
4925564221,51.5001514957,25.2896106181,1468263143.0,4925563742,4925564406
4925564406,51.5001373967,25.2895840836,1468263145.0,4925564221,4925564475
4925564475,51.5001274261,25.289575536,1468263146.0,4925564406,4925564527
4925564527,51.5001190768,25.2895728547,1468263146.0,4925564475,4925564568
4925564568,51.5000915634,25.2895622571,1468263148.0,4925564527,4925564614
4925564614,51.5000741764,25.289560954,1468263148.0,4925564568,4925564643
4925564643,51.5000597689,25.2895610538,1468263149.0,4925564614,4925564688
4925564688,51.5000454663,25.2895634302,1468263150.0,4925564643,4925564757
4925564757,51.5000263729,25.2895672248,1468263151.0,4925564688,4925564903
4925564903,51.4999851711,25.2895902287,1468263153.0,4925564757,4925564965
4925564965,51.4999765069,25.2896049467,1468263153.0,4925564903,4925565005
4925565005,51.4999692011,25.289618364,1468263154.0,4925564965,4925565349
4925565349,51.4999072406,25.2897383685,1468263160.0,4925565005,4925565410
4925565410,51.4998928039,25.2897454404,1468263160.0,4925565349,4925565463
4925565463,51.4998617154,25.2897602095,1468263161.0,4925565410,4925565515
4925565515,51.499830179,25.289767701,1468263162.0,4925565463,4925565608
4925565608,51.4997834442,25.2897714317,1468263164.0,4925565515,4925565840
4925565840,51.499679808,25.289783449,1468263168.0,4925565608,4925565979
4925565979,51.4996250174,25.2898040991,1468263170.0,4925565840,4925566049
4925566049,51.4995915816,25.2898239715,1468263171.0,4925565979,4925566280
4925566280,51.4995114602,25.2898881341,1468263175.0,4925566049,4925566343
4925566343,51.4994965026,25.2899108247,1468263176.0,4925566280,4925566539
4925566539,51.4994523616,25.2899825695,1468263180.0,4925566343,4925566699
4925566699,51.4994295415,25.290054498,1468263182.0,4925566539,4925566909
4925566909,51.4994036983,25.2901418662,1468263186.0,4925566699,4925566989
4925566989,51.4993810304,25.290178386,1468263187.0,4925566909,4925567057
4925567057,51.4993589741,25.2901982757,1468263188.0,4925566989,4925567115
4925567115,51.4993292864,25.2902138289,1468263189.0,4925567057,4925567178
4925567178,51.4993021668,25.2902183288,1468263190.0,4925567115,4925567219
4925567219,51.4992852632,25.2902163501,1468263191.0,4925567178,4925567266
4925567266,51.4992582298,25.2902123527,1468263192.0,4925567219,4925567328
4925567328,51.4992418363,25.2902052977,1468263192.0,4925567266,4925567372
4925567372,51.4992255,25.2901941,1468263193.0,4925567328,4925567919
4925567919,51.4989878,25.2900395,1468263202.0,4925567372,4925568539
4925568539,51.4988298,25.2899486,1468263212.0,4925567919,4925569172
4925569172,51.4987875,25.2898976,1468263222.0,4925568539,4925569763
4925569763,51.4987795,25.289881,1468263232.0,4925569172,4925570429
4925570429,51.4987741,25.2898725,1468263242.0,4925569763,4925571021
4925571021,51.498769,25.2898698,1468263252.0,4925570429,4925571595
4925571595,51.4987636,25.2898756,1468263262.0,4925571021,4925572164
4925572164,51.4987516,25.2898771,1468263272.0,4925571595,4925572762
4925572762,51.4987347185,25.2898672083,1468263282.0,4925572164,4925573426
4925573426,51.4987364618,25.2898693948,1468263292.0,4925572762,4925574078
4925574078,51.498740973,25.2898604125,1468263302.0,4925573426,4925574734
4925574734,51.4987516,25.289865,1468263312.0,4925574078,4925575343
4925575343,51.4987658,25.289856,1468263322.0,4925574734,4925579136
4925579136,51.4987552174,25.2897806421,1468263379.0,4925575343,4925579205
4925579205,51.498738522,25.2897727443,1468263379.0,4925579136,4925579251
4925579251,51.4987168,25.2897676,1468263380.0,4925579205,4925579506
4925579506,51.498628,25.289748,1468263385.0,4925579251,4925579822
4925579822,51.498503,25.2897003,1468263389.0,4925579506,4925580218
4925580218,51.498299,25.2896598,1468263395.0,4925579822,4925580308
4925580308,51.49825,25.289674,1468263397.0,4925580218,4925580367
4925580367,51.4982181,25.2896911,1468263398.0,4925580308,4925580439
4925580439,51.498174,25.2897201,1468263399.0,4925580367,4925580796
4925580796,51.4979208,25.289808,1468263404.0,4925580439,4925581033
4925581033,51.4977338,25.2898865,1468263408.0,4925580796,4925581399
4925581399,51.4973400738,25.2899676068,1468263414.0,4925581033,4925582008
4925582008,51.4969169713,25.2900780838,1468263423.0,4925581399,4925582635
4925582635,51.4968097342,25.2900775704,1468263433.0,4925582008,4925583260
4925583260,51.4967013779,25.2900729892,1468263443.0,4925582635,4925583957
4925583957,51.4965920577,25.2901198283,1468263453.0,4925583260,4925584443
4925584443,51.4965737204,25.2901338751,1468263463.0,4925583957,4925585097
4925585097,51.4965667807,25.2901366983,1468263473.0,4925584443,4925585656
4925585656,51.4965572015,25.2901408566,1468263483.0,4925585097,4925586277
4925586277,51.4965357414,25.2901540307,1468263493.0,4925585656,4925586859
4925586859,51.49652208,25.2901507617,1468263503.0,4925586277,4925587427
4925587427,51.496523515,25.290150411,1468263513.0,4925586859,4925588045
4925588045,51.4965220675,25.290153199,1468263523.0,4925587427,4925588610
4925588610,51.4965131572,25.290153371,1468263533.0,4925588045,4925589298
4925589298,51.4965005281,25.2901551322,1468263543.0,4925588610,4925589868
4925589868,51.4964865681,25.2901591764,1468263553.0,4925589298,4925590509
4925590509,51.4964797109,25.2901684728,1468263563.0,4925589868,4925591667
4925591667,51.4964775707,25.2901995619,1468263580.0,4925590509,4925592231
4925592231,51.496452713,25.290256134,1468263589.0,4925591667,4925592331
4925592331,51.4964500598,25.2902759325,1468263591.0,4925592231,4925592397
4925592397,51.496452816,25.290289589,1468263592.0,4925592331,4925593003
4925593003,51.4965521391,25.2907244732,1468263601.0,4925592397,4925593616
4925593616,51.4967220704,25.2914802113,1468263611.0,4925593003,4925594143
4925594143,51.4967592978,25.2916911305,1468263619.0,4925593616,4925594270
4925594270,51.4967749644,25.2917271659,1468263621.0,4925594143,4925594332
4925594332,51.496812387,25.2917792357,1468263622.0,4925594270,4925594393
4925594393,51.4968401369,25.2918018803,1468263623.0,4925594332,4925594517
4925594517,51.4968939959,25.2918392414,1468263625.0,4925594393,4925594593
4925594593,51.4969466052,25.2918891391,1468263627.0,4925594517,4925594702
4925594702,51.4970117027,25.2919521297,1468263628.0,4925594593,4925594844
4925594844,51.4970858488,25.2920347754,1468263631.0,4925594702,4925594896
4925594896,51.4971073034,25.2920922676,1468263632.0,4925594844,4925594982
4925594982,51.4971227211,25.2921634397,1468263633.0,4925594896,4925595069
4925595069,51.4971205303,25.2922357243,1468263634.0,4925594982,4925595153
4925595153,51.4970995438,25.2923071426,1468263635.0,4925595069,4925595268
4925595268,51.4970513478,25.2923946841,1468263637.0,4925595153,4925595434
4925595434,51.4969975233,25.292461727,1468263639.0,4925595268,4925595526
4925595526,51.4969484896,25.2924983472,1468263641.0,4925595434,4925595575
4925595575,51.4969155716,25.2925173489,1468263642.0,4925595526,4925595691
4925595691,51.4968474082,25.2925444934,1468263643.0,4925595575,4925595790
4925595790,51.4967650741,25.2925580751,1468263645.0,4925595691,4925595917
4925595917,51.4966715363,25.29255872,1468263647.0,4925595790,4925596015
4925596015,51.4965926801,25.2925377955,1468263648.0,4925595917,4925596140
4925596140,51.4965121681,25.2925054042,1468263650.0,4925596015,4925596339
4925596339,51.4963768138,25.2924572043,1468263653.0,4925596140,4925596542
4925596542,51.4962788581,25.2924472721,1468263654.0,4925596339,4925596630
4925596630,51.4961750001,25.2924535989,1468263656.0,4925596542,4925597155
4925597155,51.4953056722,25.2925941791,1468263665.0,4925596630,4925597869
4925597869,51.494056653,25.2927881959,1468263675.0,4925597155,4925598492
4925598492,51.4925301449,25.2930264398,1468263685.0,4925597869,4925599131
4925599131,51.491104773,25.2931735799,1468263695.0,4925598492,4925599806
4925599806,51.4899295372,25.2931129607,1468263705.0,4925599131,4925600869
4925600869,51.4886469366,25.292996367,1468263714.0,4925599806,4925601001
4925601001,51.4879365483,25.2930909847,1468263719.0,4925600869,4925601049
4925601049,51.4873126819,25.2932942999,1468263723.0,4925601001,4925601560
4925601560,51.4859144447,25.2939258926,1468263732.0,4925601049,None
