4925240336,51.4880458108,25.2725583414,1468257851.0,None,4925240881
4925240881,51.4880504196,25.2725535811,1468257861.0,4925240336,4925241423
4925241423,51.4880505791,25.2725419272,1468257871.0,4925240881,4925241992
4925241992,51.4880473212,25.2725352874,1468257881.0,4925241423,4925242510
4925242510,51.4880059135,25.2725183372,1468257891.0,4925241992,4925243022
4925243022,51.4879715,25.2724906,1468257901.0,4925242510,4925243618
4925243618,51.4879708,25.2724725,1468257911.0,4925243022,4925244450
4925244450,51.4880505,25.2724933,1468257926.0,4925243618,4925245009
4925245009,51.4880304556,25.2724985436,1468257936.0,4925244450,4925245527
4925245527,51.4880197616,25.2724960965,1468257946.0,4925245009,4925246059
4925246059,51.4880184661,25.2725039055,1468257956.0,4925245527,4925246608
4925246608,51.4880126035,25.2725069338,1468257966.0,4925246059,4925247138
4925247138,51.4880093671,25.2725056141,1468257976.0,4925246608,4925247722
4925247722,51.4880052746,25.2725085525,1468257986.0,4925247138,4925248236
4925248236,51.4880011447,25.2725135097,1468257996.0,4925247722,4925248794
4925248794,51.4879993381,25.2725159093,1468258006.0,4925248236,4925249360
4925249360,51.4879995231,25.2725094271,1468258016.0,4925248794,4925249903
4925249903,51.4880111593,25.2725188531,1468258026.0,4925249360,4925250492
4925250492,51.4880234654,25.2725278737,1468258036.0,4925249903,None
