4924860651,51.4433678,25.2939048,1468251589.0,None,4924860721
4924860721,51.4443123,25.2947348,1468251599.0,4924860651,4924860774
4924860774,51.4452464855,25.2954707973,1468251609.0,4924860721,4924860831
4924860831,51.4461023561,25.2960949218,1468251619.0,4924860774,4924860892
4924860892,51.4466811537,25.2965046315,1468251629.0,4924860831,4924860998
4924860998,51.4467087889,25.296538624,1468251631.0,4924860892,4924861060
4924861060,51.4467305575,25.2965542643,1468251632.0,4924860998,4924861123
4924861123,51.4467401399,25.2965600917,1468251633.0,4924861060,4924861174
4924861174,51.4467567698,25.2965603613,1468251633.0,4924861123,4924861218
4924861218,51.4468788268,25.2965826135,1468251637.0,4924861174,4924861279
4924861279,51.4471006879,25.2966219545,1468251642.0,4924861218,4924861357
4924861357,51.4471358259,25.2966422477,1468251643.0,4924861279,4924861393
4924861393,51.4471629374,25.2966716491,1468251643.0,4924861357,4924861455
4924861455,51.4471978688,25.2967091161,1468251644.0,4924861393,4924861527
4924861527,51.4472213962,25.296756882,1468251645.0,4924861455,4924861567
4924861567,51.4472410724,25.2968207359,1468251647.0,4924861527,4924861622
4924861622,51.4472460155,25.2968737643,1468251648.0,4924861567,4924861676
4924861676,51.4472397754,25.2969207319,1468251648.0,4924861622,4924861731
4924861731,51.4472240139,25.2969845687,1468251649.0,4924861676,4924861783
4924861783,51.4471907452,25.2970499415,1468251650.0,4924861731,4924861849
4924861849,51.4471479299,25.2971036561,1468251651.0,4924861783,4924861903
4924861903,51.4470825219,25.2971571349,1468251653.0,4924861849,4924861964
4924861964,51.4469941462,25.2972007054,1468251654.0,4924861903,4924861991
4924861991,51.4468948483,25.2972328618,1468251656.0,4924861964,4924862035
4924862035,51.4467618687,25.2972550435,1468251658.0,4924861991,4924862085
4924862085,51.4466531734,25.2972495149,1468251660.0,4924862035,4924862146
4924862146,51.4465906668,25.297235538,1468251661.0,4924862085,4924862211
4924862211,51.4463263534,25.2971629942,1468251665.0,4924862146,4924862298
4924862298,51.4462521907,25.297172418,1468251666.0,4924862211,4924862404
4924862404,51.4461330659,25.2972004021,1468251667.0,4924862298,4924862474
4924862474,51.4460143259,25.2972484198,1468251669.0,4924862404,4924862555
4924862555,51.4459036497,25.297315514,1468251672.0,4924862474,4924862612
4924862612,51.4458712329,25.2973506672,1468251673.0,4924862555,4924862664
4924862664,51.4458568668,25.2973782746,1468251673.0,4924862612,4924862705
4924862705,51.4458494271,25.2974088942,1468251674.0,4924862664,4924862768
4924862768,51.4458510172,25.2974295942,1468251675.0,4924862705,4924862823
4924862823,51.4458561302,25.2974452648,1468251675.0,4924862768,4924862867
4924862867,51.4458656185,25.2974656017,1468251676.0,4924862823,4924862927
4924862927,51.4458740165,25.2974723913,1468251677.0,4924862867,4924862979
4924862979,51.4458801108,25.29747756,1468251677.0,4924862927,4924863055
4924863055,51.4459326002,25.297538301,1468251681.0,4924862979,4924863114
4924863114,51.4460223,25.2975861,1468251684.0,4924863055,4924863185
4924863185,51.4460498,25.297591,1468251685.0,4924863114,4924863241
4924863241,51.4463778,25.2976568,1468251695.0,4924863185,4924863308
4924863308,51.4464675,25.2976723,1468251699.0,4924863241,4924863379
4924863379,51.4465214988,25.2977093003,1468251709.0,4924863308,4924863428
4924863428,51.4465544226,25.2977378162,1468251719.0,4924863379,4924863492
4924863492,51.4465499181,25.2977305991,1468251729.0,4924863428,4924863561
4924863561,51.446519801,25.2977923991,1468251739.0,4924863492,4924863623
4924863623,51.446559791,25.2978058286,1468251749.0,4924863561,4924863671
4924863671,51.4465605518,25.2978274639,1468251759.0,4924863623,4924863720
4924863720,51.44657423,25.2978175908,1468251769.0,4924863671,4924863772
4924863772,51.446592238,25.2978384048,1468251779.0,4924863720,4924863798
4924863798,51.4465931273,25.2978330539,1468251789.0,4924863772,4924863871
4924863871,51.4465862509,25.297895577,1468251799.0,4924863798,4924863928
4924863928,51.4466091611,25.2978886461,1468251809.0,4924863871,4924863968
4924863968,51.4466242418,25.2978771776,1468251819.0,4924863928,4924864051
4924864051,51.4466229019,25.2978899239,1468251829.0,4924863968,4924864111
4924864111,51.4466338807,25.2979073838,1468251839.0,4924864051,4924864171
4924864171,51.4466396342,25.2979275179,1468251849.0,4924864111,4924873341
4924873341,51.4466733717,25.2979146938,1468252003.0,4924864171,4924873956
4924873956,51.4466812476,25.298089725,1468252013.0,4924873341,4924874164
4924874164,51.4466950417,25.2981840305,1468252016.0,4924873956,4924874223
4924874223,51.4467057846,25.2981993333,1468252017.0,4924874164,4924874272
4924874272,51.4467174152,25.2982030908,1468252018.0,4924874223,4924874348
4924874348,51.4467337441,25.298214465,1468252018.0,4924874272,4924874396
4924874396,51.4467701121,25.2982301771,1468252020.0,4924874348,4924874454
4924874454,51.4467827484,25.2982298573,1468252020.0,4924874396,4924874607
4924874607,51.4468045048,25.2982310456,1468252021.0,4924874454,4924874723
4924874723,51.4468239646,25.2982271283,1468252022.0,4924874607,4924875067
4924875067,51.4468503918,25.2982089984,1468252028.0,4924874723,4924875140
4924875140,51.4468477892,25.2982042178,1468252028.0,4924875067,4924875209
4924875209,51.4468523051,25.2981870534,1468252029.0,4924875140,4924875276
4924875276,51.4468510677,25.2981464841,1468252031.0,4924875209,4924875736
4924875736,51.4467936182,25.2979097055,1468252038.0,4924875276,4924876353
4924876353,51.446702197,25.2975029552,1468252048.0,4924875736,4924877130
4924877130,51.4466520993,25.297368545,1468252058.0,4924876353,4924877323
4924877323,51.4466168031,25.2973185453,1468252062.0,4924877130,4924877849
4924877849,51.4464621897,25.2971609516,1468252069.0,4924877323,4924877956
4924877956,51.446434995,25.2971003859,1468252071.0,4924877849,4924878064
4924878064,51.4464180681,25.2970275351,1468252073.0,4924877956,4924878163
4924878163,51.4464201577,25.2969591024,1468252074.0,4924878064,4924878207
4924878207,51.4464364378,25.2969121197,1468252075.0,4924878163,4924878268
4924878268,51.4464731336,25.2968472093,1468252077.0,4924878207,4924878352
4924878352,51.4465225743,25.2967853065,1468252078.0,4924878268,4924878436
4924878436,51.4465661242,25.2967521923,1468252079.0,4924878352,4924879079
4924879079,51.4466170554,25.2967246949,1468252080.0,4924878436,4924879190
4924879190,51.4466901418,25.2966994991,1468252081.0,4924879079,4924879271
4924879271,51.4468673801,25.2966536574,1468252084.0,4924879190,4924879321
4924879321,51.4469473464,25.2966562586,1468252085.0,4924879271,4924879448
4924879448,51.4470362657,25.2966787841,1468252086.0,4924879321,4924879539
4924879539,51.4471189058,25.2967207749,1468252088.0,4924879448,4924879714
4924879714,51.4471531384,25.2967594016,1468252088.0,4924879539,4924879799
4924879799,51.4471868398,25.2968064121,1468252089.0,4924879714,4924879853
4924879853,51.4472101553,25.2968621506,1468252090.0,4924879799,4924879946
4924879946,51.4472173188,25.2969207148,1468252091.0,4924879853,4924880022
4924880022,51.4472142856,25.2969797484,1468252092.0,4924879946,4924880084
4924880084,51.4471897943,25.2970646402,1468252094.0,4924880022,4924880225
4924880225,51.4471140895,25.2972047309,1468252096.0,4924880084,4924880283
4924880283,51.4469940326,25.297459704,1468252099.0,4924880225,4924880348
4924880348,51.4469776637,25.2976105164,1468252101.0,4924880283,4924880404
4924880404,51.4469963267,25.2977330525,1468252103.0,4924880348,4924880451
4924880451,51.4471186776,25.2982592158,1468252108.0,4924880404,4924880922
4924880922,51.4475164302,25.2990939179,1468252116.0,4924880451,4924881238
4924881238,51.4479390643,25.29963125,1468252120.0,4924880922,4924881801
4924881801,51.4491368627,25.300713829,1468252130.0,4924881238,4924882397
4924882397,51.4504333037,25.3018095662,1468252140.0,4924881801,4924883172
4924883172,51.4517408978,25.3028266828,1468252150.0,4924882397,4924883754
4924883754,51.4529385321,25.3036297577,1468252160.0,4924883172,4924884301
4924884301,51.4535921742,25.3040319837,1468252170.0,4924883754,4924884637
4924884637,51.4538633668,25.3041689069,1468252176.0,4924884301,4924884807
4924884807,51.4538884609,25.3042075223,1468252177.0,4924884637,4924885011
4924885011,51.4539156492,25.3042597755,1468252178.0,4924884807,4924885077
4924885077,51.4539228316,25.3043151322,1468252178.0,4924885011,4924885117
4924885117,51.4539272815,25.3044414171,1468252180.0,4924885077,4924885353
4924885353,51.4539323877,25.3047782698,1468252185.0,4924885117,4924885418
4924885418,51.4539819599,25.3048943085,1468252186.0,4924885353,None
