4924041064,51.5003678446,25.302109741,1468239635.0,None,4924041065
4924041065,51.5003684479,25.3021097633,1468239635.0,4924041064,4924042887
4924042887,51.5004937745,25.3022055168,1468239637.0,4924041065,4924042891
4924042891,51.5004753128,25.3021930421,1468239639.0,4924042887,4924042893
4924042893,51.5004835632,25.3021980953,1468239642.0,4924042891,4924042895
4924042895,51.5004855777,25.3021996969,1468239644.0,4924042893,4924042897
4924042897,51.5004812396,25.3021972966,1468239646.0,4924042895,4924042900
4924042900,51.5004754004,25.3021930766,1468239648.0,4924042897,4924042901
4924042901,51.5004696167,25.3021887624,1468239650.0,4924042900,4924042902
4924042902,51.5004665098,25.302187892,1468239652.0,4924042901,4924042903
4924042903,51.5004634021,25.3021867728,1468239654.0,4924042902,4924042905
4924042905,51.5004664729,25.3021898244,1468239656.0,4924042903,4924042906
4924042906,51.5004681727,25.3021942492,1468239658.0,4924042905,4924042909
4924042909,51.500465405,25.3021934592,1468239660.0,4924042906,4924042910
4924042910,51.5004419692,25.3021071776,1468239662.0,4924042909,4924042911
4924042911,51.500455373,25.3020960861,1468239664.0,4924042910,4924042912
4924042912,51.5004494473,25.3021000208,1468239666.0,4924042911,4924045892
4924045892,51.500453012,25.3020987901,1468239668.0,4924042912,4924045893
4924045893,51.5004502514,25.3021024722,1468239670.0,4924045892,4924045894
4924045894,51.5004532802,25.3020992377,1468239672.0,4924045893,4924045895
4924045895,51.5004493703,25.3020989317,1468239674.0,4924045894,4924045896
4924045896,51.5004489261,25.3020997596,1468239676.0,4924045895,4924045897
4924045897,51.500447665,25.3021004499,1468239678.0,4924045896,4924045899
4924045899,51.5004463096,25.3021010668,1468239680.0,4924045897,4924045900
4924045900,51.5004455279,25.3021030473,1468239682.0,4924045899,4924045902
4924045902,51.5004470718,25.3021030167,1468239684.0,4924045900,4924045904
4924045904,51.5004501612,25.3020985843,1468239686.0,4924045902,4924045907
4924045907,51.5004498679,25.3021044085,1468239688.0,4924045904,4924045908
4924045908,51.5004800829,25.302009348,1468239690.0,4924045907,4924045910
4924045910,51.5004800812,25.3020095017,1468239692.0,4924045908,4924045911
4924045911,51.5004800602,25.3020090266,1468239694.0,4924045910,4924045912
4924045912,51.5004800365,25.3020085514,1468239696.0,4924045911,4924046684
4924046684,51.500479921,25.3020078882,1468239698.0,4924045912,4924046686
4924046686,51.50047932,25.3020067623,1468239700.0,4924046684,4924046687
4924046687,51.500479771,25.3020078648,1468239702.0,4924046686,4924046688
4924046688,51.5004797241,25.3020078249,1468239704.0,4924046687,4924046689
4924046689,51.5004797583,25.3020079477,1468239706.0,4924046688,4924046691
4924046691,51.5004797636,25.3020080014,1468239708.0,4924046689,4924046692
4924046692,51.5004797738,25.3020080654,1468239710.0,4924046691,4924046693
4924046693,51.5004797824,25.3020081267,1468239712.0,4924046692,4924046696
4924046696,51.5004797937,25.3020081947,1468239714.0,4924046693,4924046704
4924046704,51.5004798026,25.3020082542,1468239716.0,4924046696,4924046718
4924046718,51.5004798113,25.3020083126,1468239718.0,4924046704,4924046720
4924046720,51.5004798206,25.3020083746,1468239720.0,4924046718,4924046722
4924046722,51.5004798323,25.302008436,1468239722.0,4924046720,4924046724
4924046724,51.5004798425,25.302008491,1468239724.0,4924046722,4924046725
4924046725,51.5004798563,25.3020085555,1468239726.0,4924046724,4924048551
4924048551,51.5004798985,25.302008665,1468239728.0,4924046725,4924048552
4924048552,51.5004798522,25.3020085328,1468239730.0,4924048551,4924048553
4924048553,51.5004798887,25.3020086851,1468239732.0,4924048552,4924048555
4924048555,51.5004799252,25.3020086211,1468239734.0,4924048553,4924048557
4924048557,51.5004798692,25.3020084789,1468239736.0,4924048555,4924048558
4924048558,51.5004798027,25.3020082853,1468239738.0,4924048557,4924048560
4924048560,51.5004798836,25.3020085888,1468239740.0,4924048558,4924048562
4924048562,51.5004799286,25.3020085071,1468239742.0,4924048560,4924048564
4924048564,51.5004798474,25.3020083128,1468239744.0,4924048562,4924048566
4924048566,51.5004797585,25.3020080247,1468239746.0,4924048564,4924048568
4924048568,51.5004798644,25.3020084159,1468239748.0,4924048566,4924048570
4924048570,51.5004799525,25.3020084346,1468239750.0,4924048568,4924048571
4924048571,51.5004798452,25.3020081954,1468239752.0,4924048570,4924048572
4924048572,51.5004798109,25.302008061,1468239754.0,4924048571,4924048574
4924048574,51.5004795599,25.3020075789,1468239756.0,4924048572,4924050311
4924050311,51.5004797646,25.3020080677,1468239758.0,4924048574,4924050312
4924050312,51.5004797491,25.3020083426,1468239760.0,4924050311,4924050313
4924050313,51.5004798057,25.302008838,1468239762.0,4924050312,4924050315
4924050315,51.5004800744,25.302009744,1468239764.0,4924050313,4924050316
4924050316,51.5004871157,25.3019658292,1468239766.0,4924050315,4924050317
4924050317,51.5004881917,25.3019571784,1468239768.0,4924050316,4924050321
4924050321,51.5004886589,25.3019541838,1468239770.0,4924050317,4924050324
4924050324,51.5004876888,25.3019597119,1468239772.0,4924050321,4924050327
4924050327,51.5004867283,25.3019645465,1468239779.0,4924050324,4924050329
4924050329,51.5004860068,25.3019689892,1468239781.0,4924050327,4924050335
4924050335,51.5004853639,25.3019729931,1468239785.0,4924050329,4924050348
4924050348,51.5004848295,25.3019767129,1468239787.0,4924050335,4924052045
4924052045,51.5004844097,25.3019813051,1468239789.0,4924050348,4924052046
4924052046,51.5004851374,25.3019777189,1468239791.0,4924052045,4924052047
4924052047,51.5004855563,25.3019752522,1468239793.0,4924052046,4924052048
4924052048,51.5004860227,25.3019724766,1468239795.0,4924052047,4924052050
4924052050,51.500486629,25.3019688051,1468239797.0,4924052048,4924052052
4924052052,51.500488038,25.3019578251,1468239799.0,4924052050,4924052053
4924052053,51.5004969858,25.3021650583,1468239805.0,4924052052,4924052056
4924052056,51.5004949226,25.3021602908,1468239807.0,4924052053,4924052058
4924052058,51.5004971753,25.3021700395,1468239809.0,4924052056,4924052059
4924052059,51.5004963818,25.3021702788,1468239811.0,4924052058,4924052060
4924052060,51.5004985207,25.3021731211,1468239813.0,4924052059,4924052061
4924052061,51.5004976816,25.3021683725,1468239816.0,4924052060,4924052063
4924052063,51.5005229099,25.3023828158,1468239818.0,4924052061,4924052064
4924052064,51.5005227849,25.3023853883,1468239818.0,4924052063,4924053707
4924053707,51.5005220186,25.3023825202,1468239820.0,4924052064,4924053708
4924053708,51.5005218183,25.3023815423,1468239822.0,4924053707,4924053709
4924053709,51.5005218591,25.3023813404,1468239824.0,4924053708,4924053711
4924053711,51.5005211258,25.3023777202,1468239826.0,4924053709,4924053713
4924053713,51.500522582,25.3023802718,1468239828.0,4924053711,4924053716
4924053716,51.5005226834,25.302381265,1468239830.0,4924053713,4924053720
4924053720,51.5005227683,25.3023819017,1468239832.0,4924053716,4924053722
4924053722,51.5005229291,25.3023845957,1468239834.0,4924053720,4924053724
4924053724,51.5005217181,25.3023822692,1468239836.0,4924053722,4924053727
4924053727,51.5005218831,25.3022259296,1468239841.0,4924053724,4924053729
4924053729,51.5005233354,25.3022277533,1468239843.0,4924053727,4924053731
4924053731,51.5005224957,25.302226379,1468239847.0,4924053729,4924055484
4924055484,51.5005198826,25.3022245028,1468239849.0,4924053731,4924055486
4924055486,51.5005181904,25.3022233753,1468239854.0,4924055484,4924055488
4924055488,51.5005172993,25.3022227114,1468239856.0,4924055486,4924055490
4924055490,51.5005170598,25.3022224548,1468239858.0,4924055488,4924055491
4924055491,51.5005168106,25.3022222501,1468239860.0,4924055490,4924055492
4924055492,51.500515965,25.3022217691,1468239862.0,4924055491,4924055493
4924055493,51.5005165329,25.3022226113,1468239864.0,4924055492,4924055496
4924055496,51.5005170668,25.3022224867,1468239866.0,4924055493,4924055497
4924055497,51.5005162635,25.3022219791,1468239868.0,4924055496,4924055498
4924055498,51.5005165667,25.3022226121,1468239870.0,4924055497,4924055499
4924055499,51.5005169289,25.3022224815,1468239873.0,4924055498,4924055500
4924055500,51.500516354,25.3022221148,1468239875.0,4924055499,4924055503
4924055503,51.5005166054,25.3022226014,1468239877.0,4924055500,4924057216
4924057216,51.5005168298,25.3022224944,1468239879.0,4924055503,4924057217
4924057217,51.5005164733,25.3022222654,1468239884.0,4924057216,4924057220
4924057220,51.5005166376,25.3022225739,1468239886.0,4924057217,4924057223
4924057223,51.5005167041,25.3022225475,1468239888.0,4924057220,4924057225
4924057225,51.5005166476,25.3022224913,1468239890.0,4924057223,4924057227
4924057227,51.5005166854,25.3022225535,1468239892.0,4924057225,4924057230
4924057230,51.5005166854,25.3022225535,1468239894.0,4924057227,4924057231
4924057231,51.5005166854,25.3022225535,1468239897.0,4924057230,None
