4921941921,51.5020783,25.2670091,1468203210.0,None,4921960959
4921960959,51.5018315,25.2811086,1468203622.0,4921941921,4921961168
4921961168,51.5003458281,25.2810277406,1468203632.0,4921960959,4921961910
4921961910,51.4990281665,25.2809479948,1468203642.0,4921961168,4921961967
4921961967,51.4987763524,25.2808963517,1468203645.0,4921961910,4921962273
4921962273,51.4982654079,25.2806932747,1468203653.0,4921961967,4921962505
4921962505,51.4979038522,25.2805772314,1468203658.0,4921962273,4921963018
4921963018,51.4969318934,25.2804754762,1468203668.0,4921962505,4921963478
4921963478,51.4959678,25.2804496,1468203677.0,4921963018,4921963593
4921963593,51.495841197,25.2804913469,1468203679.0,4921963478,4921963760
4921963760,51.4957084717,25.2805459063,1468203683.0,4921963593,4921964252
4921964252,51.4955062571,25.2806621426,1468203692.0,4921963760,4921964380
4921964380,51.495465327,25.2806767446,1468203694.0,4921964252,4921964436
4921964436,51.4954385452,25.2806767796,1468203695.0,4921964380,4921964966
4921964966,51.4954021816,25.280674543,1468203705.0,4921964436,4921965494
4921965494,51.4954353,25.2806743,1468203715.0,4921964966,4921966069
4921966069,51.4954901831,25.280673878,1468203725.0,4921965494,4921966597
4921966597,51.4955108151,25.2806724569,1468203735.0,4921966069,4921967137
4921967137,51.4955393637,25.2806839894,1468203745.0,4921966597,4921967647
4921967647,51.4955715468,25.2806852164,1468203755.0,4921967137,4921968236
4921968236,51.4956087967,25.2806702893,1468203765.0,4921967647,4921968781
4921968781,51.4956467472,25.2806612973,1468203775.0,4921968236,4921969271
4921969271,51.4956625449,25.2806612702,1468203785.0,4921968781,4921969796
4921969796,51.4957257594,25.2806680063,1468203795.0,4921969271,4921970229
4921970229,51.4957988242,25.2806783926,1468203805.0,4921969796,None
