4923942192,51.5004506602,25.2917518544,1468238002.0,None,4923942881
4923942881,51.4991873495,25.2919536485,1468238012.0,4923942192,4923943211
4923943211,51.4989755449,25.2919879872,1468238022.0,4923942881,4923943866
4923943866,51.4983608349,25.2920820502,1468238032.0,4923943211,4923944266
4923944266,51.4983183362,25.2920908276,1468238042.0,4923943866,4923944838
4923944838,51.4982370366,25.2921074844,1468238052.0,4923944266,4923945383
4923945383,51.4980823866,25.2921276022,1468238062.0,4923944838,4923945948
4923945948,51.4980211899,25.2921391182,1468238072.0,4923945383,4923946492
4923946492,51.4980271549,25.2921348726,1468238082.0,4923945948,4923947049
4923947049,51.4980316087,25.2921276385,1468238092.0,4923946492,4923947640
4923947640,51.4980334998,25.2921240962,1468238102.0,4923947049,4923948207
4923948207,51.4980360998,25.2921217972,1468238112.0,4923947640,4923948767
4923948767,51.4980341612,25.2921263601,1468238122.0,4923948207,4923949362
4923949362,51.4980218778,25.2921301374,1468238132.0,4923948767,4923949826
4923949826,51.498019552,25.2921292948,1468238142.0,4923949362,4923950376
4923950376,51.4980167268,25.2921297581,1468238152.0,4923949826,4923950922
4923950922,51.4980112466,25.2921269554,1468238162.0,4923950376,4923951536
4923951536,51.497823687,25.2921531078,1468238172.0,4923950922,4923952081
4923952081,51.4971610998,25.2922661147,1468238182.0,4923951536,4923953478
4923953478,51.4970874595,25.29230447,1468238183.0,4923952081,4923953552
4923953552,51.4970123952,25.2923683675,1468238185.0,4923953478,4923953604
4923953604,51.4968379694,25.2925048277,1468238188.0,4923953552,4923953668
4923953668,51.4967766649,25.2925258981,1468238189.0,4923953604,4923953810
4923953810,51.4967134965,25.292535116,1468238190.0,4923953668,4923953911
4923953911,51.4966466195,25.2925329978,1468238191.0,4923953810,4923954022
4923954022,51.4965848704,25.2925156523,1468238192.0,4923953911,4923954085
4923954085,51.4965193281,25.2924838113,1468238193.0,4923954022,4923954182
4923954182,51.4964546128,25.2924324328,1468238194.0,4923954085,4923954364
4923954364,51.4964165886,25.292383302,1468238195.0,4923954182,4923954396
4923954396,51.4963826144,25.2923084321,1468238196.0,4923954364,4923954529
4923954529,51.4963714322,25.2922514263,1468238197.0,4923954396,4923954976
4923954976,51.4963742814,25.292192635,1468238198.0,4923954529,4923955943
4923955943,51.4963896836,25.2921387389,1468238198.0,4923954976,4923956013
4923956013,51.4964175183,25.2920870681,1468238199.0,4923955943,4923956095
4923956095,51.4964781836,25.2920189394,1468238200.0,4923956013,4923956254
4923956254,51.496541983,25.2919772946,1468238201.0,4923956095,4923956301
4923956301,51.4966128338,25.2919484836,1468238202.0,4923956254,4923956333
4923956333,51.4967068767,25.2919276719,1468238203.0,4923956301,4923956370
4923956370,51.4968025683,25.2919246283,1468238204.0,4923956333,4923956410
4923956410,51.4968890267,25.2919363398,1468238206.0,4923956370,4923956462
4923956462,51.4969856441,25.2919660211,1468238210.0,4923956410,4923956508
4923956508,51.4971231182,25.2920205559,1468238215.0,4923956462,4923956548
4923956548,51.4971908728,25.2920212727,1468238215.0,4923956508,4923956608
4923956608,51.4983523,25.2918391,1468238224.0,4923956548,4923956675
4923956675,51.4998563,25.291595,1468238234.0,4923956608,4923956710
4923956710,51.5013511,25.291325,1468238244.0,4923956675,4923956784
4923956784,51.5016276,25.2912486,1468238247.0,4923956710,4923956812
4923956812,51.5016738,25.291218,1468238248.0,4923956784,4923956841
4923956841,51.5016916,25.291195,1468238248.0,4923956812,4923956913
4923956913,51.5017073,25.2911426,1468238249.0,4923956841,4923956954
4923956954,51.5017076,25.2910976,1468238250.0,4923956913,4923957865
4923957865,51.501663,25.2905695,1468238257.0,4923956954,4923957912
4923957912,51.501677,25.290542,1468238258.0,4923957865,4923957954
4923957954,51.5016978,25.290517,1468238258.0,4923957912,4923958007
4923958007,51.5017245,25.2904978,1468238259.0,4923957954,4923958053
4923958053,51.5017545,25.2904865,1468238259.0,4923958007,4923958095
4923958095,51.5018006,25.2904735,1468238260.0,4923958053,4923958137
4923958137,51.5019013,25.2904623,1468238262.0,4923958095,4923958186
4923958186,51.5022175,25.2904338,1468238271.0,4923958137,4923958253
4923958253,51.5022771,25.2904356,1468238281.0,4923958186,4923958567
4923958567,51.5024073,25.29045,1468238291.0,4923958253,4923962015
4923962015,51.5018239854,25.2905089109,1468238345.0,4923958567,4923962078
4923962078,51.5017528,25.2905235,1468238347.0,4923962015,4923962114
4923962114,51.501732,25.2905341,1468238348.0,4923962078,4923962168
4923962168,51.5017116,25.290552,1468238352.0,4923962114,4923962228
4923962228,51.5016953,25.2905786,1468238353.0,4923962168,4923962262
4923962262,51.5016895,25.2906028,1468238354.0,4923962228,4923962287
4923962287,51.5016903,25.2906406,1468238355.0,4923962262,4923962612
4923962612,51.5017516,25.2911498,1468238362.0,4923962287,4923962674
4923962674,51.5017718,25.2911915,1468238363.0,4923962612,4923962720
4923962720,51.5017913,25.2912133,1468238363.0,4923962674,4923962752
4923962752,51.5018137884,25.2912295919,1468238364.0,4923962720,4923962795
4923962795,51.5018409954,25.2912397968,1468238364.0,4923962752,4923962836
4923962836,51.5018696,25.2912441,1468238365.0,4923962795,4923962880
4923962880,51.5019256,25.2912415,1468238365.0,4923962836,None
