4923460273,51.5004558797,25.2947238097,1468227797.0,None,4923460757
4923460757,51.500445316,25.2947161232,1468227807.0,4923460273,4923461243
4923461243,51.5004464202,25.294719579,1468227817.0,4923460757,4923461691
4923461691,51.5004586352,25.2947349598,1468227827.0,4923461243,4923462143
4923462143,51.5004673148,25.2947372125,1468227837.0,4923461691,4923462591
4923462591,51.5004607784,25.294720468,1468227847.0,4923462143,4923463055
4923463055,51.5004506242,25.2947049362,1468227857.0,4923462591,4923463521
4923463521,51.5004403091,25.2946963975,1468227867.0,4923463055,4923463991
4923463991,51.5004297821,25.2946849298,1468227877.0,4923463521,4923464458
4923464458,51.5004283158,25.2946415519,1468227887.0,4923463991,4923464877
4923464877,51.5004316112,25.2946221365,1468227897.0,4923464458,None
