4923522292,51.4588478,25.2929636,1468229059.0,None,4923522519
4923522519,51.4588941,25.2929746,1468229064.0,4923522292,4923522568
4923522568,51.4589046,25.2929866,1468229065.0,4923522519,4923522612
4923522612,51.4589186,25.2930093,1468229066.0,4923522568,4923522644
4923522644,51.4589221,25.2930288,1468229066.0,4923522612,4923522661
4923522661,51.4589233,25.2930621,1468229067.0,4923522644,4923523071
4923523071,51.4589145,25.2938721,1468229076.0,4923522661,4923523476
4923523476,51.458906,25.2949816,1468229086.0,4923523071,4923523518
4923523518,51.4589293,25.2950427999,1468229087.0,4923523476,4923523572
4923523572,51.4589615,25.2950850969,1468229088.0,4923523518,4923523642
4923523642,51.4589840001,25.2951024902,1468229089.0,4923523572,4923523693
4923523693,51.4590113002,25.2951175761,1468229090.0,4923523642,4923523719
4923523719,51.4590425003,25.2951224678,1468229090.0,4923523693,4923524236
4923524236,51.4600915,25.2951653,1468229100.0,4923523719,4923524633
4923524633,51.4619315,25.2951006,1468229110.0,4923524236,4923524765
4923524765,51.4625761,25.2949466,1468229113.0,4923524633,4923525245
4923525245,51.464307,25.294383,1468229123.0,4923524765,4923525497
4923525497,51.4650238,25.2942096,1468229128.0,4923525245,4923525974
4923525974,51.4657445104,25.294189201,1468229137.0,4923525497,4923526420
4923526420,51.465743413,25.2941897234,1468229147.0,4923525974,4923526920
4923526920,51.4657427482,25.2941923421,1468229157.0,4923526420,4923527389
4923527389,51.4657410501,25.2941954089,1468229167.0,4923526920,4923527823
4923527823,51.4657400031,25.2941982362,1468229177.0,4923527389,4923528354
4923528354,51.4657418034,25.2942009829,1468229187.0,4923527823,4923528840
4923528840,51.4657442176,25.2942040134,1468229197.0,4923528354,4923529313
4923529313,51.465740982,25.2942032822,1468229207.0,4923528840,4923529778
4923529778,51.4657399868,25.2942039081,1468229217.0,4923529313,4923530338
4923530338,51.4657395208,25.2942019753,1468229227.0,4923529778,4923530835
4923530835,51.4657370123,25.2941981348,1468229237.0,4923530338,4923531344
4923531344,51.465734097,25.2941948021,1468229247.0,4923530835,4923531896
4923531896,51.4657895949,25.2941938077,1468229257.0,4923531344,4923531944
4923531944,51.4658183,25.2941991,1468229258.0,4923531896,4923531988
4923531988,51.4658340797,25.294208046,1468229258.0,4923531944,4923532017
4923532017,51.4658439803,25.294219845,1468229259.0,4923531988,4923532076
4923532076,51.4658459879,25.2942273277,1468229259.0,4923532017,4923532123
4923532123,51.4658459957,25.2942355099,1468229259.0,4923532076,4923532179
4923532179,51.4658430997,25.2942451007,1468229259.0,4923532123,4923532233
4923532233,51.4658383794,25.294253919,1468229260.0,4923532179,4923532345
4923532345,51.4658320008,25.2942620981,1468229260.0,4923532233,4923532400
4923532400,51.4658229256,25.2942687335,1468229260.0,4923532345,4923532456
4923532456,51.4658120002,25.2942744995,1468229260.0,4923532400,4923532507
4923532507,51.4657918,25.2942803,1468229261.0,4923532456,4923532565
4923532565,51.4657655501,25.2942825868,1468229261.0,4923532507,4923532631
4923532631,51.4657141239,25.2942782117,1468229262.0,4923532565,4923532684
4923532684,51.4650265,25.2942898,1468229269.0,4923532631,4923532732
4923532732,51.4644728944,25.2944120152,1468229273.0,4923532684,4923533181
4923533181,51.4630709884,25.294879737,1468229282.0,4923532732,4923533712
4923533712,51.461680296,25.2952622011,1468229290.0,4923533181,4923534013
4923534013,51.4599426,25.2953043,1468229299.0,4923533712,4923534508
4923534508,51.4578856,25.2953408,1468229309.0,4923534013,4923534994
4923534994,51.4557971,25.2954468,1468229319.0,4923534508,4923535464
4923535464,51.4537235,25.2956485,1468229329.0,4923534994,4923536042
4923536042,51.451625,25.2959588,1468229339.0,4923535464,4923536532
4923536532,51.4495261,25.2963818,1468229349.0,4923536042,4923537385
4923537385,51.4477378,25.2968406,1468229359.0,4923536532,4923537676
4923537676,51.4473927927,25.2969497968,1468229362.0,4923537385,4923537719
4923537719,51.4473030538,25.2970055396,1468229365.0,4923537676,4923537822
4923537822,51.4472775714,25.2970212289,1468229374.0,4923537719,4923538009
4923538009,51.4471047776,25.2972287517,1468229379.0,4923537822,4923538062
4923538062,51.447019655,25.2972762583,1468229380.0,4923538009,4923538151
4923538151,51.4468959559,25.2973104521,1468229381.0,4923538062,4923538193
4923538193,51.446754075,25.2973289896,1468229383.0,4923538151,4923538243
4923538243,51.4466355688,25.2973183911,1468229384.0,4923538193,4923538421
4923538421,51.4461879094,25.2972269795,1468229387.0,4923538243,4923538517
4923538517,51.4459856844,25.2972572585,1468229389.0,4923538421,4923538985
4923538985,51.444531,25.2976133,1468229398.0,4923538517,None
