4922381550,51.4991129994,25.294503041,1468211267.0,None,4922381691
4922381691,51.4991690132,25.2945338859,1468211271.0,4922381550,4922381755
4922381755,51.4991740108,25.29454531,1468211271.0,4922381691,4922381804
4922381804,51.4991766849,25.2945581358,1468211272.0,4922381755,4922381886
4922381886,51.499204615,25.2946150343,1468211274.0,4922381804,4922381933
4922381933,51.499204449,25.2946346823,1468211275.0,4922381886,4922382430
4922382430,51.4992439104,25.2949368964,1468211282.0,4922381933,4922382493
4922382493,51.499263,25.294962,1468211283.0,4922382430,4922382550
4922382550,51.4992915146,25.2949820483,1468211284.0,4922382493,4922382599
4922382599,51.4993206731,25.2949977857,1468211284.0,4922382550,4922382642
4922382642,51.499362302,25.2950098274,1468211285.0,4922382599,4922382703
4922382703,51.4994026045,25.2950119616,1468211286.0,4922382642,4922382921
4922382921,51.4995355771,25.295012378,1468211290.0,4922382703,4922383541
4922383541,51.5001451228,25.2949329531,1468211299.0,4922382921,4922383759
4922383759,51.5003321393,25.2949017467,1468211303.0,4922383541,4922383813
4922383813,51.5003567625,25.2948828679,1468211304.0,4922383759,4922384041
4922384041,51.5005203953,25.2947847773,1468211308.0,4922383813,4922384146
4922384146,51.5005907587,25.2947760161,1468211310.0,4922384041,4922384459
4922384459,51.500777883,25.2947726486,1468211315.0,4922384146,4922384522
4922384522,51.5008091777,25.2947648875,1468211316.0,4922384459,4922384611
4922384611,51.5008498424,25.2947772553,1468211317.0,4922384522,4922384659
4922384659,51.5008751217,25.2947868191,1468211318.0,4922384611,4922384711
4922384711,51.5008935004,25.2948111151,1468211318.0,4922384659,4922384769
4922384769,51.5009378195,25.2948697406,1468211319.0,4922384711,4922384985
4922384985,51.5011740563,25.295126584,1468211324.0,4922384769,4922385319
4922385319,51.5013154978,25.2952443341,1468211328.0,4922384985,4922385390
4922385390,51.5013358104,25.2952400275,1468211329.0,4922385319,4922385513
4922385513,51.5014221003,25.2952360068,1468211331.0,4922385390,4922385581
4922385581,51.5014855,25.2952198018,1468211333.0,4922385513,4922385643
4922385643,51.5015415,25.2951901001,1468211334.0,4922385581,4922386294
4922386294,51.5021161826,25.2948655467,1468211343.0,4922385643,4922391233
4922391233,51.5021654151,25.2955461593,1468211419.0,4922386294,4922391339
4922391339,51.5021123946,25.2955646166,1468211420.0,4922391233,4922391390
4922391390,51.5020872828,25.2955816541,1468211421.0,4922391339,4922391454
4922391454,51.5020744176,25.2955974139,1468211421.0,4922391390,4922391594
4922391594,51.5020647774,25.295617259,1468211422.0,4922391454,4922391660
4922391660,51.5020542397,25.2956471633,1468211422.0,4922391594,4922391726
4922391726,51.5020337448,25.2957145505,1468211424.0,4922391660,4922391778
4922391778,51.5020350942,25.2957559939,1468211425.0,4922391726,4922391813
4922391813,51.5020464065,25.2957845123,1468211426.0,4922391778,4922391854
4922391854,51.5020605957,25.2958116186,1468211427.0,4922391813,4922391910
4922391910,51.5020773561,25.2958265575,1468211427.0,4922391854,4922391983
4922391983,51.502107947,25.2958461951,1468211428.0,4922391910,4922392036
4922392036,51.502140685,25.295861745,1468211429.0,4922391983,4922392085
4922392085,51.5022029,25.2958815045,1468211430.0,4922392036,None
