4925185099,51.4991945,25.2901461,1468256903.0,None,4925185742
4925185742,51.4992048,25.2901528,1468256913.0,4925185099,4925186356
4925186356,51.4992076,25.2901546,1468256923.0,4925185742,4925186924
4925186924,51.4992185,25.2901566,1468256933.0,4925186356,4925187473
4925187473,51.499294,25.290196,1468256943.0,4925186924,4925187547
4925187547,51.4993271,25.290198,1468256944.0,4925187473,4925187588
4925187588,51.4993448,25.2901918,1468256945.0,4925187547,4925187622
4925187622,51.4993595,25.2901831,1468256946.0,4925187588,4925187689
4925187689,51.4993748,25.2901695,1468256947.0,4925187622,4925187763
4925187763,51.4993856,25.2901535,1468256948.0,4925187689,4925187809
4925187809,51.499395,25.2901296,1468256949.0,4925187763,4925188452
4925188452,51.4995363,25.2898533,1468256959.0,4925187809,4925188576
4925188576,51.499589,25.2897973,1468256961.0,4925188452,4925188677
4925188677,51.4996423,25.2897663,1468256963.0,4925188576,4925188828
4925188828,51.4997055,25.289742,1468256965.0,4925188677,4925188890
4925188890,51.4997538108,25.2897329495,1468256966.0,4925188828,4925189042
4925189042,51.4998378,25.2897156,1468256969.0,4925188890,4925189089
4925189089,51.4998791,25.2896956,1468256970.0,4925189042,4925189139
4925189139,51.499902,25.289676,1468256971.0,4925189089,4925189371
4925189371,51.5000091752,25.2895964999,1468256975.0,4925189139,4925189465
4925189465,51.5000493745,25.2895781076,1468256977.0,4925189371,4925189542
4925189542,51.5000666351,25.2895780374,1468256977.0,4925189465,4925189626
4925189626,51.5000989523,25.2895766386,1468256979.0,4925189542,4925189937
4925189937,51.5002089364,25.2895787722,1468256985.0,4925189626,4925189999
4925189999,51.5002317617,25.2895709524,1468256986.0,4925189937,4925190049
4925190049,51.5002522555,25.2895577311,1468256987.0,4925189999,4925190078
4925190078,51.500259756,25.2895467964,1468256988.0,4925190049,4925190367
4925190367,51.500253,25.2895268,1468256993.0,4925190078,4925190525
4925190525,51.5002348278,25.2895287272,1468256994.0,4925190367,4925190595
4925190595,51.500219281,25.2895346431,1468256995.0,4925190525,4925190662
4925190662,51.500194638,25.2895498107,1468256997.0,4925190595,4925190729
4925190729,51.5001880566,25.2895571343,1468256998.0,4925190662,4925190747
4925190747,51.5001788133,25.2895682494,1468256999.0,4925190729,4925191271
4925191271,51.500158942,25.2895867496,1468257009.0,4925190747,4925191759
4925191759,51.5001722149,25.2895428567,1468257017.0,4925191271,4925192318
4925192318,51.5001729194,25.289538174,1468257027.0,4925191759,4925192822
4925192822,51.500183365,25.2895632559,1468257037.0,4925192318,4925193388
4925193388,51.5001837146,25.289563156,1468257047.0,4925192822,4925193916
4925193916,51.5001844795,25.2895575985,1468257057.0,4925193388,4925194485
4925194485,51.5001952196,25.2895582889,1468257067.0,4925193916,4925195064
4925195064,51.500202322,25.2895512155,1468257077.0,4925194485,4925195649
4925195649,51.5001992168,25.2895437078,1468257087.0,4925195064,4925196207
4925196207,51.5001950452,25.289548506,1468257097.0,4925195649,4925196687
4925196687,51.5001933205,25.2895564475,1468257107.0,4925196207,4925197389
4925197389,51.500190917,25.289567918,1468257117.0,4925196687,4925197951
4925197951,51.5001928355,25.2895945335,1468257127.0,4925197389,4925198509
4925198509,51.5001917456,25.2895967183,1468257137.0,4925197951,4925214331
4925214331,51.5000852998,25.2899037995,1468257407.0,4925198509,4925214884
4925214884,51.5001321226,25.2898319364,1468257417.0,4925214331,4925215238
4925215238,51.500145085,25.2897411289,1468257423.0,4925214884,4925215327
4925215327,51.5001465413,25.2897127686,1468257424.0,4925215238,4925215393
4925215393,51.5001424156,25.2896982712,1468257425.0,4925215327,4925215555
4925215555,51.5001201708,25.289669961,1468257427.0,4925215393,4925215618
4925215618,51.500111118,25.2896635707,1468257428.0,4925215555,4925215662
4925215662,51.5000838961,25.2896522451,1468257429.0,4925215618,4925215709
4925215709,51.5000610898,25.2896490377,1468257430.0,4925215662,4925215769
4925215769,51.5000374944,25.2896480378,1468257430.0,4925215709,4925215817
4925215817,51.5000139773,25.2896528576,1468257431.0,4925215769,4925215854
4925215854,51.4999974746,25.2896598815,1468257432.0,4925215817,4925215909
4925215909,51.4999862212,25.2896685312,1468257432.0,4925215854,4925215958
4925215958,51.499973699,25.2896845843,1468257433.0,4925215909,4925216092
4925216092,51.4999130003,25.2897645002,1468257437.0,4925215958,4925216138
4925216138,51.4998842864,25.2897790061,1468257438.0,4925216092,4925216227
4925216227,51.4998436536,25.2897929725,1468257439.0,4925216138,4925216597
4925216597,51.4996308311,25.2898522171,1468257446.0,4925216227,4925216677
4925216677,51.4995936161,25.2898890457,1468257448.0,4925216597,4925216765
4925216765,51.4995729023,25.2899220502,1468257449.0,4925216677,4925217120
4925217120,51.4994733703,25.290078913,1468257455.0,4925216765,4925217404
4925217404,51.4993906404,25.2902349718,1468257461.0,4925217120,4925217464
4925217464,51.4993684102,25.2902473548,1468257462.0,4925217404,4925217508
4925217508,51.4993358,25.2902618,1468257463.0,4925217464,4925217567
4925217567,51.4993001166,25.2902659421,1468257464.0,4925217508,4925217614
4925217614,51.4992825618,25.2902626662,1468257464.0,4925217567,4925217655
4925217655,51.4992556,25.2902535,1468257465.0,4925217614,4925217693
4925217693,51.4992330278,25.2902390445,1468257466.0,4925217655,4925217717
4925217717,51.4992170145,25.2902236334,1468257466.0,4925217693,4925218276
4925218276,51.4991812508,25.2902081894,1468257476.0,4925217717,4925218867
4925218867,51.4991650064,25.2902215206,1468257486.0,4925218276,4925219448
4925219448,51.4991454865,25.2902338874,1468257496.0,4925218867,None
