4922502541,51.46609,25.32618,1468213113.0,None,4922502542
4922502542,51.46672,25.32625,1468213118.0,4922502541,4922504468
4922504468,51.46701,25.32587,1468213123.0,4922502542,4922504469
4922504469,51.4673400002,25.3252800002,1468213128.0,4922504468,4922504470
4922504470,51.46767,25.32463,1468213133.0,4922504469,4922504473
4922504473,51.46784,25.32418,1468213138.0,4922504470,4922504476
4922504476,51.4681,25.32377,1468213143.0,4922504473,4922504477
4922504477,51.4684700007,25.3232400007,1468213148.0,4922504476,4922506555
4922506555,51.4688300005,25.3225400005,1468213153.0,4922504477,4922506558
4922506558,51.4692100001,25.3216900001,1468213158.0,4922506555,4922506559
4922506559,51.469490001,25.3210400008,1468213163.0,4922506558,4922506561
4922506561,51.4695700001,25.32076,1468213168.0,4922506559,4922506562
4922506562,51.4696699368,25.320319694,1468213173.0,4922506561,4922506564
4922506564,51.4699204145,25.3197303067,1468213178.0,4922506562,4922508583
4922508583,51.4701401887,25.318940142,1468213183.0,4922506564,4922508584
4922508584,51.4703500107,25.3180600045,1468213188.0,4922508583,4922508586
4922508586,51.4705000017,25.3170900006,1468213193.0,4922508584,4922508588
4922508588,51.4706800002,25.3161000001,1468213198.0,4922508586,4922508589
4922508589,51.4708700007,25.3152700003,1468213203.0,4922508588,4922508592
4922508592,51.471130032,25.3142300134,1468213207.0,4922508589,4922508593
4922508593,51.4711800548,25.3140200219,1468213208.0,4922508592,4922510649
4922510649,51.471420379,25.3130401712,1468213213.0,4922508593,4922510654
4922510654,51.4716202632,25.3120301524,1468213218.0,4922510649,4922510655
4922510655,51.4718203688,25.3110801457,1468213223.0,4922510654,4922510656
4922510656,51.4720104458,25.3101802,1468213228.0,4922510655,4922510657
4922510657,51.4721803244,25.3093001276,1468213233.0,4922510656,4922510659
4922510659,51.4723602015,25.3083600843,1468213238.0,4922510657,4922510660
4922510660,51.472550115,25.3073700634,1468213243.0,4922510659,4922512626
4922512626,51.4727400747,25.3063400289,1468213248.0,4922510660,4922512628
4922512628,51.4729802129,25.3052400897,1468213253.0,4922512626,4922512630
4922512630,51.4731400926,25.3043500359,1468213257.0,4922512628,4922512631
4922512631,51.4731900923,25.3041000354,1468213258.0,4922512630,4922512632
4922512632,51.4733600051,25.3031100023,1468213262.0,4922512631,4922512633
4922512633,51.4734000016,25.3028600007,1468213263.0,4922512632,4922512635
4922512635,51.4736000001,25.3018000001,1468213267.0,4922512633,4922512636
4922512636,51.4736600002,25.3015200001,1468213268.0,4922512635,4922512637
4922512637,51.4738500001,25.30047,1468213272.0,4922512636,4922512642
4922512642,51.4739000001,25.30022,1468213273.0,4922512637,4922514951
4922514951,51.47408,25.29922,1468213277.0,4922512642,4922514952
4922514952,51.4741400001,25.29898,1468213278.0,4922514951,4922514954
4922514954,51.4743300007,25.2980600003,1468213282.0,4922514952,4922514958
4922514958,51.4743800018,25.2978100007,1468213283.0,4922514954,4922514962
4922514962,51.4745700398,25.2969000129,1468213287.0,4922514958,4922514963
4922514963,51.4745800087,25.2967000028,1468213288.0,4922514962,4922514966
4922514966,51.4750299444,25.295809985,1468213293.0,4922514963,4922514970
4922514970,51.47582,25.29519,1468213298.0,4922514966,4922514972
4922514972,51.4769400001,25.2948999974,1468213303.0,4922514970,4922517022
4922517022,51.47801,25.2948299999,1468213307.0,4922514972,4922517025
4922517025,51.47829,25.2948099999,1468213308.0,4922517022,4922517026
4922517026,51.47955,25.2947,1468213312.0,4922517025,4922517028
4922517028,51.47986,25.2946599999,1468213313.0,4922517026,4922517029
4922517029,51.48112,25.29446,1468213317.0,4922517028,4922517030
4922517030,51.48143,25.29442,1468213318.0,4922517029,4922517031
4922517031,51.4827,25.29423,1468213322.0,4922517030,4922517033
4922517033,51.4827,25.29423,1468213323.0,4922517031,4922517035
4922517035,51.48392,25.29406,1468213326.0,4922517033,4922517039
4922517039,51.4845,25.29397,1468213328.0,4922517035,4922517040
4922517040,51.48549,25.29376,1468213332.0,4922517039,4922517041
4922517041,51.48573,25.29371,1468213333.0,4922517040,4922519090
4922519090,51.4867,25.29332,1468213337.0,4922517041,4922519091
4922519091,51.48692,25.29322,1468213338.0,4922519090,4922519093
4922519093,51.48788,25.29285,1468213342.0,4922519091,4922519095
4922519095,51.48812,25.2928,1468213343.0,4922519093,4922519097
4922519097,51.48914,25.29278,1468213347.0,4922519095,4922519100
4922519100,51.48938,25.29281,1468213348.0,4922519097,4922519101
4922519101,51.49042,25.29293,1468213352.0,4922519100,4922519102
4922519102,51.49068,25.29292,1468213353.0,4922519101,4922519103
4922519103,51.49172,25.29287,1468213357.0,4922519102,4922519104
4922519104,51.49198,25.29284,1468213358.0,4922519103,4922519105
4922519105,51.49308,25.29268,1468213362.0,4922519104,4922519106
4922519106,51.49335,25.29262,1468213363.0,4922519105,4922521214
4922521214,51.49452,25.29238,1468213368.0,4922519106,4922521216
4922521216,51.49562,25.29221,1468213373.0,4922521214,4922521218
4922521218,51.4963305106,25.2919804806,1468213378.0,4922521216,4922521220
4922521220,51.4963407972,25.2914197704,1468213383.0,4922521218,4922521222
4922521222,51.4962608679,25.2910497423,1468213388.0,4922521220,4922521226
4922521226,51.4961408316,25.2904197467,1468213393.0,4922521222,4922521229
4922521229,51.4960006234,25.2895497801,1468213398.0,4922521226,4922523230
4922523230,51.4958992726,25.2886102734,1468213403.0,4922521229,4922523234
4922523234,51.4957194055,25.2876602337,1468213408.0,4922523230,4922523236
4922523236,51.4955598353,25.2866700627,1468213413.0,4922523234,4922523237
4922523237,51.4953897928,25.2857800781,1468213418.0,4922523236,4922523239
4922523239,51.4952097937,25.2848000723,1468213423.0,4922523237,4922523240
4922523240,51.494999768,25.2837700949,1468213428.0,4922523239,4922525094
4922525094,51.49479,25.28279,1468213433.0,4922523240,4922525096
4922525096,51.494699997,25.2820000014,1468213438.0,4922525094,4922525097
4922525097,51.4946399991,25.2816600004,1468213443.0,4922525096,4922525098
4922525098,51.4946299997,25.2815600001,1468213448.0,4922525097,4922525099
4922525099,51.4945700323,25.2813601008,1468213453.0,4922525098,4922525100
4922525100,51.494530881,25.2811997532,1468213458.0,4922525099,4922527118
4922527118,51.4945202735,25.28119024,1468213463.0,4922525100,4922527120
4922527120,51.4945202744,25.2811902372,1468213468.0,4922527118,4922527121
4922527121,51.4945090081,25.2811794975,1468213473.0,4922527120,4922527122
4922527122,51.4945113986,25.2811811846,1468213478.0,4922527121,4922527123
4922527123,51.4945105011,25.2811813225,1468213483.0,4922527122,4922527124
4922527124,51.4945101106,25.2811816423,1468213488.0,4922527123,4922529067
4922529067,51.4945100831,25.2811810031,1468213493.0,4922527124,4922529068
4922529068,51.494511328,25.2811803883,1468213498.0,4922529067,4922529070
4922529070,51.4945209135,25.2812091845,1468213513.0,4922529068,4922529071
4922529071,51.4945203077,25.2812093268,1468213518.0,4922529070,4922529072
4922529072,51.4945200173,25.2812091418,1468213523.0,4922529071,4922530993
4922530993,51.4945207429,25.2812089643,1468213528.0,4922529072,4922530994
4922530994,51.4945205706,25.2812103222,1468213533.0,4922530993,4922530995
4922530995,51.4945104963,25.2812091949,1468213538.0,4922530994,4922530996
4922530996,51.4945106216,25.2812095752,1468213543.0,4922530995,4922530998
4922530998,51.4945200429,25.2812091484,1468213548.0,4922530996,4922530999
4922530999,51.4945198899,25.2812089834,1468213553.0,4922530998,4922533003
4922533003,51.4945200942,25.2812091105,1468213558.0,4922530999,4922533004
4922533004,51.4945201152,25.2812091285,1468213563.0,4922533003,4922533005
4922533005,51.4945207312,25.2812089715,1468213568.0,4922533004,4922533006
4922533006,51.4945206726,25.2812101959,1468213573.0,4922533005,4922533009
4922533009,51.4944994401,25.2811997171,1468213583.0,4922533006,4922534981
4922534981,51.4943913346,25.2808813651,1468213588.0,4922533009,4922534982
4922534982,51.494369957,25.2808600322,1468213593.0,4922534981,4922534983
4922534983,51.4943700757,25.2808599411,1468213598.0,4922534982,4922534984
4922534984,51.4943700705,25.2808599459,1468213603.0,4922534983,4922534985
4922534985,51.4943700891,25.2808599281,1468213608.0,4922534984,4922534986
4922534986,51.4943701075,25.2808599105,1468213613.0,4922534985,4922536950
4922536950,51.4943701261,25.2808598927,1468213618.0,4922534986,4922536952
4922536952,51.4943701449,25.2808598747,1468213623.0,4922536950,4922536953
4922536953,51.4943701638,25.2808598565,1468213628.0,4922536952,4922536954
4922536954,51.4943701828,25.2808598383,1468213633.0,4922536953,4922536955
4922536955,51.4943702019,25.2808598201,1468213638.0,4922536954,None
