4922381550,51.4991130721,25.2945029632,1468211267.0,None,4922381691
4922381691,51.4991689759,25.2945339523,1468211271.0,4922381550,4922381755
4922381755,51.4991739268,25.2945453554,1468211271.0,4922381691,4922381804
4922381804,51.499176603,25.2945581788,1468211272.0,4922381755,4922381886
4922381886,51.4992045402,25.2946150585,1468211274.0,4922381804,4922381933
4922381933,51.4992043615,25.2946347114,1468211275.0,4922381886,4922382430
4922382430,51.4992438703,25.2949369629,1468211282.0,4922381933,4922382493
4922382493,51.499263,25.294962,1468211283.0,4922382430,4922382550
4922382550,51.4992914295,25.2949822137,1468211284.0,4922382493,4922382599
4922382599,51.4993206098,25.2949979284,1468211284.0,4922382550,4922382642
4922382642,51.4993622723,25.2950099479,1468211285.0,4922382599,4922382703
4922382703,51.4994025947,25.2950120426,1468211286.0,4922382642,4922382921
4922382921,51.4995355699,25.2950124662,1468211290.0,4922382703,4922383541
4922383541,51.5001451208,25.2949329848,1468211299.0,4922382921,4922383759
4922383759,51.5003322198,25.2949019109,1468211303.0,4922383541,4922383813
4922383813,51.5003567942,25.2948829369,1468211304.0,4922383759,4922384041
4922384041,51.5005203869,25.2947847794,1468211308.0,4922383813,4922384146
4922384146,51.5005907624,25.2947759247,1468211310.0,4922384041,4922384459
4922384459,51.5007778755,25.2947725058,1468211315.0,4922384146,4922384522
4922384522,51.5008091707,25.2947647216,1468211316.0,4922384459,4922384611
4922384611,51.5008498386,25.2947771394,1468211317.0,4922384522,4922384659
4922384659,51.5008751198,25.2947867528,1468211318.0,4922384611,4922384711
4922384711,51.5008935004,25.2948111519,1468211318.0,4922384659,4922384769
4922384769,51.5009378175,25.2948699064,1468211319.0,4922384711,4922384985
4922384985,51.5011740137,25.2951265855,1468211324.0,4922384769,4922385319
4922385319,51.5013155073,25.2952443309,1468211328.0,4922384985,4922385390
4922385390,51.5013358094,25.295240025,1468211329.0,4922385319,4922385513
4922385513,51.5014221002,25.2952360061,1468211331.0,4922385390,4922385581
4922385581,51.5014855,25.2952198017,1468211333.0,4922385513,4922385643
4922385643,51.5015415,25.2951901001,1468211334.0,4922385581,4922386294
4922386294,51.5021162401,25.2948655238,1468211343.0,4922385643,4922391233
4922391233,51.5021654322,25.2955461907,1468211419.0,4922386294,4922391339
4922391339,51.5021123126,25.2955645857,1468211420.0,4922391233,4922391390
4922391390,51.5020872105,25.2955816012,1468211421.0,4922391339,4922391454
4922391454,51.5020743611,25.2955973364,1468211421.0,4922391390,4922391594
4922391594,51.5020647342,25.2956171859,1468211422.0,4922391454,4922391660
4922391660,51.502054184,25.2956470555,1468211422.0,4922391594,4922391726
4922391726,51.5020336375,25.2957145486,1468211424.0,4922391660,4922391778
4922391778,51.5020351386,25.2957559763,1468211425.0,4922391726,4922391813
4922391813,51.5020463509,25.295784605,1468211426.0,4922391778,4922391854
4922391854,51.5020606317,25.295811662,1468211427.0,4922391813,4922391910
4922391910,51.5020773348,25.2958266765,1468211427.0,4922391854,4922391983
4922391983,51.5021079157,25.2958463697,1468211428.0,4922391910,4922392036
4922392036,51.5021406678,25.2958617974,1468211429.0,4922391983,4922392085
4922392085,51.5022028915,25.2958815312,1468211430.0,4922392036,None
