4924503846,51.5007194367,25.3020969344,1468246614.0,None,4924503847
4924503847,51.5006491482,25.3021019898,1468246625.0,4924503846,4924503848
4924503848,51.5006351692,25.3020960807,1468246627.0,4924503847,4924503849
4924503849,51.5006361633,25.3020959993,1468246629.0,4924503848,4924506299
4924506299,51.5007299269,25.3020709777,1468246646.0,4924503849,4924506300
4924506300,51.5007325233,25.3022239256,1468246648.0,4924506299,4924506301
4924506301,51.5007321657,25.3022236653,1468246650.0,4924506300,4924506307
4924506307,51.5007152062,25.3020873609,1468246652.0,4924506301,4924506309
4924506309,51.500715619,25.3020877358,1468246654.0,4924506307,4924506310
4924506310,51.5007153308,25.3020876041,1468246656.0,4924506309,4924506313
4924506313,51.5007152286,25.302087368,1468246658.0,4924506310,4924506316
4924506316,51.500715172,25.3020872109,1468246660.0,4924506313,4924506318
4924506318,51.50071513,25.3020870773,1468246662.0,4924506316,4924506319
4924506319,51.5007150946,25.3020869546,1468246664.0,4924506318,4924506320
4924506320,51.5007150632,25.302086838,1468246666.0,4924506319,None
