4924251858,51.4992739833,25.2994536573,1468242952.0,None,4924252127
4924252127,51.4992444839,25.2994721116,1468242956.0,4924251858,4924252187
4924252187,51.499236517,25.2994856907,1468242957.0,4924252127,4924252429
4924252429,51.4991738732,25.2995483991,1468242960.0,4924252187,4924252488
4924252488,51.4991518304,25.2995532207,1468242961.0,4924252429,4924252561
4924252561,51.4991339582,25.2995504903,1468242961.0,4924252488,4924252657
4924252657,51.4991047563,25.2995403581,1468242962.0,4924252561,4924252712
4924252712,51.4990883401,25.2995259439,1468242963.0,4924252657,4924252767
4924252767,51.4990725724,25.2995086035,1468242963.0,4924252712,4924252816
4924252816,51.4990322985,25.2994598727,1468242964.0,4924252767,4924253356
4924253356,51.4988036,25.299164,1468242973.0,4924252816,4924253461
4924253461,51.4987965475,25.299148342,1468242975.0,4924253356,4924253696
4924253696,51.4987965938,25.2990980075,1468242978.0,4924253461,4924253765
4924253765,51.4988042515,25.2990848064,1468242979.0,4924253696,4924253847
4924253847,51.4988216638,25.2990643499,1468242979.0,4924253765,4924253886
4924253886,51.4988472755,25.2990438872,1468242980.0,4924253847,4924253966
4924253966,51.4989305528,25.2989859737,1468242982.0,4924253886,4924254455
4924254455,51.4991163247,25.2988609692,1468242989.0,4924253966,4924255080
4924255080,51.4991197574,25.2988942821,1468242998.0,4924254455,4924255754
4924255754,51.4991521147,25.2989214486,1468243008.0,4924255080,4924256411
4924256411,51.4991717358,25.2989057514,1468243018.0,4924255754,4924257044
4924257044,51.4991805496,25.2988867645,1468243028.0,4924256411,4924257725
4924257725,51.4991733654,25.2988715966,1468243038.0,4924257044,4924258428
4924258428,51.4991786994,25.2988649082,1468243048.0,4924257725,4924259086
4924259086,51.4991896518,25.2988650134,1468243058.0,4924258428,4924259770
4924259770,51.4992058366,25.2988663636,1468243068.0,4924259086,4924260526
4924260526,51.4992203557,25.2988846393,1468243078.0,4924259770,4924261123
4924261123,51.4992276468,25.2988900078,1468243088.0,4924260526,4924261805
4924261805,51.499246398,25.298902268,1468243098.0,4924261123,4924262498
4924262498,51.4992553913,25.2989021457,1468243108.0,4924261805,4924263542
4924263542,51.4997534168,25.2984856447,1468243125.0,4924262498,4924263622
4924263622,51.4997549924,25.2984440651,1468243126.0,4924263542,4924263702
4924263702,51.4997512563,25.2984205997,1468243127.0,4924263622,4924263761
4924263761,51.4997437036,25.2983962459,1468243127.0,4924263702,4924263958
4924263958,51.4997259393,25.2983544043,1468243128.0,4924263761,4924264042
4924264042,51.4996928031,25.2983212144,1468243129.0,4924263958,4924264070
4924264070,51.499647857,25.2982852538,1468243129.0,4924264042,4924265091
4924265091,51.4988642363,25.2975054936,1468243138.0,4924264070,4924265159
4924265159,51.4981616769,25.2964305166,1468243148.0,4924265091,4924266000
4924266000,51.4973085035,25.2948526432,1468243158.0,4924265159,4924266266
4924266266,51.496885553,25.2936439363,1468243168.0,4924266000,4924266875
4924266875,51.4968209913,25.2934462887,1468243178.0,4924266266,4924267583
4924267583,51.4968085157,25.293449405,1468243188.0,4924266875,4924268232
4924268232,51.4968019587,25.2934540042,1468243198.0,4924267583,4924268972
4924268972,51.4968008675,25.2934585617,1468243208.0,4924268232,4924269638
4924269638,51.4968084385,25.2934606165,1468243218.0,4924268972,4924270266
4924270266,51.4968173049,25.2934620354,1468243228.0,4924269638,4924270934
4924270934,51.4967886486,25.2933387488,1468243238.0,4924270266,4924271669
4924271669,51.4967231836,25.2930354725,1468243248.0,4924270934,4924272408
4924272408,51.4967048002,25.2929408641,1468243258.0,4924271669,4924273142
4924273142,51.4967025108,25.2929368549,1468243268.0,4924272408,4924273774
4924273774,51.4966931659,25.2928766278,1468243278.0,4924273142,4924274475
4924274475,51.4966970999,25.2928730597,1468243288.0,4924273774,4924275109
4924275109,51.4966892851,25.2928801624,1468243298.0,4924274475,4924275771
4924275771,51.4966919446,25.2928781021,1468243308.0,4924275109,4924276385
4924276385,51.4966917296,25.2928770861,1468243318.0,4924275771,4924277003
4924277003,51.4966964166,25.292873297,1468243328.0,4924276385,4924277741
4924277741,51.4967015567,25.2928677543,1468243338.0,4924277003,4924278340
4924278340,51.4966772432,25.2927803775,1468243348.0,4924277741,4924278494
4924278494,51.4966432628,25.292660039,1468243351.0,4924278340,4924278617
4924278617,51.4965998677,25.2925848982,1468243353.0,4924278494,4924278690
4924278690,51.4965618423,25.2925477578,1468243354.0,4924278617,4924279031
4924279031,51.4963866141,25.2923872501,1468243358.0,4924278690,4924279141
4924279141,51.4963445855,25.2922930665,1468243360.0,4924279031,4924279216
4924279216,51.4963388276,25.2922376432,1468243360.0,4924279141,4924279409
4924279409,51.496344975,25.2921813837,1468243361.0,4924279216,4924296656
4924296656,51.4963771324,25.2920919091,1468243362.0,4924279409,4924296706
4924296706,51.4964384929,25.291902023,1468243365.0,4924296656,4924296767
4924296767,51.4964328232,25.2917488222,1468243366.0,4924296706,4924296862
4924296862,51.4961731814,25.2902906645,1468243375.0,4924296767,4924296945
4924296945,51.495801313,25.2884508044,1468243385.0,4924296862,4924297022
4924297022,51.4954401609,25.2866464396,1468243395.0,4924296945,4924297086
4924297086,51.495076537,25.2846694253,1468243405.0,4924297022,4924297128
4924297128,51.4947013385,25.2828301796,1468243415.0,4924297086,4924297191
4924297191,51.4943573149,25.2812659878,1468243425.0,4924297128,4924297231
4924297231,51.4942607343,25.2809744243,1468243435.0,4924297191,4924297278
4924297278,51.4942784711,25.2809646755,1468243445.0,4924297231,4924297401
4924297401,51.4942765047,25.2809675528,1468243455.0,4924297278,4924297449
4924297449,51.4942740183,25.2809766949,1468243465.0,4924297401,4924297520
4924297520,51.4942751031,25.2809794782,1468243475.0,4924297449,4924297607
4924297607,51.4942879158,25.2809686328,1468243485.0,4924297520,4924297659
4924297659,51.4942735762,25.2809844351,1468243495.0,4924297607,4924297713
4924297713,51.4940424982,25.2804340256,1468243505.0,4924297659,4924297800
4924297800,51.4933118,25.2791968,1468243515.0,4924297713,4924297842
4924297842,51.4923273,25.2780786,1468243524.0,4924297800,4924297873
4924297873,51.4909996,25.276962,1468243533.0,4924297842,4924297923
4924297923,51.4898768,25.2761523,1468243543.0,4924297873,None
