4922720755,51.4988596,25.2944213,1468216307.0,None,4922720830
4922720830,51.4988873,25.2944126,1468216309.0,4922720755,4922721291
4922721291,51.4989972603,25.2944358065,1468216316.0,4922720830,4922721718
4922721718,51.4991073748,25.2944888414,1468216321.0,4922721291,4922721836
4922721836,51.4991443286,25.2945091024,1468216323.0,4922721718,4922721905
4922721905,51.4991507285,25.2945118411,1468216324.0,4922721836,4922722498
4922722498,51.4991628612,25.2944958647,1468216333.0,4922721905,4922723268
4922723268,51.4991534707,25.2944524229,1468216343.0,4922722498,4922724023
4922724023,51.4991381951,25.2944296852,1468216353.0,4922723268,4922724726
4922724726,51.4991385469,25.2944435502,1468216363.0,4922724023,4922725458
4922725458,51.4991302868,25.2944354645,1468216373.0,4922724726,4922726253
4922726253,51.4991223349,25.2944383676,1468216383.0,4922725458,4922726914
4922726914,51.4991184638,25.2944528823,1468216393.0,4922726253,4922727580
4922727580,51.499117459,25.2944599397,1468216403.0,4922726914,4922728342
4922728342,51.4991115358,25.2944576703,1468216413.0,4922727580,4922729057
4922729057,51.4991173347,25.2944654339,1468216423.0,4922728342,4922729828
4922729828,51.4991234815,25.2944733833,1468216433.0,4922729057,4922730644
4922730644,51.4991174413,25.2944594738,1468216443.0,4922729828,4922749832
4922749832,51.4991122506,25.2943994902,1468216726.0,4922730644,4922749909
4922749909,51.4991500255,25.2944038665,1468216728.0,4922749832,4922750024
4922750024,51.4991707848,25.2944130468,1468216729.0,4922749909,4922750080
4922750080,51.4991774224,25.2944197331,1468216730.0,4922750024,4922750150
4922750150,51.4991833454,25.2944291755,1468216730.0,4922750080,4922750212
4922750212,51.4991862528,25.2944394864,1468216730.0,4922750150,4922750271
4922750271,51.4991902284,25.2944569486,1468216731.0,4922750212,4922750360
4922750360,51.4991983838,25.2945044348,1468216732.0,4922750271,4922750676
4922750676,51.4992648329,25.2948378555,1468216739.0,4922750360,4922750744
4922750744,51.4992945953,25.2948812146,1468216740.0,4922750676,4922750785
4922750785,51.499324545,25.294902443,1468216741.0,4922750744,4922750898
4922750898,51.4993541856,25.2949148688,1468216742.0,4922750785,4922750955
4922750955,51.4993850372,25.2949265454,1468216742.0,4922750898,4922751019
4922751019,51.4994423602,25.2949365841,1468216744.0,4922750955,4922751112
4922751112,51.4994896142,25.2949376657,1468216745.0,4922751019,4922751424
4922751424,51.4997220296,25.2949269265,1468216749.0,4922751112,4922752070
4922752070,51.5002163585,25.2949155191,1468216759.0,4922751424,4922752176
4922752176,51.5002737268,25.294894923,1468216761.0,4922752070,4922752244
4922752244,51.5002907796,25.2948770095,1468216761.0,4922752176,4922752311
4922752311,51.5002980607,25.2948605871,1468216762.0,4922752244,4922752487
4922752487,51.5003789764,25.2947985614,1468216765.0,4922752311,4922752581
4922752581,51.5004537083,25.2947674145,1468216767.0,4922752487,4922752641
4922752641,51.5004809041,25.2947671598,1468216767.0,4922752581,4922752691
4922752691,51.5005142138,25.2947744705,1468216768.0,4922752641,4922752766
4922752766,51.5005609805,25.2947891972,1468216769.0,4922752691,4922753062
4922753062,51.5007150503,25.2948274751,1468216774.0,4922752766,4922753837
4922753837,51.5011550298,25.2948256263,1468216784.0,4922753062,4922753928
4922753928,51.5012303221,25.2948261356,1468216786.0,4922753837,4922754167
4922754167,51.5013645006,25.2947650012,1468216790.0,4922753928,4922754420
4922754420,51.5014933029,25.2947517032,1468216793.0,4922754167,4922755094
4922755094,51.5020471685,25.2947587069,1468216802.0,4922754420,4922759803
4922759803,51.5022299133,25.2954888615,1468216869.0,4922755094,4922759868
4922759868,51.5021931467,25.2955030199,1468216870.0,4922759803,4922759923
4922759923,51.5021630205,25.2955224876,1468216870.0,4922759868,4922759984
4922759984,51.5021387329,25.2955527493,1468216871.0,4922759923,4922760046
4922760046,51.5021279679,25.2955788918,1468216872.0,4922759984,4922760147
4922760147,51.5020826138,25.2956876035,1468216874.0,4922760046,4922760241
4922760241,51.5020821109,25.2957293614,1468216875.0,4922760147,4922760290
4922760290,51.5020945281,25.2957686095,1468216875.0,4922760241,4922760367
4922760367,51.5021160828,25.2957964678,1468216876.0,4922760290,4922760410
4922760410,51.5021437594,25.2958123719,1468216877.0,4922760367,4922760475
4922760475,51.5021928605,25.2958416651,1468216878.0,4922760410,4922760541
4922760541,51.5022463271,25.2958604691,1468216879.0,4922760475,None
