4921343614,51.4576127869,25.3022359245,1468187886.0,None,4921343654
4921343654,51.4576104376,25.302237869,1468187896.0,4921343614,4921343705
4921343705,51.4576067176,25.3022359341,1468187906.0,4921343654,4921344001
4921344001,51.4576063174,25.3022358228,1468187916.0,4921343705,4921344439
4921344439,51.4576082641,25.302233046,1468187926.0,4921344001,4921344899
4921344899,51.4576044783,25.3022276487,1468187936.0,4921344439,4921345639
4921345639,51.4576052064,25.3022261734,1468187946.0,4921344899,4921345830
4921345830,51.4576087738,25.3022271833,1468187956.0,4921345639,4921346256
4921346256,51.4576104915,25.3022291966,1468187966.0,4921345830,4921346704
4921346704,51.4576109836,25.3022318219,1468187976.0,4921346256,None
