4923640324,51.4800500545,25.3241596817,1468231552.0,None,4923640325
4923640325,51.4799900436,25.3241996601,1468231562.0,4923640324,4923640326
4923640326,51.4799301572,25.3241992006,1468231567.0,4923640325,4923640327
4923640327,51.4799396989,25.3242216401,1468231572.0,4923640326,4923640328
4923640328,51.4799497283,25.3242321581,1468231577.0,4923640327,4923641839
4923641839,51.4799896485,25.3242318226,1468231582.0,4923640328,4923641840
4923641840,51.4799995693,25.324241223,1468231587.0,4923641839,4923641841
4923641841,51.4799995774,25.3242412013,1468231592.0,4923641840,4923641842
4923641842,51.4800302026,25.3242482186,1468231597.0,4923641841,4923641843
4923641843,51.4799403839,25.3241988211,1468231602.0,4923641842,4923641844
4923641844,51.47973,25.32418,1468231607.0,4923641843,4923643212
4923643212,51.47971,25.3241,1468231612.0,4923641844,4923643213
4923643213,51.47973,25.3241,1468231617.0,4923643212,4923643215
4923643215,51.47973,25.32412,1468231622.0,4923643213,4923643216
4923643216,51.4799000221,25.3242207026,1468231627.0,4923643215,4923643217
4923643217,51.480050021,25.32433011,1468231632.0,4923643216,4923643218
4923643218,51.48021,25.32427,1468231637.0,4923643217,4923644466
4923644466,51.48021,25.32425,1468231642.0,4923643218,4923644467
4923644467,51.48027,25.32421,1468231647.0,4923644466,4923644468
4923644468,51.48032,25.32381,1468231652.0,4923644467,4923644470
4923644470,51.48039,25.32339,1468231657.0,4923644468,4923644471
4923644471,51.48037,25.32294,1468231662.0,4923644470,4923644472
4923644472,51.47983,25.32291,1468231667.0,4923644471,4923644474
4923644474,51.47945,25.32289,1468231672.0,4923644472,4923645829
4923645829,51.47918,25.32306,1468231677.0,4923644474,4923645831
4923645831,51.4785,25.32294,1468231682.0,4923645829,4923645834
4923645834,51.47783,25.32284,1468231687.0,4923645831,4923645835
4923645835,51.47722,25.32271,1468231692.0,4923645834,4923645836
4923645836,51.47646,25.32254,1468231697.0,4923645835,4923645840
4923645840,51.47561,25.32231,1468231702.0,4923645836,4923647252
4923647252,51.47467,25.32206,1468231707.0,4923645840,4923647253
4923647253,51.47394,25.32183,1468231712.0,4923647252,4923647254
4923647254,51.47364,25.32211,1468231717.0,4923647253,4923647255
4923647255,51.47353,25.32239,1468231722.0,4923647254,4923647262
4923647262,51.47326,25.32232,1468231727.0,4923647255,4923647263
4923647263,51.47271,25.32217,1468231732.0,4923647262,4923648890
4923648890,51.47218,25.32203,1468231737.0,4923647263,4923648892
4923648892,51.47168,25.3219,1468231742.0,4923648890,4923648894
4923648894,51.47145,25.32206,1468231747.0,4923648892,4923648896
4923648896,51.47144,25.32227,1468231752.0,4923648894,4923648902
4923648902,51.47183,25.32241,1468231757.0,4923648896,4923648905
4923648905,51.47217,25.3225,1468231762.0,4923648902,4923651061
4923651061,51.47258,25.3226,1468231767.0,4923648905,4923651062
4923651062,51.47275,25.32286,1468231772.0,4923651061,4923651063
4923651063,51.47267,25.32311,1468231777.0,4923651062,4923651064
4923651064,51.47262,25.32328,1468231782.0,4923651063,4923651065
4923651065,51.4726,25.32334,1468231787.0,4923651064,None
