4924860651,51.4433678,25.2939048,1468251589.0,None,4924860721
4924860721,51.4443123,25.2947348,1468251599.0,4924860651,4924860774
4924860774,51.4452462235,25.2954713408,1468251609.0,4924860721,4924860831
4924860831,51.4461024795,25.2960946074,1468251619.0,4924860774,4924860892
4924860892,51.4466813854,25.29650394,1468251629.0,4924860831,4924860998
4924860998,51.4467086342,25.2965387116,1468251631.0,4924860892,4924861060
4924861060,51.4467303103,25.2965541135,1468251632.0,4924860998,4924861123
4924861123,51.4467398456,25.2965596573,1468251633.0,4924861060,4924861174
4924861174,51.4467566745,25.2965596307,1468251633.0,4924861123,4924861218
4924861218,51.4468789073,25.2965785068,1468251637.0,4924861174,4924861279
4924861279,51.4471015712,25.2966174745,1468251642.0,4924861218,4924861357
4924861357,51.4471366126,25.2966397483,1468251643.0,4924861279,4924861393
4924861393,51.4471646697,25.2966674599,1468251643.0,4924861357,4924861455
4924861455,51.4471993208,25.2967062988,1468251644.0,4924861393,4924861527
4924861527,51.4472233498,25.2967545073,1468251645.0,4924861455,4924861567
4924861567,51.4472441614,25.2968183498,1468251647.0,4924861527,4924861622
4924861622,51.4472481132,25.2968731069,1468251648.0,4924861567,4924861676
4924861676,51.4472407533,25.2969206714,1468251648.0,4924861622,4924861731
4924861731,51.4472230879,25.2969837999,1468251649.0,4924861676,4924861783
4924861783,51.4471884797,25.2970478442,1468251650.0,4924861731,4924861849
4924861849,51.4471441301,25.2970996244,1468251651.0,4924861783,4924861903
4924861903,51.447079489,25.2971529615,1468251653.0,4924861849,4924861964
4924861964,51.4469936982,25.2971991438,1468251654.0,4924861903,4924861991
4924861991,51.4468947186,25.2972315828,1468251656.0,4924861964,4924862035
4924862035,51.4467618307,25.2972537227,1468251658.0,4924861991,4924862085
4924862085,51.4466542142,25.2972467813,1468251660.0,4924862035,4924862146
4924862146,51.4465922369,25.2972310196,1468251661.0,4924862085,4924862211
4924862211,51.4463257788,25.2971627354,1468251665.0,4924862146,4924862298
4924862298,51.4462523578,25.2971711154,1468251666.0,4924862211,4924862404
4924862404,51.4461330283,25.2971992896,1468251667.0,4924862298,4924862474
4924862474,51.4460143118,25.2972482495,1468251669.0,4924862404,4924862555
4924862555,51.4459038358,25.2973166249,1468251672.0,4924862474,4924862612
4924862612,51.4458714298,25.2973518131,1468251673.0,4924862555,4924862664
4924862664,51.4458569919,25.2973789864,1468251673.0,4924862612,4924862705
4924862705,51.4458494661,25.2974091113,1468251674.0,4924862664,4924862768
4924862768,51.4458510079,25.2974295435,1468251675.0,4924862705,4924862823
4924862823,51.4458561139,25.2974451761,1468251675.0,4924862768,4924862867
4924862867,51.4458656086,25.2974655469,1468251676.0,4924862823,4924862927
4924862927,51.4458740076,25.2974723421,1468251677.0,4924862867,4924862979
4924862979,51.445880105,25.2974775277,1468251677.0,4924862927,4924863055
4924863055,51.4459326001,25.2975383005,1468251681.0,4924862979,4924863114
4924863114,51.4460223,25.2975861,1468251684.0,4924863055,4924863185
4924863185,51.4460498,25.297591,1468251685.0,4924863114,4924863241
4924863241,51.4463778,25.2976568,1468251695.0,4924863185,4924863308
4924863308,51.4464675,25.2976723,1468251699.0,4924863241,4924863379
4924863379,51.4465214994,25.2977093002,1468251709.0,4924863308,4924863428
4924863428,51.4465545201,25.2977364611,1468251719.0,4924863379,4924863492
4924863492,51.446549848,25.2977313542,1468251729.0,4924863428,4924863561
4924863561,51.446519833,25.2977926643,1468251739.0,4924863492,4924863623
4924863623,51.4465595302,25.2978052811,1468251749.0,4924863561,4924863671
4924863671,51.4465601414,25.2978272175,1468251759.0,4924863623,4924863720
4924863720,51.4465739852,25.2978171488,1468251769.0,4924863671,4924863772
4924863772,51.4465920036,25.2978372596,1468251779.0,4924863720,4924863798
4924863798,51.446593885,25.297834687,1468251789.0,4924863772,4924863871
4924863871,51.446586255,25.2978955784,1468251799.0,4924863798,4924863928
4924863928,51.4466087882,25.2978884129,1468251809.0,4924863871,4924863968
4924863968,51.4466241847,25.2978771071,1468251819.0,4924863928,4924864051
4924864051,51.446623824,25.2978902231,1468251829.0,4924863968,4924864111
4924864111,51.4466348005,25.2979076,1468251839.0,4924864051,4924864171
4924864171,51.4466395564,25.2979275101,1468251849.0,4924864111,4924873341
4924873341,51.4466749304,25.2979144895,1468252003.0,4924864171,4924873956
4924873956,51.4466816994,25.2980896055,1468252013.0,4924873341,4924874164
4924874164,51.4466954434,25.2981839081,1468252016.0,4924873956,4924874223
4924874223,51.4467061647,25.2981992091,1468252017.0,4924874164,4924874272
4924874272,51.4467178864,25.2982029353,1468252018.0,4924874223,4924874348
4924874348,51.4467344648,25.2982142166,1468252018.0,4924874272,4924874396
4924874396,51.4467710263,25.2982298646,1468252020.0,4924874348,4924874454
4924874454,51.4467833281,25.2982296599,1468252020.0,4924874396,4924874607
4924874607,51.4468048514,25.2982308991,1468252021.0,4924874454,4924874723
4924874723,51.4468239996,25.2982271001,1468252022.0,4924874607,4924875067
4924875067,51.4468506241,25.2982088851,1468252028.0,4924874723,4924875140
4924875140,51.4468500849,25.2982030518,1468252028.0,4924875067,4924875209
4924875209,51.446854068,25.298186224,1468252029.0,4924875140,4924875276
4924875276,51.4468529706,25.2981455793,1468252031.0,4924875209,4924875736
4924875736,51.4467953037,25.297909069,1468252038.0,4924875276,4924876353
4924876353,51.4467031314,25.2975027139,1468252048.0,4924875736,4924877130
4924877130,51.446651777,25.2973695924,1468252058.0,4924876353,4924877323
4924877323,51.4466167116,25.2973198568,1468252062.0,4924877130,4924877849
4924877849,51.4464630332,25.297158219,1468252069.0,4924877323,4924877956
4924877956,51.4464362303,25.2970980271,1468252071.0,4924877849,4924878064
4924878064,51.4464206206,25.2970264322,1468252073.0,4924877956,4924878163
4924878163,51.4464221625,25.2969586502,1468252074.0,4924878064,4924878207
4924878207,51.4464370231,25.2969112604,1468252075.0,4924878163,4924878268
4924878268,51.4464728752,25.2968463656,1468252077.0,4924878207,4924878352
4924878352,51.446522588,25.2967853031,1468252078.0,4924878268,4924878436
4924878436,51.4465657994,25.2967514613,1468252079.0,4924878352,4924879079
4924879079,51.4466168168,25.2967239631,1468252080.0,4924878436,4924879190
4924879190,51.4466899619,25.2966988763,1468252081.0,4924879079,4924879271
4924879271,51.4468666315,25.2966565322,1468252084.0,4924879190,4924879321
4924879321,51.446946801,25.2966588151,1468252085.0,4924879271,4924879448
4924879448,51.4470359186,25.2966810134,1468252086.0,4924879321,4924879539
4924879539,51.4471181429,25.2967225033,1468252088.0,4924879448,4924879714
4924879714,51.4471521575,25.2967613461,1468252088.0,4924879539,4924879799
4924879799,51.4471854965,25.2968075351,1468252089.0,4924879714,4924879853
4924879853,51.4472078581,25.2968626565,1468252090.0,4924879799,4924879946
4924879946,51.4472155483,25.2969206337,1468252091.0,4924879853,4924880022
4924880022,51.4472118142,25.2969784903,1468252092.0,4924879946,4924880084
4924880084,51.4471872773,25.2970621826,1468252094.0,4924880022,4924880225
4924880225,51.4471124956,25.2972038768,1468252096.0,4924880084,4924880283
4924880283,51.4469921935,25.2974583081,1468252099.0,4924880225,4924880348
4924880348,51.4469766782,25.2976108189,1468252101.0,4924880283,4924880404
4924880404,51.4469960755,25.2977334349,1468252103.0,4924880348,4924880451
4924880451,51.4471187534,25.2982591501,1468252108.0,4924880404,4924880922
4924880922,51.4475167857,25.2990934849,1468252116.0,4924880451,4924881238
4924881238,51.4479392952,25.2996308518,1468252120.0,4924880922,4924881801
4924881801,51.4491366739,25.3007141795,1468252130.0,4924881238,4924882397
4924882397,51.4504334467,25.301809194,1468252140.0,4924881801,4924883172
4924883172,51.4517407315,25.3028271882,1468252150.0,4924882397,4924883754
4924883754,51.4529385647,25.3036296827,1468252160.0,4924883172,4924884301
4924884301,51.4535923931,25.3040296752,1468252170.0,4924883754,4924884637
4924884637,51.4538645111,25.3041674993,1468252176.0,4924884301,4924884807
4924884807,51.4538898668,25.3042060626,1468252177.0,4924884637,4924885011
4924885011,51.4539165449,25.3042589912,1468252178.0,4924884807,4924885077
4924885077,51.4539238783,25.3043137833,1468252178.0,4924885011,4924885117
4924885117,51.4539290062,25.3044417622,1468252180.0,4924885077,4924885353
4924885353,51.4539324422,25.304778288,1468252185.0,4924885117,4924885418
4924885418,51.4539824134,25.3048938766,1468252186.0,4924885353,None
