4925240336,51.4880457497,25.272557894,1468257851.0,None,4925240881
4925240881,51.4880503856,25.272553302,1468257861.0,4925240336,4925241423
4925241423,51.488050585,25.2725419764,1468257871.0,4925240881,4925241992
4925241992,51.4880473735,25.2725356695,1468257881.0,4925241423,4925242510
4925242510,51.4880059387,25.2725183845,1468257891.0,4925241992,4925243022
4925243022,51.4879715,25.2724906,1468257901.0,4925242510,4925243618
4925243618,51.4879708,25.2724725,1468257911.0,4925243022,4925244450
4925244450,51.4880505,25.2724933,1468257926.0,4925243618,4925245009
4925245009,51.4880304587,25.2724985367,1468257936.0,4925244450,4925245527
4925245527,51.4880197707,25.2724960614,1468257946.0,4925245009,4925246059
4925246059,51.4880184758,25.2725038693,1468257956.0,4925245527,4925246608
4925246608,51.4880126027,25.2725068907,1468257966.0,4925246059,4925247138
4925247138,51.4880094142,25.2725054282,1468257976.0,4925246608,4925247722
4925247722,51.4880052827,25.2725085343,1468257986.0,4925247138,4925248236
4925248236,51.4880011315,25.2725135066,1468257996.0,4925247722,4925248794
4925248794,51.4879993274,25.2725159348,1468258006.0,4925248236,4925249360
4925249360,51.4879994585,25.2725097671,1468258016.0,4925248794,4925249903
4925249903,51.4880110565,25.2725191267,1468258026.0,4925249360,4925250492
4925250492,51.4880234172,25.2725279094,1468258036.0,4925249903,None
