4922930220,51.4451190227,25.2953974701,1468219374.0,None,4922930752
4922930752,51.4464369391,25.2963554694,1468219384.0,4922930220,4922931396
4922931396,51.4468149463,25.2965919171,1468219391.0,4922930752,4922931942
4922931942,51.4469004215,25.2966141221,1468219392.0,4922931396,4922931997
4922931997,51.4470747346,25.2966708914,1468219394.0,4922931942,4922932252
4922932252,51.4471305163,25.296709072,1468219395.0,4922931997,4922933119
4922933119,51.4471771319,25.2967557117,1468219396.0,4922932252,4922933184
4922933184,51.4472093447,25.2968127706,1468219397.0,4922933119,4922933228
4922933228,51.4472281777,25.2968745372,1468219397.0,4922933184,4922933261
4922933261,51.4472321321,25.2969376632,1468219398.0,4922933228,4922933297
4922933297,51.4472228912,25.2970016128,1468219399.0,4922933261,4922933328
4922933328,51.4471878087,25.2970864176,1468219400.0,4922933297,4922933360
4922933360,51.447004402,25.2975429706,1468219405.0,4922933328,4922933413
4922933413,51.4470057994,25.2976880499,1468219406.0,4922933360,4922933452
4922933452,51.447096707,25.2981796064,1468219410.0,4922933413,4922933496
4922933496,51.4473009395,25.2987386014,1468219414.0,4922933452,4922933547
4922933547,51.4476595682,25.2993300777,1468219419.0,4922933496,4922933584
4922933584,51.4480935123,25.2997814882,1468219423.0,4922933547,4922934003
4922934003,51.4491829026,25.3007399635,1468219432.0,4922933584,4922934705
4922934705,51.4503598419,25.3017414062,1468219442.0,4922934003,4922935389
4922935389,51.4516822789,25.3027674994,1468219452.0,4922934705,4922936048
4922936048,51.4530027046,25.3036403735,1468219462.0,4922935389,4922936733
4922936733,51.4536574053,25.3040464542,1468219472.0,4922936048,4922936947
4922936947,51.4538454279,25.3041441802,1468219475.0,4922936733,4922937057
4922937057,51.453880866,25.3041832871,1468219475.0,4922936947,4922937118
4922937118,51.4539050224,25.3042284125,1468219476.0,4922937057,4922937174
4922937174,51.4539243248,25.3042977414,1468219477.0,4922937118,4922937216
4922937216,51.4539300916,25.3043955966,1468219478.0,4922937174,4922937571
4922937571,51.4539530753,25.3047903495,1468219483.0,4922937216,4922937658
4922937658,51.4539978874,25.3048957419,1468219484.0,4922937571,4922938360
4922938360,51.4544313125,25.3057512091,1468219494.0,4922937658,4922938745
4922938745,51.4546438196,25.3064545661,1468219500.0,4922938360,4922939327
4922939327,51.4547526228,25.3075032555,1468219508.0,4922938745,4922939794
4922939794,51.4546196731,25.3084621658,1468219515.0,4922939327,4922940776
4922940776,51.4543249108,25.3092990363,1468219521.0,4922939794,4922940828
4922940828,51.4536447917,25.3105266851,1468219531.0,4922940776,4922941604
4922941604,51.4529413085,25.3117455793,1468219541.0,4922940828,4922942293
4922942293,51.4522332572,25.3128462204,1468219551.0,4922941604,4922942456
4922942456,51.4521629411,25.3129929559,1468219553.0,4922942293,4922942512
4922942512,51.452159603,25.3130403421,1468219554.0,4922942456,4922942575
4922942575,51.4521697497,25.3130704418,1468219555.0,4922942512,4922942646
4922942646,51.4521820645,25.3130856757,1468219555.0,4922942575,4922942710
4922942710,51.4521966563,25.3130988661,1468219556.0,4922942646,4922942763
4922942763,51.452214531,25.3131098363,1468219556.0,4922942710,4922942825
4922942825,51.4522343129,25.313117815,1468219557.0,4922942763,4922942880
4922942880,51.4522725013,25.3131260016,1468219558.0,4922942825,4922942913
4922942913,51.4523606,25.313136,1468219559.0,4922942880,4922943525
4922943525,51.4531785,25.3132705,1468219569.0,4922942913,4922944148
4922944148,51.4542035,25.3134005,1468219579.0,4922943525,4922944804
4922944804,51.4548325,25.3134533,1468219589.0,4922944148,4922945439
4922945439,51.4557461,25.3134863,1468219599.0,4922944804,4922946012
4922946012,51.4568398,25.3134916,1468219609.0,4922945439,4922946636
4922946636,51.4575185,25.3134081,1468219619.0,4922946012,4922947168
4922947168,51.458097,25.3132563,1468219626.0,4922946636,4922947755
4922947755,51.4591365,25.3128931,1468219636.0,4922947168,4922948402
4922948402,51.459918,25.3126726,1468219646.0,4922947755,4922948590
4922948590,51.460031,25.3126025,1468219648.0,4922948402,4922948983
4922948983,51.4604403,25.3122416,1468219654.0,4922948590,4922949047
4922949047,51.4605268,25.3122178,1468219655.0,4922948983,4922949097
4922949097,51.4606151,25.3122131,1468219656.0,4922949047,4922949151
4922949151,51.4606831,25.3122235,1468219656.0,4922949097,4922949185
4922949185,51.4607483,25.3122478,1468219657.0,4922949151,4922949214
4922949214,51.4608074439,25.3122849965,1468219658.0,4922949185,4922949256
4922949256,51.4608623,25.3123341,1468219659.0,4922949214,4922949560
4922949560,51.4612160996,25.3126632986,1468219663.0,4922949256,4922949662
4922949662,51.4613463838,25.3127144928,1468219664.0,4922949560,4922950231
4922950231,51.4624443512,25.3129425677,1468219671.0,4922949662,4922951075
4922951075,51.4640850223,25.3130864716,1468219680.0,4922950231,4922951377
4922951377,51.465883512,25.3130906385,1468219690.0,4922951075,4922952014
4922952014,51.4676785039,25.3131081129,1468219700.0,4922951377,4922952749
4922952749,51.4693853048,25.3131124313,1468219710.0,4922952014,4922954875
4922954875,51.4739115175,25.3136134391,1468219739.0,4922952749,4922955572
4922955572,51.4755007871,25.3137193951,1468219749.0,4922954875,4922956466
4922956466,51.4770427863,25.3138496362,1468219759.0,4922955572,4922957285
4922957285,51.4783762972,25.3139634719,1468219769.0,4922956466,4922957488
4922957488,51.4785356291,25.3139639985,1468219772.0,4922957285,4922957770
4922957770,51.4785945392,25.3139481004,1468219775.0,4922957488,4922958055
4922958055,51.4787422822,25.3139156461,1468219778.0,4922957770,4922958147
4922958147,51.4787890387,25.3139242877,1468219779.0,4922958055,4922958214
4922958214,51.4788384139,25.3139441628,1468219780.0,4922958147,4922958388
4922958388,51.4790779995,25.3140225124,1468219782.0,4922958214,4922959050
4922959050,51.480453329,25.3141515151,1468219792.0,4922958388,4922959821
4922959821,51.4821750306,25.314292364,1468219802.0,4922959050,4922960575
4922960575,51.4837101339,25.3144151949,1468219812.0,4922959821,4922960990
4922960990,51.483945106,25.3144155938,1468219817.0,4922960575,4922961078
4922961078,51.484002488,25.3143986558,1468219818.0,4922960990,4922961192
4922961192,51.4841136057,25.3143754212,1468219820.0,4922961078,4922961258
4922961258,51.4841572998,25.3143808012,1468219820.0,4922961192,4922961396
4922961396,51.4842265315,25.3144039275,1468219821.0,4922961258,4922961500
4922961500,51.4845181267,25.3144758832,1468219824.0,4922961396,4922962270
4922962270,51.4860895394,25.3146090677,1468219833.0,4922961500,4922962623
4922962623,51.4866182511,25.3146300162,1468219838.0,4922962270,4922963690
4922963690,51.4867179234,25.3146153295,1468219847.0,4922962623,4922963761
4922963761,51.4870611129,25.3145294261,1468219853.0,4922963690,4922963831
4922963831,51.4871186168,25.314544923,1468219854.0,4922963761,4922963878
4922963878,51.4871663143,25.3145730654,1468219855.0,4922963831,4922963947
4922963947,51.4871933508,25.3145995221,1468219855.0,4922963878,4922964020
4922964020,51.4872241496,25.3146451286,1468219856.0,4922963947,4922964077
4922964077,51.4872441611,25.3147000365,1468219857.0,4922964020,4922964124
4922964124,51.4872523583,25.3147810019,1468219858.0,4922964077,4922964188
4922964188,51.4872375407,25.3148625708,1468219859.0,4922964124,4922964249
4922964249,51.4872008556,25.3149567349,1468219860.0,4922964188,4922964287
4922964287,51.4871519124,25.3151202392,1468219862.0,4922964249,4922964874
4922964874,51.4870450663,25.3162977945,1468219871.0,4922964287,4922965573
4922965573,51.486886299,25.3179415371,1468219881.0,4922964874,4922966216
4922966216,51.4867715094,25.3195972207,1468219891.0,4922965573,4922966929
4922966929,51.4866547258,25.3211396048,1468219901.0,4922966216,4922967162
4922967162,51.4866612283,25.3215406482,1468219905.0,4922966929,4922967261
4922967261,51.486694852,25.3216140226,1468219906.0,4922967162,4922967300
4922967300,51.4867220184,25.3216436001,1468219906.0,4922967261,4922967408
4922967408,51.4867549946,25.3216679315,1468219907.0,4922967300,4922967452
4922967452,51.4867907314,25.3216820382,1468219907.0,4922967408,4922967522
4922967522,51.4868564947,25.3216975531,1468219908.0,4922967452,4922967583
4922967583,51.4869297055,25.3216969914,1468219909.0,4922967522,4922967628
4922967628,51.4869802898,25.3216843594,1468219909.0,4922967583,4922967731
4922967731,51.4874120991,25.3215450871,1468219913.0,4922967628,4922968375
4922968375,51.4888796452,25.3209571574,1468219922.0,4922967731,4922969047
4922969047,51.4905138868,25.3202384555,1468219932.0,4922968375,4922969703
4922969703,51.4921094694,25.3195267732,1468219942.0,4922969047,4922970309
4922970309,51.4936612576,25.3188464119,1468219952.0,4922969703,4922971009
4922971009,51.4950234725,25.3182393921,1468219962.0,4922970309,4922971056
4922971056,51.4951878383,25.3181443029,1468219964.0,4922971009,4922971105
4922971105,51.4952426084,25.3180891274,1468219965.0,4922971056,None
