4921941921,51.5020783,25.2670091,1468203210.0,None,4921960959
4921960959,51.5018315,25.2811086,1468203622.0,4921941921,4921961168
4921961168,51.5003459213,25.281026578,1468203632.0,4921960959,4921961910
4921961910,51.4990282375,25.280946664,1468203642.0,4921961168,4921961967
4921961967,51.4987765953,25.2808950796,1468203645.0,4921961910,4921962273
4921962273,51.4982656214,25.2806923077,1468203653.0,4921961967,4921962505
4921962505,51.4979040952,25.2805760743,1468203658.0,4921962273,4921963018
4921963018,51.4969319513,25.2804744001,1468203668.0,4921962505,4921963478
4921963478,51.4959678,25.2804496,1468203677.0,4921963018,4921963593
4921963593,51.4958410877,25.2804899795,1468203679.0,4921963478,4921963760
4921963760,51.4957082733,25.2805452104,1468203683.0,4921963593,4921964252
4921964252,51.4955062799,25.2806620768,1468203692.0,4921963760,4921964380
4921964380,51.495465313,25.2806764833,1468203694.0,4921964252,4921964436
4921964436,51.4954385218,25.2806763637,1468203695.0,4921964380,4921964966
4921964966,51.4954021384,25.2806739988,1468203705.0,4921964436,4921965494
4921965494,51.4954353,25.2806743,1468203715.0,4921964966,4921966069
4921966069,51.4954901381,25.2806736742,1468203725.0,4921965494,4921966597
4921966597,51.4955106989,25.2806721012,1468203735.0,4921966069,4921967137
4921967137,51.4955388897,25.2806824054,1468203745.0,4921966597,4921967647
4921967647,51.4955708657,25.2806829735,1468203755.0,4921967137,4921968236
4921968236,51.4956080887,25.2806680057,1468203765.0,4921967647,4921968781
4921968781,51.4956460731,25.2806589621,1468203775.0,4921968236,4921969271
4921969271,51.4956621063,25.2806597009,1468203785.0,4921968781,4921969796
4921969796,51.4957253575,25.2806663027,1468203795.0,4921969271,4921970229
4921970229,51.4957986541,25.2806775512,1468203805.0,4921969796,None
