4923460273,51.5004558898,25.2947240769,1468227797.0,None,4923460757
4923460757,51.5004453198,25.2947163046,1468227807.0,4923460273,4923461243
4923461243,51.5004464229,25.294719466,1468227817.0,4923460757,4923461691
4923461691,51.500458604,25.294734728,1468227827.0,4923461243,4923462143
4923462143,51.5004672709,25.2947370675,1468227837.0,4923461691,4923462591
4923462591,51.5004607785,25.2947206649,1468227847.0,4923462143,4923463055
4923463055,51.5004506612,25.2947049666,1468227857.0,4923462591,4923463521
4923463521,51.5004403268,25.294696454,1468227867.0,4923463055,4923463991
4923463991,51.5004297838,25.2946849364,1468227877.0,4923463521,4923464458
4923464458,51.5004283143,25.2946415471,1468227887.0,4923463991,4923464877
4923464877,51.5004316101,25.2946221331,1468227897.0,4923464458,None
