4925240336,51.4880458881,25.2725589082,1468257851.0,None,4925240881
4925240881,51.4880504621,25.2725539289,1468257861.0,4925240336,4925241423
4925241423,51.4880505716,25.2725418658,1468257871.0,4925240881,4925241992
4925241992,51.4880472545,25.2725348018,1468257881.0,4925241423,4925242510
4925242510,51.4880058814,25.2725182773,1468257891.0,4925241992,4925243022
4925243022,51.4879715,25.2724906,1468257901.0,4925242510,4925243618
4925243618,51.4879708,25.2724725,1468257911.0,4925243022,4925244450
4925244450,51.4880505,25.2724933,1468257926.0,4925243618,4925245009
4925245009,51.4880304558,25.2724985573,1468257936.0,4925244450,4925245527
4925245527,51.4880197131,25.272496056,1468257946.0,4925245009,4925246059
4925246059,51.4880184539,25.2725039576,1468257956.0,4925245527,4925246608
4925246608,51.4880126044,25.2725069934,1468257966.0,4925246059,4925247138
4925247138,51.4880093078,25.272505854,1468257976.0,4925246608,4925247722
4925247722,51.4880052634,25.2725085791,1468257986.0,4925247138,4925248236
4925248236,51.4880011617,25.2725135139,1468257996.0,4925247722,4925248794
4925248794,51.4879993512,25.2725158778,1468258006.0,4925248236,4925249360
4925249360,51.4879996049,25.2725089968,1468258016.0,4925248794,4925249903
4925249903,51.4880112875,25.2725185078,1468258026.0,4925249360,4925250492
4925250492,51.488023527,25.2725278297,1468258036.0,4925249903,None
