4921841361,51.4463241107,25.3195765642,1468198974.0,None,4921841392
4921841392,51.4471703114,25.319550266,1468198980.0,4921841361,4921841426
4921841426,51.4472706669,25.3195133668,1468198981.0,4921841392,4921841443
4921841443,51.4473406632,25.3194671176,1468198981.0,4921841426,4921841473
4921841473,51.4474202991,25.3193937871,1468198982.0,4921841443,4921841492
4921841492,51.4474991251,25.3192789875,1468198984.0,4921841473,4921841512
4921841512,51.447813683,25.318925832,1468198987.0,4921841492,4921841534
4921841534,51.4482477938,25.3185804325,1468198991.0,4921841512,4921841558
4921841558,51.4484392415,25.3184927449,1468198993.0,4921841534,4921841589
4921841589,51.4486027817,25.3184580474,1468198994.0,4921841558,4921841626
4921841626,51.4487925306,25.3184497419,1468198996.0,4921841589,4921841647
4921841647,51.4490956396,25.3184298869,1468198999.0,4921841626,4921841680
4921841680,51.4491872226,25.3183899717,1468199000.0,4921841647,4921841703
4921841703,51.4492508052,25.3183421821,1468199000.0,4921841680,4921841735
4921841735,51.4493452829,25.3182454318,1468199002.0,4921841703,4921841756
4921841756,51.4499672441,25.3174233368,1468199009.0,4921841735,4921841784
4921841784,51.4501731282,25.3169851662,1468199012.0,4921841756,4921841815
4921841815,51.45075527,25.3154328041,1468199022.0,4921841784,4921841836
4921841836,51.4515867828,25.3138750561,1468199032.0,4921841815,4921841863
4921841863,51.4524250106,25.312324442,1468199042.0,4921841836,4921841888
4921841888,51.4533870027,25.3107312011,1468199052.0,4921841863,4921841916
4921841916,51.4542204094,25.3091212214,1468199062.0,4921841888,4921841966
4921841966,51.4544747872,25.3082948914,1468199067.0,4921841916,4921841985
4921841985,51.4545704182,25.3072907833,1468199072.0,4921841966,4921842006
4921842006,51.4544718682,25.3064705806,1468199077.0,4921841985,4921842030
4921842030,51.4541700272,25.3055670904,1468199083.0,4921842006,4921842052
4921842052,51.453804752,25.3049180358,1468199088.0,4921842030,4921842077
4921842077,51.453705779,25.3048193642,1468199089.0,4921842052,4921842102
4921842102,51.4535597747,25.3047279539,1468199091.0,4921842077,4921842124
4921842124,51.4533933612,25.3046087451,1468199093.0,4921842102,4921842147
4921842147,51.4533540618,25.3045444969,1468199093.0,4921842124,4921842182
4921842182,51.4533349226,25.3044706784,1468199094.0,4921842147,4921842215
4921842215,51.4533335971,25.3043928461,1468199095.0,4921842182,4921842243
4921842243,51.4533478023,25.3043176435,1468199096.0,4921842215,4921842269
4921842269,51.4533860698,25.3042197092,1468199097.0,4921842243,4921842298
4921842298,51.4534351865,25.3041575568,1468199097.0,4921842269,4921842319
4921842319,51.4535016571,25.3041118802,1468199098.0,4921842298,4921842341
4921842341,51.4535550181,25.3040893585,1468199099.0,4921842319,4921842374
4921842374,51.453638735,25.3040807386,1468199099.0,4921842341,4921843029
4921843029,51.4542705,25.3039635,1468199104.0,4921842374,4921843045
4921843045,51.4558238,25.3032206,1468199114.0,4921843029,4921843072
4921843072,51.4575127995,25.3024178009,1468199124.0,4921843045,4921843102
4921843102,51.4579473035,25.3022025426,1468199128.0,4921843072,4921843118
4921843118,51.4579850003,25.3021595485,1468199129.0,4921843102,4921843138
4921843138,51.4580158654,25.3020987269,1468199130.0,4921843118,4921843155
4921843155,51.4580262953,25.3020494266,1468199131.0,4921843138,4921843191
4921843191,51.4580325,25.3019478,1468199132.0,4921843155,4921843217
4921843217,51.4580219654,25.3019138927,1468199133.0,4921843191,4921843231
4921843231,51.4580104592,25.3019048158,1468199134.0,4921843217,4921843261
4921843261,51.4580024636,25.3018997053,1468199135.0,4921843231,4921843285
4921843285,51.4579952659,25.3018954565,1468199136.0,4921843261,4921843306
4921843306,51.4579247831,25.3018750716,1468199145.0,4921843285,4921843332
4921843332,51.4579125792,25.3018820209,1468199145.0,4921843306,4921843356
4921843356,51.4579055763,25.3018866807,1468199146.0,4921843332,4921843379
4921843379,51.4578922677,25.3018968642,1468199147.0,4921843356,4921843400
4921843400,51.4578039654,25.3019708455,1468199151.0,4921843379,4921843424
4921843424,51.457772648,25.3019948447,1468199152.0,4921843400,4921843443
4921843443,51.4577182155,25.3020221339,1468199154.0,4921843424,4921843468
4921843468,51.4575385702,25.3021065073,1468199160.0,4921843443,4921843495
4921843495,51.4575320746,25.3021160596,1468199161.0,4921843468,4921843505
4921843505,51.4575255553,25.3021314677,1468199161.0,4921843495,4921843531
4921843531,51.4575215996,25.3021535983,1468199162.0,4921843505,4921843562
4921843562,51.4575220682,25.3021695237,1468199163.0,4921843531,4921843592
4921843592,51.4575254732,25.3021880262,1468199163.0,4921843562,4921843620
4921843620,51.4575324636,25.3022056327,1468199164.0,4921843592,4921843649
4921843649,51.4575428042,25.3022705483,1468199174.0,4921843620,4921843678
4921843678,51.457564305,25.3022686451,1468199184.0,4921843649,4921843703
4921843703,51.4575479351,25.3022681038,1468199194.0,4921843678,4921843726
4921843726,51.4575464562,25.3022624483,1468199204.0,4921843703,4921843753
4921843753,51.4575450531,25.3022611103,1468199214.0,4921843726,4921843786
4921843786,51.4575464547,25.3022583629,1468199224.0,4921843753,4921843807
4921843807,51.4575449441,25.3022572588,1468199234.0,4921843786,None
