4925563742,51.5001622134,25.2897330176,1468263135.0,None,4925564221
4925564221,51.5001515057,25.2896106059,1468263143.0,4925563742,4925564406
4925564406,51.5001373916,25.2895841034,1468263145.0,4925564221,4925564475
4925564475,51.500127476,25.2895755465,1468263146.0,4925564406,4925564527
4925564527,51.5001190731,25.2895733525,1468263146.0,4925564475,4925564568
4925564568,51.5000915848,25.289562043,1468263148.0,4925564527,4925564614
4925564614,51.5000741406,25.2895612048,1468263148.0,4925564568,4925564643
4925564643,51.50005974,25.2895612951,1468263149.0,4925564614,4925564688
4925564688,51.5000454317,25.2895639738,1468263150.0,4925564643,4925564757
4925564757,51.5000263253,25.2895674732,1468263151.0,4925564688,4925564903
4925564903,51.4999850431,25.2895899268,1468263153.0,4925564757,4925564965
4925564965,51.4999765848,25.2896053035,1468263153.0,4925564903,4925565005
4925565005,51.4999691614,25.2896182689,1468263154.0,4925564965,4925565349
4925565349,51.4999075036,25.2897389991,1468263160.0,4925565005,4925565410
4925565410,51.4998928734,25.2897458557,1468263160.0,4925565349,4925565463
4925565463,51.4998617573,25.289760606,1468263161.0,4925565410,4925565515
4925565515,51.4998302069,25.2897681326,1468263162.0,4925565463,4925565608
4925565608,51.4997834974,25.2897719528,1468263164.0,4925565515,4925565840
4925565840,51.4996798855,25.2897840621,1468263168.0,4925565608,4925565979
4925565979,51.4996250977,25.2898046892,1468263170.0,4925565840,4925566049
4925566049,51.4995917985,25.2898245184,1468263171.0,4925565979,4925566280
4925566280,51.4995116441,25.2898884594,1468263175.0,4925566049,4925566343
4925566343,51.4994966647,25.2899111081,1468263176.0,4925566280,4925566539
4925566539,51.4994524675,25.2899827537,1468263180.0,4925566343,4925566699
4925566699,51.4994298296,25.2900548805,1468263182.0,4925566539,4925566909
4925566909,51.4994040261,25.290142181,1468263186.0,4925566699,4925566989
4925566989,51.4993813726,25.2901787111,1468263187.0,4925566909,4925567057
4925567057,51.4993595263,25.2901997386,1468263188.0,4925566989,4925567115
4925567115,51.4993293938,25.2902150167,1468263189.0,4925567057,4925567178
4925567178,51.499302109,25.2902195129,1468263190.0,4925567115,4925567219
4925567219,51.4992851851,25.2902169266,1468263191.0,4925567178,4925567266
4925567266,51.4992580875,25.2902128455,1468263192.0,4925567219,4925567328
4925567328,51.4992416652,25.2902057327,1468263192.0,4925567266,4925567372
4925567372,51.4992255,25.2901941,1468263193.0,4925567328,4925567919
4925567919,51.4989878,25.2900395,1468263202.0,4925567372,4925568539
4925568539,51.4988298,25.2899486,1468263212.0,4925567919,4925569172
4925569172,51.4987875,25.2898976,1468263222.0,4925568539,4925569763
4925569763,51.4987795,25.289881,1468263232.0,4925569172,4925570429
4925570429,51.4987741,25.2898725,1468263242.0,4925569763,4925571021
4925571021,51.498769,25.2898698,1468263252.0,4925570429,4925571595
4925571595,51.4987636,25.2898756,1468263262.0,4925571021,4925572164
4925572164,51.4987516,25.2898771,1468263272.0,4925571595,4925572762
4925572762,51.4987349895,25.2898666408,1468263282.0,4925572164,4925573426
4925573426,51.4987364029,25.2898697115,1468263292.0,4925572762,4925574078
4925574078,51.4987409212,25.2898604829,1468263302.0,4925573426,4925574734
4925574734,51.4987516,25.289865,1468263312.0,4925574078,4925575343
4925575343,51.4987658,25.289856,1468263322.0,4925574734,4925579136
4925579136,51.498755284,25.2897804649,1468263379.0,4925575343,4925579205
4925579205,51.4987384187,25.2897723517,1468263379.0,4925579136,4925579251
4925579251,51.4987168,25.2897676,1468263380.0,4925579205,4925579506
4925579506,51.498628,25.289748,1468263385.0,4925579251,4925579822
4925579822,51.498503,25.2897003,1468263389.0,4925579506,4925580218
4925580218,51.498299,25.2896598,1468263395.0,4925579822,4925580308
4925580308,51.49825,25.289674,1468263397.0,4925580218,4925580367
4925580367,51.4982181,25.2896911,1468263398.0,4925580308,4925580439
4925580439,51.498174,25.2897201,1468263399.0,4925580367,4925580796
4925580796,51.4979208,25.289808,1468263404.0,4925580439,4925581033
4925581033,51.4977338,25.2898865,1468263408.0,4925580796,4925581399
4925581399,51.4973400638,25.2899675347,1468263414.0,4925581033,4925582008
4925582008,51.4969169604,25.2900780018,1468263423.0,4925581399,4925582635
4925582635,51.496809709,25.2900774064,1468263433.0,4925582008,4925583260
4925583260,51.4967012921,25.2900726018,1468263443.0,4925582635,4925583957
4925583957,51.4965918368,25.2901194239,1468263453.0,4925583260,4925584443
4925584443,51.496573607,25.2901338737,1468263463.0,4925583957,4925585097
4925585097,51.4965666935,25.2901367089,1468263473.0,4925584443,4925585656
4925585656,51.4965570652,25.2901408741,1468263483.0,4925585097,4925586277
4925586277,51.4965357011,25.2901540671,1468263493.0,4925585656,4925586859
4925586859,51.496522374,25.2901507791,1468263503.0,4925586277,4925587427
4925587427,51.4965228431,25.2901505646,1468263513.0,4925586859,4925588045
4925588045,51.4965220952,25.2901532439,1468263523.0,4925587427,4925588610
4925588610,51.4965132942,25.2901535007,1468263533.0,4925588045,4925589298
4925589298,51.4965006285,25.2901554886,1468263543.0,4925588610,4925589868
4925589868,51.4964865532,25.290159056,1468263553.0,4925589298,4925590509
4925590509,51.4964795969,25.2901690944,1468263563.0,4925589868,4925591667
4925591667,51.4964775521,25.290200263,1468263580.0,4925590509,4925592231
4925592231,51.4964536628,25.2902571354,1468263589.0,4925591667,4925592331
4925592331,51.4964505117,25.2902762892,1468263591.0,4925592231,4925592397
4925592397,51.4964527132,25.2902898504,1468263592.0,4925592331,4925593003
4925593003,51.4965512563,25.2907247169,1468263601.0,4925592397,4925593616
4925593616,51.4967214628,25.2914803738,1468263611.0,4925593003,4925594143
4925594143,51.496758216,25.2916916821,1468263619.0,4925593616,4925594270
4925594270,51.49677407,25.2917281346,1468263621.0,4925594143,4925594332
4925594332,51.4968121237,25.291780241,1468263622.0,4925594270,4925594393
4925594393,51.4968399515,25.2918026912,1468263623.0,4925594332,4925594517
4925594517,51.496893661,25.291840172,1468263625.0,4925594393,4925594593
4925594593,51.4969462641,25.2918906852,1468263627.0,4925594517,4925594702
4925594702,51.4970112955,25.2919532928,1468263628.0,4925594593,4925594844
4925594844,51.4970857755,25.2920343739,1468263631.0,4925594702,4925594896
4925594896,51.4971072736,25.2920921942,1468263632.0,4925594844,4925594982
4925594982,51.4971220919,25.2921636945,1468263633.0,4925594896,4925595069
4925595069,51.4971202359,25.292236189,1468263634.0,4925594982,4925595153
4925595153,51.4970987743,25.2923069827,1468263635.0,4925595069,4925595268
4925595268,51.497050572,25.2923939399,1468263637.0,4925595153,4925595434
4925595434,51.4969974687,25.2924609078,1468263639.0,4925595268,4925595526
4925595526,51.4969478796,25.2924968781,1468263641.0,4925595434,4925595575
4925595575,51.4969153796,25.2925165348,1468263642.0,4925595526,4925595691
4925595691,51.4968476986,25.2925450009,1468263643.0,4925595575,4925595790
4925595790,51.4967647379,25.2925573309,1468263645.0,4925595691,4925595917
4925595917,51.4966713144,25.2925580332,1468263647.0,4925595790,4925596015
4925596015,51.4965925934,25.2925371297,1468263648.0,4925595917,4925596140
4925596140,51.4965122463,25.2925050218,1468263650.0,4925596015,4925596339
4925596339,51.4963770028,25.2924578297,1468263653.0,4925596140,4925596542
4925596542,51.4962786902,25.292448406,1468263654.0,4925596339,4925596630
4925596630,51.4961748995,25.2924542812,1468263656.0,4925596542,4925597155
4925597155,51.4953057944,25.2925952413,1468263665.0,4925596630,4925597869
4925597869,51.4940567097,25.2927888908,1468263675.0,4925597155,4925598492
4925598492,51.4925302006,25.2930273429,1468263685.0,4925597869,4925599131
4925599131,51.4911047648,25.2931741149,1468263695.0,4925598492,4925599806
4925599806,51.4899295144,25.2931134518,1468263705.0,4925599131,4925600869
4925600869,51.4886468791,25.2929974089,1468263714.0,4925599806,4925601001
4925601001,51.4879366416,25.293092026,1468263719.0,4925600869,4925601049
4925601049,51.4873129294,25.293295486,1468263723.0,4925601001,4925601560
4925601560,51.4859145664,25.2939266145,1468263732.0,4925601049,None
