4921941921,51.5020783,25.2670091,1468203210.0,None,4921960959
4921960959,51.5018315,25.2811086,1468203622.0,4921941921,4921961168
4921961168,51.5003458455,25.2810275222,1468203632.0,4921960959,4921961910
4921961910,51.4990281796,25.280947749,1468203642.0,4921961168,4921961967
4921961967,51.498776398,25.2808961137,1468203645.0,4921961910,4921962273
4921962273,51.4982654481,25.2806930924,1468203653.0,4921961967,4921962505
4921962505,51.4979038978,25.2805770141,1468203658.0,4921962273,4921963018
4921963018,51.4969319042,25.2804752735,1468203668.0,4921962505,4921963478
4921963478,51.4959678,25.2804496,1468203677.0,4921963018,4921963593
4921963593,51.4958411761,25.2804910929,1468203679.0,4921963478,4921963760
4921963760,51.4957084352,25.280545778,1468203683.0,4921963593,4921964252
4921964252,51.4955062612,25.2806621322,1468203692.0,4921963760,4921964380
4921964380,51.4954653245,25.280676697,1468203694.0,4921964252,4921964436
4921964436,51.495438541,25.2806767027,1468203695.0,4921964380,4921964966
4921964966,51.4954021737,25.2806744444,1468203705.0,4921964436,4921965494
4921965494,51.4954353,25.2806743,1468203715.0,4921964966,4921966069
4921966069,51.4954901747,25.28067384,1468203725.0,4921965494,4921966597
4921966597,51.4955107934,25.2806723903,1468203735.0,4921966069,4921967137
4921967137,51.4955392738,25.2806836895,1468203745.0,4921966597,4921967647
4921967647,51.4955714183,25.2806847943,1468203755.0,4921967137,4921968236
4921968236,51.4956086632,25.2806698594,1468203765.0,4921967647,4921968781
4921968781,51.4956466213,25.2806608593,1468203775.0,4921968236,4921969271
4921969271,51.4956624447,25.2806608636,1468203785.0,4921968781,4921969796
4921969796,51.4957256857,25.2806676927,1468203795.0,4921969271,4921970229
4921970229,51.4957987932,25.2806782384,1468203805.0,4921969796,None
