4921226560,51.4959600194,25.3104687919,1468185103.0,None,4921226595
4921226595,51.496456982,25.310795516,1468185108.0,4921226560,4921226628
4921226628,51.4965107394,25.3108736282,1468185109.0,4921226595,4921226657
4921226657,51.4965433714,25.3109439028,1468185110.0,4921226628,4921226687
4921226687,51.4965568557,25.3110224608,1468185111.0,4921226657,4921226724
4921226724,51.496548513,25.3111279882,1468185112.0,4921226687,4921226769
4921226769,51.4965030056,25.3112595993,1468185113.0,4921226724,4921226806
4921226806,51.4959822807,25.3125150124,1468185122.0,4921226769,4921226845
4921226845,51.4957597838,25.3134287254,1468185128.0,4921226806,4921226866
4921226866,51.4956640361,25.3146754946,1468185137.0,4921226845,4921226912
4921226912,51.495800372,25.3160237705,1468185147.0,4921226866,4921226938
4921226938,51.4958967582,25.3163137901,1468185149.0,4921226912,4921226973
4921226973,51.4959725346,25.3164177889,1468185150.0,4921226938,4921227014
4921227014,51.4960830888,25.3165192699,1468185152.0,4921226973,4921227059
4921227059,51.4961774905,25.3165732153,1468185153.0,4921227014,4921227762
4921227762,51.496248494,25.3165955467,1468185153.0,4921227059,4921227787
4921227787,51.4963395041,25.3166017025,1468185154.0,4921227762,4921227815
4921227815,51.496380289,25.3165925063,1468185155.0,4921227787,4921228556
4921228556,51.4964362547,25.3165734282,1468185156.0,4921227815,4921228585
4921228585,51.496558631,25.3165523598,1468185157.0,4921228556,4921228617
4921228617,51.4966211492,25.3165604643,1468185158.0,4921228585,4921228649
4921228649,51.4966631716,25.3165752872,1468185158.0,4921228617,4921228694
4921228694,51.4966985099,25.3165991161,1468185159.0,4921228649,4921228727
4921228727,51.497073831,25.3168620109,1468185164.0,4921228694,4921228754
4921228754,51.4973250059,25.3170360917,1468185167.0,4921228727,4921228806
4921228806,51.4974319985,25.3170727945,1468185168.0,4921228754,4921228843
4921228843,51.4975233923,25.3170803897,1468185169.0,4921228806,4921228876
4921228876,51.4975896952,25.3170691874,1468185170.0,4921228843,4921229591
4921229591,51.4976802376,25.3170375395,1468185171.0,4921228876,4921229631
4921229631,51.4987783751,25.3165706819,1468185180.0,4921229591,4921229666
4921229666,51.5004123233,25.315858041,1468185190.0,4921229631,4921242823
4921242823,51.5021788,25.3150856,1468185200.0,4921229666,None
