4925257259,51.4966020059,25.2901444611,1468258155.0,None,4925257788
4925257788,51.4965953738,25.2901496189,1468258165.0,4925257259,4925258119
4925258119,51.4965293888,25.2902025348,1468258171.0,4925257788,4925258240
4925258240,51.4965121983,25.2902175836,1468258172.0,4925258119,4925258747
4925258747,51.4964897559,25.2902502441,1468258182.0,4925258240,4925259291
4925259291,51.4964765148,25.2902461165,1468258192.0,4925258747,4925259932
4925259932,51.4964667046,25.2902530038,1468258202.0,4925259291,4925260473
4925260473,51.4964609155,25.2902568221,1468258212.0,4925259932,4925261112
4925261112,51.4964706889,25.2902580045,1468258222.0,4925260473,4925261659
4925261659,51.4964736277,25.2902615088,1468258232.0,4925261112,4925262288
4925262288,51.4964718503,25.290274472,1468258242.0,4925261659,4925262856
4925262856,51.4964880556,25.2902732165,1468258252.0,4925262288,4925263402
4925263402,51.4965233524,25.2902672051,1468258262.0,4925262856,4925263935
4925263935,51.4965896599,25.2902172127,1468258272.0,4925263402,4925264505
4925264505,51.4965175798,25.2902806832,1468258282.0,4925263935,4925269467
4925269467,51.4963931068,25.2904304751,1468258373.0,4925264505,4925269921
4925269921,51.4964567972,25.2909068643,1468258383.0,4925269467,4925270445
4925270445,51.4966015875,25.2916784167,1468258393.0,4925269921,4925271052
4925271052,51.4966839061,25.2918469336,1468258395.0,4925270445,4925271113
4925271113,51.4967142475,25.2918783018,1468258396.0,4925271052,4925271151
4925271151,51.4967702748,25.291912066,1468258397.0,4925271113,4925271236
4925271236,51.4968678579,25.2919499942,1468258399.0,4925271151,4925271287
4925271287,51.4970151061,25.2920379088,1468258401.0,4925271236,4925271339
4925271339,51.4970534122,25.2920870339,1468258402.0,4925271287,4925271390
4925271390,51.4970635552,25.2921369322,1468258403.0,4925271339,4925271431
4925271431,51.4970774398,25.2922227138,1468258404.0,4925271390,4925271464
4925271464,51.4970636319,25.2922529421,1468258405.0,4925271431,4925271497
4925271497,51.4970197732,25.292389276,1468258407.0,4925271464,4925271530
4925271530,51.4969867309,25.2924366368,1468258408.0,4925271497,4925271573
4925271573,51.4969188309,25.2924986031,1468258410.0,4925271530,4925271611
4925271611,51.4968750733,25.2925234118,1468258410.0,4925271573,4925271670
4925271670,51.4968089984,25.2925491461,1468258411.0,4925271611,4925271733
4925271733,51.4967204084,25.2925640999,1468258413.0,4925271670,4925271774
4925271774,51.4966397236,25.2925621375,1468258414.0,4925271733,4925271817
4925271817,51.4965513247,25.292535205,1468258415.0,4925271774,4925271895
4925271895,51.4962039459,25.2924542894,1468258420.0,4925271817,4925271948
4925271948,51.4960991681,25.2924668642,1468258421.0,4925271895,4925272465
4925272465,51.4951488194,25.2926417748,1468258431.0,4925271948,4925273067
4925273067,51.4940276898,25.2928269619,1468258441.0,4925272465,4925273595
4925273595,51.4926630378,25.2930442112,1468258451.0,4925273067,4925274168
4925274168,51.4912590488,25.2932007661,1468258461.0,4925273595,4925274696
4925274696,51.4898826202,25.2931357926,1468258471.0,4925274168,4925275173
4925275173,51.4886267795,25.2930230652,1468258480.0,4925274696,4925275457
4925275457,51.4879242035,25.2931214092,1468258484.0,4925275173,4925275674
4925275674,51.4872801817,25.293335862,1468258489.0,4925275457,4925276171
4925276171,51.4858933352,25.2939633582,1468258499.0,4925275674,4925276472
4925276472,51.4850338105,25.2942011778,1468258505.0,4925276171,4925276938
4925276938,51.4836096537,25.2944271146,1468258514.0,4925276472,4925277444
4925277444,51.4819361015,25.2946916715,1468258524.0,4925276938,4925278380
4925278380,51.4801614905,25.2949181427,1468258534.0,4925277444,4925278610
4925278610,51.4783393792,25.2950933633,1468258544.0,4925278380,4925279179
4925279179,51.4765367283,25.2951959735,1468258554.0,4925278610,4925280498
4925280498,51.4747640861,25.2952427282,1468258564.0,4925279179,4925280534
4925280534,51.4729815384,25.2952320958,1468258574.0,4925280498,4925280806
4925280806,51.4710979117,25.2951633512,1468258584.0,4925280534,4925281177
4925281177,51.4699873067,25.2950976396,1468258590.0,4925280806,4925281357
4925281357,51.469499102,25.2949293974,1468258593.0,4925281177,4925281926
4925281926,51.4682425984,25.2944680633,1468258603.0,4925281357,4925282319
4925282319,51.4672548231,25.2943312293,1468258610.0,4925281926,4925282635
4925282635,51.4664933124,25.2943444298,1468258615.0,4925282319,4925282689
4925282689,51.4663945844,25.2943664961,1468258616.0,4925282635,4925282744
4925282744,51.4663304348,25.2943968315,1468258617.0,4925282689,4925282789
4925282789,51.4662563446,25.2944537166,1468258618.0,4925282744,4925282839
4925282839,51.4662157569,25.2945085619,1468258619.0,4925282789,4925282888
4925282888,51.4661908989,25.2945721884,1468258620.0,4925282839,4925282935
4925282935,51.466169455,25.2946862642,1468258621.0,4925282888,4925283495
4925283495,51.4660314903,25.295802985,1468258631.0,4925282935,4925283923
4925283923,51.4658492409,25.2967428136,1468258638.0,4925283495,4925284272
4925284272,51.4655107905,25.2974986778,1468258643.0,4925283923,4925284588
4925284588,51.4649871,25.2982076,1468258649.0,4925284272,4925284975
4925284975,51.4643101,25.2989276,1468258656.0,4925284588,4925285110
4925285110,51.4642238,25.299123,1468258658.0,4925284975,4925285180
4925285180,51.4641992938,25.2992343271,1468258660.0,4925285110,4925285230
4925285230,51.4642029438,25.2993060432,1468258661.0,4925285180,4925285321
4925285321,51.4642324934,25.2994083621,1468258662.0,4925285230,4925285553
4925285553,51.4643292302,25.2996685871,1468258666.0,4925285321,4925285624
4925285624,51.464322273,25.2997249416,1468258667.0,4925285553,4925285664
4925285664,51.4643010981,25.2997772495,1468258668.0,4925285624,4925285703
4925285703,51.4642654068,25.2998231486,1468258668.0,4925285664,4925285757
4925285757,51.4642191162,25.2998600916,1468258669.0,4925285703,4925285821
4925285821,51.4641485,25.2999021,1468258670.0,4925285757,4925285883
4925285883,51.4640858,25.299918,1468258671.0,4925285821,4925285942
4925285942,51.464021,25.2999243,1468258672.0,4925285883,4925286030
4925286030,51.4639316,25.2999163,1468258673.0,4925285942,4925286096
4925286096,51.4636606,25.299909,1468258675.0,4925286030,4925286159
4925286159,51.4635318,25.2999431,1468258677.0,4925286096,4925286695
4925286695,51.4624426,25.3003691,1468258686.0,4925286159,4925287365
4925287365,51.4610048,25.3009966,1468258696.0,4925286695,4925287864
4925287864,51.4594665,25.301706,1468258706.0,4925287365,4925288384
4925288384,51.457894,25.3024355,1468258716.0,4925287864,4925288976
4925288976,51.4563676,25.3031478,1468258726.0,4925288384,4925289522
4925289522,51.4549626,25.303809,1468258736.0,4925288976,4925290128
4925290128,51.4540765988,25.3042268003,1468258746.0,4925289522,4925290230
4925290230,51.4540092593,25.3042830998,1468258747.0,4925290128,4925290308
4925290308,51.4539576816,25.3043480798,1468258749.0,4925290230,4925290398
4925290398,51.4539264564,25.3044244543,1468258750.0,4925290308,4925290493
4925290493,51.4539073261,25.3045317416,1468258752.0,4925290398,4925290657
4925290657,51.4539069564,25.3047109484,1468258754.0,4925290493,None
