4924251858,51.4992741573,25.2994542894,1468242952.0,None,4924252127
4924252127,51.4992446522,25.2994727188,1468242956.0,4924251858,4924252187
4924252187,51.4992367018,25.2994864104,1468242957.0,4924252127,4924252429
4924252429,51.4991734705,25.2995492741,1468242960.0,4924252187,4924252488
4924252488,51.4991515775,25.2995536135,1468242961.0,4924252429,4924252561
4924252561,51.499133827,25.2995506661,1468242961.0,4924252488,4924252657
4924252657,51.4991048999,25.2995401357,1468242962.0,4924252561,4924252712
4924252712,51.4990885591,25.2995256182,1468242963.0,4924252657,4924252767
4924252767,51.4990728201,25.2995082417,1468242963.0,4924252712,4924252816
4924252816,51.4990325679,25.2994594853,1468242964.0,4924252767,4924253356
4924253356,51.4988036,25.299164,1468242973.0,4924252816,4924253461
4924253461,51.4987964984,25.2991481937,1468242975.0,4924253356,4924253696
4924253696,51.4987964035,25.2990974588,1468242978.0,4924253461,4924253765
4924253765,51.4988039286,25.2990838826,1468242979.0,4924253696,4924253847
4924253847,51.4988213551,25.2990634742,1468242979.0,4924253765,4924253886
4924253886,51.4988469793,25.2990430511,1468242980.0,4924253847,4924253966
4924253966,51.4989303279,25.2989852269,1468242982.0,4924253886,4924254455
4924254455,51.4991161708,25.2988605035,1468242989.0,4924253966,4924255080
4924255080,51.4991195334,25.2988936189,1468242998.0,4924254455,4924255754
4924255754,51.4991518257,25.2989208146,1468243008.0,4924255080,4924256411
4924256411,51.4991714801,25.2989049313,1468243018.0,4924255754,4924257044
4924257044,51.4991804109,25.2988862712,1468243028.0,4924256411,4924257725
4924257725,51.4991740825,25.298871222,1468243038.0,4924257044,4924258428
4924258428,51.4991784433,25.2988638735,1468243048.0,4924257725,4924259086
4924259086,51.4991892251,25.2988640846,1468243058.0,4924258428,4924259770
4924259770,51.4992053952,25.2988656646,1468243068.0,4924259086,4924260526
4924260526,51.4992202161,25.2988841936,1468243078.0,4924259770,4924261123
4924261123,51.4992274983,25.2988895312,1468243088.0,4924260526,4924261805
4924261805,51.4992462986,25.2989019445,1468243098.0,4924261123,4924262498
4924262498,51.4992552849,25.298901799,1468243108.0,4924261805,4924263542
4924263542,51.4997528747,25.2984848334,1468243125.0,4924262498,4924263622
4924263622,51.4997544963,25.2984436928,1468243126.0,4924263542,4924263702
4924263702,51.4997510081,25.2984204219,1468243127.0,4924263622,4924263761
4924263761,51.4997436159,25.2983961939,1468243127.0,4924263702,4924263958
4924263958,51.4997263409,25.2983538541,1468243128.0,4924263761,4924264042
4924264042,51.4996930857,25.2983206662,1468243129.0,4924263958,4924264070
4924264070,51.4996481931,25.2982844638,1468243129.0,4924264042,4924265091
4924265091,51.4988644575,25.2975052056,1468243138.0,4924264070,4924265159
4924265159,51.4981624818,25.2964296128,1468243148.0,4924265091,4924266000
4924266000,51.4973096007,25.2948518662,1468243158.0,4924265159,4924266266
4924266266,51.496886504,25.2936434244,1468243168.0,4924266000,4924266875
4924266875,51.4968218349,25.2934459982,1468243178.0,4924266266,4924267583
4924267583,51.4968087203,25.293448904,1468243188.0,4924266875,4924268232
4924268232,51.4968015388,25.2934540716,1468243198.0,4924267583,4924268972
4924268972,51.4967988065,25.2934595977,1468243208.0,4924268232,4924269638
4924269638,51.4968075879,25.2934614265,1468243218.0,4924268972,4924270266
4924270266,51.4968187649,25.2934613092,1468243228.0,4924269638,4924270934
4924270934,51.4967896404,25.2933384216,1468243238.0,4924270266,4924271669
4924271669,51.4967235665,25.293035439,1468243248.0,4924270934,4924272408
4924272408,51.496705009,25.2929409169,1468243258.0,4924271669,4924273142
4924273142,51.4967027305,25.2929368987,1468243268.0,4924272408,4924273774
4924273774,51.4966932469,25.2928767423,1468243278.0,4924273142,4924274475
4924274475,51.4966969377,25.2928731075,1468243288.0,4924273774,4924275109
4924275109,51.4966890604,25.2928802275,1468243298.0,4924274475,4924275771
4924275771,51.4966920826,25.2928781021,1468243308.0,4924275109,4924276385
4924276385,51.4966918518,25.2928770731,1468243318.0,4924275771,4924277003
4924277003,51.4966965283,25.2928732891,1468243328.0,4924276385,4924277741
4924277741,51.4967016162,25.2928678983,1468243338.0,4924277003,4924278340
4924278340,51.4966769159,25.2927804531,1468243348.0,4924277741,4924278494
4924278494,51.4966433907,25.2926587271,1468243351.0,4924278340,4924278617
4924278617,51.4966001267,25.2925812435,1468243353.0,4924278494,4924278690
4924278690,51.4965620607,25.2925447359,1468243354.0,4924278617,4924279031
4924279031,51.4963870985,25.2923892018,1468243358.0,4924278690,4924279141
4924279141,51.4963456374,25.2922929609,1468243360.0,4924279031,4924279216
4924279216,51.4963395926,25.2922377806,1468243360.0,4924279141,4924279409
4924279409,51.4963453553,25.2921814823,1468243361.0,4924279216,4924296656
4924296656,51.4963781414,25.2920929546,1468243362.0,4924279409,4924296706
4924296706,51.4964383884,25.291902235,1468243365.0,4924296656,4924296767
4924296767,51.4964325535,25.2917488435,1468243366.0,4924296706,4924296862
4924296862,51.4961724003,25.2902910105,1468243375.0,4924296767,4924296945
4924296945,51.4958020019,25.2884506154,1468243385.0,4924296862,4924297022
4924297022,51.4954403149,25.2866463819,1468243395.0,4924296945,4924297086
4924297086,51.4950767647,25.2846693536,1468243405.0,4924297022,4924297128
4924297128,51.4947016617,25.2828300647,1468243415.0,4924297086,4924297191
4924297191,51.494357329,25.2812659762,1468243425.0,4924297128,4924297231
4924297231,51.4942609443,25.2809742682,1468243435.0,4924297191,4924297278
4924297278,51.4942785856,25.2809649185,1468243445.0,4924297231,4924297401
4924297401,51.4942765147,25.2809676061,1468243455.0,4924297278,4924297449
4924297449,51.4942740435,25.2809768066,1468243465.0,4924297401,4924297520
4924297520,51.4942750295,25.280979128,1468243475.0,4924297449,4924297607
4924297607,51.4942878573,25.280968668,1468243485.0,4924297520,4924297659
4924297659,51.4942733758,25.2809845556,1468243495.0,4924297607,4924297713
4924297713,51.4940424966,25.2804340498,1468243505.0,4924297659,4924297800
4924297800,51.4933118,25.2791968,1468243515.0,4924297713,4924297842
4924297842,51.4923273,25.2780786,1468243524.0,4924297800,4924297873
4924297873,51.4909996,25.276962,1468243533.0,4924297842,4924297923
4924297923,51.4898768,25.2761523,1468243543.0,4924297873,None
