4922502541,51.46609,25.32618,1468213113.0,None,4922502542
4922502542,51.46672,25.32625,1468213118.0,4922502541,4922504468
4922504468,51.46701,25.32587,1468213123.0,4922502542,4922504469
4922504469,51.4673400004,25.3252800004,1468213128.0,4922504468,4922504470
4922504470,51.4676700001,25.3246300001,1468213133.0,4922504469,4922504473
4922504473,51.46784,25.32418,1468213138.0,4922504470,4922504476
4922504476,51.4681,25.32377,1468213143.0,4922504473,4922504477
4922504477,51.4684700013,25.3232400014,1468213148.0,4922504476,4922506555
4922506555,51.4688300009,25.3225400009,1468213153.0,4922504477,4922506558
4922506558,51.4692100003,25.3216900002,1468213158.0,4922506555,4922506559
4922506559,51.4694900019,25.3210400016,1468213163.0,4922506558,4922506561
4922506561,51.4695700002,25.32076,1468213168.0,4922506559,4922506562
4922506562,51.4696698762,25.3203193984,1468213173.0,4922506561,4922506564
4922506564,51.4699207838,25.3197305798,1468213178.0,4922506562,4922508583
4922508583,51.4701403725,25.3189402803,1468213183.0,4922506564,4922508584
4922508584,51.4703500213,25.3180600089,1468213188.0,4922508583,4922508586
4922508586,51.4705000034,25.3170900012,1468213193.0,4922508584,4922508588
4922508588,51.4706800005,25.3161000002,1468213198.0,4922508586,4922508589
4922508589,51.4708700014,25.3152700006,1468213203.0,4922508588,4922508592
4922508592,51.4711300624,25.3142300261,1468213207.0,4922508589,4922508593
4922508593,51.4711801071,25.3140200427,1468213208.0,4922508592,4922510649
4922510649,51.4714207438,25.3130403358,1468213213.0,4922508593,4922510654
4922510654,51.4716205169,25.3120302993,1468213218.0,4922510649,4922510655
4922510655,51.4718207254,25.3110802864,1468213223.0,4922510654,4922510656
4922510656,51.472010877,25.3101803931,1468213228.0,4922510655,4922510657
4922510657,51.4721806375,25.3093002506,1468213233.0,4922510656,4922510659
4922510659,51.472360395,25.3083601653,1468213238.0,4922510657,4922510660
4922510660,51.4725502248,25.3073701239,1468213243.0,4922510659,4922512626
4922512626,51.4727401459,25.3063400565,1468213248.0,4922510660,4922512628
4922512628,51.4729804165,25.3052401754,1468213253.0,4922512626,4922512630
4922512630,51.4731401808,25.3043500701,1468213257.0,4922512628,4922512631
4922512631,51.4731901801,25.304100069,1468213258.0,4922512630,4922512632
4922512632,51.4733600098,25.3031100046,1468213262.0,4922512631,4922512633
4922512633,51.4734000031,25.3028600014,1468213263.0,4922512632,4922512635
4922512635,51.4736000002,25.3018000001,1468213267.0,4922512633,4922512636
4922512636,51.4736600005,25.3015200002,1468213268.0,4922512635,4922512637
4922512637,51.4738500001,25.30047,1468213272.0,4922512636,4922512642
4922512642,51.4739000001,25.3002200001,1468213273.0,4922512637,4922514951
4922514951,51.47408,25.29922,1468213277.0,4922512642,4922514952
4922514952,51.4741400002,25.2989800001,1468213278.0,4922514951,4922514954
4922514954,51.4743300014,25.2980600007,1468213282.0,4922514952,4922514958
4922514958,51.4743800034,25.2978100014,1468213283.0,4922514954,4922514962
4922514962,51.4745700777,25.2969000252,1468213287.0,4922514958,4922514963
4922514963,51.4745800171,25.2967000056,1468213288.0,4922514962,4922514966
4922514966,51.4750298921,25.2958099709,1468213293.0,4922514963,4922514970
4922514970,51.47582,25.29519,1468213298.0,4922514966,4922514972
4922514972,51.4769400002,25.294899995,1468213303.0,4922514970,4922517022
4922517022,51.47801,25.2948299997,1468213307.0,4922514972,4922517025
4922517025,51.47829,25.2948099998,1468213308.0,4922517022,4922517026
4922517026,51.47955,25.2947,1468213312.0,4922517025,4922517028
4922517028,51.47986,25.2946599998,1468213313.0,4922517026,4922517029
4922517029,51.48112,25.29446,1468213317.0,4922517028,4922517030
4922517030,51.48143,25.29442,1468213318.0,4922517029,4922517031
4922517031,51.4827,25.29423,1468213322.0,4922517030,4922517033
4922517033,51.4827,25.29423,1468213323.0,4922517031,4922517035
4922517035,51.48392,25.29406,1468213326.0,4922517033,4922517039
4922517039,51.4845,25.29397,1468213328.0,4922517035,4922517040
4922517040,51.48549,25.29376,1468213332.0,4922517039,4922517041
4922517041,51.48573,25.29371,1468213333.0,4922517040,4922519090
4922519090,51.4867,25.29332,1468213337.0,4922517041,4922519091
4922519091,51.48692,25.29322,1468213338.0,4922519090,4922519093
4922519093,51.48788,25.29285,1468213342.0,4922519091,4922519095
4922519095,51.48812,25.2928,1468213343.0,4922519093,4922519097
4922519097,51.48914,25.29278,1468213347.0,4922519095,4922519100
4922519100,51.48938,25.29281,1468213348.0,4922519097,4922519101
4922519101,51.49042,25.29293,1468213352.0,4922519100,4922519102
4922519102,51.49068,25.29292,1468213353.0,4922519101,4922519103
4922519103,51.49172,25.29287,1468213357.0,4922519102,4922519104
4922519104,51.49198,25.29284,1468213358.0,4922519103,4922519105
4922519105,51.49308,25.29268,1468213362.0,4922519104,4922519106
4922519106,51.49335,25.29262,1468213363.0,4922519105,4922521214
4922521214,51.49452,25.29238,1468213368.0,4922519106,4922521216
4922521216,51.49562,25.29221,1468213373.0,4922521214,4922521218
4922521218,51.4963309979,25.2919809319,1468213378.0,4922521216,4922521220
4922521220,51.4963415369,25.2914195562,1468213383.0,4922521218,4922521222
4922521222,51.4962616881,25.2910494977,1468213388.0,4922521220,4922521226
4922521226,51.496141626,25.2904195038,1468213393.0,4922521222,4922521229
4922521229,51.4960011962,25.2895495787,1468213398.0,4922521226,4922523230
4922523230,51.4958985724,25.2886105353,1468213403.0,4922521229,4922523234
4922523234,51.495718831,25.2876604595,1468213408.0,4922523230,4922523236
4922523236,51.4955596775,25.2866701227,1468213413.0,4922523234,4922523237
4922523237,51.495389594,25.285780153,1468213418.0,4922523236,4922523239
4922523239,51.4952095955,25.2848001416,1468213423.0,4922523237,4922523240
4922523240,51.4949995445,25.2837701861,1468213428.0,4922523239,4922525094
4922525094,51.49479,25.28279,1468213433.0,4922523240,4922525096
4922525096,51.4946999942,25.2820000028,1468213438.0,4922525094,4922525097
4922525097,51.4946399982,25.2816600008,1468213443.0,4922525096,4922525098
4922525098,51.4946299994,25.2815600003,1468213448.0,4922525097,4922525099
4922525099,51.4945700326,25.281360106,1468213453.0,4922525098,4922525100
4922525100,51.4945312231,25.281199568,1468213458.0,4922525099,4922527118
4922527118,51.4945202543,25.2811913005,1468213463.0,4922525100,4922527120
4922527120,51.4945202596,25.2811912739,1468213468.0,4922527118,4922527121
4922527121,51.4945084998,25.2811803075,1468213473.0,4922527120,4922527122
4922527122,51.494512321,25.2811813196,1468213478.0,4922527121,4922527123
4922527123,51.4945102744,25.2811812255,1468213483.0,4922527122,4922527124
4922527124,51.4945098065,25.281182365,1468213488.0,4922527123,4922529067
4922529067,51.4945101015,25.2811815547,1468213493.0,4922527124,4922529068
4922529068,51.4945124084,25.2811801697,1468213498.0,4922529067,4922529070
4922529070,51.4945219701,25.2812086791,1468213513.0,4922529068,4922529071
4922529071,51.4945205269,25.2812089676,1468213518.0,4922529070,4922529072
4922529072,51.494520097,25.2812092793,1468213523.0,4922529071,4922530993
4922530993,51.4945216786,25.2812085943,1468213528.0,4922529072,4922530994
4922530994,51.4945208256,25.281209865,1468213533.0,4922530993,4922530995
4922530995,51.4945109174,25.2812082363,1468213538.0,4922530994,4922530996
4922530996,51.4945107317,25.2812101006,1468213543.0,4922530995,4922530998
4922530998,51.4945203695,25.2812091666,1468213548.0,4922530996,4922530999
4922530999,51.4945199101,25.2812091442,1468213553.0,4922530998,4922533003
4922533003,51.494520662,25.2812089961,1468213558.0,4922530999,4922533004
4922533004,51.4945203109,25.2812092129,1468213563.0,4922533003,4922533005
4922533005,51.4945216466,25.281208618,1468213568.0,4922533004,4922533006
4922533006,51.4945210254,25.2812096933,1468213573.0,4922533005,4922533009
4922533009,51.4944994144,25.2811997041,1468213583.0,4922533006,4922534981
4922534981,51.4943913792,25.2808814377,1468213588.0,4922533009,4922534982
4922534982,51.4943699168,25.2808600623,1468213593.0,4922534981,4922534983
4922534983,51.4943701409,25.2808598916,1468213598.0,4922534982,4922534984
4922534984,51.4943700813,25.2808599353,1468213603.0,4922534983,4922534985
4922534985,51.4943701299,25.2808599018,1468213608.0,4922534984,4922534986
4922534986,51.4943701396,25.2808598924,1468213613.0,4922534985,4922536950
4922536950,51.4943701592,25.2808598737,1468213618.0,4922534986,4922536952
4922536952,51.4943701789,25.2808598549,1468213623.0,4922536950,4922536953
4922536953,51.4943701987,25.2808598359,1468213628.0,4922536952,4922536954
4922536954,51.4943702186,25.2808598169,1468213633.0,4922536953,4922536955
4922536955,51.4943702385,25.2808597978,1468213638.0,4922536954,None
