4923935333,51.500260715,25.2918208637,1468237882.0,None,4923936386
4923936386,51.4987036852,25.2920750637,1468237892.0,4923935333,4923950908
4923950908,51.4976524914,25.29224536,1468237902.0,4923936386,4923950956
4923950956,51.4975038274,25.292273138,1468237912.0,4923950908,4923951007
4923951007,51.49750292,25.2922861068,1468237922.0,4923950956,4923951114
4923951114,51.4975034093,25.2922963235,1468237932.0,4923951007,4923951208
4923951208,51.4975020291,25.2923027984,1468237942.0,4923951114,4923951276
4923951276,51.4974974781,25.2923122881,1468237952.0,4923951208,4923951472
4923951472,51.4974946345,25.2923157284,1468237962.0,4923951276,4923951514
4923951514,51.4974892659,25.2923216265,1468237972.0,4923951472,4923951594
4923951594,51.4974895231,25.2923247956,1468237982.0,4923951514,4923952518
4923952518,51.4974891512,25.2923184893,1468237992.0,4923951594,4923952614
4923952614,51.4973240682,25.2923397394,1468238002.0,4923952518,4923953439
4923953439,51.4972093932,25.2923638772,1468238004.0,4923952614,4923953499
4923953499,51.4971413092,25.2923910007,1468238005.0,4923953439,4923953540
4923953540,51.4970814096,25.2924329911,1468238007.0,4923953499,4923953599
4923953599,51.4968686411,25.2926025629,1468238010.0,4923953540,4923953718
4923953718,51.4968074029,25.2926196674,1468238011.0,4923953599,4923953776
4923953776,51.4967219882,25.2926348469,1468238012.0,4923953718,4923953838
4923953838,51.4966360791,25.2926292866,1468238013.0,4923953776,4923953891
4923953891,51.49654242,25.2925950988,1468238015.0,4923953838,4923954039
4923954039,51.4964291792,25.2925467898,1468238017.0,4923953891,4923954109
4923954109,51.4963111231,25.2925002666,1468238020.0,4923954039,4923954169
4923954169,51.4962277092,25.292489957,1468238021.0,4923954109,4923954238
4923954238,51.4961519886,25.2924967637,1468238022.0,4923954169,4923954337
4923954337,51.4952125966,25.2926510338,1468238032.0,4923954238,4923954379
4923954379,51.4939444811,25.292858169,1468238042.0,4923954337,4923954434
4923954434,51.4923940397,25.2931135614,1468238052.0,4923954379,4923954475
4923954475,51.4907170703,25.2932438486,1468238062.0,4923954434,4923954537
4923954537,51.4897552832,25.2931499144,1468238067.0,4923954475,4923954595
4923954595,51.4886126177,25.2930388888,1468238074.0,4923954537,4923954648
4923954648,51.487987623,25.2931182237,1468238077.0,4923954595,4923954686
4923954686,51.4874330802,25.2932837402,1468238080.0,4923954648,4923954740
4923954740,51.4859525958,25.2939414964,1468238090.0,4923954686,4923954776
4923954776,51.4849626116,25.2942365864,1468238096.0,4923954740,4923954817
4923954817,51.4833746808,25.2944875165,1468238105.0,4923954776,4923954869
4923954869,51.481614442,25.294805523,1468238115.0,4923954817,4923954915
4923954915,51.4798419589,25.295085192,1468238125.0,4923954869,4923954963
4923954963,51.4780165895,25.2953014386,1468238135.0,4923954915,4923954999
4923954999,51.4765413,25.2954674996,1468238143.0,4923954963,4923955044
4923955044,51.4762033,25.2956046,1468238146.0,4923954999,4923955098
4923955098,51.4758276,25.2958418,1468238148.0,4923955044,4923955153
4923955153,51.4755656,25.2960866,1468238151.0,4923955098,4923955224
4923955224,51.4753388,25.2964036,1468238153.0,4923955153,4923955256
4923955256,51.475182,25.2967566,1468238156.0,4923955224,4923955309
4923955309,51.4748458,25.2981761,1468238165.0,4923955256,4923955341
4923955341,51.474486,25.2999296,1468238175.0,4923955309,4923955388
4923955388,51.4740798,25.3015993,1468238185.0,4923955341,4923955449
4923955449,51.4737318,25.3031985,1468238195.0,4923955388,4923955490
4923955490,51.4733985,25.3047821,1468238205.0,4923955449,4923955530
4923955530,51.4730666,25.3064026,1468238215.0,4923955490,4923955569
4923955569,51.4727228,25.3080983,1468238225.0,4923955530,4923955627
4923955627,51.4723618,25.3098458,1468238235.0,4923955569,4923955709
4923955709,51.4720398,25.311501,1468238245.0,4923955627,4923956343
4923956343,51.4717283003,25.3130882955,1468238255.0,4923955709,4923956915
4923956915,51.4714173,25.3147571,1468238265.0,4923956343,4923957453
4923957453,51.4711347964,25.3163012973,1468238275.0,4923956915,4923958957
4923958957,51.4708981,25.3176651,1468238285.0,4923957453,4923959008
4923959008,51.4706313,25.3190013,1468238295.0,4923958957,4923959208
4923959208,51.4703288,25.3201555,1468238305.0,4923959008,4923959379
4923959379,51.470286,25.3203608001,1468238308.0,4923959208,4923960361
4923960361,51.4702788,25.3207078,1468238313.0,4923959379,4923960398
4923960398,51.4702408,25.3207808,1468238314.0,4923960361,4923960441
4923960441,51.4701866,25.3208425,1468238315.0,4923960398,4923960497
4923960497,51.47014,25.3208778,1468238316.0,4923960441,4923960533
4923960533,51.4700538,25.3209166,1468238317.0,4923960497,4923960571
4923960571,51.4699768,25.32093,1468238318.0,4923960533,4923960616
4923960616,51.4698993,25.3209278,1468238319.0,4923960571,4923960647
4923960647,51.4698086,25.3209013,1468238320.0,4923960616,4923960688
4923960688,51.4697096,25.3208548131,1468238321.0,4923960647,4923960734
4923960734,51.4693870996,25.3207052997,1468238325.0,4923960688,4923960775
4923960775,51.468891,25.3206178,1468238330.0,4923960734,4923961304
4923961304,51.4674616,25.3204916,1468238340.0,4923960775,4923961903
4923961903,51.4657218,25.3204336,1468238350.0,4923961304,4923962459
4923962459,51.4639541,25.3203558,1468238360.0,4923961903,4923963078
4923963078,51.462114,25.320276,1468238370.0,4923962459,4923964068
4923964068,51.4601791,25.3202133,1468238380.0,4923963078,4923964307
4923964307,51.4582616,25.3201485,1468238390.0,4923964068,4923964903
4923964903,51.4563076,25.3200918,1468238400.0,4923964307,4923965547
4923965547,51.4543396,25.3200498,1468238410.0,4923964903,4923966223
4923966223,51.4523831,25.3199861,1468238420.0,4923965547,4923966729
4923966729,51.4505707959,25.3199282944,1468238430.0,4923966223,4923967330
4923967330,51.4497876078,25.3199079122,1468238440.0,4923966729,4923967951
4923967951,51.4497596049,25.3199169152,1468238450.0,4923967330,4923968577
4923968577,51.4497598002,25.3199285717,1468238460.0,4923967951,4923969212
4923969212,51.4497577999,25.3199344837,1468238470.0,4923968577,4923969835
4923969835,51.4497559994,25.3199400539,1468238480.0,4923969212,None
