4925863330,51.5015213173,25.2811759977,1468267869.0,None,4925863911
4925863911,51.500585548,25.2811351167,1468267879.0,4925863330,4925864880
4925864880,51.4996296706,25.2810456098,1468267889.0,4925863911,4925865057
4925865057,51.4987907114,25.2809760363,1468267899.0,4925864880,4925865198
4925865198,51.4985962045,25.2809107419,1468267902.0,4925865057,4925865763
4925865763,51.4978684669,25.2806491279,1468267911.0,4925865198,4925866356
4925866356,51.4976070958,25.2806175248,1468267914.0,4925865763,4925866430
4925866430,51.4966680735,25.2805463533,1468267923.0,4925866356,4925866946
4925866946,51.4959682535,25.2805214394,1468267931.0,4925866430,4925867140
4925867140,51.4958164569,25.2805549816,1468267934.0,4925866946,4925867558
4925867558,51.4956543826,25.2806117003,1468267941.0,4925867140,4925868098
4925868098,51.4955105213,25.2806732498,1468267950.0,4925867558,4925868253
4925868253,51.4953908,25.2806935,1468267953.0,4925868098,4925868473
4925868473,51.4952413,25.2806906,1468267956.0,4925868253,4925869040
4925869040,51.4946083079,25.2806692927,1468267965.0,4925868473,4925869780
4925869780,51.493739,25.2806043,1468267975.0,4925869040,4925870185
4925870185,51.4926746,25.2805303,1468267985.0,4925869780,4925870729
4925870729,51.4914888,25.2804346,1468267995.0,4925870185,4925871262
4925871262,51.4903021,25.2803241,1468268005.0,4925870729,4925871859
4925871859,51.489224,25.280217,1468268015.0,4925871262,4925872368
4925872368,51.4879765,25.2801215,1468268025.0,4925871859,4925874223
4925874223,51.4835178,25.279759,1468268055.0,4925872368,4925874789
4925874789,51.482281,25.2796433,1468268065.0,4925874223,4925875400
4925875400,51.4810275,25.2795331,1468268075.0,4925874789,4925876054
4925876054,51.4796948,25.2794103,1468268085.0,4925875400,4925876594
4925876594,51.4783083,25.2793156,1468268095.0,4925876054,4925877183
4925877183,51.4768798,25.2792243,1468268105.0,4925876594,4925877810
4925877810,51.475429,25.2791028,1468268115.0,4925877183,4925878490
4925878490,51.4739955,25.2789813,1468268125.0,4925877810,4925879096
4925879096,51.4730103,25.2789318,1468268134.0,4925878490,4925879870
4925879870,51.472849,25.2789728,1468268136.0,4925879096,4925880909
4925880909,51.4725856,25.2790561,1468268140.0,4925879870,4925880960
4925880960,51.4725325,25.2790531,1468268141.0,4925880909,4925881014
4925881014,51.4724815,25.2790403,1468268141.0,4925880960,4925881052
4925881052,51.4724176,25.2790126,1468268142.0,4925881014,4925881100
4925881100,51.4723625,25.2789743,1468268143.0,4925881052,4925881190
4925881190,51.4723068,25.2789176,1468268145.0,4925881100,4925881239
4925881239,51.4722768,25.278864,1468268146.0,4925881190,4925881270
4925881270,51.4722615,25.2788046,1468268147.0,4925881239,4925881325
4925881325,51.4722628,25.2787586,1468268147.0,4925881270,4925881369
4925881369,51.472275,25.2787135,1468268148.0,4925881325,4925881412
4925881412,51.4723088,25.2786421,1468268149.0,4925881369,4925881475
4925881475,51.472359,25.2785765,1468268151.0,4925881412,4925881513
4925881513,51.4724898,25.2784628,1468268153.0,4925881475,4925882023
4925882023,51.4726763,25.2782926,1468268156.0,4925881513,4925882070
4925882070,51.4731455,25.277578,1468268166.0,4925882023,4925882114
4925882114,51.4736506,25.2767048,1468268176.0,4925882070,4925882425
4925882425,51.4741041,25.2757308,1468268186.0,4925882114,4925883042
4925883042,51.4744818,25.2746685,1468268196.0,4925882425,4925883684
4925883684,51.47478,25.2734813,1468268206.0,4925883042,4925884284
4925884284,51.4749863,25.2723355,1468268216.0,4925883684,4925885048
4925885048,51.4751616,25.2712776,1468268226.0,4925884284,4925885547
4925885547,51.4753046,25.2703781,1468268236.0,4925885048,4925886150
4925886150,51.475422,25.269881,1468268246.0,4925885547,4925886756
4925886756,51.475412752,25.2698023747,1468268256.0,4925886150,4925887349
4925887349,51.4753871661,25.2698062918,1468268266.0,4925886756,4925887897
4925887897,51.475372478,25.2698116678,1468268276.0,4925887349,4925888438
4925888438,51.4753645517,25.269822495,1468268286.0,4925887897,4925889087
4925889087,51.47537046,25.2698200558,1468268296.0,4925888438,4925889681
4925889681,51.4753808671,25.269807438,1468268306.0,4925889087,4925890271
4925890271,51.4754903292,25.2695159641,1468268316.0,4925889681,4925890868
4925890868,51.475766,25.2689131,1468268326.0,4925890271,4925891420
4925891420,51.476204,25.2681483,1468268336.0,4925890868,4925892378
4925892378,51.4766878,25.2674271,1468268346.0,4925891420,4925892583
4925892583,51.4771831,25.2666455,1468268356.0,4925892378,None
