4921226560,51.4959601031,25.3104685013,1468185103.0,None,4921226595
4921226595,51.4964570596,25.3107952513,1468185108.0,4921226560,4921226628
4921226628,51.4965108174,25.3108734761,1468185109.0,4921226595,4921226657
4921226657,51.4965437638,25.3109438368,1468185110.0,4921226628,4921226687
4921226687,51.496557295,25.3110226938,1468185111.0,4921226657,4921226724
4921226724,51.4965489056,25.3111283395,1468185112.0,4921226687,4921226769
4921226769,51.4965031207,25.3112596969,1468185113.0,4921226724,4921226806
4921226806,51.4959824138,25.3125150827,1468185122.0,4921226769,4921226845
4921226845,51.4957597384,25.3134287146,1468185128.0,4921226806,4921226866
4921226866,51.4956640446,25.3146754933,1468185137.0,4921226845,4921226912
4921226912,51.4958003898,25.3160237632,1468185147.0,4921226866,4921226938
4921226938,51.4958967074,25.3163138332,1468185149.0,4921226912,4921226973
4921226973,51.4959724628,25.316417895,1468185150.0,4921226938,4921227014
4921227014,51.4960830245,25.3165194209,1468185152.0,4921226973,4921227059
4921227059,51.4961774422,25.3165733891,1468185153.0,4921227014,4921227762
4921227762,51.4962484768,25.3165957746,1468185153.0,4921227059,4921227787
4921227787,51.4963395364,25.3166018912,1468185154.0,4921227762,4921227815
4921227815,51.4963803184,25.316592696,1468185155.0,4921227787,4921228556
4921228556,51.4964362947,25.3165736557,1468185156.0,4921227815,4921228585
4921228585,51.4965586515,25.316552495,1468185157.0,4921228556,4921228617
4921228617,51.4966211252,25.316560648,1468185158.0,4921228585,4921228649
4921228649,51.4966631176,25.3165754912,1468185158.0,4921228617,4921228694
4921228694,51.4966983835,25.3165995278,1468185159.0,4921228649,4921228727
4921228727,51.4970737563,25.316862204,1468185164.0,4921228694,4921228754
4921228754,51.4973249279,25.3170362963,1468185167.0,4921228727,4921228806
4921228806,51.4974319999,25.3170730384,1468185168.0,4921228754,4921228843
4921228843,51.4975234597,25.3170807732,1468185169.0,4921228806,4921228876
4921228876,51.4975897954,25.3170696352,1468185170.0,4921228843,4921229591
4921229591,51.49768036,25.3170380269,1468185171.0,4921228876,4921229631
4921229631,51.4987785019,25.3165711867,1468185180.0,4921229591,4921229666
4921229666,51.5004124422,25.315858525,1468185190.0,4921229631,4921242823
4921242823,51.5021788,25.3150856,1468185200.0,4921229666,None
