4923716512,51.502312,25.3001825,1468233213.0,None,4923716547
4923716547,51.5022216,25.300234,1468233214.0,4923716512,4923716575
4923716575,51.5021473,25.3003055,1468233215.0,4923716547,4923716639
4923716639,51.5018148,25.3007103,1468233220.0,4923716575,4923716677
4923716677,51.5009130985,25.3020863,1468233230.0,4923716639,4923717016
4923717016,51.49992,25.3036741,1468233240.0,4923716677,4923717645
4923717645,51.4992456,25.305012,1468233255.0,4923717016,4923718068
4923718068,51.498819,25.3062905,1468233265.0,4923717645,4923718514
4923718514,51.498247,25.3079023,1468233275.0,4923718068,4923718921
4923718921,51.4975113,25.3093346,1468233285.0,4923718514,4923719314
4923719314,51.4970937942,25.3099923781,1468233294.0,4923718921,4923719751
4923719751,51.4970998335,25.3100011352,1468233304.0,4923719314,4923720206
4923720206,51.4970973745,25.3100071151,1468233314.0,4923719751,4923720614
4923720614,51.4970971629,25.3100184079,1468233324.0,4923720206,4923721003
4923721003,51.4971041806,25.3100224727,1468233334.0,4923720614,4923721412
4923721412,51.4971117409,25.3100257393,1468233344.0,4923721003,4923721718
4923721718,51.4971200415,25.310026893,1468233354.0,4923721412,4923722185
4923722185,51.4971277663,25.3100258465,1468233364.0,4923721718,4923722619
4923722619,51.4970285,25.310159,1468233374.0,4923722185,4923723053
4923723053,51.4967267999,25.3106436001,1468233384.0,4923722619,4923723185
4923723185,51.4966628572,25.3107294214,1468233386.0,4923723053,4923723228
4923723228,51.4966381,25.3107411055,1468233387.0,4923723185,4923723251
4923723251,51.4966115,25.3107476,1468233388.0,4923723228,4923723273
4923723273,51.4965959294,25.3107397318,1468233388.0,4923723251,4923723293
4923723293,51.4965878589,25.3107347936,1468233389.0,4923723273,4923723315
4923723315,51.4965818613,25.3107287501,1468233389.0,4923723293,4923723352
4923723352,51.4965734469,25.3107147577,1468233389.0,4923723315,4923723370
4923723370,51.4965711757,25.3107074118,1468233390.0,4923723352,4923723398
4923723398,51.4965701214,25.3106890094,1468233390.0,4923723370,4923723437
4923723437,51.4965752397,25.3106716091,1468233391.0,4923723398,4923723474
4923723474,51.4965841484,25.3106502085,1468233391.0,4923723437,4923723494
4923723494,51.4966307347,25.310571609,1468233393.0,4923723474,4923723776
4923723776,51.4971524838,25.309675932,1468233402.0,4923723494,4923724152
4923724152,51.4978268331,25.3084169959,1468233412.0,4923723776,4923724569
4923724569,51.498437431,25.3068816424,1468233422.0,4923724152,4923724983
4923724983,51.4989313333,25.3052469391,1468233432.0,4923724569,4923725640
4923725640,51.4995845509,25.3037856747,1468233442.0,4923724983,4923725689
4923725689,51.4998584548,25.3031812031,1468233449.0,4923725640,4923726036
4923726036,51.500014753,25.3029544796,1468233458.0,4923725689,4923726225
4923726225,51.5000669249,25.3028919647,1468233463.0,4923726036,4923726636
4923726636,51.5004489804,25.3022677445,1468233473.0,4923726225,4923726858
4923726858,51.5005665762,25.3020519513,1468233479.0,4923726636,4923727256
4923727256,51.5006307251,25.3020283142,1468233488.0,4923726858,4923727675
4923727675,51.5006368722,25.3020239777,1468233498.0,4923727256,4923728130
4923728130,51.5006190145,25.3020079573,1468233508.0,4923727675,4923728624
4923728624,51.5006016523,25.3019935518,1468233518.0,4923728130,4923729076
4923729076,51.5005895282,25.301993748,1468233528.0,4923728624,4923729499
4923729499,51.500598073,25.3020040175,1468233538.0,4923729076,4923729974
4923729974,51.5006099995,25.3020106973,1468233548.0,4923729499,4923730347
4923730347,51.5006188466,25.3020174552,1468233558.0,4923729974,4923730781
4923730781,51.5006321614,25.3020372716,1468233568.0,4923730347,4923731155
4923731155,51.5006220404,25.3020301401,1468233578.0,4923730781,4923731586
4923731586,51.5006406331,25.3020492017,1468233588.0,4923731155,4923731967
4923731967,51.5006372041,25.3020453314,1468233598.0,4923731586,4923733604
4923733604,51.5006191199,25.301993229,1468233634.0,4923731967,4923733631
4923733631,51.5006274578,25.3019842459,1468233635.0,4923733604,4923733971
4923733971,51.500921202,25.301550913,1468233645.0,4923733631,4923734204
4923734204,51.5010426,25.3013881,1468233650.0,4923733971,4923734265
4923734265,51.5010441,25.3013766,1468233651.0,4923734204,4923734333
4923734333,51.5010532207,25.3013257068,1468233653.0,4923734265,4923734376
4923734376,51.5010430665,25.3013094431,1468233653.0,4923734333,4923734400
4923734400,51.5010307485,25.3012930117,1468233654.0,4923734376,4923734438
4923734438,51.501023225,25.3012918705,1468233654.0,4923734400,4923734511
4923734511,51.5010142512,25.3012897152,1468233655.0,4923734438,4923734563
4923734563,51.5010045795,25.3012887643,1468233655.0,4923734511,4923734599
4923734599,51.5009469828,25.3012485733,1468233657.0,4923734563,4923734905
4923734905,51.5009287978,25.3012199965,1468233665.0,4923734599,4923735058
4923735058,51.5008823,25.3011878,1468233668.0,4923734905,4923735450
4923735450,51.5007785,25.301093,1468233678.0,4923735058,4923735840
4923735840,51.5005513,25.3009476,1468233688.0,4923735450,4923736381
4923736381,51.5001975,25.3006883,1468233698.0,4923735840,4923736466
4923736466,51.5001293,25.3006438,1468233699.0,4923736381,4923736837
4923736837,51.4997085,25.3003661,1468233709.0,4923736466,4923737119
4923737119,51.4994953,25.3002316,1468233716.0,4923736837,4923737162
4923737162,51.499487,25.3002171,1468233717.0,4923737119,4923737195
4923737195,51.4994848,25.300207,1468233717.0,4923737162,4923737232
4923737232,51.499487,25.3001851,1468233718.0,4923737195,4923737281
4923737281,51.4994981,25.300163,1468233719.0,4923737232,4923737316
4923737316,51.499531,25.3001158,1468233720.0,4923737281,4923737736
4923737736,51.4999738,25.2995186,1468233730.0,4923737316,4923737875
4923737875,51.5000688,25.2993111,1468233734.0,4923737736,4923737957
4923737957,51.5000508,25.2992386,1468233735.0,4923737875,4923738017
4923738017,51.5000376,25.299219,1468233736.0,4923737957,4923738035
4923738035,51.5000241,25.299205,1468233737.0,4923738017,4923738103
4923738103,51.500012,25.2991953,1468233738.0,4923738035,4923738264
4923738264,51.4999291,25.299124,1468233742.0,4923738103,4923738303
4923738303,51.499901,25.2991131,1468233743.0,4923738264,4923738329
4923738329,51.4998738,25.2991098,1468233744.0,4923738303,4923738365
4923738365,51.499847,25.2991123,1468233745.0,4923738329,4923738394
4923738394,51.49982,25.2991218,1468233745.0,4923738365,4923738432
4923738432,51.499791,25.29914,1468233746.0,4923738394,4923738500
4923738500,51.4997328,25.2991898,1468233748.0,4923738432,4923738915
4923738915,51.4993353,25.2995295,1468233757.0,4923738500,4923739066
4923739066,51.4992247511,25.2996113634,1468233761.0,4923738915,4923739110
4923739110,51.4991903,25.299625,1468233763.0,4923739066,4923739131
4923739131,51.4991813,25.299619,1468233763.0,4923739110,4923739153
4923739153,51.4991735961,25.2996097951,1468233763.0,4923739131,4923739180
4923739180,51.4991677519,25.2996034742,1468233763.0,4923739153,4923739237
4923739237,51.4991541,25.2995911,1468233764.0,4923739180,4923739285
4923739285,51.499121007,25.2995465635,1468233765.0,4923739237,4923739597
4923739597,51.4989991683,25.2993938803,1468233775.0,4923739285,4923740034
4923740034,51.4989711735,25.2993887593,1468233785.0,4923739597,4923740475
4923740475,51.4989439737,25.2993945493,1468233795.0,4923740034,4923740890
4923740890,51.4989354564,25.2993891425,1468233805.0,4923740475,None
