4921841361,51.4463241124,25.3195766535,1468198974.0,None,4921841392
4921841392,51.4471703131,25.3195503668,1468198980.0,4921841361,4921841426
4921841426,51.4472707265,25.3195134913,1468198981.0,4921841392,4921841443
4921841443,51.447340699,25.3194670947,1468198981.0,4921841426,4921841473
4921841473,51.4474204284,25.3193938712,1468198982.0,4921841443,4921841492
4921841492,51.4474989042,25.3192787142,1468198984.0,4921841473,4921841512
4921841512,51.4478135734,25.3189255948,1468198987.0,4921841492,4921841534
4921841534,51.4482476149,25.3185798948,1468198991.0,4921841512,4921841558
4921841558,51.4484391878,25.3184921719,1468198993.0,4921841534,4921841589
4921841589,51.4486027777,25.3184576278,1468198994.0,4921841558,4921841626
4921841626,51.4487925338,25.3184492993,1468198996.0,4921841589,4921841647
4921841647,51.4490956144,25.3184295485,1468198999.0,4921841626,4921841680
4921841680,51.4491870602,25.3183894979,1468199000.0,4921841647,4921841703
4921841703,51.4492505421,25.3183416528,1468199000.0,4921841680,4921841735
4921841735,51.4493449098,25.3182448612,1468199002.0,4921841703,4921841756
4921841756,51.4499667997,25.3174228591,1468199009.0,4921841735,4921841784
4921841784,51.4501727557,25.3169849081,1468199012.0,4921841756,4921841815
4921841815,51.4507552444,25.3154327805,1468199022.0,4921841784,4921841836
4921841836,51.4515862809,25.3138746011,1468199032.0,4921841815,4921841863
4921841863,51.4524244557,25.3123237977,1468199042.0,4921841836,4921841888
4921841888,51.4533863358,25.3107305657,1468199052.0,4921841863,4921841916
4921841916,51.4542199516,25.3091208998,1468199062.0,4921841888,4921841966
4921841966,51.4544745015,25.3082948565,1468199067.0,4921841916,4921841985
4921841985,51.4545699734,25.30729083,1468199072.0,4921841966,4921842006
4921842006,51.4544714208,25.306470843,1468199077.0,4921841985,4921842030
4921842030,51.4541696381,25.305567346,1468199083.0,4921842006,4921842052
4921842052,51.4538043518,25.3049184682,1468199088.0,4921842030,4921842077
4921842077,51.4537054879,25.3048196708,1468199089.0,4921842052,4921842102
4921842102,51.4535595772,25.3047286465,1468199091.0,4921842077,4921842124
4921842124,51.4533931297,25.3046093582,1468199093.0,4921842102,4921842147
4921842147,51.4533534527,25.3045451605,1468199093.0,4921842124,4921842182
4921842182,51.4533344155,25.3044708758,1468199094.0,4921842147,4921842215
4921842215,51.4533331106,25.3043930238,1468199095.0,4921842182,4921842243
4921842243,51.4533474947,25.3043177881,1468199096.0,4921842215,4921842269
4921842269,51.4533860308,25.3042197276,1468199097.0,4921842243,4921842298
4921842298,51.4534352,25.3041575187,1468199097.0,4921842269,4921842319
4921842319,51.4535018563,25.304111327,1468199098.0,4921842298,4921842341
4921842341,51.4535554002,25.3040882844,1468199099.0,4921842319,4921842374
4921842374,51.4536388775,25.3040803465,1468199099.0,4921842341,4921843029
4921843029,51.4542705,25.3039635,1468199104.0,4921842374,4921843045
4921843045,51.4558238,25.3032206,1468199114.0,4921843029,4921843072
4921843072,51.4575127997,25.3024178007,1468199124.0,4921843045,4921843102
4921843102,51.457947304,25.3022024994,1468199128.0,4921843072,4921843118
4921843118,51.4579850003,25.3021594222,1468199129.0,4921843102,4921843138
4921843138,51.4580158763,25.3020984632,1468199130.0,4921843118,4921843155
4921843155,51.4580262945,25.3020493978,1468199131.0,4921843138,4921843191
4921843191,51.4580325,25.3019478,1468199132.0,4921843155,4921843217
4921843217,51.4580219597,25.3019137929,1468199133.0,4921843191,4921843231
4921843231,51.4580104525,25.301904703,1468199134.0,4921843217,4921843261
4921843261,51.4580024575,25.3018996071,1468199135.0,4921843231,4921843285
4921843285,51.4579952603,25.3018953668,1468199136.0,4921843261,4921843306
4921843306,51.4579247803,25.3018750337,1468199145.0,4921843285,4921843332
4921843332,51.4579125758,25.3018819747,1468199145.0,4921843306,4921843356
4921843356,51.4579055723,25.3018866278,1468199146.0,4921843332,4921843379
4921843379,51.4578922623,25.3018967921,1468199147.0,4921843356,4921843400
4921843400,51.4578039429,25.301970522,1468199151.0,4921843379,4921843424
4921843424,51.4577726223,25.3019944839,1468199152.0,4921843400,4921843443
4921843443,51.4577181677,25.302021883,1468199154.0,4921843424,4921843468
4921843468,51.4575385683,25.3021064657,1468199160.0,4921843443,4921843495
4921843495,51.4575320655,25.3021160456,1468199161.0,4921843468,4921843505
4921843505,51.4575255546,25.3021314671,1468199161.0,4921843495,4921843531
4921843531,51.4575215995,25.302153598,1468199162.0,4921843505,4921843562
4921843562,51.4575220629,25.3021695276,1468199163.0,4921843531,4921843592
4921843592,51.4575254687,25.3021880306,1468199163.0,4921843562,4921843620
4921843620,51.457532454,25.3022056408,1468199164.0,4921843592,4921843649
4921843649,51.4575427197,25.3022707894,1468199174.0,4921843620,4921843678
4921843678,51.4575643572,25.3022688237,1468199184.0,4921843649,4921843703
4921843703,51.4575479217,25.3022679484,1468199194.0,4921843678,4921843726
4921843726,51.4575464857,25.3022623546,1468199204.0,4921843703,4921843753
4921843753,51.4575451038,25.3022611275,1468199214.0,4921843726,4921843786
4921843786,51.4575465112,25.3022583946,1468199224.0,4921843753,4921843807
4921843807,51.457544937,25.3022570493,1468199234.0,4921843786,None
