4924860651,51.4433678,25.2939048,1468251589.0,None,4924860721
4924860721,51.4443123,25.2947348,1468251599.0,4924860651,4924860774
4924860774,51.4452465102,25.2954707459,1468251609.0,4924860721,4924860831
4924860831,51.4461023454,25.2960949491,1468251619.0,4924860774,4924860892
4924860892,51.4466811329,25.2965046938,1468251629.0,4924860831,4924860998
4924860998,51.4467088033,25.2965386167,1468251631.0,4924860892,4924861060
4924861060,51.4467305808,25.2965542796,1468251632.0,4924860998,4924861123
4924861123,51.446740168,25.2965601336,1468251633.0,4924861060,4924861174
4924861174,51.4467567792,25.2965604299,1468251633.0,4924861123,4924861218
4924861218,51.4468788208,25.2965829991,1468251637.0,4924861174,4924861279
4924861279,51.4471006034,25.2966223857,1468251642.0,4924861218,4924861357
4924861357,51.4471357527,25.2966424821,1468251643.0,4924861279,4924861393
4924861393,51.4471627713,25.29667205,1468251643.0,4924861357,4924861455
4924861455,51.4471977281,25.2967093875,1468251644.0,4924861393,4924861527
4924861527,51.4472212114,25.2967571059,1468251645.0,4924861455,4924861567
4924861567,51.4472407842,25.2968209579,1468251647.0,4924861527,4924861622
4924861622,51.4472457758,25.2968738547,1468251648.0,4924861567,4924861676
4924861676,51.4472396848,25.2969207364,1468251648.0,4924861622,4924861731
4924861731,51.4472241007,25.2969846391,1468251649.0,4924861676,4924861783
4924861783,51.4471909548,25.2970501349,1468251650.0,4924861731,4924861849
4924861849,51.4471482801,25.2971040283,1468251651.0,4924861783,4924861903
4924861903,51.4470828138,25.2971575342,1468251653.0,4924861849,4924861964
4924861964,51.4469941875,25.297200852,1468251654.0,4924861903,4924861991
4924861991,51.4468948601,25.2972329828,1468251656.0,4924861964,4924862035
4924862035,51.4467618724,25.2972551682,1468251658.0,4924861991,4924862085
4924862085,51.4466530751,25.297249775,1468251660.0,4924862035,4924862146
4924862146,51.4465905213,25.2972359582,1468251661.0,4924862085,4924862211
4924862211,51.4463264112,25.297163016,1468251665.0,4924862146,4924862298
4924862298,51.4462521749,25.2971725404,1468251666.0,4924862211,4924862404
4924862404,51.4461330696,25.2972005044,1468251667.0,4924862298,4924862474
4924862474,51.4460143273,25.2972484355,1468251669.0,4924862404,4924862555
4924862555,51.4459036325,25.297315411,1468251672.0,4924862474,4924862612
4924862612,51.4458712144,25.2973505598,1468251673.0,4924862555,4924862664
4924862664,51.4458568551,25.2973782079,1468251673.0,4924862612,4924862705
4924862705,51.4458494234,25.2974088739,1468251674.0,4924862664,4924862768
4924862768,51.4458510181,25.297429599,1468251675.0,4924862705,4924862823
4924862823,51.4458561317,25.2974452731,1468251675.0,4924862768,4924862867
4924862867,51.4458656195,25.2974656069,1468251676.0,4924862823,4924862927
4924862927,51.4458740174,25.2974723959,1468251677.0,4924862867,4924862979
4924862979,51.4458801113,25.2974775631,1468251677.0,4924862927,4924863055
4924863055,51.4459326002,25.2975383011,1468251681.0,4924862979,4924863114
4924863114,51.4460223,25.2975861,1468251684.0,4924863055,4924863185
4924863185,51.4460498,25.297591,1468251685.0,4924863114,4924863241
4924863241,51.4463778,25.2976568,1468251695.0,4924863185,4924863308
4924863308,51.4464675,25.2976723,1468251699.0,4924863241,4924863379
4924863379,51.4465214987,25.2977093003,1468251709.0,4924863308,4924863428
4924863428,51.4465544145,25.2977379454,1468251719.0,4924863379,4924863492
4924863492,51.4465499253,25.2977305275,1468251729.0,4924863428,4924863561
4924863561,51.4465197824,25.2977924026,1468251739.0,4924863492,4924863623
4924863623,51.4465598151,25.2978058796,1468251749.0,4924863561,4924863671
4924863671,51.446560591,25.2978274867,1468251759.0,4924863623,4924863720
4924863720,51.4465742468,25.2978176266,1468251769.0,4924863671,4924863772
4924863772,51.4465922599,25.2978385141,1468251779.0,4924863720,4924863798
4924863798,51.4465930543,25.2978329004,1468251789.0,4924863772,4924863871
4924863871,51.4465862504,25.297895576,1468251799.0,4924863798,4924863928
4924863928,51.4466091998,25.2978886671,1468251809.0,4924863871,4924863968
4924863968,51.4466242503,25.297877188,1468251819.0,4924863928,4924864051
4924864051,51.4466228144,25.2978898971,1468251829.0,4924863968,4924864111
4924864111,51.446633795,25.2979073644,1468251839.0,4924864051,4924864171
4924864171,51.4466396421,25.2979275185,1468251849.0,4924864111,4924873341
4924873341,51.4466732271,25.2979147122,1468252003.0,4924864171,4924873956
4924873956,51.4466812059,25.298089736,1468252013.0,4924873341,4924874164
4924874164,51.4466950046,25.2981840418,1468252016.0,4924873956,4924874223
4924874223,51.4467057494,25.2981993448,1468252017.0,4924874164,4924874272
4924874272,51.4467173714,25.2982031053,1468252018.0,4924874223,4924874348
4924874348,51.4467336771,25.2982144881,1468252018.0,4924874272,4924874396
4924874396,51.4467700285,25.2982302058,1468252020.0,4924874348,4924874454
4924874454,51.4467826971,25.2982298747,1468252020.0,4924874396,4924874607
4924874607,51.4468044759,25.2982310573,1468252021.0,4924874454,4924874723
4924874723,51.4468239644,25.2982271284,1468252022.0,4924874607,4924875067
4924875067,51.4468503685,25.2982090099,1468252028.0,4924874723,4924875140
4924875140,51.4468475733,25.2982043344,1468252028.0,4924875067,4924875209
4924875209,51.446852141,25.2981871304,1468252029.0,4924875140,4924875276
4924875276,51.4468508891,25.2981465688,1468252031.0,4924875209,4924875736
4924875736,51.446793463,25.2979097638,1468252038.0,4924875276,4924876353
4924876353,51.4467021132,25.2975029774,1468252048.0,4924875736,4924877130
4924877130,51.4466521285,25.2973684482,1468252058.0,4924876353,4924877323
4924877323,51.4466168097,25.2973184233,1468252062.0,4924877130,4924877849
4924877849,51.4464621131,25.2971612038,1468252069.0,4924877323,4924877956
4924877956,51.4464348795,25.2971006074,1468252071.0,4924877849,4924878064
4924878064,51.4464177881,25.2970276457,1468252073.0,4924877956,4924878163
4924878163,51.4464199645,25.2969591471,1468252074.0,4924878064,4924878207
4924878207,51.4464363812,25.296912199,1468252075.0,4924878163,4924878268
4924878268,51.4464731571,25.2968472865,1468252077.0,4924878207,4924878352
4924878352,51.4465225731,25.2967853068,1468252078.0,4924878268,4924878436
4924878436,51.4465661534,25.2967522589,1468252079.0,4924878352,4924879079
4924879079,51.4466170771,25.2967247616,1468252080.0,4924878436,4924879190
4924879190,51.4466901583,25.296699555,1468252081.0,4924879079,4924879271
4924879271,51.4468674508,25.296653389,1468252084.0,4924879190,4924879321
4924879321,51.4469473954,25.2966560254,1468252085.0,4924879271,4924879448
4924879448,51.4470362969,25.2966785801,1468252086.0,4924879321,4924879539
4924879539,51.4471189783,25.2967206134,1468252088.0,4924879448,4924879714
4924879714,51.4471532293,25.2967592183,1468252088.0,4924879539,4924879799
4924879799,51.4471869245,25.2968063495,1468252089.0,4924879714,4924879853
4924879853,51.4472103643,25.2968621048,1468252090.0,4924879799,4924879946
4924879946,51.4472174822,25.2969207249,1468252091.0,4924879853,4924880022
4924880022,51.4472145107,25.2969798601,1468252092.0,4924879946,4924880084
4924880084,51.4471900222,25.2970648651,1468252094.0,4924880022,4924880225
4924880225,51.447114237,25.2972048081,1468252096.0,4924880084,4924880283
4924880283,51.4469942037,25.297459834,1468252099.0,4924880225,4924880348
4924880348,51.446977754,25.2976104894,1468252101.0,4924880283,4924880404
4924880404,51.4469963468,25.2977330188,1468252103.0,4924880348,4924880451
4924880451,51.4471186695,25.2982592222,1468252108.0,4924880404,4924880922
4924880922,51.4475163974,25.2990939577,1468252116.0,4924880451,4924881238
4924881238,51.4479390432,25.2996312864,1468252120.0,4924880922,4924881801
4924881801,51.4491368798,25.3007137969,1468252130.0,4924881238,4924882397
4924882397,51.4504332922,25.3018095964,1468252140.0,4924881801,4924883172
4924883172,51.4517409141,25.302826634,1468252150.0,4924882397,4924883754
4924883754,51.4529385296,25.3036297635,1468252160.0,4924883172,4924884301
4924884301,51.4535921549,25.3040321937,1468252170.0,4924883754,4924884637
4924884637,51.45386326,25.3041690382,1468252176.0,4924884301,4924884807
4924884807,51.4538883316,25.3042076587,1468252177.0,4924884637,4924885011
4924885011,51.4539155644,25.3042598479,1468252178.0,4924884807,4924885077
4924885077,51.4539227353,25.304315257,1468252178.0,4924885011,4924885117
4924885117,51.4539271269,25.304441387,1468252180.0,4924885077,4924885353
4924885353,51.4539323833,25.3047782679,1468252185.0,4924885117,4924885418
4924885418,51.4539819174,25.3048943486,1468252186.0,4924885353,None
