4923460273,51.5004556483,25.2947207752,1468227797.0,None,4923460757
4923460757,51.5004452023,25.2947140245,1468227807.0,4923460273,4923461243
4923461243,51.5004463569,25.2947208864,1468227817.0,4923460757,4923461691
4923461691,51.5004589886,25.2947376122,1468227827.0,4923461243,4923462143
4923462143,51.5004677732,25.2947387167,1468227837.0,4923461691,4923462591
4923462591,51.5004607962,25.2947181445,1468227847.0,4923462143,4923463055
4923463055,51.500450214,25.2947045398,1468227857.0,4923462591,4923463521
4923463521,51.5004401102,25.2946957547,1468227867.0,4923463055,4923463991
4923463991,51.5004297634,25.2946848565,1468227877.0,4923463521,4923464458
4923464458,51.5004283323,25.2946416075,1468227887.0,4923463991,4923464877
4923464877,51.5004316229,25.2946221756,1468227897.0,4923464458,None
