4924793552,51.4937610928,25.2804005787,1468250784.0,None,4924794236
4924794236,51.4937668254,25.2803970337,1468250794.0,4924793552,4924794859
4924794859,51.4937579909,25.2803815025,1468250804.0,4924794236,4924795494
4924795494,51.4937479635,25.280369984,1468250814.0,4924794859,4924796169
4924796169,51.4937546434,25.2803772172,1468250824.0,4924795494,4924796757
4924796757,51.4937543761,25.2803804897,1468250834.0,4924796169,4924797414
4924797414,51.4937357999,25.280369808,1468250844.0,4924796757,4924798149
4924798149,51.4937372998,25.2803656002,1468250854.0,4924797414,4924798803
4924798803,51.4937510586,25.2803715674,1468250864.0,4924798149,4924802732
4924802732,51.4940768131,25.2804327855,1468250922.0,4924798803,4924802851
4924802851,51.4942034346,25.2804740729,1468250924.0,4924802732,4924802912
4924802912,51.4942864171,25.2805250275,1468250925.0,4924802851,4924802973
4924802973,51.4943571781,25.2805979316,1468250926.0,4924802912,4924803038
4924803038,51.4944267713,25.2807151916,1468250927.0,4924802973,4924803318
4924803318,51.4945943709,25.2811652811,1468250931.0,4924803038,4924803850
4924803850,51.4948920486,25.2825064428,1468250940.0,4924803318,4924804578
4924804578,51.4952341837,25.2841924637,1468250950.0,4924803850,4924805214
4924805214,51.4955720827,25.2858098184,1468250960.0,4924804578,4924805908
4924805908,51.4958911031,25.2872941316,1468250970.0,4924805214,4924807958
4924807958,51.4961661893,25.2886160945,1468250980.0,4924805908,4924808022
4924808022,51.4963799303,25.2896646578,1468250990.0,4924807958,4924808061
4924808061,51.4964787404,25.2901964091,1468251000.0,4924808022,4924808758
4924808758,51.4964769163,25.2901992788,1468251010.0,4924808061,4924809507
4924809507,51.4964681077,25.2902181255,1468251020.0,4924808758,4924810189
4924810189,51.4964642824,25.2902258546,1468251030.0,4924809507,4924810932
4924810932,51.4964675869,25.2902547968,1468251040.0,4924810189,4924811592
4924811592,51.4964592303,25.2902760684,1468251050.0,4924810932,4924812186
4924812186,51.4964547091,25.2902888394,1468251060.0,4924811592,4924812850
4924812850,51.4964322348,25.2902990248,1468251070.0,4924812186,4924813514
4924813514,51.4964183322,25.2902977553,1468251080.0,4924812850,4924814139
4924814139,51.4964128265,25.2902831255,1468251090.0,4924813514,4924814817
4924814817,51.4964068239,25.2902660266,1468251100.0,4924814139,4924815423
4924815423,51.4964123082,25.2902558691,1468251110.0,4924814817,4924816071
4924816071,51.4964295927,25.2902908535,1468251120.0,4924815423,4924816131
4924816131,51.4964373881,25.2903325922,1468251121.0,4924816071,4924816777
4924816777,51.4966192302,25.2909797492,1468251131.0,4924816131,4924817398
4924817398,51.4967792183,25.2916803636,1468251141.0,4924816777,4924834453
4924834453,51.4968187374,25.2917652225,1468251142.0,4924817398,4924834504
4924834504,51.4968624374,25.2918155704,1468251143.0,4924834453,4924834553
4924834553,51.4969037851,25.2918483915,1468251144.0,4924834504,4924834596
4924834596,51.4971147697,25.2920217023,1468251148.0,4924834553,4924834643
4924834643,51.4971318701,25.2920640077,1468251149.0,4924834596,4924834684
4924834684,51.4971463441,25.2921265552,1468251150.0,4924834643,4924834726
4924834726,51.4971447769,25.2921910063,1468251151.0,4924834684,4924834770
4924834770,51.4971310586,25.2922529493,1468251152.0,4924834726,4924834815
4924834815,51.4970944402,25.2923240355,1468251153.0,4924834770,4924834850
4924834850,51.4970013994,25.2925238975,1468251156.0,4924834815,4924834895
4924834895,51.4969959917,25.2926312566,1468251157.0,4924834850,4924834933
4924834933,51.4970391373,25.2929485044,1468251161.0,4924834895,4924834975
4924834975,51.4972623361,25.2938759686,1468251170.0,4924834933,4924835017
4924835017,51.4977361025,25.2951041901,1468251180.0,4924834975,4924835063
4924835063,51.4984227985,25.2963152382,1468251190.0,4924835017,4924835099
4924835099,51.4992781914,25.2973502951,1468251199.0,4924835063,4924835140
4924835140,51.500302157,25.2982914459,1468251208.0,4924835099,4924835188
4924835188,51.501310193,25.2989700823,1468251218.0,4924835140,4924835234
4924835234,51.5018361346,25.2992707503,1468251228.0,4924835188,4924835277
4924835277,51.5020586814,25.2993757029,1468251232.0,4924835234,4924835315
4924835315,51.5021581133,25.2993952006,1468251234.0,4924835277,4924835368
4924835368,51.5022493032,25.2993915286,1468251235.0,4924835315,4924835398
4924835398,51.5023398945,25.2993682085,1468251236.0,4924835368,4924835448
4924835448,51.5024039298,25.2993351603,1468251237.0,4924835398,None
