4925257259,51.4966018147,25.2901439159,1468258155.0,None,4925257788
4925257788,51.4965951559,25.2901490713,1468258165.0,4925257259,4925258119
4925258119,51.4965288074,25.2902019575,1468258171.0,4925257788,4925258240
4925258240,51.4965116562,25.2902166802,1468258172.0,4925258119,4925258747
4925258747,51.4964894215,25.290250163,1468258182.0,4925258240,4925259291
4925259291,51.4964766676,25.290245941,1468258192.0,4925258747,4925259932
4925259932,51.4964668095,25.2902532124,1468258202.0,4925259291,4925260473
4925260473,51.4964606557,25.2902570905,1468258212.0,4925259932,4925261112
4925261112,51.4964706537,25.2902581511,1468258222.0,4925260473,4925261659
4925261659,51.4964733047,25.2902615879,1468258232.0,4925261112,4925262288
4925262288,51.4964713964,25.2902748013,1468258242.0,4925261659,4925262856
4925262856,51.4964881145,25.2902735236,1468258252.0,4925262288,4925263402
4925263402,51.4965238322,25.2902683778,1468258262.0,4925262856,4925263935
4925263935,51.4965893364,25.2902168229,1468258272.0,4925263402,4925264505
4925264505,51.4965165874,25.2902794907,1468258282.0,4925263935,4925269467
4925269467,51.4963935621,25.2904302114,1468258373.0,4925264505,4925269921
4925269921,51.4964571341,25.2909067543,1468258383.0,4925269467,4925270445
4925270445,51.4966018083,25.2916782984,1468258393.0,4925269921,4925271052
4925271052,51.4966843836,25.2918466606,1468258395.0,4925270445,4925271113
4925271113,51.4967145286,25.2918787066,1468258396.0,4925271052,4925271151
4925271151,51.4967703433,25.2919121996,1468258397.0,4925271113,4925271236
4925271236,51.4968680956,25.291949471,1468258399.0,4925271151,4925271287
4925271287,51.4970156284,25.2920366657,1468258401.0,4925271236,4925271339
4925271339,51.4970544702,25.292085541,1468258402.0,4925271287,4925271390
4925271390,51.4970643801,25.2921365679,1468258403.0,4925271339,4925271431
4925271431,51.4970786833,25.2922235356,1468258404.0,4925271390,4925271464
4925271464,51.4970644343,25.2922540122,1468258405.0,4925271431,4925271497
4925271497,51.4970203364,25.2923900329,1468258407.0,4925271464,4925271530
4925271530,51.4969870152,25.2924369187,1468258408.0,4925271497,4925271573
4925271573,51.496918764,25.2924984357,1468258410.0,4925271530,4925271611
4925271611,51.4968750609,25.2925229655,1468258410.0,4925271573,4925271670
4925271670,51.4968089911,25.2925489487,1468258411.0,4925271611,4925271733
4925271733,51.4967201895,25.2925639331,1468258413.0,4925271670,4925271774
4925271774,51.496639659,25.2925616829,1468258414.0,4925271733,4925271817
4925271817,51.4965514153,25.2925343353,1468258415.0,4925271774,4925271895
4925271895,51.496203862,25.2924545923,1468258420.0,4925271817,4925271948
4925271948,51.4960991532,25.2924670512,1468258421.0,4925271895,4925272465
4925272465,51.4951489236,25.2926418047,1468258431.0,4925271948,4925273067
4925273067,51.4940276233,25.2928264583,1468258441.0,4925272465,4925273595
4925273595,51.492662995,25.2930437544,1468258451.0,4925273067,4925274168
4925274168,51.4912590075,25.2932000435,1468258461.0,4925273595,4925274696
4925274696,51.4898826252,25.2931354071,1468258471.0,4925274168,4925275173
4925275173,51.488626732,25.2930227857,1468258480.0,4925274696,4925275457
4925275457,51.4879241454,25.2931211082,1468258484.0,4925275173,4925275674
4925275674,51.4872801253,25.2933356705,1468258489.0,4925275457,4925276171
4925276171,51.4858932602,25.2939630405,1468258499.0,4925275674,4925276472
4925276472,51.4850338114,25.2942011843,1468258505.0,4925276171,4925276938
4925276938,51.4836096622,25.2944272112,1468258514.0,4925276472,4925277444
4925277444,51.4819361187,25.2946918184,1468258524.0,4925276938,4925278380
4925278380,51.4801614738,25.2949178517,1468258534.0,4925277444,4925278610
4925278610,51.4783393598,25.2950929207,1468258544.0,4925278380,4925279179
4925279179,51.4765367171,25.295195558,1468258554.0,4925278610,4925280498
4925280498,51.4747640839,25.2952423539,1468258564.0,4925279179,4925280534
4925280534,51.4729815446,25.2952316907,1468258574.0,4925280498,4925280806
4925280806,51.4710979307,25.2951628216,1468258584.0,4925280534,4925281177
4925281177,51.4699873409,25.2950971043,1468258590.0,4925280806,4925281357
4925281357,51.469499187,25.2949289067,1468258593.0,4925281177,4925281926
4925281926,51.4682426491,25.2944678033,1468258603.0,4925281357,4925282319
4925282319,51.4672548273,25.2943311635,1468258610.0,4925281926,4925282635
4925282635,51.4664933145,25.2943445322,1468258615.0,4925282319,4925282689
4925282689,51.4663945822,25.2943664808,1468258616.0,4925282635,4925282744
4925282744,51.4663304088,25.294396759,1468258617.0,4925282689,4925282789
4925282789,51.4662563203,25.2944536725,1468258618.0,4925282744,4925282839
4925282839,51.4662157511,25.2945085568,1468258619.0,4925282789,4925282888
4925282888,51.4661908682,25.2945721716,1468258620.0,4925282839,4925282935
4925282935,51.466169434,25.2946862591,1468258621.0,4925282888,4925283495
4925283495,51.466031278,25.2958029019,1468258631.0,4925282935,4925283923
4925283923,51.465849019,25.2967427341,1468258638.0,4925283495,4925284272
4925284272,51.4655107086,25.29749861,1468258643.0,4925283923,4925284588
4925284588,51.4649871,25.2982076,1468258649.0,4925284272,4925284975
4925284975,51.4643101,25.2989276,1468258656.0,4925284588,4925285110
4925285110,51.4642238,25.299123,1468258658.0,4925284975,4925285180
4925285180,51.4641992928,25.2992343317,1468258660.0,4925285110,4925285230
4925285230,51.4642029178,25.2993061688,1468258661.0,4925285180,4925285321
4925285321,51.4642323926,25.2994086166,1468258662.0,4925285230,4925285553
4925285553,51.4643291119,25.2996686306,1468258666.0,4925285321,4925285624
4925285624,51.4643223067,25.2997249301,1468258667.0,4925285553,4925285664
4925285664,51.4643012318,25.2997771909,1468258668.0,4925285624,4925285703
4925285703,51.4642654573,25.2998231237,1468258668.0,4925285664,4925285757
4925285757,51.4642191189,25.2998600903,1468258669.0,4925285703,4925285821
4925285821,51.4641485,25.2999021,1468258670.0,4925285757,4925285883
4925285883,51.4640858,25.299918,1468258671.0,4925285821,4925285942
4925285942,51.464021,25.2999243,1468258672.0,4925285883,4925286030
4925286030,51.4639316,25.2999163,1468258673.0,4925285942,4925286096
4925286096,51.4636606,25.299909,1468258675.0,4925286030,4925286159
4925286159,51.4635318,25.2999431,1468258677.0,4925286096,4925286695
4925286695,51.4624426,25.3003691,1468258686.0,4925286159,4925287365
4925287365,51.4610048,25.3009966,1468258696.0,4925286695,4925287864
4925287864,51.4594665,25.301706,1468258706.0,4925287365,4925288384
4925288384,51.457894,25.3024355,1468258716.0,4925287864,4925288976
4925288976,51.4563676,25.3031478,1468258726.0,4925288384,4925289522
4925289522,51.4549626,25.303809,1468258736.0,4925288976,4925290128
4925290128,51.4540765986,25.3042268004,1468258746.0,4925289522,4925290230
4925290230,51.4540092029,25.3042831162,1468258747.0,4925290128,4925290308
4925290308,51.4539571814,25.3043480935,1468258749.0,4925290230,4925290398
4925290398,51.453926099,25.3044244019,1468258750.0,4925290308,4925290493
4925290493,51.4539075566,25.304531655,1468258752.0,4925290398,4925290657
4925290657,51.4539074716,25.3047108899,1468258754.0,4925290493,None
