4925040875,51.4926495,25.3020053,1468254595.0,None,4925040921
4925040921,51.492664,25.3020143,1468254596.0,4925040875,4925040994
4925040994,51.4926801,25.3020221,1468254597.0,4925040921,4925041028
4925041028,51.4927018,25.3020271,1468254598.0,4925040994,4925041115
4925041115,51.4927306,25.3020275,1468254598.0,4925041028,4925041151
4925041151,51.4927641,25.302021,1468254599.0,4925041115,4925041538
4925041538,51.4931736,25.3019016,1468254609.0,4925041151,4925042654
4925042654,51.4938636,25.30168,1468254619.0,4925041538,4925042861
4925042861,51.4948195,25.301318,1468254629.0,4925042654,4925043365
4925043365,51.4958077986,25.3008985334,1468254639.0,4925042861,4925044047
4925044047,51.4966273,25.3004808,1468254649.0,4925043365,4925044535
4925044535,51.4971068,25.3001635999,1468254656.0,4925044047,4925044599
4925044599,51.4971295,25.3001263,1468254656.0,4925044535,4925044678
4925044678,51.4971316,25.3001,1468254657.0,4925044599,4925044742
4925044742,51.4971301,25.3000776,1468254657.0,4925044678,4925044780
4925044780,51.4971238,25.3000348,1468254658.0,4925044742,4925044876
4925044876,51.4971283004,25.2999618035,1468254661.0,4925044780,4925045456
4925045456,51.4971534585,25.2997165869,1468254670.0,4925044876,4925045655
4925045655,51.4971525914,25.2996963952,1468254671.0,4925045456,4925045729
4925045729,51.4971454898,25.2996858859,1468254672.0,4925045655,4925045776
4925045776,51.4971392038,25.2996808741,1468254672.0,4925045729,4925045821
4925045821,51.49712403,25.2996701368,1468254673.0,4925045776,4925045866
4925045866,51.4971115815,25.299664577,1468254674.0,4925045821,4925046135
4925046135,51.4970840408,25.2996610737,1468254680.0,4925045866,4925046332
4925046332,51.4970601981,25.299659189,1468254681.0,4925046135,4925046387
4925046387,51.4970290213,25.2996659004,1468254682.0,4925046332,4925046436
4925046436,51.4970121695,25.2996769722,1468254683.0,4925046387,4925046484
4925046484,51.4970031297,25.2996844867,1468254684.0,4925046436,4925046559
4925046559,51.4969986529,25.2996914716,1468254685.0,4925046484,4925046611
4925046611,51.4969918111,25.2997040991,1468254686.0,4925046559,4925046656
4925046656,51.4969914524,25.2997112343,1468254686.0,4925046611,4925046697
4925046697,51.4969920961,25.2997218375,1468254687.0,4925046656,4925046755
4925046755,51.4969936995,25.2997272513,1468254687.0,4925046697,4925046800
4925046800,51.4969955332,25.2997346033,1468254688.0,4925046755,4925047347
4925047347,51.4969745025,25.2997001008,1468254698.0,4925046800,4925047890
4925047890,51.4970056131,25.2997304924,1468254706.0,4925047347,4925048935
4925048935,51.4970163296,25.2997350543,1468254707.0,4925047890,4925049027
4925049027,51.497036436,25.2997394737,1468254708.0,4925048935,4925049161
4925049161,51.4970881869,25.2997560512,1468254718.0,4925049027,4925049383
4925049383,51.4971040457,25.2997648781,1468254728.0,4925049161,4925050058
4925050058,51.4971148261,25.2997528779,1468254738.0,4925049383,4925050668
4925050668,51.4971183946,25.2997449977,1468254748.0,4925050058,4925051381
4925051381,51.4971215997,25.2997387031,1468254758.0,4925050668,4925052114
4925052114,51.4971222171,25.2997322159,1468254768.0,4925051381,4925052836
4925052836,51.4971043488,25.2997302868,1468254778.0,4925052114,4925053525
4925053525,51.497096211,25.2997393562,1468254788.0,4925052836,4925054223
4925054223,51.4970900451,25.2997440824,1468254798.0,4925053525,4925054891
4925054891,51.4970918427,25.2997497806,1468254808.0,4925054223,4925055564
4925055564,51.4970963768,25.2997528423,1468254818.0,4925054891,4925056174
4925056174,51.497104482,25.2997557252,1468254828.0,4925055564,None
