4925240336,51.4880459351,25.2725592521,1468257851.0,None,4925240881
4925240881,51.4880504875,25.2725541371,1468257861.0,4925240336,4925241423
4925241423,51.4880505672,25.2725418291,1468257871.0,4925240881,4925241992
4925241992,51.4880472137,25.2725345062,1468257881.0,4925241423,4925242510
4925242510,51.4880058618,25.2725182408,1468257891.0,4925241992,4925243022
4925243022,51.4879715,25.2724906,1468257901.0,4925242510,4925243618
4925243618,51.4879708,25.2724725,1468257911.0,4925243022,4925244450
4925244450,51.4880505,25.2724933,1468257926.0,4925243618,4925245009
4925245009,51.4880304582,25.2724985681,1468257936.0,4925244450,4925245527
4925245527,51.4880195889,25.2724958129,1468257946.0,4925245009,4925246059
4925246059,51.4880184464,25.2725039926,1468257956.0,4925245527,4925246608
4925246608,51.4880126049,25.2725070323,1468257966.0,4925246059,4925247138
4925247138,51.4880092719,25.272506002,1468257976.0,4925246608,4925247722
4925247722,51.4880052561,25.2725085972,1468257986.0,4925247138,4925248236
4925248236,51.4880011722,25.2725135166,1468257996.0,4925247722,4925248794
4925248794,51.487999359,25.2725158592,1468258006.0,4925248236,4925249360
4925249360,51.4879996544,25.2725087357,1468258016.0,4925248794,4925249903
4925249903,51.4880113642,25.2725182987,1468258026.0,4925249360,4925250492
4925250492,51.4880235629,25.2725278044,1468258036.0,4925249903,None
