4923652016,51.498216,25.2994215,1468231815.0,None,4923652048
4923652048,51.49827,25.2993903,1468231817.0,4923652016,4923652481
4923652481,51.4985125,25.2992205,1468231826.0,4923652048,4923653307
4923653307,51.4988535098,25.299000505,1468231835.0,4923652481,4923653415
4923653415,51.4994384254,25.2986495264,1468231844.0,4923653307,4923653601
4923653601,51.4997014844,25.298481685,1468231849.0,4923653415,4923653647
4923653647,51.4997288616,25.2984433131,1468231850.0,4923653601,4923653677
4923653677,51.4997391992,25.2984082759,1468231851.0,4923653647,4923653739
4923653739,51.4997395721,25.2983715595,1468231852.0,4923653677,4923653804
4923653804,51.4997325436,25.2983474462,1468231852.0,4923653739,4923653841
4923653841,51.4997131962,25.2983258396,1468231853.0,4923653804,4923653871
4923653871,51.4996739462,25.2982814069,1468231854.0,4923653841,4923654356
4923654356,51.4992168228,25.2978562014,1468231863.0,4923653871,4923654649
4923654649,51.4988837553,25.2975230533,1468231871.0,4923654356,4923655153
4923655153,51.4985526771,25.2969919853,1468231880.0,4923654649,4923655661
4923655661,51.4980072208,25.2961200305,1468231890.0,4923655153,4923656202
4923656202,51.4976410704,25.2954637853,1468231900.0,4923655661,4923656491
4923656491,51.4976298805,25.2954474934,1468231910.0,4923656202,4923656910
4923656910,51.4976072028,25.2954254647,1468231920.0,4923656491,4923657396
4923657396,51.4976026722,25.2954235114,1468231930.0,4923656910,4923657857
4923657857,51.4975973031,25.295420918,1468231940.0,4923657396,4923658332
4923658332,51.4975880762,25.2954132868,1468231950.0,4923657857,4923658757
4923658757,51.4975872939,25.2954122885,1468231960.0,4923658332,4923659273
4923659273,51.4975695171,25.2953782705,1468231970.0,4923658757,4923659769
4923659769,51.4974358589,25.2951043972,1468231980.0,4923659273,4923660208
4923660208,51.4971121892,25.294303701,1468231990.0,4923659769,4923660693
4923660693,51.4968637649,25.2934690747,1468232000.0,4923660208,4923661217
4923661217,51.4967457102,25.2928370067,1468232010.0,4923660693,4923661744
4923661744,51.4967417429,25.2927903162,1468232020.0,4923661217,4923662334
4923662334,51.496747335,25.2927870455,1468232030.0,4923661744,4923662764
4923662764,51.496750951,25.2927821945,1468232040.0,4923662334,4923663329
4923663329,51.4967538288,25.2927799754,1468232050.0,4923662764,4923664105
4923664105,51.4967541999,25.2927831042,1468232060.0,4923663329,4923664151
4923664151,51.4967565882,25.2927835468,1468232070.0,4923664105,4923664551
4923664551,51.4967596613,25.2927818205,1468232080.0,4923664151,4923665047
4923665047,51.4967613685,25.2927810338,1468232090.0,4923664551,4923665480
4923665480,51.496763813,25.2927801862,1468232100.0,4923665047,4923665707
4923665707,51.496729499,25.292632102,1468232105.0,4923665480,4923665784
4923665784,51.4966880245,25.2925650843,1468232106.0,4923665707,4923666102
4923666102,51.496612947,25.2925023982,1468232108.0,4923665784,4923666132
4923666132,51.4964646584,25.292361937,1468232110.0,4923666102,4923666178
4923666178,51.4964383605,25.2923006178,1468232111.0,4923666132,4923666303
4923666303,51.4964252341,25.2922395286,1468232112.0,4923666178,4923666338
4923666338,51.4964312983,25.2921815228,1468232113.0,4923666303,4923666388
4923666388,51.4964474444,25.2921222679,1468232115.0,4923666338,4923666428
4923666428,51.4964630747,25.2920915111,1468232116.0,4923666388,4923666714
4923666714,51.4964680346,25.2920721282,1468232126.0,4923666428,4923667138
4923667138,51.4964483127,25.2920713478,1468232136.0,4923666714,4923667551
4923667551,51.4964350518,25.2920699229,1468232146.0,4923667138,4923668022
4923668022,51.4964342404,25.2920730791,1468232156.0,4923667551,4923668238
4923668238,51.4965069452,25.2920024876,1468232160.0,4923668022,4923668356
4923668356,51.4965630059,25.291974185,1468232161.0,4923668238,4923668401
4923668401,51.4966123465,25.2919592566,1468232162.0,4923668356,4923668424
4923668424,51.4966808015,25.2919514731,1468232163.0,4923668401,4923668792
4923668792,51.4967504453,25.2919570034,1468232164.0,4923668424,4923669101
4923669101,51.4968207943,25.2919828171,1468232165.0,4923668792,4923669176
4923669176,51.4968676323,25.2920161253,1468232166.0,4923669101,4923669214
4923669214,51.4968958973,25.2920459045,1468232166.0,4923669176,4923669260
4923669260,51.496929268,25.2921013944,1468232167.0,4923669214,4923669305
4923669305,51.4969529422,25.2921606449,1468232168.0,4923669260,4923669341
4923669341,51.4969616276,25.2922258093,1468232168.0,4923669305,4923669405
4923669405,51.4969530555,25.2922915144,1468232169.0,4923669341,4923669460
4923669460,51.49686081,25.2926879123,1468232173.0,4923669405,4923669486
4923669486,51.4969981067,25.2933399232,1468232179.0,4923669460,4923669531
4923669531,51.4973921737,25.294485801,1468232188.0,4923669486,4923670006
4923670006,51.4979025628,25.2955884978,1468232198.0,4923669531,4923670560
4923670560,51.4985247587,25.2965490604,1468232208.0,4923670006,4923670920
4923670920,51.4992668871,25.2974239977,1468232218.0,4923670560,4923671446
4923671446,51.5001384603,25.2982436467,1468232228.0,4923670920,4923672115
4923672115,51.5011814129,25.2989441007,1468232238.0,4923671446,4923672241
4923672241,51.502001578,25.2993765644,1468232246.0,4923672115,4923672308
4923672308,51.5021159664,25.2994037606,1468232248.0,4923672241,4923672336
4923672336,51.5021865081,25.299404025,1468232248.0,4923672308,4923672381
4923672381,51.5022564927,25.2993904444,1468232249.0,4923672336,4923672436
4923672436,51.5023263815,25.2993645469,1468232250.0,4923672381,4923672474
4923672474,51.5024171,25.2993085,1468232251.0,4923672436,None
