4921226560,51.4959597436,25.3104697511,1468185103.0,None,4921226595
4921226595,51.4964567239,25.3107963713,1468185108.0,4921226560,4921226628
4921226628,51.4965104969,25.3108741059,1468185109.0,4921226595,4921226657
4921226657,51.4965421316,25.3109441155,1468185110.0,4921226628,4921226687
4921226687,51.4965554629,25.3110217203,1468185111.0,4921226657,4921226724
4921226724,51.4965472265,25.311126828,1468185112.0,4921226687,4921226769
4921226769,51.4965026292,25.3112592799,1468185113.0,4921226724,4921226806
4921226806,51.4959818567,25.3125147884,1468185122.0,4921226769,4921226845
4921226845,51.4957599443,25.3134287633,1468185128.0,4921226806,4921226866
4921226866,51.4956640134,25.314675498,1468185137.0,4921226845,4921226912
4921226912,51.4958003255,25.3160237895,1468185147.0,4921226866,4921226938
4921226938,51.4958969339,25.3163136411,1468185149.0,4921226912,4921226973
4921226973,51.4959727772,25.3164174297,1468185150.0,4921226938,4921227014
4921227014,51.4960833045,25.3165187623,1468185152.0,4921226973,4921227059
4921227059,51.4961776528,25.3165726312,1468185153.0,4921227014,4921227762
4921227762,51.4962485505,25.3165947858,1468185153.0,4921227059,4921227787
4921227787,51.4963393966,25.3166010709,1468185154.0,4921227762,4921227815
4921227815,51.4963801902,25.3165918724,1468185155.0,4921227787,4921228556
4921228556,51.4964361208,25.3165726737,1468185156.0,4921227815,4921228585
4921228585,51.4965585624,25.3165519082,1468185157.0,4921228556,4921228617
4921228617,51.4966212289,25.3165598516,1468185158.0,4921228585,4921228649
4921228649,51.4966633473,25.3165746086,1468185158.0,4921228617,4921228694
4921228694,51.4966989283,25.3165977406,1468185159.0,4921228649,4921228727
4921228727,51.4970740788,25.3168613709,1468185164.0,4921228694,4921228754
4921228754,51.497325266,25.3170354109,1468185167.0,4921228727,4921228806
4921228806,51.4974319972,25.3170719974,1468185168.0,4921228754,4921228843
4921228843,51.4975231787,25.3170791554,1468185169.0,4921228806,4921228876
4921228876,51.4975893735,25.3170677413,1468185170.0,4921228843,4921229591
4921229591,51.4976798412,25.3170359607,1468185171.0,4921228876,4921229631
4921229631,51.4987779608,25.3165690336,1468185180.0,4921229591,4921229666
4921229666,51.5004119357,25.3158564649,1468185190.0,4921229631,4921242823
4921242823,51.5021788,25.3150856,1468185200.0,4921229666,None
