4925257259,51.4966026057,25.290146177,1468258155.0,None,4925257788
4925257788,51.4965960509,25.2901513518,1468258165.0,4925257259,4925258119
4925258119,51.4965306899,25.2902038733,1468258171.0,4925257788,4925258240
4925258240,51.4965138492,25.2902204816,1468258172.0,4925258119,4925258747
4925258747,51.4964905679,25.2902504314,1468258182.0,4925258240,4925259291
4925259291,51.496476029,25.290246619,1468258192.0,4925258747,4925259932
4925259932,51.4964663742,25.2902523453,1468258202.0,4925259291,4925260473
4925260473,51.4964613522,25.2902564567,1468258212.0,4925259932,4925261112
4925261112,51.4964707787,25.2902574952,1468258222.0,4925260473,4925261659
4925261659,51.4964747293,25.2902610957,1468258232.0,4925261112,4925262288
4925262288,51.496473382,25.2902734313,1468258242.0,4925261659,4925262856
4925262856,51.4964878314,25.2902719246,1468258252.0,4925262288,4925263402
4925263402,51.4965218613,25.2902633563,1468258262.0,4925262856,4925263935
4925263935,51.4965907129,25.2902182323,1468258272.0,4925263402,4925264505
4925264505,51.4965206849,25.2902841672,1468258282.0,4925263935,4925269467
4925269467,51.4963916779,25.2904313075,1468258373.0,4925264505,4925269921
4925269921,51.4964557182,25.2909072112,1468258383.0,4925269467,4925270445
4925270445,51.4966008872,25.2916787898,1468258393.0,4925269921,4925271052
4925271052,51.4966823823,25.2918479548,1468258395.0,4925270445,4925271113
4925271113,51.4967133535,25.291876968,1468258396.0,4925271052,4925271151
4925271151,51.4967700436,25.2919116769,1468258397.0,4925271113,4925271236
4925271236,51.4968671185,25.2919516251,1468258399.0,4925271151,4925271287
4925271287,51.4970134552,25.2920418467,1468258401.0,4925271236,4925271339
4925271339,51.4970501006,25.2920916885,1468258402.0,4925271287,4925271390
4925271390,51.4970600102,25.2921387688,1468258403.0,4925271339,4925271431
4925271431,51.4970734448,25.2922201088,1468258404.0,4925271390,4925271464
4925271464,51.4970610939,25.2922496407,1468258405.0,4925271431,4925271497
4925271497,51.4970179173,25.292386747,1468258407.0,4925271464,4925271530
4925271530,51.4969858029,25.2924356743,1468258408.0,4925271497,4925271573
4925271573,51.4969190693,25.2924991426,1468258410.0,4925271530,4925271611
4925271611,51.4968751662,25.2925249916,1468258410.0,4925271573,4925271670
4925271670,51.4968090405,25.2925498728,1468258411.0,4925271611,4925271733
4925271733,51.4967211413,25.2925647131,1468258413.0,4925271670,4925271774
4925271774,51.4966398942,25.292563657,1468258414.0,4925271733,4925271817
4925271817,51.4965510367,25.2925381532,1468258415.0,4925271774,4925271895
4925271895,51.4962042343,25.2924533452,1468258420.0,4925271817,4925271948
4925271948,51.4960992295,25.2924662755,1468258421.0,4925271895,4925272465
4925272465,51.4951484523,25.292641584,1468258431.0,4925271948,4925273067
4925273067,51.4940279085,25.2928285964,1468258441.0,4925272465,4925273595
4925273595,51.4926631779,25.2930457039,1468258451.0,4925273067,4925274168
4925274168,51.4912591834,25.2932031011,1468258461.0,4925273595,4925274696
4925274696,51.4898826072,25.2931370367,1468258471.0,4925274168,4925275173
4925275173,51.4886269443,25.293024052,1468258480.0,4925274696,4925275457
4925275457,51.4879244069,25.2931224738,1468258484.0,4925275173,4925275674
4925275674,51.4872803893,25.2933365728,1468258489.0,4925275457,4925276171
4925276171,51.4858935823,25.2939643964,1468258499.0,4925275674,4925276472
4925276472,51.485033806,25.2942011445,1468258505.0,4925276171,4925276938
4925276938,51.4836096255,25.2944267912,1468258514.0,4925276472,4925277444
4925277444,51.4819360465,25.2946911996,1468258524.0,4925276938,4925278380
4925278380,51.4801615475,25.294919119,1468258534.0,4925277444,4925278610
4925278610,51.4783394433,25.2950948194,1468258544.0,4925278380,4925279179
4925279179,51.4765367659,25.2951973578,1468258554.0,4925278610,4925280498
4925280498,51.4747640933,25.2952439767,1468258564.0,4925279179,4925280534
4925280534,51.4729815178,25.2952334282,1468258574.0,4925280498,4925280806
4925280806,51.4710978511,25.2951650529,1468258584.0,4925280534,4925281177
4925281177,51.4699871959,25.2950993511,1468258590.0,4925280806,4925281357
4925281357,51.46949883,25.2949309685,1468258593.0,4925281177,4925281926
4925281926,51.4682424366,25.2944688954,1468258603.0,4925281357,4925282319
4925282319,51.4672548102,25.294331434,1468258610.0,4925281926,4925282635
4925282635,51.4664933057,25.2943440944,1468258615.0,4925282319,4925282689
4925282689,51.4663945923,25.2943665493,1468258616.0,4925282635,4925282744
4925282744,51.4663305216,25.2943970761,1468258617.0,4925282689,4925282789
4925282789,51.4662564259,25.2944538649,1468258618.0,4925282744,4925282839
4925282839,51.4662157782,25.2945085807,1468258619.0,4925282789,4925282888
4925282888,51.4661910034,25.2945722459,1468258620.0,4925282839,4925282935
4925282935,51.4661695289,25.2946862824,1468258621.0,4925282888,4925283495
4925283495,51.4660321872,25.2958032586,1468258631.0,4925282935,4925283923
4925283923,51.4658499662,25.2967430732,1468258638.0,4925283495,4925284272
4925284272,51.4655110606,25.2974989016,1468258643.0,4925283923,4925284588
4925284588,51.4649871,25.2982076,1468258649.0,4925284272,4925284975
4925284975,51.4643101,25.2989276,1468258656.0,4925284588,4925285110
4925285110,51.4642238,25.299123,1468258658.0,4925284975,4925285180
4925285180,51.4641992971,25.2992343125,1468258660.0,4925285110,4925285230
4925285230,51.4642030279,25.2993056411,1468258661.0,4925285180,4925285321
4925285321,51.4642328195,25.2994075292,1468258662.0,4925285230,4925285553
4925285553,51.464329631,25.2996684386,1468258666.0,4925285321,4925285624
4925285624,51.4643221733,25.2997249754,1468258667.0,4925285553,4925285664
4925285664,51.4643006677,25.2997774384,1468258668.0,4925285624,4925285703
4925285703,51.4642652425,25.2998232296,1468258668.0,4925285664,4925285757
4925285757,51.4642191076,25.2998600961,1468258669.0,4925285703,4925285821
4925285821,51.4641485,25.2999021,1468258670.0,4925285757,4925285883
4925285883,51.4640858,25.299918,1468258671.0,4925285821,4925285942
4925285942,51.464021,25.2999243,1468258672.0,4925285883,4925286030
4925286030,51.4639316,25.2999163,1468258673.0,4925285942,4925286096
4925286096,51.4636606,25.299909,1468258675.0,4925286030,4925286159
4925286159,51.4635318,25.2999431,1468258677.0,4925286096,4925286695
4925286695,51.4624426,25.3003691,1468258686.0,4925286159,4925287365
4925287365,51.4610048,25.3009966,1468258696.0,4925286695,4925287864
4925287864,51.4594665,25.301706,1468258706.0,4925287365,4925288384
4925288384,51.457894,25.3024355,1468258716.0,4925287864,4925288976
4925288976,51.4563676,25.3031478,1468258726.0,4925288384,4925289522
4925289522,51.4549626,25.303809,1468258736.0,4925288976,4925290128
4925290128,51.4540765994,25.3042268002,1468258746.0,4925289522,4925290230
4925290230,51.4540094422,25.3042830464,1468258747.0,4925290128,4925290308
4925290308,51.4539592717,25.3043480363,1468258749.0,4925290230,4925290398
4925290398,51.4539274782,25.3044245849,1468258750.0,4925290308,4925290493
4925290493,51.453906599,25.3045320339,1468258752.0,4925290398,4925290657
4925290657,51.4539052703,25.3047111378,1468258754.0,4925290493,None
