4924860651,51.4433678,25.2939048,1468251589.0,None,4924860721
4924860721,51.4443123,25.2947348,1468251599.0,4924860651,4924860774
4924860774,51.4452462006,25.2954713882,1468251609.0,4924860721,4924860831
4924860831,51.4461024912,25.2960945776,1468251619.0,4924860774,4924860892
4924860892,51.4466814067,25.2965038765,1468251629.0,4924860831,4924860998
4924860998,51.4467086205,25.2965387201,1468251631.0,4924860892,4924861060
4924861060,51.4467302886,25.2965541012,1468251632.0,4924860998,4924861123
4924861123,51.4467398202,25.29655962,1468251633.0,4924861060,4924861174
4924861174,51.4467566665,25.2965595662,1468251633.0,4924861123,4924861218
4924861218,51.4468789158,25.2965781462,1468251637.0,4924861174,4924861279
4924861279,51.4471016473,25.2966170905,1468251642.0,4924861218,4924861357
4924861357,51.4471366825,25.2966395283,1468251643.0,4924861279,4924861393
4924861393,51.4471648188,25.2966670991,1468251643.0,4924861357,4924861455
4924861455,51.4471994446,25.296706058,1468251644.0,4924861393,4924861527
4924861527,51.4472235202,25.2967543001,1468251645.0,4924861455,4924861567
4924861567,51.447244433,25.296818139,1468251647.0,4924861527,4924861622
4924861622,51.447248284,25.2968730575,1468251648.0,4924861567,4924861676
4924861676,51.4472408401,25.2969206649,1468251648.0,4924861622,4924861731
4924861731,51.4472230068,25.2969837302,1468251649.0,4924861676,4924861783
4924861783,51.447188278,25.2970476567,1468251650.0,4924861731,4924861849
4924861849,51.4471437909,25.297099265,1468251651.0,4924861783,4924861903
4924861903,51.447079229,25.2971526015,1468251653.0,4924861849,4924861964
4924861964,51.4469936581,25.2971990064,1468251654.0,4924861903,4924861991
4924861991,51.4468947069,25.2972314712,1468251656.0,4924861964,4924862035
4924862035,51.4467618274,25.2972536071,1468251658.0,4924861991,4924862085
4924862085,51.4466543053,25.2972465446,1468251660.0,4924862035,4924862146
4924862146,51.4465923763,25.2972306191,1468251661.0,4924862085,4924862211
4924862211,51.4463257297,25.2971627116,1468251665.0,4924862146,4924862298
4924862298,51.4462523725,25.2971710009,1468251666.0,4924862211,4924862404
4924862404,51.4461330252,25.2971991896,1468251667.0,4924862298,4924862474
4924862474,51.4460143106,25.2972482344,1468251669.0,4924862404,4924862555
4924862555,51.4459038524,25.2973167239,1468251672.0,4924862474,4924862612
4924862612,51.4458714472,25.2973519141,1468251673.0,4924862555,4924862664
4924862664,51.445857003,25.2973790492,1468251673.0,4924862612,4924862705
4924862705,51.4458494695,25.2974091305,1468251674.0,4924862664,4924862768
4924862768,51.4458510071,25.297429539,1468251675.0,4924862705,4924862823
4924862823,51.4458561125,25.2974451683,1468251675.0,4924862768,4924862867
4924862867,51.4458656077,25.2974655421,1468251676.0,4924862823,4924862927
4924862927,51.4458740068,25.2974723378,1468251677.0,4924862867,4924862979
4924862979,51.4458801045,25.2974775248,1468251677.0,4924862927,4924863055
4924863055,51.4459326001,25.2975383004,1468251681.0,4924862979,4924863114
4924863114,51.4460223,25.2975861,1468251684.0,4924863055,4924863185
4924863185,51.4460498,25.297591,1468251685.0,4924863114,4924863241
4924863241,51.4463778,25.2976568,1468251695.0,4924863185,4924863308
4924863308,51.4464675,25.2976723,1468251699.0,4924863241,4924863379
4924863379,51.4465214995,25.2977093001,1468251709.0,4924863308,4924863428
4924863428,51.4465545301,25.2977363447,1468251719.0,4924863379,4924863492
4924863492,51.4465498425,25.2977314204,1468251729.0,4924863428,4924863561
4924863561,51.4465198084,25.29779273,1468251739.0,4924863492,4924863623
4924863623,51.4465595071,25.2978052325,1468251749.0,4924863561,4924863671
4924863671,51.4465601059,25.2978271954,1468251759.0,4924863623,4924863720
4924863720,51.4465739672,25.2978171137,1468251769.0,4924863671,4924863772
4924863772,51.4465919827,25.2978371605,1468251779.0,4924863720,4924863798
4924863798,51.4465939484,25.2978348328,1468251789.0,4924863772,4924863871
4924863871,51.4465862553,25.2978955782,1468251799.0,4924863798,4924863928
4924863928,51.4466087653,25.2978883909,1468251809.0,4924863871,4924863968
4924863968,51.4466241764,25.2978770965,1468251819.0,4924863928,4924864051
4924864051,51.4466239043,25.2978902507,1468251829.0,4924863968,4924864111
4924864111,51.4466348821,25.2979076199,1468251839.0,4924864051,4924864171
4924864171,51.4466395502,25.2979275092,1468251849.0,4924864111,4924873341
4924873341,51.4466750694,25.2979144707,1468252003.0,4924864171,4924873956
4924873956,51.4466817399,25.2980895949,1468252013.0,4924873341,4924874164
4924874164,51.4466954794,25.2981838971,1468252016.0,4924873956,4924874223
4924874223,51.4467061987,25.2981991981,1468252017.0,4924874164,4924874272
4924874272,51.4467179283,25.2982029215,1468252018.0,4924874223,4924874348
4924874348,51.446734529,25.2982141946,1468252018.0,4924874272,4924874396
4924874396,51.4467711054,25.2982298375,1468252020.0,4924874348,4924874454
4924874454,51.4467833763,25.2982296436,1468252020.0,4924874396,4924874607
4924874607,51.4468048771,25.2982308888,1468252021.0,4924874454,4924874723
4924874723,51.4468239996,25.2982271001,1468252022.0,4924874607,4924875067
4924875067,51.446850643,25.2982088758,1468252028.0,4924874723,4924875140
4924875140,51.4468502844,25.2982029528,1468252028.0,4924875067,4924875209
4924875209,51.4468542242,25.2981861503,1468252029.0,4924875140,4924875276
4924875276,51.4468531378,25.2981454995,1468252031.0,4924875209,4924875736
4924875736,51.446795455,25.2979090116,1468252038.0,4924875276,4924876353
4924876353,51.4467032175,25.2975026922,1468252048.0,4924875736,4924877130
4924877130,51.4466517485,25.2973696851,1468252058.0,4924876353,4924877323
4924877323,51.4466167017,25.2973199732,1468252062.0,4924877130,4924877849
4924877849,51.4464631099,25.2971579743,1468252069.0,4924877323,4924877956
4924877956,51.4464363396,25.2970978194,1468252071.0,4924877849,4924878064
4924878064,51.4464208135,25.2970263413,1468252073.0,4924877956,4924878163
4924878163,51.4464223339,25.2969586126,1468252074.0,4924878064,4924878207
4924878207,51.4464370731,25.2969111834,1468252075.0,4924878163,4924878268
4924878268,51.4464728518,25.2968462894,1468252077.0,4924878207,4924878352
4924878352,51.4465225892,25.2967853028,1468252078.0,4924878268,4924878436
4924878436,51.4465657697,25.296751395,1468252079.0,4924878352,4924879079
4924879079,51.4466167951,25.2967238966,1468252080.0,4924878436,4924879190
4924879190,51.4466899457,25.2966988191,1468252081.0,4924879079,4924879271
4924879271,51.4468665662,25.2966567857,1468252084.0,4924879190,4924879321
4924879321,51.4469467509,25.2966590459,1468252085.0,4924879271,4924879448
4924879448,51.4470358868,25.2966812141,1468252086.0,4924879321,4924879539
4924879539,51.4471180765,25.2967226562,1468252088.0,4924879448,4924879714
4924879714,51.4471520702,25.2967615163,1468252088.0,4924879539,4924879799
4924879799,51.4471853739,25.2968076414,1468252089.0,4924879714,4924879853
4924879853,51.4472076504,25.2968627019,1468252090.0,4924879799,4924879946
4924879946,51.4472153906,25.2969206288,1468252091.0,4924879853,4924880022
4924880022,51.447211558,25.2969784225,1468252092.0,4924879946,4924880084
4924880084,51.4471870485,25.2970619615,1468252094.0,4924880022,4924880225
4924880225,51.4471123536,25.297203799,1468252096.0,4924880084,4924880283
4924880283,51.4469920306,25.2974581845,1468252099.0,4924880225,4924880348
4924880348,51.4469765895,25.2976108468,1468252101.0,4924880283,4924880404
4924880404,51.44699605,25.2977334707,1468252103.0,4924880348,4924880451
4924880451,51.4471187591,25.2982591447,1468252108.0,4924880404,4924880922
4924880922,51.4475168175,25.299093446,1468252116.0,4924880451,4924881238
4924881238,51.447939316,25.299630816,1468252120.0,4924880922,4924881801
4924881801,51.4491366567,25.3007142113,1468252130.0,4924881238,4924882397
4924882397,51.4504334611,25.3018091568,1468252140.0,4924881801,4924883172
4924883172,51.4517407175,25.3028272313,1468252150.0,4924882397,4924883754
4924883754,51.452938568,25.303629675,1468252160.0,4924883172,4924884301
4924884301,51.4535924135,25.3040294662,1468252170.0,4924883754,4924884637
4924884637,51.4538646123,25.3041673755,1468252176.0,4924884301,4924884807
4924884807,51.4538899924,25.3042059334,1468252177.0,4924884637,4924885011
4924885011,51.453916623,25.3042589211,1468252178.0,4924884807,4924885077
4924885077,51.4539239719,25.304313663,1468252178.0,4924885011,4924885117
4924885117,51.4539291648,25.304441795,1468252180.0,4924885077,4924885353
4924885353,51.4539324477,25.3047782894,1468252185.0,4924885117,4924885418
4924885418,51.4539824532,25.3048938382,1468252186.0,4924885353,None
