4924131593,51.5004766,25.3161788,1468241096.0,None,4924132293
4924132293,51.4988286,25.3168965,1468241106.0,4924131593,4924133266
4924133266,51.497411,25.3175353,1468241116.0,4924132293,4924133493
4924133493,51.4971098,25.3176706,1468241126.0,4924133266,4924134047
4924134047,51.4969121,25.3177691,1468241135.0,4924133493,4924134297
4924134297,51.4967276,25.3179336,1468241139.0,4924134047,4924134653
4924134653,51.4963196,25.318309,1468241144.0,4924134297,4924134715
4924134715,51.4962373,25.3183473,1468241145.0,4924134653,4924134782
4924134782,51.4961716,25.3183593,1468241146.0,4924134715,4924134873
4924134873,51.496111,25.318359,1468241147.0,4924134782,4924135493
4924135493,51.4958116,25.318336,1468241157.0,4924134873,4924135999
4924135999,51.4956913,25.3183135,1468241165.0,4924135493,4924136034
4924136034,51.4956233,25.3182733,1468241166.0,4924135999,4924136110
4924136110,51.4955628,25.3182186,1468241167.0,4924136034,4924136170
4924136170,51.4955226,25.3181621,1468241168.0,4924136110,4924136250
4924136250,51.495484076,25.3180749595,1468241170.0,4924136170,4924136307
4924136307,51.4954739864,25.3180161077,1468241170.0,4924136250,4924136351
4924136351,51.4954783879,25.3179320121,1468241171.0,4924136307,4924136416
4924136416,51.4954974489,25.3178696308,1468241172.0,4924136351,4924136740
4924136740,51.4956531437,25.3174830877,1468241177.0,4924136416,4924136801
4924136801,51.4956478094,25.3173973159,1468241178.0,4924136740,4924137297
4924137297,51.4954575,25.3163881,1468241187.0,4924136801,4924137823
4924137823,51.4953268,25.3149406,1468241196.0,4924137297,4924138413
4924138413,51.4954843,25.3133405,1468241206.0,4924137823,4924139034
4924139034,51.4958266,25.3120983,1468241216.0,4924138413,4924139640
4924139640,51.4958938,25.3119188,1468241226.0,4924139034,4924140317
4924140317,51.4959295,25.3118315,1468241236.0,4924139640,4924140931
4924140931,51.4961968,25.3112195,1468241246.0,4924140317,4924141636
4924141636,51.4967812733,25.3102652963,1468241256.0,4924140931,4924142203
4924142203,51.4974940313,25.3090903521,1468241266.0,4924141636,4924142829
4924142829,51.4981894476,25.3076003404,1468241276.0,4924142203,4924143461
4924143461,51.4986971338,25.3060033721,1468241286.0,4924142829,4924144130
4924144130,51.4992287367,25.3045288513,1468241296.0,4924143461,4924144785
4924144785,51.4998700013,25.3033118212,1468241306.0,4924144130,4924145393
4924145393,51.5005791402,25.3022125662,1468241316.0,4924144785,4924146019
4924146019,51.501088,25.3014428,1468241326.0,4924145393,4924146586
4924146586,51.5013451,25.301063,1468241336.0,4924146019,4924147195
4924147195,51.501531,25.300753,1468241346.0,4924146586,4924147596
4924147596,51.5015826,25.3006291,1468241352.0,4924147195,4924148108
4924148108,51.5016396,25.300478,1468241362.0,4924147596,4924148703
4924148703,51.501761,25.3002223,1468241372.0,4924148108,4924149144
4924149144,51.5018925,25.299904,1468241379.0,4924148703,4924149241
4924149241,51.5018891,25.2998576,1468241380.0,4924149144,4924149451
4924149451,51.5018698,25.2997825,1468241381.0,4924149241,4924149534
4924149534,51.501841,25.2997346,1468241382.0,4924149451,4924149599
4924149599,51.5017983,25.2996946,1468241382.0,4924149534,4924150035
4924150035,51.5008245,25.2990603,1468241392.0,4924149599,4924150572
4924150572,51.4994509701,25.2979579588,1468241402.0,4924150035,4924151140
4924151140,51.4983883146,25.2967643698,1468241410.0,4924150572,4924152996
4924152996,51.4977642778,25.2957878456,1468241420.0,4924151140,4924153033
4924153033,51.4977451513,25.295730869,1468241430.0,4924152996,4924153077
4924153077,51.4977385522,25.2956970632,1468241440.0,4924153033,4924153126
4924153126,51.4977238095,25.2956578026,1468241443.0,4924153077,4924153449
4924153449,51.4976604836,25.295519421,1468241448.0,4924153126,4924154098
4924154098,51.4973492482,25.294883008,1468241457.0,4924153449,4924154693
4924154693,51.4970795533,25.2941953291,1468241467.0,4924154098,4924155412
4924155412,51.4967788165,25.2932876026,1468241477.0,4924154693,4924155908
4924155908,51.4966279319,25.2927483342,1468241485.0,4924155412,4924156327
4924156327,51.4965807318,25.2926902528,1468241485.0,4924155908,4924157930
4924157930,51.4964988189,25.2926191006,1468241486.0,4924156327,4924157983
4924157983,51.4963740529,25.292547921,1468241488.0,4924157930,4924158027
4924158027,51.4962601873,25.2925132103,1468241489.0,4924157983,4924158060
4924158060,51.4961032705,25.2924943953,1468241490.0,4924158027,4924158092
4924158092,51.495830485,25.2925074959,1468241492.0,4924158060,4924158134
4924158134,51.4943600317,25.2927087485,1468241501.0,4924158092,4924158210
4924158210,51.4923840651,25.2930370097,1468241511.0,4924158134,4924158276
4924158276,51.4909151249,25.2931668505,1468241518.0,4924158210,4924158607
4924158607,51.4889176384,25.2929783062,1468241528.0,4924158276,4924158788
4924158788,51.4882452769,25.2930186879,1468241531.0,4924158607,4924159001
4924159001,51.4876465431,25.2931597213,1468241534.0,4924158788,4924159679
4924159679,51.4858749566,25.2939364415,1468241544.0,4924159001,4924159984
4924159984,51.4849741433,25.2942042784,1468241549.0,4924159679,4924160565
4924160565,51.483117127,25.2944882962,1468241558.0,4924159984,4924162293
4924162293,51.4810913183,25.294794071,1468241568.0,4924160565,4924162404
4924162404,51.4791665398,25.295024077,1468241578.0,4924162293,4924162601
4924162601,51.4772427624,25.2951602079,1468241588.0,4924162404,4924163185
4924163185,51.4754169674,25.2952270985,1468241598.0,4924162601,4924164146
4924164146,51.4736369592,25.2952478988,1468241608.0,4924163185,4924164406
4924164406,51.4716986084,25.295189172,1468241618.0,4924164146,4924165022
4924165022,51.4699981162,25.2950737087,1468241627.0,4924164406,4924165231
4924165231,51.4694973786,25.2949115092,1468241631.0,4924165022,4924165775
4924165775,51.4681422421,25.2944442338,1468241640.0,4924165231,4924166231
4924166231,51.4671730205,25.2943305539,1468241647.0,4924165775,4924166691
4924166691,51.4664136129,25.2943586821,1468241654.0,4924166231,4924166735
4924166735,51.4663325648,25.2943865512,1468241655.0,4924166691,4924166770
4924166770,51.4662997096,25.2944085745,1468241655.0,4924166735,4924166814
4924166814,51.466254565,25.2944484536,1468241656.0,4924166770,4924166852
4924166852,51.4662228766,25.2944921025,1468241657.0,4924166814,4924166909
4924166909,51.466191735,25.2945556916,1468241658.0,4924166852,4924166971
4924166971,51.4661769857,25.2946115546,1468241658.0,4924166909,4924167484
4924167484,51.4660497858,25.2955801615,1468241668.0,4924166971,4924168112
4924168112,51.4658028638,25.296842351,1468241678.0,4924167484,4924168407
4924168407,51.4654840341,25.2975326452,1468241683.0,4924168112,4924168727
4924168727,51.4650326753,25.2981391996,1468241688.0,4924168407,None
