4921343614,51.4576128193,25.302235983,1468187886.0,None,4921343654
4921343654,51.4576104438,25.3022379435,1468187896.0,4921343614,4921343705
4921343705,51.4576066983,25.302236003,1468187906.0,4921343654,4921344001
4921344001,51.4576062484,25.3022357862,1468187916.0,4921343705,4921344439
4921344439,51.4576081952,25.3022330564,1468187926.0,4921344001,4921344899
4921344899,51.4576044777,25.3022276362,1468187936.0,4921344439,4921345639
4921345639,51.457605194,25.3022260974,1468187946.0,4921344899,4921345830
4921345830,51.457608797,25.3022271239,1468187956.0,4921345639,4921346256
4921346256,51.4576105445,25.3022291571,1468187966.0,4921345830,4921346704
4921346704,51.4576110472,25.3022317999,1468187976.0,4921346256,None
