4923460273,51.5004559,25.2947243414,1468227797.0,None,4923460757
4923460757,51.5004453226,25.2947164841,1468227807.0,4923460273,4923461243
4923461243,51.500446425,25.2947193538,1468227817.0,4923460757,4923461691
4923461691,51.500458573,25.2947344979,1468227827.0,4923461243,4923462143
4923462143,51.5004672265,25.2947369207,1468227837.0,4923461691,4923462591
4923462591,51.500460779,25.2947208594,1468227847.0,4923462143,4923463055
4923463055,51.5004506982,25.2947049961,1468227857.0,4923462591,4923463521
4923463521,51.5004403444,25.2946965102,1468227867.0,4923463055,4923463991
4923463991,51.5004297855,25.2946849429,1468227877.0,4923463521,4923464458
4923464458,51.5004283129,25.2946415422,1468227887.0,4923463991,4923464877
4923464877,51.5004316091,25.2946221297,1468227897.0,4923464458,None
