4922058572,51.4438186,25.2977,1468205560.0,None,4922059665
4922059665,51.4457618,25.2972113,1468205570.0,4922058572,4922059752
4922059752,51.4463584647,25.2970335077,1468205579.0,4922059665,4922059787
4922059787,51.4464003183,25.2970056759,1468205580.0,4922059752,4922060221
4922060221,51.4464399085,25.2969622524,1468205581.0,4922059787,4922060266
4922060266,51.4464717868,25.2969065817,1468205582.0,4922060221,4922060332
4922060332,51.4465332691,25.2968059488,1468205583.0,4922060266,4922060369
4922060369,51.4465853771,25.2967654775,1468205584.0,4922060332,4922060409
4922060409,51.4466464326,25.2967340299,1468205585.0,4922060369,4922060637
4922060637,51.4467796445,25.2966946818,1468205587.0,4922060409,4922060952
4922060952,51.4469225377,25.2966733432,1468205589.0,4922060637,4922061119
4922061119,51.4469858527,25.2966814973,1468205590.0,4922060952,4922061932
4922061932,51.4470458999,25.2967034205,1468205590.0,4922061119,4922061987
4922061987,51.4470983367,25.2967373505,1468205591.0,4922061932,4922062056
4922062056,51.4471423222,25.2967829217,1468205592.0,4922061987,4922062097
4922062097,51.4471797034,25.2968367207,1468205593.0,4922062056,4922062131
4922062131,51.4472041855,25.2969008069,1468205593.0,4922062097,4922062178
4922062178,51.4472115547,25.2969699393,1468205594.0,4922062131,4922062221
4922062221,51.4472014395,25.2970384963,1468205595.0,4922062178,4922062285
4922062285,51.447166806,25.2971266999,1468205596.0,4922062221,4922062337
4922062337,51.4469513421,25.297545582,1468205600.0,4922062285,4922062382
4922062382,51.4469453382,25.2976546438,1468205601.0,4922062337,4922062431
4922062431,51.4469990876,25.298007697,1468205604.0,4922062382,4922062477
4922062477,51.4472324521,25.2987410721,1468205609.0,4922062431,4922062513
4922062513,51.447504446,25.2992121335,1468205612.0,4922062477,4922062543
4922062543,51.4480181223,25.2997825136,1468205616.0,4922062513,4922062613
4922062613,51.4502298316,25.3016880085,1468205629.0,4922062543,4922062710
4922062710,51.4517366977,25.3028538107,1468205639.0,4922062613,4922063541
4922063541,51.4530819656,25.303763651,1468205649.0,4922062710,4922063736
4922063736,51.4535962322,25.3040785204,1468205655.0,4922063541,4922063863
4922063863,51.4537613696,25.3041480146,1468205658.0,4922063736,4922063979
4922063979,51.4538121472,25.3041902368,1468205659.0,4922063863,4922064935
4922064935,51.4538501233,25.3042407516,1468205660.0,4922063979,4922065040
4922065040,51.4538699606,25.3042858945,1468205660.0,4922064935,4922065099
4922065099,51.4538833892,25.3043532444,1468205661.0,4922065040,4922065185
4922065185,51.4539146883,25.3048515081,1468205667.0,4922065099,4922065287
4922065287,51.454471523,25.3060275711,1468205676.0,4922065185,4922066049
4922066049,51.4547054956,25.3070098191,1468205682.0,4922065287,4922066100
4922066100,51.4546999329,25.3079039832,1468205686.0,4922066049,4922066135
4922066135,51.4545063595,25.3088141469,1468205691.0,4922066100,4922066257
4922066257,51.4541341247,25.3096420245,1468205696.0,4922066135,4922066321
4922066321,51.4534788464,25.3107912538,1468205705.0,4922066257,4922066666
4922066666,51.4527535191,25.3120177521,1468205715.0,4922066321,4922067172
4922067172,51.4520015002,25.3131860998,1468205725.0,4922066666,4922067899
4922067899,51.4513561,25.314497,1468205735.0,4922067172,4922068362
4922068362,51.4507058,25.31577,1468205745.0,4922067899,4922081676
4922081676,51.4504058,25.3165185,1468205751.0,4922068362,4922081712
4922081712,51.4501528,25.3172771,1468205757.0,4922081676,4922081740
4922081740,51.4498165,25.3178021,1468205762.0,4922081712,4922081773
4922081773,51.4493538,25.3184428,1468205771.0,4922081740,4922081810
4922081810,51.449351,25.3184763,1468205781.0,4922081773,4922081839
4922081839,51.4493443,25.3184775,1468205791.0,4922081810,4922081873
4922081873,51.4493216,25.3185278,1468205801.0,4922081839,4922081902
4922081902,51.44931,25.3186041,1468205803.0,4922081873,4922081934
4922081934,51.4493146,25.3186783,1468205805.0,4922081902,4922082345
4922082345,51.4493378,25.3187535,1468205806.0,4922081934,4922082393
4922082393,51.4494563,25.3190948,1468205810.0,4922082345,4922082441
4922082441,51.4495031,25.3194106,1468205814.0,4922082393,4922082474
4922082474,51.4495515,25.3194886,1468205815.0,4922082441,4922082606
4922082606,51.4496008,25.3195398,1468205815.0,4922082474,4922082661
4922082661,51.4496618,25.319581999,1468205816.0,4922082606,4922082706
4922082706,51.4497536,25.3196225,1468205817.0,4922082661,4922082730
4922082730,51.4498608,25.319647,1468205818.0,4922082706,4922082758
4922082758,51.4503923,25.3196778,1468205822.0,4922082730,4922082814
4922082814,51.4520893,25.3197311,1468205831.0,4922082758,4922082901
4922082901,51.4554683,25.319876,1468205845.0,4922082814,4922082960
4922082960,51.4581378,25.3199271,1468205855.0,4922082901,4922082998
4922082998,51.460612,25.3200013,1468205865.0,4922082960,4922083040
4922083040,51.4630911,25.3200648,1468205875.0,4922082998,4922083081
4922083081,51.4655138,25.3201131,1468205885.0,4922083040,4922083129
4922083129,51.4678401473,25.3202065946,1468205895.0,4922083081,4922083185
4922083185,51.4701523057,25.3205650995,1468205905.0,4922083129,4922083221
4922083221,51.4724031,25.3211635,1468205915.0,4922083185,4922083274
4922083274,51.4747188,25.3217905,1468205925.0,4922083221,4922083308
4922083308,51.4769901,25.3223621,1468205935.0,4922083274,4922083357
4922083357,51.4792266,25.3226961,1468205945.0,4922083308,4922083400
4922083400,51.4813921,25.3227601,1468205955.0,4922083357,4922083492
4922083492,51.483844,25.3225335,1468205965.0,4922083400,4922083534
4922083534,51.4860106,25.3220993,1468205975.0,4922083492,4922083567
4922083567,51.487763102,25.3214730356,1468205985.0,4922083534,4922083598
4922083598,51.4895629083,25.3206866582,1468205995.0,4922083567,4922083657
4922083657,51.4913753553,25.3198951786,1468206005.0,4922083598,4922083716
4922083716,51.4932433262,25.3190780106,1468206015.0,4922083657,4922083765
4922083765,51.4949186273,25.3183481789,1468206025.0,4922083716,4922083816
4922083816,51.4952363439,25.3181771342,1468206029.0,4922083765,4922083878
4922083878,51.4952980849,25.3181191028,1468206030.0,4922083816,4922083919
4922083919,51.4953423193,25.3180604484,1468206039.0,4922083878,4922083945
4922083945,51.4956560197,25.3176522736,1468206049.0,4922083919,4922083979
4922083979,51.4957859534,25.3175027644,1468206051.0,4922083945,4922084032
4922084032,51.4958622428,25.3174520579,1468206052.0,4922083979,4922084064
4922084064,51.4959295014,25.3174250111,1468206053.0,4922084032,4922084107
4922084107,51.4960288131,25.3174062631,1468206054.0,4922084064,4922084148
4922084148,51.4962209913,25.3174039396,1468206056.0,4922084107,4922084175
4922084175,51.4968661,25.3174448,1468206061.0,4922084148,4922084209
4922084209,51.4970105,25.3174053,1468206063.0,4922084175,4922084678
4922084678,51.4983373639,25.316827808,1468206072.0,4922084209,4922085414
4922085414,51.5014830125,25.3154574735,1468206087.0,4922084678,None
