76941817,41.8714782261,-87.6733767766,1303503047.0,None,76942063
76942063,41.8714843222,-87.6731164792,1303503065.0,76941817,76942110
76942110,41.8714837926,-87.6728532413,1303503068.0,76942063,76942157
76942157,41.8714870708,-87.6725572649,1303503071.0,76942110,76942205
76942205,41.8714886209,-87.6722701256,1303503074.0,76942157,76942257
76942257,41.8714885796,-87.6720208791,1303503077.0,76942205,76942323
76942323,41.8714895361,-87.6717159908,1303503081.0,76942257,76942375
76942375,41.8714992013,-87.6714652045,1303503084.0,76942323,76942428
76942428,41.8715101874,-87.6711842692,1303503087.0,76942375,76942483
76942483,41.8715150901,-87.6708823499,1303503090.0,76942428,76942538
76942538,41.8715276018,-87.6705750692,1303503093.0,76942483,76942594
76942594,41.8715284349,-87.6702969493,1303503096.0,76942538,76943094
76943094,41.871530309,-87.670039152,1303503122.0,76942594,76943202
76943202,41.8715587096,-87.6697143726,1303503127.0,76943094,76943269
76943269,41.8715618571,-87.6694627028,1303503130.0,76943202,76943398
76943398,41.8715531661,-87.6691981772,1303503136.0,76943269,76943539
76943539,41.8714030344,-87.6690519305,1303503142.0,76943398,76943627
76943627,41.8711555288,-87.6690363955,1303503146.0,76943539,76943687
76943687,41.8708966824,-87.6690268196,1303503149.0,76943627,76943712
76943712,41.8707037445,-87.6690138141,1303503151.0,76943687,76943752
76943752,41.8705108436,-87.6690084977,1303503153.0,76943712,76943775
76943775,41.8703218567,-87.6690068434,1303503155.0,76943752,76943816
76943816,41.870135824,-87.669002306,1303503157.0,76943775,76943851
76943851,41.8699538164,-87.6689971019,1303503159.0,76943816,76943912
76943912,41.8696968381,-87.6689879685,1303503162.0,76943851,76943980
76943980,41.8694916544,-87.6689784214,1303503165.0,76943912,76944228
76944228,41.8692963332,-87.6689919954,1303503176.0,76943980,76944313
76944313,41.86907505,-87.6690031795,1303503180.0,76944228,76944376
76944376,41.8688440141,-87.6689972588,1303503183.0,76944313,76944461
76944461,41.8685918711,-87.6689940685,1303503186.0,76944376,76944533
76944533,41.868332875,-87.6689932579,1303503189.0,76944461,76944600
76944600,41.8681008428,-87.6689918518,1303503192.0,76944533,76944667
76944667,41.8678978696,-87.6689807015,1303503195.0,76944600,76944750
76944750,41.8677119073,-87.6689765598,1303503198.0,76944667,76944860
76944860,41.8675098953,-87.6689775534,1303503202.0,76944750,76945543
76945543,41.8673109302,-87.6689877504,1303503228.0,76944860,76945670
76945670,41.867118474,-87.6689822684,1303503233.0,76945543,76945767
76945767,41.8669107665,-87.6689553241,1303503237.0,76945670,76945880
76945880,41.8667792243,-87.6687483688,1303503241.0,76945767,76946003
76946003,41.8667812159,-87.6684410092,1303503245.0,76945880,76946076
76946076,41.8667892719,-87.6681679774,1303503248.0,76946003,76946151
76946151,41.8667922459,-87.6678849708,1303503251.0,76946076,76946235
76946235,41.8667948839,-87.6676130076,1303503254.0,76946151,76946328
76946328,41.8667970936,-87.6673510549,1303503257.0,76946235,76946453
76946453,41.866798581,-87.6670590221,1303503261.0,76946328,76947090
76947090,41.8667973085,-87.6667950251,1303503283.0,76946453,76947251
76947251,41.8668063852,-87.6664652219,1303503288.0,76947090,76947345
76947345,41.8668071341,-87.666101028,1303503291.0,76947251,76947401
76947401,41.8668095153,-87.6658230111,1303503293.0,76947345,76947458
76947458,41.8668143248,-87.6655369932,1303503295.0,76947401,76947520
76947520,41.8668194359,-87.6652469651,1303503297.0,76947458,76947585
76947585,41.86682423,-87.6649489411,1303503299.0,76947520,76947654
76947654,41.8668270957,-87.6646469337,1303503301.0,76947585,76947723
76947723,41.8668304228,-87.6643479568,1303503303.0,76947654,76947792
76947792,41.8668338568,-87.664059962,1303503305.0,76947723,76947852
76947852,41.8668380899,-87.6637869878,1303503307.0,76947792,76947910
76947910,41.8668429774,-87.6635249613,1303503309.0,76947852,76947967
76947967,41.8668457801,-87.6632659987,1303503311.0,76947910,76948030
76948030,41.8668484946,-87.6630110243,1303503313.0,76947967,76948095
76948095,41.8668523679,-87.6627590138,1303503315.0,76948030,76948164
76948164,41.8668547426,-87.6625150107,1303503317.0,76948095,76948260
76948260,41.866857165,-87.6622260192,1303503320.0,76948164,76948427
76948427,41.8668545447,-87.6619720732,1303503325.0,76948260,76948684
76948684,41.8668627922,-87.6616651637,1303503333.0,76948427,76948788
76948788,41.8668756989,-87.6613460165,1303503336.0,76948684,76948851
76948851,41.866881265,-87.6610779898,1303503338.0,76948788,76948917
76948917,41.8668890747,-87.6607759348,1303503340.0,76948851,76948984
76948984,41.866899312,-87.6604418453,1303503342.0,76948917,76949051
76949051,41.866909708,-87.6600827962,1303503344.0,76948984,76949120
76949120,41.8669142449,-87.659723847,1303503346.0,76949051,76949189
76949189,41.8669197207,-87.659371884,1303503348.0,76949120,76949257
76949257,41.8669263827,-87.6590178743,1303503350.0,76949189,76949326
76949326,41.866933576,-87.6586598575,1303503352.0,76949257,76949400
76949400,41.8669388152,-87.6582918758,1303503354.0,76949326,76949470
76949470,41.8669448714,-87.6579128463,1303503356.0,76949400,76949532
76949532,41.8669521134,-87.6575318798,1303503358.0,76949470,76949593
76949593,41.8669611838,-87.6571538075,1303503360.0,76949532,76949659
76949659,41.8669678494,-87.6567788549,1303503362.0,76949593,76949732
76949732,41.8669677576,-87.6564080718,1303503364.0,76949659,76949798
76949798,41.8669698948,-87.6560406601,1303503366.0,76949732,76949869
76949869,41.8669739126,-87.6556736829,1303503368.0,76949798,76949938
76949938,41.8669783346,-87.6553117933,1303503370.0,76949869,76950014
76950014,41.8669857405,-87.6549556507,1303503372.0,76949938,76950091
76950091,41.8669943102,-87.6546165727,1303503374.0,76950014,76950164
76950164,41.8670005096,-87.6543067341,1303503376.0,76950091,76950223
76950223,41.8669965533,-87.6540138903,1303503378.0,76950164,76950289
76950289,41.8669995353,-87.6537239743,1303503380.0,76950223,76950358
76950358,41.867006123,-87.6534339426,1303503382.0,76950289,76950429
76950429,41.867012351,-87.6531438776,1303503384.0,76950358,76950504
76950504,41.8670172622,-87.6528468448,1303503386.0,76950429,76950579
76950579,41.86702142,-87.6525418804,1303503388.0,76950504,76950649
76950649,41.8670271005,-87.6522318554,1303503390.0,76950579,76950717
76950717,41.8670318341,-87.6519218383,1303503392.0,76950649,76950791
76950791,41.8670437867,-87.6516191872,1303503394.0,76950717,76950844
76950844,41.8670602037,-87.6513622126,1303503396.0,76950791,76950965
76950965,41.8670805233,-87.6510923245,1303503400.0,76950844,76951943
76951943,41.8672337173,-87.6509572045,1303503427.0,76950965,76952060
76952060,41.8674200841,-87.6509614848,1303503430.0,76951943,76952164
76952164,41.8676528133,-87.6509712909,1303503433.0,76952060,76952266
76952266,41.8679037654,-87.65098529,1303503436.0,76952164,76952375
76952375,41.8681657895,-87.6509948461,1303503439.0,76952266,76952486
76952486,41.8684318051,-87.6510057179,1303503442.0,76952375,76952557
76952557,41.8686117969,-87.6510091209,1303503444.0,76952486,76952630
76952630,41.8687917599,-87.6510171043,1303503446.0,76952557,76952740
76952740,41.8690503569,-87.6510240303,1303503449.0,76952630,76952834
76952834,41.869246241,-87.6510489226,1303503452.0,76952740,76953766
76953766,41.8694435685,-87.6510277346,1303503480.0,76952834,76953957
76953957,41.8694933558,-87.6507649232,1303503485.0,76953766,76954058
76954058,41.8694803414,-87.6504628229,1303503488.0,76953957,76954123
76954123,41.869483525,-87.6502189181,1303503490.0,76954058,76954195
76954195,41.8694891873,-87.6499609414,1303503492.0,76954123,76954267
76954267,41.8694914403,-87.6496909815,1303503494.0,76954195,76954346
76954346,41.8694954019,-87.6494199843,1303503496.0,76954267,76954417
76954417,41.8694998445,-87.6491529518,1303503498.0,76954346,76954487
76954487,41.8695090392,-87.6488989364,1303503500.0,76954417,76954595
76954595,41.8695085104,-87.6486090113,1303503503.0,76954487,None
