114267832,41.8673202508,-87.6470632849,1303529532.0,None,114267850
114267850,41.8671854888,-87.6472524816,1303529541.0,114267832,114267856
114267856,41.8671797837,-87.6475033073,1303529544.0,114267850,114267862
114267862,41.8671726909,-87.6478721933,1303529547.0,114267856,114267866
114267866,41.8671663145,-87.6481422564,1303529549.0,114267862,114267870
114267870,41.8671597052,-87.6484152756,1303529551.0,114267866,114267874
114267874,41.8671539445,-87.6486682897,1303529553.0,114267870,114267880
114267880,41.8671469496,-87.6489332537,1303529556.0,114267874,114267924
114267924,41.8671189087,-87.6492022363,1303529578.0,114267880,114267932
114267932,41.8671106242,-87.6494972545,1303529582.0,114267924,114267938
114267938,41.8671009117,-87.6497951499,1303529585.0,114267932,114267943
114267943,41.8670992357,-87.6501011682,1303529588.0,114267938,114267949
114267949,41.867086144,-87.6504302466,1303529591.0,114267943,114267955
114267955,41.867080716,-87.6507222228,1303529594.0,114267949,114267961
114267961,41.8670694144,-87.6510209281,1303529597.0,114267955,114267967
114267967,41.8670794236,-87.651311422,1303529600.0,114267961,114267973
114267973,41.8670746324,-87.6515975243,1303529603.0,114267967,114267979
114267979,41.8670726063,-87.6519113702,1303529606.0,114267973,114267985
114267985,41.8670564396,-87.6522572756,1303529609.0,114267979,114267989
114267989,41.8670424136,-87.6525062456,1303529611.0,114267985,114267993
114267993,41.867029871,-87.6527642294,1303529613.0,114267989,114267997
114267997,41.8670163429,-87.6530202305,1303529615.0,114267993,114268001
114268001,41.8670056781,-87.6532781209,1303529617.0,114267997,114268005
114268005,41.8669949984,-87.65353114,1303529619.0,114268001,114268009
114268009,41.8669921602,-87.6537961358,1303529621.0,114268005,114268013
114268013,41.8669847963,-87.6540731115,1303529623.0,114268009,114268017
114268017,41.8669740553,-87.6543431412,1303529625.0,114268013,114268021
114268021,41.8669656139,-87.6546031582,1303529627.0,114268017,114268025
114268025,41.8669530932,-87.654854151,1303529629.0,114268021,114268031
114268031,41.866946054,-87.6552071056,1303529632.0,114268025,114268037
114268037,41.8669454913,-87.6555270839,1303529635.0,114268031,114268043
114268043,41.8669461251,-87.6558061696,1303529638.0,114268037,114268051
114268051,41.8669424602,-87.6560931741,1303529642.0,114268043,114268063
114268063,41.8669284965,-87.6563740247,1303529648.0,114268051,114268089
114268089,41.8669518207,-87.6566499963,1303529661.0,114268063,114268097
114268097,41.866948885,-87.656991127,1303529665.0,114268089,114268101
114268101,41.8669393428,-87.6572541165,1303529667.0,114268097,114268105
114268105,41.866934331,-87.6575571037,1303529669.0,114268101,114268109
114268109,41.8669338608,-87.6578861193,1303529671.0,114268105,114268113
114268113,41.866931203,-87.658223128,1303529673.0,114268109,114268117
114268117,41.8669238748,-87.6585601137,1303529675.0,114268113,114268121
114268121,41.8669284947,-87.6590691665,1303529678.0,114268117,114268125
114268125,41.8669166851,-87.6594191422,1303529680.0,114268121,114268129
114268129,41.8669083434,-87.6597751511,1303529682.0,114268125,114268133
114268133,41.8669105137,-87.6601332049,1303529684.0,114268129,114268137
114268137,41.866909207,-87.6604732376,1303529686.0,114268133,114268141
114268141,41.8669042725,-87.660797193,1303529688.0,114268137,114268145
114268145,41.8668969053,-87.6611071408,1303529690.0,114268141,114268149
114268149,41.8668976798,-87.6614161354,1303529692.0,114268145,114268153
114268153,41.8668963128,-87.6617302061,1303529694.0,114268149,114268157
114268157,41.86688755,-87.6620541558,1303529696.0,114268153,114268161
114268161,41.8668765446,-87.662392158,1303529698.0,114268157,114268165
114268165,41.8668680604,-87.6627421423,1303529700.0,114268161,114268169
114268169,41.8668642921,-87.6630901541,1303529702.0,114268165,114268173
114268173,41.866864312,-87.6634352259,1303529704.0,114268169,114268177
114268177,41.8668646452,-87.6637822542,1303529706.0,114268173,114268181
114268181,41.866867118,-87.6641262894,1303529708.0,114268177,114268185
114268185,41.8668682724,-87.664465266,1303529710.0,114268181,114268189
114268189,41.8668608041,-87.664804291,1303529712.0,114268185,114268193
114268193,41.8668546302,-87.6651422816,1303529714.0,114268189,114268197
114268197,41.8668571805,-87.6654742415,1303529716.0,114268193,114268201
114268201,41.866860713,-87.6657912158,1303529718.0,114268197,114268205
114268205,41.8668611216,-87.6660940889,1303529720.0,114268201,114268209
114268209,41.8668658806,-87.666383991,1303529722.0,114268205,114268213
114268213,41.8668626578,-87.6666860642,1303529724.0,114268209,114268217
114268217,41.8668639085,-87.6670051063,1303529726.0,114268213,114268221
114268221,41.8668685269,-87.6673311202,1303529728.0,114268217,114268225
114268225,41.866872273,-87.6676500002,1303529730.0,114268221,114268229
114268229,41.8668738834,-87.6679558133,1303529732.0,114268225,114268233
114268233,41.8668783295,-87.6682447602,1303529734.0,114268229,114268237
114268237,41.8668840082,-87.6684947783,1303529736.0,114268233,114268243
114268243,41.8668947932,-87.6687448595,1303529739.0,114268237,114268253
114268253,41.8669847196,-87.6689961794,1303529744.0,114268243,114268261
114268261,41.8672221018,-87.6689888929,1303529748.0,114268253,114268267
114268267,41.8675021725,-87.6689990287,1303529751.0,114268261,114268271
114268271,41.8677282046,-87.6690067022,1303529753.0,114268267,114268275
114268275,41.8679652294,-87.6690165223,1303529755.0,114268271,114268279
114268279,41.8682052691,-87.6690374323,1303529757.0,114268275,114268283
114268283,41.8684433167,-87.6690377526,1303529759.0,114268279,114268287
114268287,41.8686602546,-87.6690389321,1303529761.0,114268283,114268293
114268293,41.8689091602,-87.6690527011,1303529764.0,114268287,114268317
114268317,41.8691033032,-87.6690411941,1303529776.0,114268293,114268329
114268329,41.8692430565,-87.6692563787,1303529782.0,114268317,114268337
114268337,41.8692482028,-87.669538982,1303529786.0,114268329,114268343
114268343,41.8692869785,-87.6697851387,1303529789.0,114268337,114268349
114268349,41.86930388,-87.6701639765,1303529792.0,114268343,114268353
114268353,41.86929544,-87.6704589088,1303529794.0,114268349,114268357
114268357,41.8692887363,-87.6707452858,1303529796.0,114268353,114268361
114268361,41.8692836409,-87.6709906725,1303529798.0,114268357,114268373
114268373,41.8693134694,-87.6712305365,1303529804.0,114268361,114268393
114268393,41.8694912447,-87.6713568826,1303529814.0,114268373,114268399
114268399,41.8695780524,-87.6716951532,1303529817.0,114268393,114268403
114268403,41.8695864145,-87.6720039552,1303529819.0,114268399,114268407
114268407,41.8695630765,-87.6723309447,1303529821.0,114268403,114268411
114268411,41.8695510234,-87.6726080342,1303529823.0,114268407,114268417
114268417,41.8695481715,-87.672906961,1303529826.0,114268411,114268429
114268429,41.8694926297,-87.6731919605,1303529832.0,114268417,114268435
114268435,41.8694594161,-87.6734769991,1303529835.0,114268429,114268439
114268439,41.8694371949,-87.6737369587,1303529837.0,114268435,114268443
114268443,41.8694021368,-87.6740638859,1303529839.0,114268439,114268447
114268447,41.86937823,-87.6744038649,1303529841.0,114268443,114268451
114268451,41.869360159,-87.6747118283,1303529843.0,114268447,114268455
114268455,41.8693431465,-87.6749848245,1303529845.0,114268451,114268461
114268461,41.8693375283,-87.6752899585,1303529848.0,114268455,114268505
114268505,41.8692844037,-87.6755391545,1303529870.0,114268461,114268517
114268517,41.8692150106,-87.6757703463,1303529876.0,114268505,None
