27578116,41.865662822,-87.6467687424,1304091611.0,None,27579039
27579039,41.8654809678,-87.646702204,1304091638.0,27578116,27579261
27579261,41.8652689863,-87.6466859277,1304091644.0,27579039,27579512
27579512,41.8650849998,-87.6466912504,1304091651.0,27579261,27579764
27579764,41.8649039006,-87.6466894276,1304091658.0,27579512,27579941
27579941,41.8647240229,-87.6466905789,1304091666.0,27579764,27579961
27579961,41.864524949,-87.6466765304,1304091670.0,27579941,27579980
27579980,41.8643159556,-87.6466872656,1304091673.0,27579961,27580002
27580002,41.8641059849,-87.6467011874,1304091676.0,27579980,27580026
27580026,41.863907913,-87.6467204901,1304091679.0,27580002,27580053
27580053,41.8636969114,-87.6467208418,1304091682.0,27580026,27580082
27580082,41.8634949198,-87.6467001875,1304091685.0,27580053,27580112
27580112,41.8632479193,-87.6466775621,1304091688.0,27580082,27580145
27580145,41.8629879035,-87.6466465164,1304091691.0,27580112,27580179
27580179,41.8627559953,-87.6466103252,1304091694.0,27580145,27580252
27580252,41.8625700788,-87.6466028989,1304091700.0,27580179,27580536
27580536,41.8623830761,-87.6465932353,1304091720.0,27580252,27580616
27580616,41.8623833465,-87.646892004,1304091725.0,27580536,27580665
27580665,41.8623731335,-87.6472041371,1304091728.0,27580616,27580699
27580699,41.8623637502,-87.6474519485,1304091730.0,27580665,27580733
27580733,41.8623528705,-87.6477060182,1304091732.0,27580699,27580767
27580767,41.8623354658,-87.647986105,1304091734.0,27580733,27580801
27580801,41.8623217325,-87.6482391464,1304091736.0,27580767,27580871
27580871,41.8623040231,-87.6484911484,1304091740.0,27580801,27580982
27580982,41.8622874427,-87.6487360896,1304091746.0,27580871,27581035
27581035,41.8622865395,-87.6489860758,1304091749.0,27580982,27581246
27581246,41.8622397438,-87.6492251031,1304091760.0,27581035,27581331
27581331,41.8622283895,-87.6495540317,1304091764.0,27581246,27581390
27581390,41.862222303,-87.6498830621,1304091767.0,27581331,27581451
27581451,41.8622131098,-87.6502210447,1304091770.0,27581390,27581507
27581507,41.8622155297,-87.6504911215,1304091773.0,27581451,27581740
27581740,41.8622577059,-87.6507449511,1304091784.0,27581507,27582172
27582172,41.8624316377,-87.650810979,1304091806.0,27581740,27582267
27582267,41.8626889924,-87.6508326153,1304091810.0,27582172,27582314
27582314,41.8628899568,-87.650853728,1304091812.0,27582267,27582361
27582361,41.863085934,-87.6508695989,1304091814.0,27582314,27582434
27582434,41.8632878722,-87.6508854237,1304091817.0,27582361,27582703
27582703,41.8634750446,-87.6509053299,1304091828.0,27582434,27582797
27582797,41.8637210192,-87.6509208635,1304091832.0,27582703,27582874
27582874,41.8639809852,-87.65093966,1304091835.0,27582797,27582950
27582950,41.8642370278,-87.6509532187,1304091838.0,27582874,27583027
27583027,41.8644289957,-87.6509424894,1304091841.0,27582950,27583209
27583209,41.8646089623,-87.6509480613,1304091848.0,27583027,27583389
27583389,41.8648590068,-87.6509619709,1304091855.0,27583209,27583470
27583470,41.8651369749,-87.6509682776,1304091858.0,27583389,27583522
27583522,41.8653590094,-87.6509808853,1304091860.0,27583470,27583577
27583577,41.8655860436,-87.6509935577,1304091862.0,27583522,27583634
27583634,41.8658140731,-87.6510069534,1304091864.0,27583577,27583689
27583689,41.8660270779,-87.6510187851,1304091866.0,27583634,27583739
27583739,41.8662220585,-87.6510232984,1304091868.0,27583689,27583790
27583790,41.8664040963,-87.6510302963,1304091870.0,27583739,27583876
27583876,41.8666250751,-87.6510381166,1304091873.0,27583790,27583979
27583979,41.866838069,-87.651053729,1304091877.0,27583876,27584105
27584105,41.8670296762,-87.6510683112,1304091881.0,27583979,27584344
27584344,41.8671671415,-87.651229919,1304091890.0,27584105,27584425
27584425,41.8671679437,-87.6514723859,1304091893.0,27584344,27584514
27584514,41.867158586,-87.6517881309,1304091896.0,27584425,27584602
27584602,41.8671530165,-87.6520978659,1304091899.0,27584514,27584693
27584693,41.8671487242,-87.6523888471,1304091902.0,27584602,27584811
27584811,41.8671434631,-87.6526708632,1304091906.0,27584693,27585617
27585617,41.8671327448,-87.6529720132,1304091933.0,27584811,27585707
27585707,41.8671297402,-87.6532779802,1304091936.0,27585617,27585784
27585784,41.8671232996,-87.6536200672,1304091939.0,27585707,27585844
27585844,41.8671143529,-87.65386924,1304091941.0,27585784,27585915
27585915,41.8671055101,-87.6541352802,1304091943.0,27585844,27585934
27585934,41.8670991459,-87.6544023775,1304091945.0,27585915,27585939
27585939,41.8670901038,-87.6546566144,1304091947.0,27585934,27585947
27585947,41.8670877024,-87.6549154376,1304091949.0,27585939,27585957
27585957,41.8670872047,-87.6551692111,1304091951.0,27585947,27585975
27585975,41.8670868636,-87.6555240616,1304091954.0,27585957,27585996
27585996,41.8670802399,-87.6558490517,1304091957.0,27585975,27586020
27586020,41.8670755835,-87.6561510898,1304091960.0,27585996,27586046
27586046,41.8670722037,-87.6564332994,1304091963.0,27586020,27586094
27586094,41.8671306294,-87.6566605931,1304091968.0,27586046,27586169
27586169,41.8673409692,-87.6566817258,1304091975.0,27586094,27586205
27586205,41.867542113,-87.6566983665,1304091978.0,27586169,27586241
27586241,41.867786098,-87.656720761,1304091981.0,27586205,27586267
27586267,41.8679811147,-87.6567305262,1304091983.0,27586241,27586293
27586293,41.86820015,-87.6567375007,1304091985.0,27586267,27586319
27586319,41.8684301061,-87.6567419356,1304091987.0,27586293,27586347
27586347,41.8686500511,-87.6567446239,1304091989.0,27586319,27586375
27586375,41.8688509974,-87.6567473319,1304091991.0,27586347,27586403
27586403,41.8690399681,-87.656745354,1304091993.0,27586375,27586432
27586432,41.8692320254,-87.656740364,1304091995.0,27586403,27586477
27586477,41.8694924614,-87.656739007,1304091998.0,27586432,27586538
27586538,41.8696811878,-87.6567532487,1304092002.0,27586477,27586734
27586734,41.8698963337,-87.656773197,1304092014.0,27586538,27586785
27586785,41.8701572531,-87.6567918793,1304092017.0,27586734,27586820
27586820,41.8703461872,-87.6568013495,1304092019.0,27586785,27586856
27586856,41.8705491994,-87.6568099189,1304092021.0,27586820,27586890
27586890,41.8707532389,-87.6568102416,1304092023.0,27586856,27586927
27586927,41.8709532381,-87.6568141422,1304092025.0,27586890,27586966
27586966,41.8711521779,-87.6568160113,1304092027.0,27586927,27587003
27587003,41.8713442096,-87.656822545,1304092029.0,27586966,27587039
27587039,41.8715280958,-87.6568265748,1304092031.0,27587003,27587096
27587096,41.8718776368,-87.6568284613,1304092035.0,27587039,27587158
27587158,41.872101628,-87.6568111249,1304092038.0,27587096,27587360
27587360,41.8723096448,-87.656803929,1304092048.0,27587158,27587422
27587422,41.8725056782,-87.6567922521,1304092051.0,27587360,27587462
27587462,41.8726866341,-87.6567822795,1304092053.0,27587422,27587504
27587504,41.8728805513,-87.6567715559,1304092055.0,27587462,27587549
27587549,41.873087512,-87.6567571815,1304092057.0,27587504,27587594
27587594,41.8732998737,-87.656743248,1304092059.0,27587549,27587637
27587637,41.8735130483,-87.6567457165,1304092061.0,27587594,27587679
27587679,41.873725146,-87.6567584681,1304092063.0,27587637,27587723
27587723,41.8739050825,-87.6567828524,1304092065.0,27587679,27587813
27587813,41.8741217902,-87.6567909134,1304092069.0,27587723,None
