58385004,41.8694093861,-87.6661370235,1302618770.0,None,58385382
58385382,41.8693898578,-87.6664550869,1302618783.0,58385004,58385482
58385482,41.8693767787,-87.6668108206,1302618786.0,58385382,58385552
58385552,41.8693708352,-87.6670857177,1302618788.0,58385482,58385619
58385619,41.8693765575,-87.6673618959,1302618790.0,58385552,58385685
58385685,41.8693779183,-87.6676459025,1302618792.0,58385619,58385745
58385745,41.8693718054,-87.6679399848,1302618794.0,58385685,58385809
58385809,41.869365725,-87.6682410457,1302618796.0,58385745,58385873
58385873,41.8693746196,-87.668506969,1302618798.0,58385809,58385968
58385968,41.8693840312,-87.6687528109,1302618801.0,58385873,58386175
58386175,41.8693668001,-87.6690509285,1302618807.0,58385968,58386282
58386282,41.8693539534,-87.6693668399,1302618810.0,58386175,58386383
58386383,41.8693237658,-87.669707372,1302618813.0,58386282,58386469
58386469,41.8693303682,-87.6699907171,1302618816.0,58386383,58387415
58387415,41.8693274677,-87.6702489508,1302618843.0,58386469,58387542
58387542,41.869345384,-87.670566067,1302618847.0,58387415,58387643
58387643,41.8693575715,-87.6708591229,1302618850.0,58387542,58387971
58387971,41.8693872655,-87.6711029049,1302618859.0,58387643,58388531
58388531,41.8693678408,-87.6713595211,1302618875.0,58387971,58388783
58388783,41.8692009521,-87.671512185,1302618882.0,58388531,58388895
58388895,41.8690021861,-87.6716078081,1302618885.0,58388783,58389005
58389005,41.8687510999,-87.6716279534,1302618888.0,58388895,58389077
58389077,41.8685559952,-87.6716136338,1302618890.0,58389005,58389151
58389151,41.868336996,-87.6715945991,1302618892.0,58389077,58389215
58389215,41.8681129959,-87.6715785207,1302618894.0,58389151,58389285
58389285,41.8678940037,-87.6715634499,1302618896.0,58389215,58389366
58389366,41.867690008,-87.6715474559,1302618898.0,58389285,58389486
58389486,41.8674430053,-87.6715184434,1302618901.0,58389366,58389630
58389630,41.867237045,-87.671481539,1302618905.0,58389486,58390532
58390532,41.8670409304,-87.6714196115,1302618932.0,58389630,58390741
58390741,41.8668894244,-87.6712868875,1302618940.0,58390532,58390848
58390848,41.8668735487,-87.671035098,1302618943.0,58390741,58390956
58390956,41.866863388,-87.6706689593,1302618946.0,58390848,58391022
58391022,41.8668581226,-87.670370942,1302618948.0,58390956,58391089
58391089,41.8668579495,-87.6700299514,1302618950.0,58391022,58391163
58391163,41.8668598877,-87.6696699445,1302618952.0,58391089,58391237
58391237,41.8668566599,-87.6693010114,1302618954.0,58391163,58391302
58391302,41.8668508411,-87.6689255314,1302618956.0,58391237,58391371
58391371,41.8668296868,-87.668549201,1302618958.0,58391302,58391431
58391431,41.8668228872,-87.6681601239,1302618960.0,58391371,58391499
58391499,41.8668219794,-87.6677570032,1302618962.0,58391431,58391570
58391570,41.8668281491,-87.6673648887,1302618964.0,58391499,58391643
58391643,41.8668413888,-87.6670368882,1302618966.0,58391570,58391719
58391719,41.866845071,-87.6667859203,1302618968.0,58391643,58391868
58391868,41.8668616683,-87.6664818912,1302618972.0,58391719,58391974
58391974,41.8670250961,-87.6663332166,1302618975.0,58391868,58392083
58392083,41.8672620015,-87.666308184,1302618978.0,58391974,58392155
58392155,41.8674540281,-87.6663272172,1302618980.0,58392083,58392222
58392222,41.8676860243,-87.6663371755,1302618982.0,58392155,58392292
58392292,41.8679330236,-87.6663341267,1302618984.0,58392222,58392363
58392363,41.8681830215,-87.6663340756,1302618986.0,58392292,58392435
58392435,41.8684320235,-87.6663330891,1302618988.0,58392363,58392508
58392508,41.868656028,-87.666337095,1302618990.0,58392435,58392615
58392615,41.8688990439,-87.6663480694,1302618993.0,58392508,58393313
58393313,41.8690890755,-87.6663561166,1302619013.0,58392615,58393459
58393459,41.869328864,-87.6663571828,1302619017.0,58393313,58393577
58393577,41.8695949694,-87.6663525846,1302619020.0,58393459,58393650
58393650,41.8698090044,-87.6663546431,1302619022.0,58393577,58393718
58393718,41.8700310008,-87.6663644664,1302619024.0,58393650,58393788
58393788,41.8702790095,-87.6663773724,1302619026.0,58393718,58393857
58393857,41.8705320171,-87.6663901758,1302619028.0,58393788,58393932
58393932,41.8707990177,-87.6663953654,1302619030.0,58393857,58394002
58394002,41.8710690002,-87.666393809,1302619032.0,58393932,58394076
58394076,41.87132198,-87.6663864937,1302619034.0,58394002,58394146
58394146,41.8715580104,-87.6663887785,1302619036.0,58394076,58394216
58394216,41.8717840361,-87.6663943745,1302619038.0,58394146,58394288
58394288,41.8719969705,-87.6664026726,1302619040.0,58394216,58394363
58394363,41.8721919357,-87.6663981008,1302619042.0,58394288,58394475
58394475,41.8724389751,-87.6663843904,1302619045.0,58394363,58394610
58394610,41.8726419611,-87.6663814268,1302619049.0,58394475,58395407
58395407,41.8728679524,-87.6663670831,1302619072.0,58394610,58395515
58395515,41.8730739603,-87.6663361961,1302619075.0,58395407,58395592
58395592,41.8732609552,-87.6663359337,1302619077.0,58395515,58395667
58395667,41.8734629828,-87.6663488324,1302619079.0,58395592,58395741
58395741,41.8736629832,-87.6663730623,1302619081.0,58395667,58395813
58395813,41.873847086,-87.6664024406,1302619083.0,58395741,58395917
58395917,41.8741085258,-87.6663878318,1302619086.0,58395813,58396027
58396027,41.8741824997,-87.6661629081,1302619089.0,58395917,58396137
58396137,41.87417844,-87.6658218263,1302619092.0,58396027,58396211
58396211,41.8741850737,-87.6655378347,1302619094.0,58396137,58396281
58396281,41.8741821857,-87.6652409437,1302619096.0,58396211,58396355
58396355,41.8741733626,-87.6649340422,1302619098.0,58396281,58396428
58396428,41.8741654336,-87.6646250868,1302619100.0,58396355,58396499
58396499,41.8741600702,-87.6643150765,1302619102.0,58396428,58396554
58396554,41.8741530041,-87.6640060854,1302619104.0,58396499,58396605
58396605,41.8741418118,-87.6636980522,1302619106.0,58396554,58396674
58396674,41.8741360188,-87.6633870091,1302619108.0,58396605,58396752
58396752,41.8741384339,-87.6630689368,1302619110.0,58396674,58396829
58396829,41.874141463,-87.6627548833,1302619112.0,58396752,58396910
58396910,41.8741438726,-87.662447879,1302619114.0,58396829,58396988
58396988,41.8741436931,-87.6621479159,1302619116.0,58396910,58397063
58397063,41.8741469884,-87.6618618907,1302619118.0,58396988,58397133
58397133,41.8741503688,-87.6615779109,1302619120.0,58397063,58397193
58397193,41.8741561573,-87.6612919173,1302619122.0,58397133,58397255
58397255,41.8741644841,-87.6610028888,1302619124.0,58397193,58397318
58397318,41.8741676663,-87.6606969062,1302619126.0,58397255,58397389
58397389,41.8741741624,-87.6603919185,1302619128.0,58397318,58397463
58397463,41.8741773618,-87.6600829368,1302619130.0,58397389,58397541
58397541,41.8741761839,-87.6597709391,1302619132.0,58397463,58397617
58397617,41.8741751527,-87.6594609633,1302619134.0,58397541,58397695
58397695,41.8741750002,-87.659144984,1302619136.0,58397617,58397769
58397769,41.8741790705,-87.6588309683,1302619138.0,58397695,58397836
58397836,41.8741838986,-87.6585169671,1302619140.0,58397769,58397902
58397902,41.874186071,-87.6582109795,1302619142.0,58397836,58397964
58397964,41.8741891364,-87.657914999,1302619144.0,58397902,58398029
58398029,41.874186035,-87.6576410755,1302619146.0,58397964,58398139
58398139,41.8741771712,-87.6573401067,1302619149.0,58398029,58398644
58398644,41.8742053944,-87.6570960055,1302619174.0,58398139,58398668
58398668,41.8742097608,-87.6568526858,1302619177.0,58398644,58398695
58398695,41.8742204432,-87.6564853578,1302619180.0,58398668,58398714
58398714,41.8742235584,-87.6561949967,1302619182.0,58398695,58398734
58398734,41.8742277822,-87.6558769631,1302619184.0,58398714,58398754
58398754,41.8742352194,-87.6555471041,1302619186.0,58398734,58398776
58398776,41.8742411381,-87.6552191405,1302619188.0,58398754,58398798
58398798,41.8742465909,-87.6548891324,1302619190.0,58398776,58398821
58398821,41.8742531398,-87.6545551011,1302619192.0,58398798,58398845
58398845,41.8742583122,-87.654205071,1302619194.0,58398821,58398863
58398863,41.8742648464,-87.653858114,1302619196.0,58398845,58398888
58398888,41.8742719433,-87.6535230921,1302619198.0,58398863,58398916
58398916,41.8742791897,-87.6532101108,1302619200.0,58398888,58398940
58398940,41.874282952,-87.6528980397,1302619202.0,58398916,58398966
58398966,41.8742864233,-87.6525860173,1302619204.0,58398940,58398997
58398997,41.8742894297,-87.6522840749,1302619206.0,58398966,58399023
58399023,41.8742937786,-87.6519911323,1302619208.0,58398997,58399050
58399050,41.8742998737,-87.6517022254,1302619210.0,58399023,58399081
58399081,41.8743080165,-87.6514012547,1302619212.0,58399050,58399109
58399109,41.8743181602,-87.6510911177,1302619214.0,58399081,58399137
58399137,41.8743234598,-87.6507880899,1302619216.0,58399109,58399169
58399169,41.8743292479,-87.6504980606,1302619218.0,58399137,58399202
58399202,41.87433471,-87.6502260007,1302619220.0,58399169,58399233
58399233,41.8743397634,-87.6499679568,1302619222.0,58399202,58399281
58399281,41.8743655388,-87.6496358071,1302619225.0,58399233,58399333
58399333,41.8743834458,-87.649318699,1302619228.0,58399281,58399380
58399380,41.8744089917,-87.6489885859,1302619231.0,58399333,58399432
58399432,41.8744142011,-87.6486488745,1302619234.0,58399380,58399486
58399486,41.8744053443,-87.6483501799,1302619237.0,58399432,58399556
58399556,41.8743536481,-87.6480693617,1302619241.0,58399486,58399943
58399943,41.8743019784,-87.6478213257,1302619261.0,58399556,58400339
58400339,41.8742729734,-87.6475272469,1302619280.0,58399943,58400427
58400427,41.8741849455,-87.6472741138,1302619284.0,58400339,58400481
58400481,41.873986245,-87.6471934404,1302619287.0,58400427,58400529
58400529,41.8737128611,-87.6471919678,1302619290.0,58400481,58400569
58400569,41.8734928524,-87.6471855178,1302619292.0,58400529,58400601
58400601,41.8732468879,-87.647177204,1302619294.0,58400569,58400640
58400640,41.8729849743,-87.6471686945,1302619296.0,58400601,58400674
58400674,41.8727260709,-87.6471598765,1302619298.0,58400640,58400715
58400715,41.8724920374,-87.6471486747,1302619300.0,58400674,58400760
58400760,41.8722948439,-87.64713995,1302619302.0,58400715,58400833
58400833,41.8721018534,-87.6471179746,1302619305.0,58400760,58401342
58401342,41.8719017373,-87.6471132166,1302619330.0,58400833,58401358
58401358,41.8716619064,-87.6471099694,1302619333.0,58401342,58401370
58401370,41.8714610122,-87.6471042169,1302619335.0,58401358,58401384
58401384,41.8712349953,-87.6470990591,1302619337.0,58401370,58401399
58401399,41.8709969546,-87.6470913832,1302619339.0,58401384,58401415
58401415,41.8707549428,-87.6470840004,1302619341.0,58401399,58401432
58401432,41.8705170239,-87.6470771592,1302619343.0,58401415,58401450
58401450,41.8702891316,-87.6470769636,1302619345.0,58401432,58401469
58401469,41.8700860089,-87.6470651741,1302619347.0,58401450,58401499
58401499,41.8698630292,-87.6470577454,1302619350.0,58401469,58401588
58401588,41.8696860802,-87.647103223,1302619358.0,58401499,58401624
58401624,41.8696699374,-87.6473669291,1302619362.0,58401588,58401666
58401666,41.8696816268,-87.6476261082,1302619365.0,58401624,58401702
58401702,41.8696803858,-87.647889034,1302619368.0,58401666,58401746
58401746,41.8696870297,-87.6481420496,1302619371.0,58401702,58401786
58401786,41.8696950438,-87.6484130262,1302619374.0,58401746,58401825
58401825,41.8697061686,-87.6487080054,1302619377.0,58401786,58401869
58401869,41.8697071985,-87.6490469601,1302619380.0,58401825,58401915
58401915,41.8697021081,-87.6494109688,1302619383.0,58401869,58401948
58401948,41.8696921766,-87.6496749744,1302619385.0,58401915,58401979
58401979,41.8696802326,-87.6499449423,1302619387.0,58401948,58402010
58402010,41.8696508519,-87.6502019006,1302619389.0,58401979,58402044
58402044,41.8696210987,-87.6504568641,1302619391.0,58402010,58402096
58402096,41.8695950586,-87.6507498463,1302619394.0,58402044,None
