93812260,41.87445761,-87.6514620849,1303141154.0,None,93812567
93812567,41.874453054,-87.6517270302,1303141183.0,93812260,93812611
93812611,41.8744475327,-87.6520469704,1303141187.0,93812567,93812646
93812646,41.8744408986,-87.6524079766,1303141190.0,93812611,93812670
93812670,41.8744378467,-87.6526739463,1303141192.0,93812646,93812694
93812694,41.8744320427,-87.6529539767,1303141194.0,93812670,93812720
93812720,41.8744270239,-87.6532530174,1303141196.0,93812694,93812741
93812741,41.8744219295,-87.653563992,1303141198.0,93812720,93812769
93812769,41.8744160434,-87.6538860004,1303141200.0,93812741,93812795
93812795,41.8744091742,-87.6542119684,1303141202.0,93812769,93812822
93812822,41.874400902,-87.6545450471,1303141204.0,93812795,93812852
93812852,41.8743941957,-87.6548800554,1303141206.0,93812822,93812881
93812881,41.8743873443,-87.6552220629,1303141208.0,93812852,93812909
93812909,41.8743796401,-87.6555730475,1303141210.0,93812881,93812940
93812940,41.874374596,-87.6559220054,1303141212.0,93812909,93812972
93812972,41.8743688067,-87.6562540528,1303141214.0,93812940,93813002
93813002,41.8743625679,-87.6565703757,1303141216.0,93812972,93813033
93813033,41.8743576352,-87.6568670817,1303141218.0,93813002,93813066
93813066,41.8743527906,-87.6571250887,1303141220.0,93813033,93813116
93813116,41.8743462347,-87.6574631347,1303141223.0,93813066,93813165
93813165,41.8743400032,-87.6577480556,1303141226.0,93813116,93813233
93813233,41.8743343454,-87.6580609436,1303141230.0,93813165,93813286
93813286,41.8743191344,-87.6583870205,1303141233.0,93813233,93813322
93813322,41.8743084858,-87.6586390678,1303141235.0,93813286,93813357
93813357,41.8742987824,-87.658906092,1303141237.0,93813322,93813393
93813393,41.874289757,-87.6591851215,1303141239.0,93813357,93813429
93813429,41.8742841232,-87.6594671141,1303141241.0,93813393,93813469
93813469,41.8742808993,-87.659753115,1303141243.0,93813429,93813505
93813505,41.8742760402,-87.660042127,1303141245.0,93813469,93813543
93813543,41.8742711217,-87.6603291282,1303141247.0,93813505,93813581
93813581,41.8742680347,-87.6606181337,1303141249.0,93813543,93813620
93813620,41.8742647249,-87.6609011277,1303141251.0,93813581,93813661
93813661,41.8742597772,-87.6611761809,1303141253.0,93813620,93813700
93813700,41.8742563009,-87.6614451358,1303141255.0,93813661,93813739
93813739,41.8742529789,-87.6617100506,1303141257.0,93813700,93813779
93813779,41.8742487958,-87.6619800871,1303141259.0,93813739,93813820
93813820,41.8742470873,-87.6622540933,1303141261.0,93813779,93813864
93813864,41.8742437323,-87.6625390763,1303141263.0,93813820,93813904
93813904,41.8742394865,-87.6628380505,1303141265.0,93813864,93813947
93813947,41.8742372789,-87.6631549654,1303141267.0,93813904,93813981
93813981,41.8742391571,-87.6634778961,1303141269.0,93813947,93814022
93814022,41.874242423,-87.663794831,1303141271.0,93813981,93814068
93814068,41.8742483282,-87.6641028101,1303141273.0,93814022,93814111
93814111,41.8742566866,-87.6643918216,1303141275.0,93814068,93814154
93814154,41.8742609283,-87.664667823,1303141277.0,93814111,93814197
93814197,41.8742660079,-87.6649488447,1303141279.0,93814154,93814222
93814222,41.8742664664,-87.6652389018,1303141281.0,93814197,93814254
93814254,41.874265486,-87.6655359451,1303141283.0,93814222,93814298
93814298,41.8742610631,-87.6658310013,1303141285.0,93814254,93814319
93814319,41.8742540289,-87.6661070864,1303141287.0,93814298,93814351
93814351,41.8742492185,-87.6663563347,1303141289.0,93814319,93814405
93814405,41.8742457349,-87.666697116,1303141292.0,93814351,93814468
93814468,41.8742427074,-87.6670037635,1303141295.0,93814405,93814539
93814539,41.8742415422,-87.6673376168,1303141298.0,93814468,93814590
93814590,41.8742407422,-87.6675886801,1303141300.0,93814539,93814637
93814637,41.8742331895,-87.6678577303,1303141302.0,93814590,93814681
93814681,41.874225675,-87.6681308681,1303141304.0,93814637,93814729
93814729,41.8742306037,-87.6683880458,1303141306.0,93814681,93814799
93814799,41.8742529163,-87.6687243477,1303141309.0,93814729,93814876
93814876,41.874246359,-87.6689683225,1303141312.0,93814799,93815401
93815401,41.874139753,-87.6691748834,1303141333.0,93814876,93815498
93815498,41.8739510319,-87.6691596138,1303141337.0,93815401,93815576
93815576,41.873714861,-87.6691621937,1303141340.0,93815498,93815657
93815657,41.873453997,-87.6691602219,1303141343.0,93815576,93815735
93815735,41.8732119185,-87.6691579123,1303141346.0,93815657,93815876
93815876,41.8730208161,-87.6691585559,1303141351.0,93815735,93815978
93815978,41.8728402454,-87.6691110631,1303141355.0,93815876,93816062
93816062,41.8726230113,-87.6690389903,1303141358.0,93815978,93816148
93816148,41.8723840193,-87.6688605293,1303141361.0,93816062,93816233
93816233,41.8721241204,-87.6688196165,1303141364.0,93816148,93816315
93816315,41.8719020125,-87.6688393598,1303141367.0,93816233,93816456
93816456,41.8717110419,-87.6688632641,1303141372.0,93816315,93816568
93816568,41.8715188527,-87.6688753518,1303141376.0,93816456,93816653
93816653,41.8712790152,-87.668868751,1303141379.0,93816568,93816715
93816715,41.871091936,-87.6688597627,1303141381.0,93816653,93816774
93816774,41.8708938965,-87.6688442443,1303141383.0,93816715,93816840
93816840,41.8706849158,-87.6688308282,1303141385.0,93816774,93816895
93816895,41.8704759368,-87.6688155377,1303141387.0,93816840,93816951
93816951,41.870273947,-87.668804291,1303141389.0,93816895,93817012
93817012,41.8700849371,-87.6688023654,1303141391.0,93816951,93817097
93817097,41.8698310007,-87.6688254906,1303141394.0,93817012,93817193
93817193,41.8696268937,-87.6688441866,1303141397.0,93817097,93817340
93817340,41.8694395092,-87.668853814,1303141402.0,93817193,93817580
93817580,41.8692672527,-87.6689536051,1303141410.0,93817340,93817732
93817732,41.8692464521,-87.6692403884,1303141415.0,93817580,93817824
93817824,41.869229043,-87.6695628338,1303141418.0,93817732,93817889
93817889,41.869218829,-87.669811096,1303141420.0,93817824,93817947
93817947,41.8692111013,-87.6700548934,1303141422.0,93817889,93818044
93818044,41.8692078597,-87.6704120578,1303141425.0,93817947,93818138
93818138,41.8692075418,-87.6707457161,1303141428.0,93818044,93818236
93818236,41.8692048944,-87.6710004234,1303141431.0,93818138,93818545
93818545,41.8692028565,-87.6712773263,1303141442.0,93818236,93818800
93818800,41.8690323065,-87.6714072289,1303141450.0,93818545,93818901
93818901,41.8689925656,-87.6717281972,1303141453.0,93818800,93818961
93818961,41.8689888282,-87.6719779881,1303141455.0,93818901,93819025
93819025,41.8689947693,-87.6722449703,1303141457.0,93818961,93819090
93819090,41.8690078745,-87.6724959403,1303141459.0,93819025,93819196
93819196,41.8690139432,-87.6728169576,1303141462.0,93819090,93819302
93819302,41.869063224,-87.6730859073,1303141465.0,93819196,93819429
93819429,41.8691257891,-87.6733258681,1303141469.0,93819302,93820215
93820215,41.8691199907,-87.6735928343,1303141492.0,93819429,93820316
93820316,41.8691056749,-87.6738722659,1303141495.0,93820215,93820411
93820411,41.8690970137,-87.6742301602,1303141498.0,93820316,93820475
93820475,41.8690976154,-87.6744931398,1303141500.0,93820411,93820545
93820545,41.8690990872,-87.6747571652,1303141502.0,93820475,93820610
93820610,41.8690983102,-87.6750021786,1303141504.0,93820545,93820712
93820712,41.8690998105,-87.6753450493,1303141507.0,93820610,93820817
93820817,41.8691102107,-87.6756437284,1303141510.0,93820712,93820966
93820966,41.8691329041,-87.6758859986,1303141514.0,93820817,93821210
93821210,41.8692339343,-87.6761258324,1303141521.0,93820966,93821313
93821313,41.8694265223,-87.6761413392,1303141524.0,93821210,93821419
93821419,41.8696920662,-87.6761383809,1303141527.0,93821313,93821495
93821495,41.8698779724,-87.6761382883,1303141529.0,93821419,93821604
93821604,41.8701449406,-87.6761396197,1303141532.0,93821495,93821676
93821676,41.8703248609,-87.6761449058,1303141534.0,93821604,93821748
93821748,41.8705078702,-87.6761572108,1303141536.0,93821676,93821819
93821819,41.8706909777,-87.6761710168,1303141538.0,93821748,93821915
93821915,41.870946987,-87.6761618986,1303141541.0,93821819,93822020
93822020,41.8711799817,-87.6761586758,1303141544.0,93821915,93822163
93822163,41.871380301,-87.6761310384,1303141548.0,93822020,93822336
93822336,41.8714319092,-87.6758854587,1303141553.0,93822163,93822447
93822447,41.8714218326,-87.6756340162,1303141556.0,93822336,93822561
93822561,41.8714178524,-87.6753631929,1303141559.0,93822447,93822705
93822705,41.8714211504,-87.6751130037,1303141563.0,93822561,None
