42769844,41.8673528487,-87.6470112582,1303919149.0,None,42770126
42770126,41.8672401336,-87.6472117673,1303919160.0,42769844,42770203
42770203,41.8672270806,-87.6474667748,1303919163.0,42770126,42770280
42770280,41.8672233016,-87.6477919596,1303919166.0,42770203,42770332
42770332,41.8672186377,-87.648033938,1303919168.0,42770280,42770386
42770386,41.8672123958,-87.6482889556,1303919170.0,42770332,42770437
42770437,41.8672083344,-87.6485449113,1303919172.0,42770386,42770492
42770492,41.867205628,-87.6487918545,1303919174.0,42770437,42770571
42770571,41.8671993932,-87.6490938272,1303919177.0,42770492,42771107
42771107,41.8671906227,-87.6493468689,1303919197.0,42770571,42771200
42771200,41.8671860499,-87.649602925,1303919201.0,42771107,42771290
42771290,41.8671809358,-87.6498989363,1303919204.0,42771200,42771378
42771378,41.8671734842,-87.6502609801,1303919207.0,42771290,42771435
42771435,41.8671694798,-87.6505187696,1303919209.0,42771378,42771490
42771490,41.8671644836,-87.6507749923,1303919211.0,42771435,42771549
42771549,41.8671606279,-87.6510296145,1303919213.0,42771490,42771600
42771600,41.8671571159,-87.6512871702,1303919215.0,42771549,42771655
42771655,41.867153623,-87.6515457505,1303919217.0,42771600,42771714
42771714,41.8671496311,-87.6518054116,1303919219.0,42771655,42771772
42771772,41.8671464315,-87.6520640631,1303919221.0,42771714,42771835
42771835,41.8671427016,-87.6523080777,1303919223.0,42771772,42771925
42771925,41.8671367638,-87.6526700873,1303919226.0,42771835,42771989
42771989,41.8671321461,-87.652926041,1303919228.0,42771925,42772040
42772040,41.8671278411,-87.6531880567,1303919230.0,42771989,42772099
42772099,41.8671233292,-87.6534571126,1303919232.0,42772040,42772155
42772155,41.8671188171,-87.6537301719,1303919234.0,42772099,42772213
42772213,41.8671139042,-87.654013061,1303919236.0,42772155,42772272
42772272,41.8671092725,-87.6542940765,1303919238.0,42772213,42772335
42772335,41.867104529,-87.6545730649,1303919240.0,42772272,42772396
42772396,41.8670978571,-87.6548500441,1303919242.0,42772335,42772459
42772459,41.8670909112,-87.6551261167,1303919244.0,42772396,42772518
42772518,41.8670843816,-87.6554032039,1303919246.0,42772459,42772567
42772567,41.8670798827,-87.6556781657,1303919248.0,42772518,42772620
42772620,41.8670765514,-87.6559561117,1303919250.0,42772567,42772687
42772687,41.8670736641,-87.6562351003,1303919252.0,42772620,42772752
42772752,41.8670727261,-87.6565129742,1303919254.0,42772687,42772812
42772812,41.8670650475,-87.6567909872,1303919256.0,42772752,42772883
42772883,41.867059722,-87.6570721386,1303919258.0,42772812,42772948
42772948,41.8670548477,-87.6573531587,1303919260.0,42772883,42773005
42773005,41.8670504684,-87.6576321946,1303919262.0,42772948,42773061
42773061,41.8670462651,-87.6579091594,1303919264.0,42773005,42773124
42773124,41.8670425797,-87.6581921335,1303919266.0,42773061,42773194
42773194,41.8670389894,-87.6584851222,1303919268.0,42773124,42773264
42773264,41.8670343472,-87.658775089,1303919270.0,42773194,42773330
42773330,41.867028938,-87.6590641194,1303919272.0,42773264,42773393
42773393,41.8670251973,-87.6593540898,1303919274.0,42773330,42773460
42773460,41.8670236153,-87.6596480353,1303919276.0,42773393,42773521
42773521,41.8670192791,-87.65994201,1303919278.0,42773460,42773581
42773581,41.8670136887,-87.6602290522,1303919280.0,42773521,42773643
42773643,41.8670080602,-87.6605080211,1303919282.0,42773581,42773707
42773707,41.8670025189,-87.6607850682,1303919284.0,42773643,42773777
42773777,41.8669978072,-87.661066116,1303919286.0,42773707,42773848
42773848,41.8669948293,-87.6613461315,1303919288.0,42773777,42773912
42773912,41.8669915712,-87.6616261814,1303919290.0,42773848,42773978
42773978,41.866987155,-87.6619070688,1303919292.0,42773912,42774044
42774044,41.8669835545,-87.6621830483,1303919294.0,42773978,42774110
42774110,41.8669792938,-87.6624560796,1303919296.0,42774044,42774181
42774181,41.8669744846,-87.6627310807,1303919298.0,42774110,42774245
42774245,41.866969692,-87.6630081007,1303919300.0,42774181,42774305
42774305,41.8669647334,-87.6632861366,1303919302.0,42774245,42774377
42774377,41.8669596466,-87.6635651208,1303919304.0,42774305,42774448
42774448,41.866954,-87.6638481322,1303919306.0,42774377,42774515
42774515,41.866947037,-87.6641321537,1303919308.0,42774448,42774590
42774590,41.8669416972,-87.6644081398,1303919310.0,42774515,42774654
42774654,41.8669384643,-87.6646751339,1303919312.0,42774590,42774722
42774722,41.8669359613,-87.6649291586,1303919314.0,42774654,42774828
42774828,41.8669309709,-87.6652801692,1303919317.0,42774722,42774926
42774926,41.8669275482,-87.6655221622,1303919320.0,42774828,42775443
42775443,41.866922983,-87.6657821171,1303919335.0,42774926,42775626
42775626,41.8669192285,-87.666079049,1303919340.0,42775443,42775733
42775733,41.8669183593,-87.6663592611,1303919343.0,42775626,42775835
42775835,41.8669175468,-87.6667010417,1303919346.0,42775733,42775904
42775904,41.8669180755,-87.6669560232,1303919348.0,42775835,42775970
42775970,41.8669184385,-87.667228073,1303919350.0,42775904,42776042
42776042,41.8669196077,-87.6675079814,1303919352.0,42775970,42776116
42776116,41.8669220051,-87.6677748867,1303919354.0,42776042,42776187
42776187,41.866925458,-87.6680288727,1303919356.0,42776116,42776292
42776292,41.8669310884,-87.6683859118,1303919359.0,42776187,42776404
42776404,41.8669354893,-87.6686548945,1303919362.0,42776292,42776578
42776578,41.8670007961,-87.6688710671,1303919367.0,42776404,42776753
42776753,41.8672161124,-87.6689115375,1303919372.0,42776578,42776865
42776865,41.8674150383,-87.6689116343,1303919375.0,42776753,42776980
42776980,41.8676559971,-87.6689170271,1303919378.0,42776865,42777082
42777082,41.8678919462,-87.6689206997,1303919381.0,42776980,42777186
42777186,41.8681269157,-87.6689237344,1303919384.0,42777082,42777297
42777297,41.8683519103,-87.668933592,1303919387.0,42777186,42777418
42777418,41.868559921,-87.6689460263,1303919390.0,42777297,42777557
42777557,41.8687850712,-87.668951232,1303919394.0,42777418,42777710
42777710,41.8689722058,-87.6689532674,1303919398.0,42777557,42778479
42778479,41.8691614093,-87.668973209,1303919426.0,42777710,42778518
42778518,41.8692433412,-87.6692125315,1303919432.0,42778479,42778560
42778560,41.8692323153,-87.6695258325,1303919437.0,42778518,42778598
42778598,41.8692216475,-87.6698180328,1303919441.0,42778560,42778639
42778639,41.8692126796,-87.6701069162,1303919445.0,42778598,42778683
42778683,41.8692337598,-87.6703660968,1303919449.0,42778639,42778781
42778781,41.8692430241,-87.6706299989,1303919457.0,42778683,42778847
42778847,41.8692381196,-87.670878105,1303919462.0,42778781,42778946
42778946,41.869247085,-87.6711393035,1303919469.0,42778847,42779371
42779371,41.8692436377,-87.6713983168,1303919495.0,42778946,42779441
42779441,41.8692210971,-87.67165462,1303919499.0,42779371,42779494
42779494,41.8691954907,-87.6719339359,1303919502.0,42779441,42779551
42779551,41.8691975838,-87.6722670691,1303919505.0,42779494,42779603
42779603,41.8691980617,-87.6726021215,1303919508.0,42779551,42779664
42779664,41.8691933127,-87.6729303302,1303919511.0,42779603,42779723
42779723,41.869188216,-87.673233334,1303919514.0,42779664,42779799
42779799,41.869185155,-87.6734891333,1303919518.0,42779723,42780004
42780004,41.8693210574,-87.6736987009,1303919528.0,42779799,42780054
42780054,41.8695039015,-87.6737100856,1303919531.0,42780004,42780121
42780121,41.8697289489,-87.673714605,1303919534.0,42780054,42780187
42780187,41.8699809325,-87.6737027438,1303919537.0,42780121,42780228
42780228,41.870224951,-87.6737112823,1303919540.0,42780187,42780262
42780262,41.8704539893,-87.6737274619,1303919543.0,42780228,42780335
42780335,41.870649981,-87.6737265135,1303919546.0,42780262,42780402
42780402,41.8708410474,-87.6737198101,1303919549.0,42780335,42780453
42780453,41.87104797,-87.6737214774,1303919552.0,42780402,42780514
42780514,41.8712651594,-87.6737439737,1303919556.0,42780453,42780646
42780646,41.8714762511,-87.6736418147,1303919566.0,42780514,42780745
42780745,41.8714589186,-87.6733495888,1303919575.0,42780646,None
