90801003,41.8741832087,-87.6670075476,1302549683.0,None,90801286
90801286,41.8741743451,-87.6667026089,1302549699.0,90801003,90801341
90801341,41.8741721265,-87.6664195261,1302549702.0,90801286,90801397
90801397,41.8741753971,-87.6660718973,1302549705.0,90801341,90801437
90801437,41.8741767052,-87.6658168366,1302549707.0,90801397,90801474
90801474,41.8741706958,-87.6655318469,1302549709.0,90801437,90801512
90801512,41.874166918,-87.6652209092,1302549711.0,90801474,90801550
90801550,41.8741591807,-87.6648979785,1302549713.0,90801512,90801571
90801571,41.8741504153,-87.6645719894,1302549715.0,90801550,90801612
90801612,41.8741389632,-87.6642369701,1302549717.0,90801571,90801656
90801656,41.8741293977,-87.6639049607,1302549719.0,90801612,90801697
90801697,41.8741206676,-87.6635789557,1302549721.0,90801656,90801736
90801736,41.874115019,-87.6632619577,1302549723.0,90801697,90801779
90801779,41.8741151149,-87.6629619873,1302549725.0,90801736,90801821
90801821,41.8741182583,-87.6626829588,1302549727.0,90801779,90801865
90801865,41.8741231348,-87.6624359626,1302549729.0,90801821,90801930
90801930,41.8741290711,-87.6621379818,1302549732.0,90801865,90802310
90802310,41.8741452444,-87.6618739015,1302549749.0,90801930,90802403
90802403,41.8741513461,-87.6615279139,1302549753.0,90802310,90802444
90802444,41.8741537163,-87.6612809367,1302549755.0,90802403,90802463
90802463,41.8741561007,-87.6610069326,1302549757.0,90802444,90802495
90802495,41.8741626061,-87.6607149311,1302549759.0,90802463,90802525
90802525,41.8741657748,-87.6604089495,1302549761.0,90802495,90802540
90802540,41.8741697318,-87.6600939679,1302549763.0,90802525,90802572
90802572,41.8741728161,-87.659771952,1302549765.0,90802540,90802612
90802612,41.8741726455,-87.6594449799,1302549767.0,90802572,90802658
90802658,41.8741759161,-87.6591169838,1302549769.0,90802612,90802711
90802711,41.8741765814,-87.6587949841,1302549771.0,90802658,90802770
90802770,41.8741779824,-87.6584829898,1302549773.0,90802711,90802823
90802823,41.8741748984,-87.65819002,1302549775.0,90802770,90802868
90802868,41.8741726939,-87.6579150432,1302549777.0,90802823,90802913
90802913,41.8741754975,-87.657671055,1302549779.0,90802868,90802985
90802985,41.8741799297,-87.6573911164,1302549782.0,90802913,90803424
90803424,41.874190081,-87.6571280901,1302549799.0,90802985,90803531
90803531,41.8742150862,-87.6567934418,1302549803.0,90803424,90803613
90803613,41.874228075,-87.6564735388,1302549806.0,90803531,90803663
90803663,41.8742313204,-87.6562219084,1302549808.0,90803613,90803713
90803713,41.8742375343,-87.6559547718,1302549810.0,90803663,90803768
90803768,41.8742411526,-87.6556778231,1302549812.0,90803713,90803823
90803823,41.8742444767,-87.6553979993,1302549814.0,90803768,90803877
90803877,41.8742483927,-87.6551100318,1302549816.0,90803823,90803931
90803931,41.8742518207,-87.6548040415,1302549818.0,90803877,90803990
90803990,41.8742553645,-87.6544980765,1302549820.0,90803931,90804045
90804045,41.874256551,-87.6541961043,1302549822.0,90803990,90804102
90804102,41.8742543005,-87.653903274,1302549824.0,90804045,90804158
90804158,41.8742588037,-87.653624314,1302549826.0,90804102,90804218
90804218,41.874257038,-87.6533514276,1302549828.0,90804158,90804273
90804273,41.874251684,-87.6530814114,1302549830.0,90804218,90804326
90804326,41.8742529162,-87.6528232635,1302549832.0,90804273,90804415
90804415,41.8742565335,-87.6525021128,1302549835.0,90804326,90804527
90804527,41.8742570801,-87.6522373788,1302549839.0,90804415,90805352
90805352,41.8742634296,-87.6519955686,1302549867.0,90804527,90805940
90805940,41.8742764038,-87.6516856293,1302549886.0,90805352,90806037
90806037,41.8742825446,-87.6513445705,1302549889.0,90805940,90806104
90806104,41.874288595,-87.6510895068,1302549891.0,90806037,90806167
90806167,41.8742936491,-87.6508254263,1302549893.0,90806104,90806228
90806228,41.874298563,-87.6505573389,1302549895.0,90806167,90806285
90806285,41.8743016328,-87.6502982774,1302549897.0,90806228,90806354
90806354,41.8743062397,-87.6500443676,1302549899.0,90806285,90806421
90806421,41.8743122344,-87.6497906542,1302549901.0,90806354,90806486
90806486,41.8743194512,-87.6495255178,1302549903.0,90806421,90806552
90806552,41.8743228626,-87.6492464345,1302549905.0,90806486,90806612
90806612,41.8743275025,-87.6489623924,1302549907.0,90806552,90806681
90806681,41.8743323518,-87.6486772518,1302549909.0,90806612,90806743
90806743,41.8743323995,-87.6484023316,1302549911.0,90806681,90806810
90806810,41.8743167038,-87.6481394458,1302549913.0,90806743,90806876
90806876,41.874293683,-87.6478964712,1302549915.0,90806810,90806977
90806977,41.8742702473,-87.6475986905,1302549918.0,90806876,90807112
90807112,41.8742348332,-87.6473201315,1302549922.0,90806977,90807241
90807241,41.8740618549,-87.647195038,1302549926.0,90807112,90807341
90807341,41.8738428312,-87.6471901831,1302549929.0,90807241,90807410
90807410,41.87365886,-87.6471898296,1302549931.0,90807341,90807478
90807478,41.8734609003,-87.6471886045,1302549933.0,90807410,90807542
90807542,41.8732449889,-87.6471856875,1302549935.0,90807478,90807606
90807606,41.8730241175,-87.6471815933,1302549937.0,90807542,90807671
90807671,41.8728162104,-87.6471760614,1302549939.0,90807606,90807743
90807743,41.8726272345,-87.6471751386,1302549941.0,90807671,90807850
90807850,41.8723822265,-87.6471995978,1302549944.0,90807743,90807948
90807948,41.8721885162,-87.6471998646,1302549947.0,90807850,90808145
90808145,41.8720033831,-87.6471622262,1302549953.0,90807948,90808158
90808158,41.8717499767,-87.6471216983,1302549957.0,90808145,90808168
90808168,41.8715640365,-87.6471131041,1302549959.0,90808158,90808180
90808180,41.8713530388,-87.6471072528,1302549961.0,90808168,90808193
90808193,41.871128983,-87.6470966211,1302549963.0,90808180,90808207
90808207,41.870902951,-87.6470896679,1302549965.0,90808193,90808223
90808223,41.8706729807,-87.6470841189,1302549967.0,90808207,90808239
90808239,41.8704580559,-87.6470765435,1302549969.0,90808223,90808257
90808257,41.8702680844,-87.6470703447,1302549971.0,90808239,90808285
90808285,41.8700550104,-87.6470649359,1302549974.0,90808257,90808336
90808336,41.8698510329,-87.6470503729,1302549979.0,90808285,90808699
90808699,41.8696474373,-87.6470325925,1302550007.0,90808336,90808745
90808745,41.8694101818,-87.6470370083,1302550010.0,90808699,90808775
90808775,41.8692248938,-87.6470343742,1302550012.0,90808745,90808807
90808807,41.8690367669,-87.6470283183,1302550014.0,90808775,90808842
90808842,41.8688497673,-87.6470218763,1302550016.0,90808807,90808873
90808873,41.8686557448,-87.6470099636,1302550018.0,90808842,90808906
90808906,41.8684528318,-87.6470003872,1302550020.0,90808873,90808939
90808939,41.8682510535,-87.6469898879,1302550022.0,90808906,90808976
90808976,41.8680561378,-87.6469805447,1302550024.0,90808939,90809026
90809026,41.8678089136,-87.6469686834,1302550027.0,90808976,90809095
90809095,41.8675947678,-87.6469588043,1302550031.0,90809026,90809301
90809301,41.8674090897,-87.6469506214,1302550042.0,90809095,90809396
90809396,41.8671710546,-87.6469323472,1302550047.0,90809301,90809457
90809457,41.8669557949,-87.6469229648,1302550050.0,90809396,90809516
90809516,41.8667098608,-87.6469104269,1302550053.0,90809457,90809575
90809575,41.866469857,-87.6468933671,1302550056.0,90809516,90809642
90809642,41.8662369704,-87.6468866186,1302550059.0,90809575,90809702
90809702,41.8660480387,-87.646869401,1302550062.0,90809642,90809806
90809806,41.8658660834,-87.6468819217,1302550067.0,90809702,90810187
90810187,41.8656449879,-87.6469088227,1302550087.0,90809806,90810242
90810242,41.8654608703,-87.6468774699,1302550090.0,90810187,90810296
90810296,41.8652569306,-87.6468665297,1302550093.0,90810242,90810362
90810362,41.8650708668,-87.6468620832,1302550096.0,90810296,None
