100642086,41.8742560182,-87.6663262724,1304018032.0,None,100642606
100642606,41.8742479148,-87.6665731929,1304018060.0,100642086,100642689
100642689,41.8742028627,-87.6668565799,1304018064.0,100642606,100642762
100642762,41.8741856168,-87.6671052955,1304018067.0,100642689,100642831
100642831,41.874170822,-87.6674109453,1304018070.0,100642762,100642900
100642900,41.8741508041,-87.6677600444,1304018073.0,100642831,100642969
100642969,41.874150499,-87.6681131049,1304018076.0,100642900,100643043
100643043,41.874152986,-87.6684440057,1304018079.0,100642969,100643112
100643112,41.8741511362,-87.6687228735,1304018082.0,100643043,100643212
100643212,41.8741398036,-87.6690125629,1304018086.0,100643112,100643241
100643241,41.8739903092,-87.6691615426,1304018093.0,100643212,100643267
100643267,41.8737478892,-87.6691145922,1304018097.0,100643241,100643290
100643290,41.8735109794,-87.6691055529,1304018100.0,100643267,100643315
100643315,41.873262878,-87.6690962342,1304018103.0,100643290,100643352
100643352,41.873058926,-87.6690554418,1304018107.0,100643315,100643414
100643414,41.8728687097,-87.6689353639,1304018113.0,100643352,100643446
100643446,41.8726629785,-87.6687704603,1304018116.0,100643414,100643470
100643470,41.8725148788,-87.6686255653,1304018118.0,100643446,100643506
100643506,41.8722949385,-87.6684712106,1304018121.0,100643470,100643544
100643544,41.8720699369,-87.668544955,1304018124.0,100643506,100643583
100643583,41.8718932342,-87.6686517431,1304018127.0,100643544,100643652
100643652,41.8717221494,-87.6687882544,1304018132.0,100643583,100643709
100643709,41.871500989,-87.6688236832,1304018136.0,100643652,100643748
100643748,41.8712540238,-87.6688341036,1304018139.0,100643709,100643779
100643779,41.8710569484,-87.6688480853,1304018141.0,100643748,100643811
100643811,41.8708488531,-87.6688637686,1304018143.0,100643779,100643842
100643842,41.8706247998,-87.6688729466,1304018145.0,100643811,100643873
100643873,41.8703868473,-87.6688797949,1304018147.0,100643842,100643906
100643906,41.8701528497,-87.6688943131,1304018149.0,100643873,100643940
100643940,41.8699407907,-87.6689120367,1304018151.0,100643906,100643989
100643989,41.8696857474,-87.6689393017,1304018154.0,100643940,100644040
100644040,41.8695045948,-87.6689638733,1304018157.0,100643989,100644165
100644165,41.8693224875,-87.6689511975,1304018164.0,100644040,100644258
100644258,41.869241374,-87.669178069,1304018169.0,100644165,100644313
100644313,41.8692320861,-87.6694800253,1304018172.0,100644258,100644367
100644367,41.8692190041,-87.6698490112,1304018175.0,100644313,100644405
100644405,41.8692162174,-87.6701169382,1304018177.0,100644367,100644446
100644446,41.8692164433,-87.6703920791,1304018179.0,100644405,100644486
100644486,41.8692149432,-87.6706549447,1304018181.0,100644446,100644542
100644542,41.8692116502,-87.6709704796,1304018184.0,100644486,100644640
100644640,41.8692213947,-87.6712308252,1304018189.0,100644542,100644932
100644932,41.8692139717,-87.6715012564,1304018203.0,100644640,100645000
100645000,41.8691836873,-87.6718299848,1304018206.0,100644932,100645047
100645047,41.869172544,-87.6721161229,1304018208.0,100645000,100645090
100645090,41.8691684516,-87.672424163,1304018210.0,100645047,100645131
100645131,41.8691702322,-87.6727052474,1304018212.0,100645090,100645173
100645173,41.8691713961,-87.6729632487,1304018214.0,100645131,100645237
100645237,41.8691772439,-87.6732793769,1304018217.0,100645173,100645352
100645352,41.8691992842,-87.6735271093,1304018222.0,100645237,100645751
100645751,41.8691979135,-87.6737750502,1304018241.0,100645352,100645827
100645827,41.8691728078,-87.6740762095,1304018244.0,100645751,100645876
100645876,41.8691636398,-87.674325221,1304018246.0,100645827,100645928
100645928,41.8691613052,-87.6745712237,1304018248.0,100645876,100646001
100646001,41.8691617436,-87.6749112294,1304018251.0,100645928,100646080
100646080,41.8691580582,-87.6752231474,1304018254.0,100646001,100646147
100646147,41.8691566649,-87.6755130925,1304018257.0,100646080,100646214
100646214,41.869161653,-87.6757642033,1304018260.0,100646147,100646347
100646347,41.869188742,-87.6760084202,1304018265.0,100646214,100646720
100646720,41.8692967605,-87.6762133369,1304018279.0,100646347,100646828
100646828,41.8695450281,-87.6762020652,1304018283.0,100646720,100646904
100646904,41.8697990141,-87.6761980437,1304018286.0,100646828,100646957
100646957,41.8699860638,-87.6762033312,1304018288.0,100646904,100647015
100647015,41.8701870597,-87.6762098499,1304018290.0,100646957,100647068
100647068,41.8704100828,-87.6762191846,1304018292.0,100647015,100647126
100647126,41.870650009,-87.6762283366,1304018294.0,100647068,100647182
100647182,41.8708659863,-87.6762294962,1304018296.0,100647126,100647240
100647240,41.8710640236,-87.6762354322,1304018298.0,100647182,100647329
100647329,41.8712906809,-87.67624216,1304018301.0,100647240,100647467
100647467,41.8714632247,-87.6761389385,1304018306.0,100647329,100647574
100647574,41.8714660323,-87.6758399873,1304018310.0,100647467,100647663
100647663,41.8714596317,-87.6755179566,1304018313.0,100647574,100647753
100647753,41.8714501182,-87.6752652153,1304018316.0,100647663,100648386
100648386,41.8714551638,-87.6749732739,1304018337.0,100647753,100648471
100648471,41.8714673585,-87.6747278344,1304018340.0,100648386,100648555
100648555,41.871483507,-87.6744103714,1304018343.0,100648471,100648645
100648645,41.8714920899,-87.674106288,1304018346.0,100648555,100648991
100648991,41.8715022486,-87.6738349354,1304018357.0,100648645,100649118
100649118,41.8714882787,-87.6735733094,1304018361.0,100648991,100649718
100649718,41.8714719553,-87.6733265598,1304018381.0,100649118,100649892
100649892,41.8714743506,-87.6730223386,1304018386.0,100649718,100649980
100649980,41.8714896881,-87.6726722644,1304018389.0,100649892,100650026
100650026,41.8714935673,-87.6724192345,1304018391.0,100649980,100650119
100650119,41.8715123545,-87.672083975,1304018394.0,100650026,100650222
100650222,41.8715197781,-87.67182369,1304018397.0,100650119,100650325
100650325,41.8715213904,-87.6715529135,1304018400.0,100650222,100650430
100650430,41.8715262014,-87.6712340391,1304018403.0,100650325,100650530
100650530,41.8715346321,-87.6708722003,1304018406.0,100650430,100650592
100650592,41.8715435317,-87.6706220506,1304018408.0,100650530,100650647
100650647,41.8715503868,-87.6703719136,1304018410.0,100650592,100650707
100650707,41.8715566161,-87.6701216404,1304018412.0,100650647,100650779
100650779,41.8715652933,-87.6698691272,1304018414.0,100650707,100650848
100650848,41.8715716363,-87.6696248911,1304018416.0,100650779,100650959
100650959,41.8715577319,-87.66933908,1304018419.0,100650848,100651148
100651148,41.8715920101,-87.6690787592,1304018425.0,100650959,100651327
100651327,41.8718008298,-87.6689821854,1304018430.0,100651148,100651436
100651436,41.8720570134,-87.6689987969,1304018433.0,100651327,100651506
100651506,41.8722519608,-87.6690188743,1304018435.0,100651436,100651568
100651568,41.8724399432,-87.6690245047,1304018437.0,100651506,100651663
100651663,41.8726501954,-87.6690060176,1304018440.0,100651568,100651866
100651866,41.872848244,-87.6689953735,1304018446.0,100651663,100651975
100651975,41.8730459983,-87.669005608,1304018449.0,100651866,100652085
100652085,41.8733090229,-87.669015993,1304018452.0,100651975,100652192
100652192,41.8735589008,-87.6690325615,1304018455.0,100652085,100652312
100652312,41.8737599494,-87.6690576747,1304018458.0,100652192,100653074
100653074,41.8739620475,-87.6691051945,1304018483.0,100652312,100653094
100653094,41.8740207456,-87.6688052118,1304018487.0,100653074,100653113
100653113,41.874036317,-87.6684710485,1304018490.0,100653094,100653135
100653135,41.8740519768,-87.6681699013,1304018493.0,100653113,100653159
100653159,41.8741049227,-87.6679196666,1304018496.0,100653135,100653195
100653195,41.8741324794,-87.6675836485,1304018500.0,100653159,100653225
100653225,41.8740975567,-87.6672657823,1304018503.0,100653195,100653256
100653256,41.8741099595,-87.6669228507,1304018506.0,100653225,100653289
100653289,41.8741589126,-87.6665675581,1304018509.0,100653256,100653312
100653312,41.8741747382,-87.6663158563,1304018511.0,100653289,100653336
100653336,41.8741874159,-87.6660428294,1304018513.0,100653312,100653360
100653360,41.8741922511,-87.6657497693,1304018515.0,100653336,100653385
100653385,41.8741950413,-87.665436894,1304018517.0,100653360,100653411
100653411,41.8741981979,-87.6651110772,1304018519.0,100653385,100653437
100653437,41.8741927333,-87.6647812117,1304018521.0,100653411,100653464
100653464,41.8741835271,-87.6644492108,1304018523.0,100653437,100653492
100653492,41.8741734164,-87.6641162013,1304018525.0,100653464,100653520
100653520,41.874161066,-87.6637911661,1304018527.0,100653492,100653548
100653548,41.874155222,-87.6634830976,1304018529.0,100653520,100653578
100653578,41.8741522376,-87.6631929734,1304018531.0,100653548,100653608
100653608,41.8741540865,-87.6629318845,1304018533.0,100653578,100653652
100653652,41.8741607495,-87.6626007852,1304018536.0,100653608,100653717
100653717,41.8741691779,-87.6623158,1304018540.0,100653652,100654037
100654037,41.8741740911,-87.6620387536,1304018559.0,100653717,100654093
100654093,41.8741779935,-87.6617248058,1304018562.0,100654037,100654131
100654131,41.8741827209,-87.6614747655,1304018564.0,100654093,100654169
100654169,41.8741885281,-87.6611947551,1304018566.0,100654131,100654205
100654205,41.8741925706,-87.6609077682,1304018568.0,100654169,100654243
100654243,41.8741965386,-87.6606187921,1304018570.0,100654205,100654283
100654283,41.8741987913,-87.6603278294,1304018572.0,100654243,100654322
100654322,41.8741992829,-87.6600248504,1304018574.0,100654283,100654361
100654361,41.8742015282,-87.6597078529,1304018576.0,100654322,100654401
100654401,41.8742039195,-87.6593758451,1304018578.0,100654361,100654442
100654442,41.8742054918,-87.6590358491,1304018580.0,100654401,100654483
100654483,41.8742069743,-87.6586898589,1304018582.0,100654442,100654523
100654523,41.8742035092,-87.6583619069,1304018584.0,100654483,100654563
100654563,41.8741990657,-87.6580559318,1304018586.0,100654523,100654603
100654603,41.8742012863,-87.6577759793,1304018588.0,100654563,100654663
100654663,41.8742077993,-87.6574400984,1304018591.0,100654603,100654752
100654752,41.8742085181,-87.6571879204,1304018595.0,100654663,100655104
100655104,41.8742191574,-87.6569399043,1304018611.0,100654752,100655171
100655171,41.8742294317,-87.6566517186,1304018614.0,100655104,100655240
100655240,41.8742483402,-87.6563028784,1304018617.0,100655171,100655290
100655290,41.8742564126,-87.6560376051,1304018619.0,100655240,100655338
100655338,41.8742624277,-87.6557535389,1304018621.0,100655290,100655387
100655387,41.8742640782,-87.6554616124,1304018623.0,100655338,100655435
100655435,41.8742691306,-87.6551676072,1304018625.0,100655387,100655480
100655480,41.8742741594,-87.6548685982,1304018627.0,100655435,100655522
100655522,41.8742782975,-87.6545565992,1304018629.0,100655480,100655570
100655570,41.8742790533,-87.6542397095,1304018631.0,100655522,100655620
100655620,41.8742832537,-87.6539176646,1304018633.0,100655570,100655672
100655672,41.8742910023,-87.6536046122,1304018635.0,100655620,100655722
100655722,41.8742962491,-87.6533006243,1304018637.0,100655672,100655774
100655774,41.8742973727,-87.6530137451,1304018639.0,100655722,100655822
100655822,41.8742986489,-87.6527618472,1304018641.0,100655774,100655896
100655896,41.8742988739,-87.652474906,1304018644.0,100655822,100655995
100655995,41.8742978911,-87.6522329124,1304018649.0,100655896,None
