68633536,41.8692649498,-87.6712893155,1302616634.0,None,68633888
68633888,41.8692604909,-87.671553329,1302616657.0,68633536,68633971
68633971,41.8692483547,-87.6718354349,1302616662.0,68633888,68634026
68634026,41.8692487593,-87.672088918,1302616665.0,68633971,68634078
68634078,41.8692506698,-87.6723591259,1302616668.0,68634026,68634133
68634133,41.8692515971,-87.6726329899,1302616671.0,68634078,68634191
68634191,41.8692483054,-87.6729032364,1302616674.0,68634133,68634229
68634229,41.8692471745,-87.6731683598,1302616677.0,68634191,68634308
68634308,41.8692338823,-87.6734190475,1302616681.0,68634229,68634488
68634488,41.8693153625,-87.6736371418,1302616690.0,68634308,68634587
68634587,41.8695288793,-87.6736286357,1302616695.0,68634488,68634661
68634661,41.8697669304,-87.6736241804,1302616699.0,68634587,68634728
68634728,41.8699639565,-87.6736252087,1302616702.0,68634661,68634794
68634794,41.8701509853,-87.6736292191,1302616705.0,68634728,68634878
68634878,41.8703759721,-87.6736341818,1302616709.0,68634794,68634990
68634990,41.870588992,-87.6736391213,1302616714.0,68634878,68635081
68635081,41.8707699829,-87.6736605499,1302616720.0,68634990,68635639
68635639,41.8709500097,-87.6737200719,1302616748.0,68635081,68635762
68635762,41.871159117,-87.6737387506,1302616753.0,68635639,68635861
68635861,41.8713437984,-87.6737656452,1302616758.0,68635762,68636068
68636068,41.8714913597,-87.6736050472,1302616766.0,68635861,68636182
68636182,41.8714234209,-87.673365302,1302616771.0,68636068,68636693
68636693,41.8714353013,-87.6730533455,1302616791.0,68636182,68636773
68636773,41.8714443944,-87.6727543144,1302616794.0,68636693,68636854
68636854,41.8714554152,-87.6724132432,1302616797.0,68636773,68636936
68636936,41.8714665049,-87.6720839093,1302616800.0,68636854,68637016
68637016,41.8714847044,-87.6717889017,1302616803.0,68636936,68637119
68637119,41.8715006304,-87.6715370777,1302616807.0,68637016,68637210
68637210,41.8715462508,-87.6712048646,1302616811.0,68637119,68637257
68637257,41.8715565825,-87.670961951,1302616813.0,68637210,68637326
68637326,41.8715660442,-87.6707099223,1302616815.0,68637257,68637417
68637417,41.8715564782,-87.6703569299,1302616818.0,68637326,68637497
68637497,41.8715570511,-87.6700537289,1302616821.0,68637417,68637572
68637572,41.8715697648,-87.6697632823,1302616824.0,68637497,68637652
68637652,41.8715792876,-87.6694887863,1302616827.0,68637572,68637776
68637776,41.8715591994,-87.6691897467,1302616831.0,68637652,68638070
68638070,41.8714516739,-87.6689939369,1302616841.0,68637776,68638190
68638190,41.8712054667,-87.6689997045,1302616845.0,68638070,68638252
68638252,41.8710194492,-87.6689917375,1302616847.0,68638190,68638315
68638315,41.8708224607,-87.6689840519,1302616849.0,68638252,68638373
68638373,41.8706165644,-87.6689758373,1302616851.0,68638315,68638425
68638425,41.8704166781,-87.6689712314,1302616853.0,68638373,68638471
68638471,41.8702187624,-87.6689727288,1302616855.0,68638425,68638523
68638523,41.8700277422,-87.668968231,1302616857.0,68638471,68638588
68638588,41.8698477229,-87.6689635773,1302616859.0,68638523,68638688
68638688,41.8696016375,-87.6689588302,1302616862.0,68638588,68638809
68638809,41.8693882496,-87.6689619881,1302616866.0,68638688,68639306
68639306,41.8691974053,-87.6689387533,1302616882.0,68638809,68639387
68639387,41.8690097241,-87.6689395216,1302616885.0,68639306,68639476
68639476,41.8687658434,-87.668935789,1302616888.0,68639387,68639538
68639538,41.8685809321,-87.6689333757,1302616890.0,68639476,68639605
68639605,41.8683889444,-87.6689300253,1302616892.0,68639538,68639673
68639673,41.8681939595,-87.6689296425,1302616894.0,68639605,68639746
68639746,41.8680009304,-87.668923514,1302616896.0,68639673,68639780
68639780,41.8678099221,-87.6689206377,1302616898.0,68639746,68639845
68639845,41.8676178866,-87.6689213794,1302616900.0,68639780,68639906
68639906,41.8674378591,-87.6689220826,1302616902.0,68639845,68639997
68639997,41.867207892,-87.6689327121,1302616905.0,68639906,68640678
68640678,41.8670198989,-87.6689345364,1302616926.0,68639997,68640701
68640701,41.8668356301,-87.6689057862,1302616932.0,68640678,68640740
68640740,41.8667481482,-87.6686427955,1302616938.0,68640701,68640772
68640772,41.8667553718,-87.6683330843,1302616942.0,68640740,68640808
68640808,41.8667619221,-87.6680330459,1302616946.0,68640772,68640869
68640869,41.8667692316,-87.667791081,1302616952.0,68640808,68641119
68641119,41.8667772786,-87.6675291506,1302616972.0,68640869,68641161
68641161,41.8667842509,-87.6672761467,1302616975.0,68641119,68641206
68641206,41.8667884198,-87.6669760762,1302616978.0,68641161,68641247
68641247,41.8667934598,-87.6666290823,1302616981.0,68641206,68641295
68641295,41.866797209,-87.6662692088,1302616984.0,68641247,68641325
68641325,41.8668031854,-87.6660130469,1302616986.0,68641295,68641357
68641357,41.8668091157,-87.6657470197,1302616988.0,68641325,68641388
68641388,41.8668160012,-87.6654809872,1302616990.0,68641357,68641424
68641424,41.8668242829,-87.6652218893,1302616992.0,68641388,68641457
68641457,41.8668303462,-87.6649638634,1302616994.0,68641424,68641491
68641491,41.866833741,-87.6647058389,1302616996.0,68641457,68641524
68641524,41.866836336,-87.6644398783,1302616998.0,68641491,68641560
68641560,41.8668374501,-87.6641718833,1302617000.0,68641524,68641596
68641596,41.8668438606,-87.6637549134,1302617003.0,68641560,68641635
68641635,41.8668510405,-87.6634768629,1302617005.0,68641596,68641672
68641672,41.8668574546,-87.6632008605,1302617007.0,68641635,68641708
68641708,41.8668638122,-87.6629168565,1302617009.0,68641672,68641744
68641744,41.8668665565,-87.6626288842,1302617011.0,68641708,68641782
68641782,41.8668684924,-87.662348898,1302617013.0,68641744,68641822
68641822,41.866874597,-87.6620679007,1302617015.0,68641782,68641860
68641860,41.8668815491,-87.6617919128,1302617017.0,68641822,68641896
68641896,41.8668901459,-87.66152089,1302617019.0,68641860,68641935
68641935,41.8668936754,-87.6612478563,1302617021.0,68641896,68641975
68641975,41.8668990683,-87.6609728448,1302617023.0,68641935,68642015
68642015,41.8669038042,-87.6606977811,1302617025.0,68641975,68642056
68642056,41.8669087685,-87.6604257403,1302617027.0,68642015,68642095
68642095,41.8669137304,-87.6601647278,1302617029.0,68642056,68642133
68642133,41.8669193075,-87.6598967488,1302617031.0,68642095,68642177
68642177,41.8669247982,-87.6596297491,1302617033.0,68642133,68642213
68642213,41.866931275,-87.6593717518,1302617035.0,68642177,68642259
68642259,41.8669375581,-87.6591227162,1302617037.0,68642213,68642302
68642302,41.8669420356,-87.6588747503,1302617039.0,68642259,68642340
68642340,41.8669439552,-87.6586277707,1302617041.0,68642302,68642370
68642370,41.8669472855,-87.6583817755,1302617043.0,68642340,68642413
68642413,41.8669532677,-87.6580247264,1302617046.0,68642370,68642477
68642477,41.8669579717,-87.6576637702,1302617049.0,68642413,68642516
68642516,41.866963619,-87.6574137102,1302617051.0,68642477,68642556
68642556,41.8669693226,-87.6571587338,1302617053.0,68642516,68642593
68642593,41.8669740897,-87.6569007847,1302617055.0,68642556,68642629
68642629,41.8669773241,-87.6566433228,1302617057.0,68642593,68642664
68642664,41.8669798682,-87.6563849669,1302617059.0,68642629,68642702
68642702,41.8669916154,-87.6561275521,1302617061.0,68642664,68642748
68642748,41.8670012565,-87.6558793636,1302617063.0,68642702,68642818
68642818,41.8670086343,-87.6555314023,1302617066.0,68642748,68642887
68642887,41.8670130901,-87.655244433,1302617069.0,68642818,68642978
68642978,41.8670178391,-87.6549932307,1302617073.0,68642887,68643446
68643446,41.8670293783,-87.6546410912,1302617093.0,68642978,68643528
68643528,41.8670380356,-87.654360369,1302617096.0,68643446,68643604
68643604,41.8670391253,-87.6540464665,1302617099.0,68643528,68643680
68643680,41.8670451829,-87.6536952465,1302617102.0,68643604,68643730
68643730,41.8670524809,-87.6534474135,1302617104.0,68643680,68643785
68643785,41.8670539596,-87.6531874669,1302617106.0,68643730,68643837
68643837,41.8670531985,-87.6529175119,1302617108.0,68643785,68643893
68643893,41.8670579693,-87.6526495019,1302617110.0,68643837,68643950
68643950,41.8670594444,-87.6523985041,1302617112.0,68643893,68644028
68644028,41.8670604503,-87.6520565041,1302617115.0,68643950,68644106
68644106,41.8670583126,-87.6518035123,1302617118.0,68644028,68644208
68644208,41.8670795941,-87.6515422085,1302617122.0,68644106,68644319
68644319,41.8670911248,-87.6512647027,1302617126.0,68644208,68644437
68644437,41.8671863066,-87.6509973757,1302617130.0,68644319,68644551
68644551,41.8674090621,-87.6509641932,1302617134.0,68644437,68644635
68644635,41.8676079133,-87.650982478,1302617137.0,68644551,68644713
68644713,41.8678328321,-87.6509929343,1302617140.0,68644635,68644798
68644798,41.8680658301,-87.6509989611,1302617143.0,68644713,68644881
68644881,41.8683068347,-87.6510089278,1302617146.0,68644798,68644968
68644968,41.8686408565,-87.6510230575,1302617150.0,68644881,68645065
68645065,41.868887811,-87.6510353054,1302617153.0,68644968,68645151
68645151,41.8691153821,-87.6510468751,1302617156.0,68645065,68645259
68645259,41.8693245233,-87.6510714646,1302617160.0,68645151,None
