103295230,41.8691218943,-87.680476086,1301865102.0,None,103295367
103295367,41.8691211633,-87.6807910402,1301865106.0,103295230,103295480
103295480,41.8691190935,-87.6811337832,1301865109.0,103295367,103295549
103295549,41.8691085689,-87.6814056973,1301865111.0,103295480,103295619
103295619,41.8690945028,-87.6816947031,1301865113.0,103295549,103295697
103295697,41.8690828401,-87.6819778014,1301865115.0,103295619,103295770
103295770,41.8690725126,-87.6822549254,1301865117.0,103295697,103295836
103295836,41.8690688809,-87.6825218756,1301865119.0,103295770,103295906
103295906,41.8690647003,-87.6827729069,1301865121.0,103295836,103296011
103296011,41.8690508633,-87.6831159715,1301865124.0,103295906,103296126
103296126,41.8690459998,-87.6833830302,1301865127.0,103296011,103296338
103296338,41.8690391957,-87.6836321666,1301865133.0,103296126,103296469
103296469,41.8690387711,-87.6838838007,1301865137.0,103296338,103296579
103296579,41.8690316822,-87.6842188354,1301865140.0,103296469,103296692
103296692,41.8690232924,-87.6845440189,1301865143.0,103296579,103296835
103296835,41.8690059674,-87.6847991353,1301865147.0,103296692,103297016
103297016,41.8689851514,-87.6850439475,1301865152.0,103296835,103297119
103297119,41.8689828642,-87.6853209709,1301865155.0,103297016,103297224
103297224,41.8689792956,-87.6856079877,1301865158.0,103297119,103297371
103297371,41.8689794695,-87.685872638,1301865162.0,103297224,103297752
103297752,41.8690605686,-87.6861150884,1301865173.0,103297371,103298598
103298598,41.8692552486,-87.6860857996,1301865197.0,103297752,103298726
103298726,41.8694662314,-87.6860838932,1301865201.0,103298598,103298846
103298846,41.8697222422,-87.6860994999,1301865204.0,103298726,103298917
103298917,41.8699262306,-87.6861082692,1301865206.0,103298846,103298989
103298989,41.8701361822,-87.6861138973,1301865208.0,103298917,103299064
103299064,41.8703381677,-87.6861222654,1301865210.0,103298989,103299130
103299130,41.8705341748,-87.6861245694,1301865212.0,103299064,103299201
103299201,41.8707161283,-87.6861285539,1301865214.0,103299130,103299302
103299302,41.8709582395,-87.6861290346,1301865217.0,103299201,103299404
103299404,41.8712042098,-87.686135963,1301865220.0,103299302,103299480
103299480,41.8713941262,-87.6861370078,1301865222.0,103299404,103299553
103299553,41.8715890741,-87.6861428234,1301865224.0,103299480,103299625
103299625,41.8717871035,-87.6861537395,1301865226.0,103299553,103299706
103299706,41.8719950681,-87.6861612257,1301865228.0,103299625,103299768
103299768,41.8722050503,-87.6861676297,1301865230.0,103299706,103299820
103299820,41.872407061,-87.6861710604,1301865232.0,103299768,103299895
103299895,41.8726010436,-87.6861723823,1301865234.0,103299820,103299963
103299963,41.8727890126,-87.6861757627,1301865236.0,103299895,103300040
103300040,41.8729730352,-87.686176902,1301865238.0,103299963,103300148
103300148,41.873229005,-87.68617853,1301865241.0,103300040,103300255
103300255,41.8734279597,-87.6861778433,1301865244.0,103300148,103301164
103301164,41.8736120921,-87.6861768582,1301865270.0,103300255,103301341
103301341,41.8737974259,-87.6861655602,1301865275.0,103301164,103301472
103301472,41.873878246,-87.6859416036,1301865279.0,103301341,103301583
103301583,41.8738780417,-87.6856470938,1301865282.0,103301472,103301656
103301656,41.8738734009,-87.685393282,1301865284.0,103301583,103301732
103301732,41.8738739007,-87.6851172667,1301865286.0,103301656,103301805
103301805,41.8738720538,-87.6848512398,1301865288.0,103301732,103301872
103301872,41.8738609027,-87.6846071835,1301865290.0,103301805,103301978
103301978,41.8738343097,-87.684294111,1301865293.0,103301872,103302086
103302086,41.8738347675,-87.6840151303,1301865296.0,103301978,103302190
103302190,41.8738366535,-87.6837391775,1301865299.0,103302086,103302291
103302291,41.873842899,-87.6834111647,1301865302.0,103302190,103302361
103302361,41.8738492182,-87.6831691977,1301865304.0,103302291,103302431
103302431,41.8738662282,-87.6829112003,1301865306.0,103302361,103302489
103302489,41.8738768097,-87.6826521661,1301865308.0,103302431,103302548
103302548,41.8738810387,-87.6824081105,1301865310.0,103302489,103302557
103302557,41.8738883233,-87.6820550839,1301865313.0,103302548,103302571
103302571,41.8738984248,-87.6817451623,1301865316.0,103302557,103302596
103302596,41.8739150258,-87.6814823282,1301865320.0,103302571,103302634
103302634,41.8739427361,-87.6812051867,1301865325.0,103302596,103302660
103302660,41.8739642709,-87.6808941098,1301865328.0,103302634,103302678
103302678,41.873975972,-87.6806441176,1301865330.0,103302660,103302698
103302698,41.8739832631,-87.6803720772,1301865332.0,103302678,103302718
103302718,41.8739896593,-87.6800680804,1301865334.0,103302698,103302739
103302739,41.8740025539,-87.6797519765,1301865336.0,103302718,103302761
103302761,41.8740114766,-87.6794339716,1301865338.0,103302739,103302783
103302783,41.8740146569,-87.6791149393,1301865340.0,103302761,103302807
103302807,41.8740188073,-87.6787959213,1301865342.0,103302783,103302831
103302831,41.8740245475,-87.6784819478,1301865344.0,103302807,103302855
103302855,41.8740270834,-87.6781719646,1301865346.0,103302831,103302881
103302881,41.8740304014,-87.6778749519,1301865348.0,103302855,103302907
103302907,41.8740357393,-87.6775950229,1301865350.0,103302881,103302933
103302933,41.8740419971,-87.6773280402,1301865352.0,103302907,103302975
103302975,41.8740438749,-87.6769944886,1301865355.0,103302933,103303031
103303031,41.8740481581,-87.6767041901,1301865359.0,103302975,103303200
103303200,41.8739254103,-87.6764804587,1301865370.0,103303031,103303248
103303248,41.8736714424,-87.6764715943,1301865373.0,103303200,103303281
103303281,41.8734806927,-87.6764637229,1301865375.0,103303248,103303315
103303315,41.8732667664,-87.6764504029,1301865377.0,103303281,103303347
103303347,41.8730249492,-87.6764347892,1301865379.0,103303315,103303382
103303382,41.8727759024,-87.6764225185,1301865381.0,103303347,103303416
103303416,41.8725308555,-87.6764046506,1301865383.0,103303382,103303454
103303454,41.8722906829,-87.6763843058,1301865385.0,103303416,103303488
103303488,41.8720564557,-87.6763541584,1301865387.0,103303454,103303523
103303523,41.8718405627,-87.6763243974,1301865389.0,103303488,103303579
103303579,41.8715946816,-87.6762720114,1301865392.0,103303523,103303673
103303673,41.8714430307,-87.6760873632,1301865397.0,103303579,103303730
103303730,41.8714423622,-87.6758281878,1301865400.0,103303673,103303789
103303789,41.8714476749,-87.6754849758,1301865403.0,103303730,103303848
103303848,41.8714689417,-87.6751232205,1301865406.0,103303789,103303886
103303886,41.871488116,-87.6748682612,1301865408.0,103303848,103303928
103303928,41.8714944018,-87.674613404,1301865410.0,103303886,103303991
103303991,41.8715006934,-87.6742582209,1301865413.0,103303928,103304052
103304052,41.871508574,-87.6739793376,1301865416.0,103303991,103304169
103304169,41.8715205349,-87.6737303281,1301865422.0,103304052,103304254
103304254,41.8715159474,-87.6734105319,1301865426.0,103304169,103304299
103304299,41.8715188883,-87.6731681443,1301865428.0,103304254,103304345
103304345,41.8715258458,-87.6728829943,1301865430.0,103304299,103304387
103304387,41.8715346687,-87.6725859991,1301865432.0,103304345,103304410
103304410,41.8715428504,-87.6723008975,1301865434.0,103304387,103304430
103304430,41.8715503361,-87.6720369279,1301865436.0,103304410,103304498
103304498,41.8715526081,-87.6717336531,1301865439.0,103304430,103305145
103305145,41.8714722744,-87.6714994155,1301865468.0,103304498,103305249
103305249,41.8714788787,-87.6712204845,1301865472.0,103305145,103305317
103305317,41.8714735312,-87.6708672673,1301865475.0,103305249,103305366
103305366,41.8714806411,-87.6705971174,1301865477.0,103305317,103305417
103305417,41.8714871045,-87.6703319756,1301865479.0,103305366,103305460
103305460,41.8714961822,-87.6700773929,1301865481.0,103305417,103305518
103305518,41.8715023622,-87.6698228557,1301865483.0,103305460,103305574
103305574,41.8715150784,-87.6695662309,1301865485.0,103305518,103305647
103305647,41.871525345,-87.669235274,1301865488.0,103305574,103305800
103305800,41.8715709607,-87.6689958262,1301865494.0,103305647,103305943
103305943,41.871375702,-87.6689120758,1301865499.0,103305800,103306021
103306021,41.8711368485,-87.6689056912,1301865502.0,103305943,103306071
103306071,41.8709387862,-87.6688900078,1301865504.0,103306021,103306126
103306126,41.8707167931,-87.6688734081,1301865506.0,103306071,103306177
103306177,41.8704818604,-87.6688557046,1301865508.0,103306126,103306232
103306232,41.8702499182,-87.6688396547,1301865510.0,103306177,103306288
103306288,41.8700289229,-87.6688195242,1301865512.0,103306232,103306343
103306343,41.8698200427,-87.6687906505,1301865514.0,103306288,103306401
103306401,41.8696350633,-87.6687711851,1301865516.0,103306343,103306514
103306514,41.8694248309,-87.6687894035,1301865520.0,103306401,103306818
103306818,41.8692396488,-87.6687295878,1301865531.0,103306514,103306931
103306931,41.8692367663,-87.6683858152,1301865535.0,103306818,103306972
103306972,41.8692432485,-87.6681239993,1301865537.0,103306931,103307031
103307031,41.869247012,-87.6678309549,1301865539.0,103306972,103307093
103307093,41.8692499401,-87.6675398366,1301865541.0,103307031,103307158
103307158,41.8692555179,-87.6672617951,1301865543.0,103307093,103307222
103307222,41.8692629907,-87.6670137405,1301865545.0,103307158,103307305
103307305,41.8692577625,-87.6667367275,1301865548.0,103307222,None
