7512070,41.8692759573,-87.6756790462,1301702807.0,None,7512480
7512480,41.8692310937,-87.6759789932,1301702820.0,7512070,7512576
7512576,41.8692154359,-87.6763234784,1301702823.0,7512480,7512641
7512641,41.8692033072,-87.6766036858,1301702825.0,7512576,7512704
7512704,41.8691974214,-87.6769068009,1301702827.0,7512641,7512765
7512765,41.8691915447,-87.6772178827,1301702829.0,7512704,7512839
7512839,41.8691847128,-87.6775398817,1301702831.0,7512765,7512907
7512907,41.8691769566,-87.6778698966,1301702833.0,7512839,7512976
7512976,41.8691691909,-87.6782028862,1301702835.0,7512907,7513046
7513046,41.8691652038,-87.6785249113,1301702837.0,7512976,7513110
7513110,41.8691620009,-87.678831864,1301702839.0,7513046,7513172
7513172,41.8691639029,-87.6791229105,1301702841.0,7513110,7513232
7513232,41.8691628726,-87.6793999199,1301702843.0,7513172,7513294
7513294,41.8691608834,-87.6796629403,1301702845.0,7513232,7513359
7513359,41.8691595893,-87.6799099914,1301702847.0,7513294,7513467
7513467,41.8691556881,-87.6802370706,1301702850.0,7513359,7513598
7513598,41.8691441724,-87.6804809274,1301702854.0,7513467,7514418
7514418,41.8691315051,-87.6807490494,1301702878.0,7513598,7514527
7514527,41.8691261062,-87.6811087511,1301702881.0,7514418,7514597
7514597,41.8691136271,-87.6814036448,1301702883.0,7514527,7514670
7514670,41.869102006,-87.6817386596,1301702885.0,7514597,7514739
7514739,41.8690892115,-87.6820917735,1301702887.0,7514670,7514799
7514799,41.8690810817,-87.6824318077,1301702889.0,7514739,7514868
7514868,41.8690731661,-87.6827388544,1301702891.0,7514799,7514933
7514933,41.8690708416,-87.6829928895,1301702893.0,7514868,7515040
7515040,41.8690715293,-87.6832759843,1301702896.0,7514933,7515823
7515823,41.8690752535,-87.683518813,1301702918.0,7515040,7516055
7516055,41.8690419731,-87.6838478414,1301702924.0,7515823,7516164
7516164,41.8690285617,-87.6842128423,1301702927.0,7516055,7516235
7516235,41.8690262109,-87.6844719679,1301702929.0,7516164,7516341
7516341,41.8690214826,-87.6847580204,1301702932.0,7516235,7516526
7516526,41.8690214932,-87.6850498082,1301702937.0,7516341,7516636
7516636,41.8690236323,-87.6853669366,1301702940.0,7516526,7516748
7516748,41.8690160209,-87.6856760983,1301702943.0,7516636,7516933
7516933,41.8690226065,-87.6859235165,1301702948.0,7516748,7517332
7517332,41.8691823024,-87.6860632413,1301702959.0,7516933,7517486
7517486,41.8693772043,-87.6860772771,1301702965.0,7517332,7517582
7517582,41.8695912358,-87.6860904791,1301702968.0,7517486,7517647
7517647,41.8697892447,-87.6861008117,1301702970.0,7517582,7517715
7517715,41.8700111952,-87.6861073636,1301702972.0,7517647,7517784
7517784,41.8702441582,-87.6861154358,1301702974.0,7517715,7517847
7517847,41.8704761426,-87.6861159855,1301702976.0,7517784,7517912
7517912,41.8706661017,-87.6861183107,1301702978.0,7517847,7518046
7518046,41.8708742217,-87.6861204228,1301702982.0,7517912,7518801
7518801,41.8710682544,-87.686139237,1301703003.0,7518046,7518941
7518941,41.871279303,-87.6861502124,1301703007.0,7518801,7519055
7519055,41.8715202607,-87.6861552555,1301703010.0,7518941,7519131
7519131,41.8717021679,-87.6861560406,1301703012.0,7519055,7519208
7519208,41.8719021223,-87.686161309,1301703014.0,7519131,7519282
7519282,41.8721200558,-87.6861642241,1301703016.0,7519208,7519359
7519359,41.8723420309,-87.6861672762,1301703018.0,7519282,7519427
7519427,41.8726770477,-87.6861756756,1301703021.0,7519359,7519500
7519500,41.8728920337,-87.686178483,1301703023.0,7519427,7519564
7519564,41.8731020486,-87.686183066,1301703025.0,7519500,7519599
7519599,41.8732910155,-87.6861849834,1301703027.0,7519564,7519713
7519713,41.8735069739,-87.6861853936,1301703030.0,7519599,7520479
7520479,41.8737291235,-87.6862048276,1301703051.0,7519713,7520619
7520619,41.8739095677,-87.6862035075,1301703055.0,7520479,7520793
7520793,41.8739881584,-87.6859097827,1301703060.0,7520619,7520908
7520908,41.8739804593,-87.6855777363,1301703063.0,7520793,7520984
7520984,41.8739769282,-87.685326694,1301703065.0,7520908,7521058
7521058,41.8739765704,-87.6850637683,1301703067.0,7520984,7521134
7521134,41.873979587,-87.6848007681,1301703069.0,7521058,7521204
7521204,41.8739814522,-87.6845338369,1301703071.0,7521134,7521277
7521277,41.8739864036,-87.6842588825,1301703073.0,7521204,7521350
7521350,41.8739848477,-87.6839888144,1301703075.0,7521277,7521418
7521418,41.8739844472,-87.6837208083,1301703077.0,7521350,7521487
7521487,41.8739881783,-87.6834348326,1301703079.0,7521418,7521555
7521555,41.8740002492,-87.6831258017,1301703081.0,7521487,7521628
7521628,41.8740103059,-87.6828188427,1301703083.0,7521555,7521707
7521707,41.8740101243,-87.682521885,1301703085.0,7521628,7521788
7521788,41.8740008048,-87.6822339023,1301703087.0,7521707,7521867
7521867,41.8739979912,-87.6819618964,1301703089.0,7521788,7521971
7521971,41.8740030424,-87.6816587514,1301703092.0,7521867,7522223
7522223,41.8740055944,-87.6813826623,1301703099.0,7521971,7522309
7522309,41.8740071894,-87.6810997529,1301703102.0,7522223,7522379
7522379,41.8740085702,-87.6808317574,1301703104.0,7522309,7522458
7522458,41.8740129154,-87.6805158467,1301703106.0,7522379,7522531
7522531,41.8740198741,-87.6801798935,1301703108.0,7522458,7522601
7522601,41.874026824,-87.6798418564,1301703110.0,7522531,7522673
7522673,41.8740308338,-87.679498891,1301703112.0,7522601,7522745
7522745,41.8740385,-87.6791588477,1301703114.0,7522673,7522827
7522827,41.8740443064,-87.6788318125,1301703116.0,7522745,7522900
7522900,41.874050132,-87.678516822,1301703118.0,7522827,7522972
7522972,41.8740532694,-87.6782178426,1301703120.0,7522900,7523040
7523040,41.8740563558,-87.6779318335,1301703122.0,7522972,7523111
7523111,41.8740601133,-87.6776579111,1301703124.0,7523040,7523187
7523187,41.8740613959,-87.677400949,1301703126.0,7523111,7523294
7523294,41.8740549548,-87.677076422,1301703129.0,7523187,7523427
7523427,41.8740435508,-87.6768287265,1301703133.0,7523294,7524266
7524266,41.8740002638,-87.6765719426,1301703156.0,7523427,7524413
7524413,41.8737605133,-87.6765149317,1301703160.0,7524266,7524480
7524480,41.8735663522,-87.6765008777,1301703162.0,7524413,7524551
7524551,41.8733393598,-87.6764880651,1301703164.0,7524480,7524626
7524626,41.873081326,-87.6764724219,1301703166.0,7524551,7524701
7524701,41.8728162747,-87.6764563146,1301703168.0,7524626,7524768
7524768,41.8725472158,-87.6764392365,1301703170.0,7524701,7524832
7524832,41.8722833485,-87.6764194595,1301703172.0,7524768,7524899
7524899,41.872034357,-87.6763879581,1301703174.0,7524832,7524975
7524975,41.8718181359,-87.6763607504,1301703176.0,7524899,7525084
7525084,41.8716009247,-87.6763444744,1301703179.0,7524975,7525536
7525536,41.8714567395,-87.6761930398,1301703192.0,7525084,7525688
7525688,41.8714329262,-87.6759034974,1301703196.0,7525536,7525794
7525794,41.8713983234,-87.6755740997,1301703199.0,7525688,7525907
7525907,41.8714074227,-87.6753131973,1301703202.0,7525794,7526538
7526538,41.8714275046,-87.6750022436,1301703220.0,7525907,7526646
7526646,41.8714517364,-87.6747038299,1301703223.0,7526538,7526721
7526721,41.8714668536,-87.6744585185,1301703225.0,7526646,7526814
7526814,41.8714802262,-87.674145157,1301703228.0,7526721,7526995
7526995,41.8714927364,-87.6738709322,1301703233.0,7526814,7527188
7527188,41.8714826443,-87.6735893728,1301703238.0,7526995,None
