17534035,41.8729083366,-87.676460524,1302754152.0,None,17534365
17534365,41.8727211898,-87.6764419326,1302754170.0,17534035,17534417
17534417,41.8724532969,-87.6764397481,1302754173.0,17534365,17534457
17534457,41.8722426093,-87.6764357049,1302754175.0,17534417,17534497
17534497,41.8720087244,-87.6764070555,1302754177.0,17534457,17534537
17534537,41.8717853551,-87.6763785535,1302754179.0,17534497,17534579
17534579,41.8715937833,-87.6763677609,1302754181.0,17534537,17534651
17534651,41.8713690076,-87.6763075433,1302754184.0,17534579,17534722
17534722,41.8712411202,-87.6761130297,1302754187.0,17534651,17534787
17534787,41.8711020124,-87.675883004,1302754190.0,17534722,17534855
17534855,41.87105,-87.675553,1302754193.0,17534787,17534960
17534960,41.8711020003,-87.6753120001,1302754197.0,17534855,17535247
17535247,41.871127001,-87.675012,1302754209.0,17534960,17535319
17535319,41.8711520046,-87.6746460002,1302754212.0,17535247,17535367
17535367,41.8711690075,-87.674376001,1302754214.0,17535319,17535437
17535437,41.8712100013,-87.6740548877,1302754217.0,17535367,17535516
17535516,41.8712362388,-87.6737345202,1302754220.0,17535437,17535566
17535566,41.8712503713,-87.6734672823,1302754222.0,17535516,17535619
17535619,41.8712670696,-87.6731520343,1302754224.0,17535566,17535674
17535674,41.8712814001,-87.6728010268,1302754226.0,17535619,17535729
17535729,41.8712953183,-87.6724360173,1302754228.0,17535674,17535778
17535778,41.8713024384,-87.6720849878,1302754230.0,17535729,17535833
17535833,41.8713083175,-87.6717490559,1302754232.0,17535778,17535886
17535886,41.8713205284,-87.671426269,1302754234.0,17535833,17535936
17535936,41.8713203873,-87.6711150461,1302754236.0,17535886,17535989
17535989,41.8713225069,-87.6708110628,1302754238.0,17535936,17536042
17536042,41.8713315854,-87.6705259962,1302754240.0,17535989,17536124
17536124,41.8713333706,-87.6702349745,1302754243.0,17536042,17536501
17536501,41.8713749367,-87.6699610059,1302754257.0,17536124,17536588
17536588,41.8713817367,-87.6697030779,1302754260.0,17536501,17536697
17536697,41.8713940516,-87.6694139871,1302754264.0,17536588,17536834
17536834,41.8712182606,-87.6692394167,1302754269.0,17536697,17536917
17536917,41.8709812758,-87.6691801857,1302754272.0,17536834,17536973
17536973,41.8707652943,-87.6691375211,1302754274.0,17536917,17537030
17537030,41.8705171842,-87.6691075157,1302754276.0,17536973,17537085
17537085,41.8702570961,-87.6690846157,1302754278.0,17537030,17537146
17537146,41.8700100806,-87.6690771524,1302754280.0,17537085,17537203
17537203,41.8698040598,-87.6690795856,1302754282.0,17537146,17537291
17537291,41.8695820885,-87.6690675961,1302754285.0,17537203,17537436
17537436,41.8694017894,-87.6690403699,1302754290.0,17537291,17537610
17537610,41.8691748875,-87.6689921794,1302754296.0,17537436,17537685
17537685,41.8689408848,-87.6689840969,1302754299.0,17537610,17537784
17537784,41.8686799231,-87.668968448,1302754302.0,17537685,17537850
17537850,41.8684649597,-87.6689505132,1302754304.0,17537784,17537912
17537912,41.8681999643,-87.6689296944,1302754306.0,17537850,17537960
17537960,41.8679319293,-87.6689177319,1302754308.0,17537912,17538024
17538024,41.8676978969,-87.6689126445,1302754310.0,17537960,17538083
17538083,41.8675138542,-87.6689093501,1302754312.0,17538024,17538204
17538204,41.8673259238,-87.66890146,1302754316.0,17538083,17539011
17539011,41.867131887,-87.6688256513,1302754342.0,17538204,17539144
17539144,41.8669166906,-87.6688060507,1302754346.0,17539011,17539285
17539285,41.866819964,-87.6685571177,1302754350.0,17539144,17539386
17539386,41.8668134579,-87.6682330364,1302754353.0,17539285,17539442
17539442,41.8667972595,-87.6679659919,1302754355.0,17539386,17539508
17539508,41.8667875356,-87.6676720516,1302754357.0,17539442,17539569
17539569,41.8667846028,-87.6673861207,1302754359.0,17539508,17539668
17539668,41.8667677025,-87.6670641248,1302754362.0,17539569,17539830
17539830,41.8667385741,-87.6668070854,1302754367.0,17539668,17539957
17539957,41.8667178816,-87.6665491188,1302754371.0,17539830,17540012
17540012,41.8666873826,-87.6662040325,1302754374.0,17539957,17540019
17540019,41.8666872155,-87.6659390277,1302754376.0,17540012,17540028
17540028,41.8666974605,-87.6656360545,1302754378.0,17540019,17540039
17540039,41.8667023744,-87.6653030512,1302754380.0,17540028,17540051
17540051,41.8666999773,-87.6649420336,1302754382.0,17540039,17540065
17540065,41.866701827,-87.6645750237,1302754384.0,17540051,17540080
17540080,41.8667068038,-87.6642140268,1302754386.0,17540065,17540096
17540096,41.866713851,-87.663871031,1302754388.0,17540080,17540113
17540113,41.8667209004,-87.6635630331,1302754390.0,17540096,17540128
17540128,41.8667228525,-87.6632980284,1302754392.0,17540113,17540156
17540156,41.8667257468,-87.6629880185,1302754395.0,17540128,17540188
17540188,41.8667442511,-87.6626660312,1302754398.0,17540156,17540208
17540208,41.8667587807,-87.662408042,1302754400.0,17540188,17540231
17540231,41.8667681604,-87.6621120281,1302754402.0,17540208,17540254
17540254,41.8667720663,-87.6617970938,1302754404.0,17540231,17540277
17540277,41.8667758444,-87.6614670804,1302754406.0,17540254,17540302
17540302,41.8667796866,-87.6611160611,1302754408.0,17540277,17540327
17540327,41.8667793513,-87.6607450485,1302754410.0,17540302,17540352
17540352,41.866783208,-87.660357039,1302754412.0,17540327,17540379
17540379,41.8667788002,-87.6599430205,1302754414.0,17540352,17540406
17540406,41.8667704488,-87.6595180086,1302754416.0,17540379,17540433
17540433,41.8667703212,-87.6590980042,1302754418.0,17540406,17540461
17540461,41.8667712457,-87.6586830046,1302754420.0,17540433,17540491
17540491,41.8667762378,-87.6582720091,1302754422.0,17540461,17540519
17540519,41.866785244,-87.6578840124,1302754424.0,17540491,17540544
17540544,41.8667983155,-87.6575159855,1302754426.0,17540519,17540575
17540575,41.8668104744,-87.6571520114,1302754428.0,17540544,17540609
17540609,41.8668195929,-87.6567780258,1302754430.0,17540575,17540638
17540638,41.8668275888,-87.6563940306,1302754432.0,17540609,17540668
17540668,41.8668387245,-87.6559929924,1302754434.0,17540638,17540701
17540701,41.8668437519,-87.6555780076,1302754436.0,17540668,17540737
17540737,41.8668466868,-87.6551590173,1302754438.0,17540701,17540768
17540768,41.8668557541,-87.6547630352,1302754440.0,17540737,17540801
17540801,41.8668699677,-87.6544170308,1302754442.0,17540768,17540835
17540835,41.8668853735,-87.6541290013,1302754444.0,17540801,17540890
17540890,41.8668935294,-87.653834054,1302754447.0,17540835,17540977
17540977,41.8669106693,-87.6535360543,1302754452.0,17540890,17541033
17541033,41.8669403385,-87.6532311788,1302754455.0,17540977,17541071
17541071,41.8669585113,-87.6529670692,1302754457.0,17541033,17541108
17541108,41.8669902898,-87.6527070219,1302754459.0,17541071,17541146
17541146,41.8670134543,-87.6524169709,1302754461.0,17541108,17541185
17541185,41.8670238247,-87.6521048736,1302754463.0,17541146,17541225
17541225,41.8670264523,-87.6518211019,1302754465.0,17541185,17541265
17541265,41.8670414434,-87.6515753233,1302754467.0,17541225,17541343
17541343,41.8670488743,-87.6513098811,1302754471.0,17541265,17541820
17541820,41.8671472513,-87.6510699595,1302754494.0,17541343,17541892
17541892,41.8673538197,-87.6510227486,1302754497.0,17541820,17541917
17541917,41.8675641968,-87.6510206139,1302754499.0,17541892,17541944
17541944,41.8678082307,-87.6510331027,1302754501.0,17541917,17541981
17541981,41.8680811668,-87.6510378062,1302754503.0,17541944,17542000
17542000,41.8683631407,-87.6510490291,1302754505.0,17541981,17542037
17542037,41.8686452001,-87.6510645678,1302754507.0,17542000,17542076
17542076,41.8689093243,-87.6510823376,1302754509.0,17542037,17542116
17542116,41.8691358422,-87.6511104685,1302754511.0,17542076,17542185
17542185,41.8693520424,-87.6511344434,1302754514.0,17542116,17542655
17542655,41.8695035504,-87.6509466695,1302754535.0,17542185,17542723
17542723,41.8694891076,-87.6506108265,1302754538.0,17542655,17542755
17542755,41.8694858272,-87.65032689,1302754540.0,17542723,17542804
17542804,41.8694914464,-87.6500049242,1302754542.0,17542755,17542855
17542855,41.8694989301,-87.6496509583,1302754544.0,17542804,17542907
17542907,41.8695045548,-87.6492909499,1302754546.0,17542855,17542961
17542961,41.8695090242,-87.6489349458,1302754548.0,17542907,17543003
17543003,41.8695152937,-87.6485739957,1302754550.0,17542961,17543050
17543050,41.8695177455,-87.648215067,1302754552.0,17543003,17543100
17543100,41.8695230035,-87.6478581235,1302754554.0,17543050,17543153
17543153,41.8695278409,-87.6475450213,1302754556.0,17543100,17543209
17543209,41.8695240081,-87.6472982275,1302754558.0,17543153,17543284
17543284,41.8694332751,-87.6470630738,1302754561.0,17543209,17543358
17543358,41.8692288996,-87.6470432787,1302754564.0,17543284,17543436
17543436,41.868946944,-87.6470544985,1302754567.0,17543358,17543490
17543490,41.8687080259,-87.6470511384,1302754569.0,17543436,17543545
17543545,41.8684400017,-87.6470454911,1302754571.0,17543490,17543599
17543599,41.8681700916,-87.6470421265,1302754573.0,17543545,17543650
17543650,41.8679171464,-87.6470508619,1302754575.0,17543599,17543698
17543698,41.8676990985,-87.6470662837,1302754577.0,17543650,17543781
17543781,41.8674579244,-87.6470773997,1302754580.0,17543698,17544233
17544233,41.8672762694,-87.6471052748,1302754597.0,17543781,17544350
17544350,41.8671956888,-87.6473488071,1302754601.0,17544233,17544409
17544409,41.8671799628,-87.647590245,1302754603.0,17544350,17544461
17544461,41.867157015,-87.6478751701,1302754605.0,17544409,17544517
17544517,41.8671374164,-87.6482191849,1302754607.0,17544461,17544569
17544569,41.8671134463,-87.6486081939,1302754609.0,17544517,17544624
17544624,41.8671005426,-87.6490442127,1302754611.0,17544569,17544682
17544682,41.8670923503,-87.6494982107,1302754613.0,17544624,17544740
17544740,41.8670909822,-87.6499361447,1302754615.0,17544682,17544802
17544802,41.8670803689,-87.650348162,1302754617.0,17544740,17544857
17544857,41.867069515,-87.6507182189,1302754619.0,17544802,17544919
17544919,41.8670535389,-87.6510142759,1302754621.0,17544857,17545006
17545006,41.8670198427,-87.6512823547,1302754624.0,17544919,17545125
17545125,41.8667949353,-87.65126229,1302754628.0,17545006,17545189
17545189,41.8666149421,-87.6512097525,1302754630.0,17545125,17545255
17545255,41.8663929566,-87.6511748337,1302754632.0,17545189,17545317
17545317,41.8661309392,-87.651148993,1302754634.0,17545255,17545380
17545380,41.8658409243,-87.6511272064,1302754636.0,17545317,17545437
17545437,41.8655569345,-87.6511219983,1302754638.0,17545380,17545494
17545494,41.8652969376,-87.6511213513,1302754640.0,17545437,17545557
17545557,41.8650789434,-87.6511247396,1302754642.0,17545494,17545648
17545648,41.8648579517,-87.6511139357,1302754645.0,17545557,17545804
17545804,41.8646528982,-87.6510912636,1302754650.0,17545648,17545896
17545896,41.8643979597,-87.6510680357,1302754653.0,17545804,17545954
17545954,41.8641958959,-87.6510464948,1302754655.0,17545896,17546019
17546019,41.8639108505,-87.6510221103,1302754658.0,17545954,17546118
17546118,41.8637167509,-87.6510156087,1302754661.0,17546019,17546460
17546460,41.8635448669,-87.6508956996,1302754672.0,17546118,17546665
17546665,41.8635596885,-87.6506217692,1302754678.0,17546460,17546796
17546796,41.8635919945,-87.6503238335,1302754683.0,17546665,17547023
17547023,41.8636916482,-87.6501187434,1302754690.0,17546796,None
