94723087,41.8744043638,-87.6566249681,1303301249.0,None,94723769
94723769,41.8744033399,-87.6569119206,1303301274.0,94723087,94723858
94723858,41.8743941375,-87.6572519305,1303301277.0,94723769,94723924
94723924,41.874388887,-87.6575118529,1303301279.0,94723858,94723982
94723982,41.874383411,-87.6577957254,1303301281.0,94723924,94724036
94724036,41.874378492,-87.6580967448,1303301283.0,94723982,94724098
94724098,41.8743715869,-87.6584117883,1303301285.0,94724036,94724160
94724160,41.8743668334,-87.6587418185,1303301287.0,94724098,94724215
94724215,41.8743607181,-87.6590748575,1303301289.0,94724160,94724271
94724271,41.8743568068,-87.6594118673,1303301291.0,94724215,94724337
94724337,41.8743498043,-87.6597518356,1303301293.0,94724271,94724394
94724394,41.8743438062,-87.6600878502,1303301295.0,94724337,94724456
94724456,41.8743377701,-87.6604078477,1303301297.0,94724394,94724517
94724517,41.8743327285,-87.6607168244,1303301299.0,94724456,94724584
94724584,41.8743266301,-87.6610228077,1303301301.0,94724517,94724644
94724644,41.8743195243,-87.661327812,1303301303.0,94724584,94724706
94724706,41.8743147129,-87.6616308964,1303301305.0,94724644,94724764
94724764,41.8743090284,-87.6619298376,1303301307.0,94724706,94724825
94724825,41.8743040589,-87.6622328621,1303301309.0,94724764,94724884
94724884,41.8742990846,-87.6625278522,1303301311.0,94724825,94724944
94724944,41.8742911888,-87.6628298543,1303301313.0,94724884,94725008
94725008,41.8742853464,-87.6631409324,1303301315.0,94724944,94725075
94725075,41.8742806122,-87.6634550038,1303301317.0,94725008,94725144
94725144,41.8742789028,-87.6637590228,1303301319.0,94725075,94725208
94725208,41.8742793319,-87.6640530201,1303301321.0,94725144,94725272
94725272,41.874281756,-87.6643400074,1303301323.0,94725208,94725335
94725335,41.8742851458,-87.6646160115,1303301325.0,94725272,94725395
94725395,41.8742877622,-87.6648869928,1303301327.0,94725335,94725458
94725458,41.8742890469,-87.665142937,1303301329.0,94725395,94725551
94725551,41.8742898656,-87.6654778757,1303301332.0,94725458,94725571
94725571,41.8742860275,-87.6657508122,1303301335.0,94725551,94725587
94725587,41.8742757305,-87.6660168924,1303301339.0,94725571,94725666
94725666,41.8742749996,-87.6662721772,1303301351.0,94725587,94725713
94725713,41.8742648051,-87.6665250618,1303301356.0,94725666,94725754
94725754,41.874248819,-87.6668358355,1303301360.0,94725713,94725798
94725798,41.8742447076,-87.6671436411,1303301364.0,94725754,94725834
94725834,41.8742351676,-87.6674596097,1303301367.0,94725798,94725858
94725858,41.8742272126,-87.6677107105,1303301369.0,94725834,94725883
94725883,41.8741886371,-87.6679759533,1303301371.0,94725858,94725922
94725922,41.8741620378,-87.6683000012,1303301374.0,94725883,94725962
94725962,41.8741538715,-87.6685511274,1303301377.0,94725922,94726018
94726018,41.8741699076,-87.6687928841,1303301381.0,94725962,94726059
94726059,41.8741800775,-87.6690415531,1303301386.0,94726018,94726167
94726167,41.8739732436,-87.6691261182,1303301393.0,94726059,94726220
94726220,41.8737548741,-87.6691325342,1303301396.0,94726167,94726267
94726267,41.873511967,-87.6691182467,1303301399.0,94726220,94726315
94726315,41.8732828318,-87.6690903605,1303301402.0,94726267,94726386
94726386,41.8730918471,-87.669079361,1303301407.0,94726315,94726493
94726493,41.8728681368,-87.6690927341,1303301413.0,94726386,94726564
94726564,41.8726420838,-87.6691160979,1303301417.0,94726493,94726625
94726625,41.8724268811,-87.6691193848,1303301420.0,94726564,94726679
94726679,41.8721779663,-87.6691148376,1303301423.0,94726625,94726733
94726733,41.8719738055,-87.6691262087,1303301426.0,94726679,94726897
94726897,41.8717872664,-87.6691377941,1303301434.0,94726733,94727001
94727001,41.8715522426,-87.6691348572,1303301439.0,94726897,94727064
94727064,41.8712999421,-87.669086583,1303301442.0,94727001,94727098
94727098,41.871106929,-87.6690672957,1303301444.0,94727064,94727141
94727141,41.8709049828,-87.6690507172,1303301446.0,94727098,94727184
94727184,41.8707020653,-87.6690404196,1303301448.0,94727141,94727230
94727230,41.8705020609,-87.6690337528,1303301450.0,94727184,94727274
94727274,41.8703129555,-87.6690264599,1303301452.0,94727230,94727334
94727334,41.8700789228,-87.6690193662,1303301455.0,94727274,94727422
94727422,41.8698769558,-87.6690217517,1303301459.0,94727334,94727534
94727534,41.8696649765,-87.6690104158,1303301464.0,94727422,94727810
94727810,41.869483669,-87.6690038873,1303301476.0,94727534,94728025
94728025,41.8692856568,-87.6690830182,1303301486.0,94727810,94728149
94728149,41.8692547771,-87.6694080316,1303301491.0,94728025,94728223
94728223,41.8692529266,-87.6697600792,1303301494.0,94728149,94728272
94728272,41.8692585795,-87.6700518449,1303301496.0,94728223,94728320
94728320,41.8692558254,-87.6702960168,1303301498.0,94728272,94728389
94728389,41.8692769865,-87.6706551205,1303301501.0,94728320,94728471
94728471,41.8692804703,-87.6709294731,1303301504.0,94728389,94728571
94728571,41.8692738182,-87.6711956183,1303301508.0,94728471,94728813
94728813,41.8692450418,-87.671436929,1303301517.0,94728571,94728890
94728890,41.8690749605,-87.6713441101,1303301520.0,94728813,94728966
94728966,41.8689296624,-87.6710500223,1303301523.0,94728890,94729020
94729020,41.8688120424,-87.670841,1303301525.0,94728966,94729136
94729136,41.8687460098,-87.6711690319,1303301529.0,94729020,94729192
94729192,41.8687530041,-87.6714749656,1303301531.0,94729136,94729249
94729249,41.8687610049,-87.6717299908,1303301533.0,94729192,94729301
94729301,41.8687992669,-87.6720650687,1303301535.0,94729249,94729327
94729327,41.8689152981,-87.6725509777,1303301536.0,94729301,94729382
94729382,41.8689766698,-87.6728308338,1303301538.0,94729327,94729437
94729437,41.8690354638,-87.6731058785,1303301540.0,94729382,94729494
94729494,41.8690718053,-87.6733508349,1303301542.0,94729437,94729554
94729554,41.8690881889,-87.6736058699,1303301544.0,94729494,94729610
94729610,41.869097188,-87.6738522076,1303301546.0,94729554,94729664
94729664,41.8691020112,-87.674106181,1303301548.0,94729610,94729720
94729720,41.8691489031,-87.6744792275,1303301550.0,94729664,94729777
94729777,41.8691636893,-87.6747812099,1303301552.0,94729720,94729834
94729834,41.8691640681,-87.6750321628,1303301554.0,94729777,94729918
94729918,41.8691663923,-87.675336125,1303301557.0,94729834,94730039
94730039,41.8691765421,-87.6756394846,1303301561.0,94729918,94730221
94730221,41.8691851914,-87.6758974714,1303301567.0,94730039,94730821
94730821,41.869206904,-87.6761623113,1303301587.0,94730221,94730998
94730998,41.8694359654,-87.6762194001,1303301593.0,94730821,94731093
94731093,41.8696709788,-87.6762055212,1303301596.0,94730998,94731153
94731153,41.8698560406,-87.6762046893,1303301598.0,94731093,94731216
94731216,41.8700460726,-87.6762060578,1303301600.0,94731153,94731280
94731280,41.8702310443,-87.6762067765,1303301602.0,94731216,94731344
94731344,41.8704120529,-87.6762127806,1303301604.0,94731280,94731436
94731436,41.8706769886,-87.6762243626,1303301607.0,94731344,94731527
94731527,41.8709039883,-87.6762270881,1303301610.0,94731436,94731661
94731661,41.8711220076,-87.6762175897,1303301614.0,94731527,None
