36324102,41.8657900966,-87.6469673804,1303417163.0,None,36324566
36324566,41.8655999976,-87.6469062772,1303417180.0,36324102,36324676
36324676,41.8653589713,-87.6468961148,1303417184.0,36324566,36324764
36324764,41.8651619401,-87.6468864513,1303417187.0,36324676,36324887
36324887,41.8649730094,-87.6468730829,1303417191.0,36324764,36325627
36325627,41.8647911115,-87.6468579378,1303417216.0,36324887,36325776
36325776,41.8645640101,-87.6468412468,1303417221.0,36325627,36325904
36325904,41.8643239388,-87.6468243783,1303417225.0,36325776,36325982
36325982,41.864111913,-87.6468219878,1303417228.0,36325904,36326083
36326083,41.8637900205,-87.6468163615,1303417232.0,36325982,36326179
36326179,41.8635390145,-87.646813546,1303417235.0,36326083,36326273
36326273,41.8632770277,-87.6468087902,1303417238.0,36326179,36326332
36326332,41.8630870608,-87.6468035247,1303417240.0,36326273,36326393
36326393,41.8628950841,-87.6467985684,1303417242.0,36326332,36326458
36326458,41.8627128594,-87.6467977015,1303417244.0,36326393,36326551
36326551,41.8625079625,-87.6468109054,1303417247.0,36326458,36327169
36327169,41.8623233492,-87.6468685445,1303417266.0,36326551,36327321
36327321,41.8623088134,-87.6471808347,1303417271.0,36327169,36327428
36327428,41.8623050023,-87.6474469822,1303417274.0,36327321,36327530
36327530,41.8623018873,-87.6477380931,1303417277.0,36327428,36327634
36327634,41.8623048581,-87.6480501416,1303417280.0,36327530,36327743
36327743,41.8623096602,-87.6483831376,1303417283.0,36327634,36327821
36327821,41.8623113051,-87.6486670846,1303417286.0,36327743,36327946
36327946,41.8623094093,-87.6489990514,1303417291.0,36327821,36328055
36328055,41.8623080467,-87.6492840187,1303417294.0,36327946,36328161
36328161,41.8623031419,-87.649630078,1303417297.0,36328055,36328237
36328237,41.8622992053,-87.6498810965,1303417299.0,36328161,36328313
36328313,41.8622940837,-87.6501370715,1303417301.0,36328237,36328379
36328379,41.8622946993,-87.6503880441,1303417303.0,36328313,36328473
36328473,41.8622920231,-87.650692694,1303417306.0,36328379,36328680
36328680,41.8623653684,-87.6509348261,1303417312.0,36328473,36328855
36328855,41.8625761326,-87.6509322513,1303417317.0,36328680,36328967
36328967,41.8627781074,-87.6509238796,1303417320.0,36328855,36329081
36329081,41.8630271696,-87.6509288534,1303417323.0,36328967,36329183
36329183,41.863265062,-87.6509350196,1303417326.0,36329081,36329323
36329323,41.8634610946,-87.6509360409,1303417330.0,36329183,36329465
36329465,41.8636772756,-87.6509405535,1303417334.0,36329323,36329569
36329569,41.8639060538,-87.6509469872,1303417337.0,36329465,36329678
36329678,41.8641770479,-87.6509559435,1303417340.0,36329569,36329770
36329770,41.8644340258,-87.650960735,1303417343.0,36329678,36329900
36329900,41.8646420586,-87.6509645133,1303417347.0,36329770,36330056
36330056,41.8648270593,-87.650975371,1303417351.0,36329900,36330171
36330171,41.8650370193,-87.6509813485,1303417354.0,36330056,36330274
36330274,41.8652990525,-87.6509901642,1303417357.0,36330171,36330342
36330342,41.8654950602,-87.6509970207,1303417359.0,36330274,36330408
36330408,41.8656990674,-87.6510030898,1303417361.0,36330342,36330475
36330475,41.8658940692,-87.6510090382,1303417363.0,36330408,36330543
36330543,41.8660780519,-87.6510134395,1303417365.0,36330475,36330657
36330657,41.8663340683,-87.6510256503,1303417368.0,36330543,36330775
36330775,41.8665671094,-87.6510408126,1303417371.0,36330657,36330889
36330889,41.8667660805,-87.6510527004,1303417374.0,36330775,36331772
36331772,41.8669580264,-87.6510624336,1303417403.0,36330889,36332476
36332476,41.8671320957,-87.6512123297,1303417423.0,36331772,36332623
36332623,41.8671413095,-87.6515309741,1303417427.0,36332476,36332735
36332735,41.8671358101,-87.6518605907,1303417430.0,36332623,36332809
36332809,41.8671317846,-87.652104381,1303417432.0,36332735,36332911
36332911,41.8671286291,-87.6524623604,1303417435.0,36332809,36333017
36333017,41.8671236828,-87.6527573362,1303417438.0,36332911,36333153
36333153,41.8671166309,-87.6530193139,1303417442.0,36333017,36333300
36333300,41.8671152123,-87.6533493789,1303417446.0,36333153,36333409
36333409,41.867110871,-87.6536665448,1303417449.0,36333300,36333504
36333504,41.8671004293,-87.6540333834,1303417452.0,36333409,36333574
36333574,41.8670986528,-87.6543003835,1303417454.0,36333504,36333633
36333633,41.867094603,-87.6545814904,1303417456.0,36333574,36333696
36333696,41.8670882093,-87.6548714607,1303417458.0,36333633,36333765
36333765,41.8670830701,-87.6551703409,1303417460.0,36333696,36333837
36333837,41.8670783076,-87.6554763001,1303417462.0,36333765,36333915
36333915,41.8670722496,-87.6557753095,1303417464.0,36333837,36333986
36333986,41.8670659176,-87.6560603252,1303417466.0,36333915,36334062
36334062,41.8670618092,-87.6563092657,1303417468.0,36333986,36334159
36334159,41.8670606866,-87.6565585809,1303417471.0,36334062,36334367
36334367,41.8672373638,-87.6566789948,1303417477.0,36334159,36334473
36334473,41.8674181282,-87.6566911797,1303417480.0,36334367,36334575
36334575,41.8676609663,-87.6567005587,1303417483.0,36334473,36334647
36334647,41.8678459625,-87.65670836,1303417485.0,36334575,36334715
36334715,41.8680479823,-87.6567128754,1303417487.0,36334647,36334783
36334783,41.8682599607,-87.6567171165,1303417489.0,36334715,36334855
36334855,41.86846795,-87.6567241452,1303417491.0,36334783,36334934
36334934,41.8686639854,-87.6567334939,1303417493.0,36334855,36335013
36335013,41.8688469847,-87.6567414221,1303417495.0,36334934,36335112
36335112,41.8690909913,-87.656742941,1303417498.0,36335013,36335289
36335289,41.8692711167,-87.6567396304,1303417503.0,36335112,36336295
36336295,41.869468575,-87.6567536185,1303417532.0,36335289,36336398
36336398,41.8696704829,-87.6567708923,1303417535.0,36336295,36336513
36336513,41.8699245131,-87.6567900668,1303417538.0,36336398,36336584
36336584,41.8701153381,-87.6567972301,1303417540.0,36336513,36336660
36336660,41.8703182081,-87.6568042522,1303417542.0,36336584,36336728
36336728,41.8705311835,-87.6568075111,1303417544.0,36336660,36336798
36336798,41.8707472364,-87.6568103062,1303417546.0,36336728,36336867
36336867,41.8709642557,-87.6568171051,1303417548.0,36336798,36336926
36336926,41.8711802193,-87.6568227291,1303417550.0,36336867,36336996
36336996,41.8713922419,-87.6568279156,1303417552.0,36336926,36337071
36337071,41.8716059755,-87.6568339129,1303417554.0,36336996,36337141
36337141,41.8718106602,-87.6568337306,1303417556.0,36337071,36337250
36337250,41.8720455241,-87.656824225,1303417559.0,36337141,36337399
36337399,41.8722415485,-87.6568156057,1303417563.0,36337250,36337508
36337508,41.8724306895,-87.6567994984,1303417566.0,36337399,36337605
36337605,41.8726785996,-87.6567872538,1303417569.0,36337508,36337676
36337676,41.8728684723,-87.656779069,1303417571.0,36337605,36337749
36337749,41.8730714194,-87.6567644881,1303417573.0,36337676,36337821
36337821,41.8732788129,-87.6567535082,1303417575.0,36337749,36337891
36337891,41.8734850116,-87.6567507249,1303417577.0,36337821,36337963
36337963,41.873680114,-87.6567536138,1303417579.0,36337891,36338067
36338067,41.8739170377,-87.6567624599,1303417582.0,36337963,36338210
36338210,41.8741173558,-87.6567663954,1303417586.0,36338067,36338928
36338928,41.874239436,-87.6565516865,1303417606.0,36338210,36339038
36339038,41.8742404314,-87.656279926,1303417609.0,36338928,36339142
36339142,41.874245147,-87.655932678,1303417612.0,36339038,36339216
36339216,41.8742500356,-87.6556706569,1303417614.0,36339142,36339287
36339287,41.8742549011,-87.655416764,1303417616.0,36339216,36339358
36339358,41.8742584478,-87.6551667734,1303417618.0,36339287,36339420
36339420,41.8742620069,-87.6548977662,1303417620.0,36339358,36339491
36339491,41.8742652821,-87.6546097895,1303417622.0,36339420,36339559
36339559,41.8742677932,-87.654304847,1303417624.0,36339491,36339627
36339627,41.874272556,-87.6539888452,1303417626.0,36339559,36339702
36339702,41.874280094,-87.653668772,1303417628.0,36339627,36339780
36339780,41.8742844498,-87.6533568716,1303417630.0,36339702,36339854
36339854,41.8742868861,-87.653060953,1303417632.0,36339780,36339929
36339929,41.8742884667,-87.6527879673,1303417634.0,36339854,36340038
36340038,41.8742922707,-87.6524779531,1303417637.0,36339929,36340694
36340694,41.8743174815,-87.6522335962,1303417656.0,36340038,36341462
36341462,41.8743146849,-87.6519465077,1303417678.0,36340694,36341571
36341571,41.8743203638,-87.6516826263,1303417681.0,36341462,36341683
36341683,41.8743259849,-87.6513347381,1303417684.0,36341571,36341751
36341751,41.8743277511,-87.6510668918,1303417686.0,36341683,36341819
36341819,41.8743310006,-87.6507909259,1303417688.0,36341751,36341888
36341888,41.8743336923,-87.6505319819,1303417690.0,36341819,36341984
36341984,41.874333681,-87.6502220168,1303417693.0,36341888,36342174
36342174,41.8743363568,-87.6499690473,1303417699.0,36341984,36342310
36342310,41.8743440063,-87.6496723481,1303417704.0,36342174,36342402
36342402,41.8743484235,-87.6493842527,1303417707.0,36342310,36342484
36342484,41.8743507113,-87.6490551919,1303417710.0,36342402,36342562
36342562,41.8743550558,-87.6487461672,1303417713.0,36342484,36342678
36342678,41.8743531871,-87.6484467668,1303417717.0,36342562,36343618
36343618,41.8743010829,-87.6482074635,1303417745.0,36342678,None
