60099955,41.8657622412,-87.6469752264,1302793184.0,None,60100453
60100453,41.8655889848,-87.6469016322,1302793199.0,60099955,60100480
60100480,41.8653819467,-87.6468847852,1302793205.0,60100453,60100621
60100621,41.8651809828,-87.6468954198,1302793222.0,60100480,60100665
60100665,41.8649869362,-87.646864443,1302793227.0,60100621,60100711
60100711,41.8648019682,-87.646811417,1302793231.0,60100665,60100749
60100749,41.8646138795,-87.6468051606,1302793234.0,60100711,60100785
60100785,41.8644239328,-87.6468110766,1302793237.0,60100749,60100826
60100826,41.864220793,-87.646805495,1302793240.0,60100785,60100866
60100866,41.8639798828,-87.6468000922,1302793243.0,60100826,60100909
60100909,41.8637199503,-87.6467973542,1302793246.0,60100866,60100939
60100939,41.8635329642,-87.6467959367,1302793248.0,60100909,60100967
60100967,41.8633429917,-87.6467994725,1302793250.0,60100939,60101013
60101013,41.8630870435,-87.6467956174,1302793253.0,60100967,60101237
60101237,41.8629010788,-87.6468233647,1302793267.0,60101013,60101340
60101340,41.8627589879,-87.647048844,1302793273.0,60101237,60101394
60101394,41.8627439982,-87.6473149997,1302793276.0,60101340,60101449
60101449,41.8626859907,-87.6476329982,1302793279.0,60101394,60101485
60101485,41.86261588,-87.6478629872,1302793281.0,60101449,60101522
60101522,41.8625727176,-87.6480999758,1302793283.0,60101485,60101580
60101580,41.8625063279,-87.6483889469,1302793286.0,60101522,60101696
60101696,41.8624254203,-87.6486218956,1302793292.0,60101580,60101775
60101775,41.862351768,-87.6489199742,1302793296.0,60101696,60101835
60101835,41.8622658892,-87.6492241156,1302793299.0,60101775,60101896
60101896,41.862203165,-87.6495090032,1302793302.0,60101835,60101958
60101958,41.8621643569,-87.649808008,1302793305.0,60101896,60102011
60102011,41.8621452022,-87.6501000039,1302793308.0,60101958,60102074
60102074,41.8621321304,-87.6503779912,1302793311.0,60102011,60102167
60102167,41.8621060215,-87.6506480122,1302793315.0,60102074,60102319
60102319,41.8622184345,-87.6508435448,1302793322.0,60102167,60102392
60102392,41.8624716614,-87.6508729269,1302793326.0,60102319,60102443
60102443,41.862735054,-87.6508860828,1302793329.0,60102392,60102497
60102497,41.8629830974,-87.6509032127,1302793332.0,60102443,60102567
60102567,41.863188155,-87.6509210519,1302793336.0,60102497,60102687
60102687,41.8633689508,-87.6509156739,1302793341.0,60102567,60102755
60102755,41.8635574055,-87.6509170094,1302793344.0,60102687,60102822
60102822,41.8637909491,-87.6509249425,1302793347.0,60102755,60102896
60102896,41.8640539444,-87.6509279224,1302793350.0,60102822,60102973
60102973,41.8642949712,-87.6509220129,1302793353.0,60102896,60103189
60103189,41.8644809957,-87.6509334982,1302793362.0,60102973,60103252
60103252,41.8646609132,-87.6509368385,1302793365.0,60103189,60103328
60103328,41.8649079314,-87.6509351989,1302793368.0,60103252,60103377
60103377,41.8650898911,-87.6509364092,1302793370.0,60103328,60103430
60103430,41.8652889105,-87.6509478396,1302793372.0,60103377,60103481
60103481,41.8654899182,-87.6509591408,1302793374.0,60103430,60103531
60103531,41.8656899467,-87.6509704675,1302793376.0,60103481,60103579
60103579,41.8658869419,-87.6509781675,1302793378.0,60103531,60103628
60103628,41.8660809317,-87.6509850872,1302793380.0,60103579,60103679
60103679,41.8662629109,-87.6509910564,1302793382.0,60103628,60103781
60103781,41.8664629256,-87.6510041516,1302793386.0,60103679,60104181
60104181,41.8666851282,-87.6510376049,1302793401.0,60103781,60104290
60104290,41.8668870239,-87.6510536772,1302793405.0,60104181,60104486
60104486,41.8670109643,-87.6512647226,1302793412.0,60104290,60104575
60104575,41.8670641336,-87.6515252437,1302793415.0,60104486,60104660
60104660,41.8671068464,-87.6518535927,1302793418.0,60104575,60104729
60104729,41.8671384577,-87.6521952199,1302793421.0,60104660,60104782
60104782,41.8671395775,-87.6524530951,1302793423.0,60104729,60104837
60104837,41.8671355925,-87.6527450628,1302793425.0,60104782,60104894
60104894,41.8671316774,-87.653053044,1302793427.0,60104837,60104955
60104955,41.8671257089,-87.6533710359,1302793429.0,60104894,60105017
60105017,41.8671182161,-87.6537002439,1302793431.0,60104955,60105072
60105072,41.8671128431,-87.6540380564,1302793433.0,60105017,60105129
60105129,41.8671087837,-87.6543610544,1302793435.0,60105072,60105191
60105191,41.8670887362,-87.6546616485,1302793437.0,60105129,60105250
60105250,41.867077193,-87.6549566475,1302793439.0,60105191,60105308
60105308,41.8670747673,-87.655240447,1302793441.0,60105250,60105372
60105372,41.8670736297,-87.6555244151,1302793443.0,60105308,60105429
60105429,41.8670651698,-87.655802421,1302793445.0,60105372,60105477
60105477,41.8670555464,-87.6560444635,1302793447.0,60105429,60105559
60105559,41.8670460791,-87.6563442531,1302793450.0,60105477,60105678
60105678,41.8670851839,-87.6565820439,1302793454.0,60105559,60105805
60105805,41.8672759512,-87.6566462925,1302793458.0,60105678,60105894
60105894,41.8675126881,-87.6566609439,1302793461.0,60105805,60105953
60105953,41.8677017151,-87.6566670543,1302793463.0,60105894,60106017
60106017,41.8679038142,-87.6566735194,1302793465.0,60105953,60106075
60106075,41.8681148014,-87.6566766983,1302793467.0,60106017,60106138
60106138,41.8683117921,-87.6566924715,1302793469.0,60106075,60106203
60106203,41.8684968199,-87.6567001689,1302793471.0,60106138,60106266
60106266,41.8686828683,-87.6567060161,1302793473.0,60106203,60106329
60106329,41.8688639858,-87.6567103204,1302793475.0,60106266,60106425
60106425,41.8691131276,-87.6567080575,1302793478.0,60106329,60106524
60106524,41.869355095,-87.6567122862,1302793481.0,60106425,60106612
60106612,41.869595812,-87.6567243199,1302793484.0,60106524,60106708
60106708,41.869839962,-87.6567533773,1302793487.0,60106612,60106773
60106773,41.8700349074,-87.6567588116,1302793489.0,60106708,60106840
60106840,41.8702319526,-87.6567644776,1302793491.0,60106773,60106904
60106904,41.8704279436,-87.6567690725,1302793493.0,60106840,60106967
60106967,41.870625936,-87.6567754336,1302793495.0,60106904,60107034
60107034,41.8708259448,-87.656782299,1302793497.0,60106967,60107102
60107102,41.8710259489,-87.6567899799,1302793499.0,60107034,60107165
60107165,41.8712159421,-87.6567968787,1302793501.0,60107102,60107265
60107265,41.8714819962,-87.6568044764,1302793504.0,60107165,60107360
60107360,41.8717300081,-87.6568053639,1302793507.0,60107265,60107463
60107463,41.871953083,-87.6567945744,1302793510.0,60107360,60107621
60107621,41.8721532938,-87.6567733587,1302793515.0,60107463,60107752
60107752,41.8723803182,-87.6567553293,1302793519.0,60107621,60107858
60107858,41.8726503427,-87.6567396795,1302793522.0,60107752,60107927
60107927,41.8728485736,-87.6567284427,1302793524.0,60107858,60107994
60107994,41.8730645899,-87.656715497,1302793526.0,60107927,60108057
60108057,41.8732841613,-87.6567081328,1302793528.0,60107994,60108119
60108119,41.8734859927,-87.6567090463,1302793530.0,60108057,60108217
60108217,41.8737479843,-87.6567164859,1302793533.0,60108119,60108325
60108325,41.8739751538,-87.6567173812,1302793536.0,60108217,60108468
60108468,41.8741784139,-87.6566617085,1302793540.0,60108325,60108610
60108610,41.874223441,-87.6563981595,1302793544.0,60108468,60108704
60108704,41.8742312847,-87.6560888996,1302793547.0,60108610,60108773
60108773,41.874237016,-87.6558417905,1302793549.0,60108704,60108846
60108846,41.8742424657,-87.6555839088,1302793551.0,60108773,60108917
60108917,41.8742483736,-87.6553299442,1302793553.0,60108846,60108989
60108989,41.8742529929,-87.6550799119,1302793555.0,60108917,60109102
60109102,41.8742597012,-87.6547318795,1302793558.0,60108989,60109202
60109202,41.8742636967,-87.6544219045,1302793561.0,60109102,60109302
60109302,41.87426785,-87.6541188832,1302793564.0,60109202,60109404
60109404,41.8742740415,-87.6538078833,1302793567.0,60109302,60109517
60109517,41.8742789232,-87.653479923,1302793570.0,60109404,60109629
60109629,41.8742868361,-87.6531419236,1302793573.0,60109517,60109741
60109741,41.8742923163,-87.6527909089,1302793576.0,60109629,60109841
60109841,41.8742967321,-87.6524409545,1302793579.0,60109741,60109940
60109940,41.8743013466,-87.6520908067,1302793582.0,60109841,60110049
60110049,41.8743089919,-87.6517288665,1302793585.0,60109940,60110104
60110104,41.8743128499,-87.6514730809,1302793587.0,60110049,60110176
60110176,41.8743200241,-87.6512159935,1302793589.0,60110104,60110254
60110254,41.8743303699,-87.6509558587,1302793591.0,60110176,60110334
60110334,41.8743346623,-87.650682898,1302793593.0,60110254,60110416
60110416,41.8743401413,-87.650414877,1302793595.0,60110334,60110489
60110489,41.874344239,-87.6501588812,1302793597.0,60110416,60110555
60110555,41.8743483099,-87.6499147589,1302793599.0,60110489,60110625
60110625,41.8743564117,-87.6496709736,1302793601.0,60110555,60110733
60110733,41.8743599756,-87.6493190416,1302793604.0,60110625,60110833
60110833,41.8743620659,-87.6489890277,1302793607.0,60110733,60110940
60110940,41.8743772913,-87.6486569337,1302793610.0,60110833,60111055
60111055,41.8743677272,-87.6483226837,1302793613.0,60110940,60111166
60111166,41.8743419764,-87.6480100849,1302793616.0,60111055,60111311
60111311,41.8742938965,-87.6476946464,1302793620.0,60111166,60111422
60111422,41.8742586138,-87.6474333287,1302793623.0,60111311,60111543
60111543,41.8741404039,-87.6472407278,1302793626.0,60111422,60111650
60111650,41.8739610559,-87.6471931023,1302793629.0,60111543,60111757
60111757,41.8737408044,-87.6471840515,1302793632.0,60111650,60111856
60111856,41.8734858155,-87.6471813993,1302793635.0,60111757,60111938
60111938,41.8732249536,-87.6471808592,1302793638.0,60111856,60112001
60112001,41.872975052,-87.6471740278,1302793641.0,60111938,60112078
60112078,41.8727210923,-87.6471614211,1302793644.0,60112001,60112192
60112192,41.8724578351,-87.6471284373,1302793647.0,60112078,60112281
60112281,41.8721935799,-87.6471043655,1302793650.0,60112192,60112376
60112376,41.8719374747,-87.6470840441,1302793653.0,60112281,60112468
60112468,41.871677592,-87.6470754755,1302793656.0,60112376,60112536
60112536,41.8714947601,-87.6470678657,1302793658.0,60112468,60112602
60112602,41.8712948069,-87.647058892,1302793660.0,60112536,60112671
60112671,41.8710917369,-87.6470460438,1302793662.0,60112602,60112738
60112738,41.8708947231,-87.6470369316,1302793664.0,60112671,60112810
60112810,41.8707117351,-87.647027839,1302793666.0,60112738,60112922
60112922,41.8704396879,-87.6470047455,1302793669.0,60112810,60112995
60112995,41.8702547321,-87.6469809548,1302793671.0,60112922,60113107
60113107,41.8700058498,-87.646975285,1302793674.0,60112995,60113234
60113234,41.8698128267,-87.646994675,1302793678.0,60113107,60113671
60113671,41.8696231786,-87.6468745529,1302793691.0,60113234,60113812
60113812,41.869576946,-87.6465869137,1302793695.0,60113671,60113903
60113903,41.8696066646,-87.6462556264,1302793698.0,60113812,60113973
60113973,41.8696246555,-87.6459847142,1302793700.0,60113903,60114026
60114026,41.8696417145,-87.6456768064,1302793702.0,60113973,60114098
60114098,41.8696509849,-87.6453359018,1302793704.0,60114026,60114164
60114164,41.8696600626,-87.6449819358,1302793706.0,60114098,60114224
60114224,41.8696689911,-87.6446359245,1302793708.0,60114164,60114260
60114260,41.8696752553,-87.6443019114,1302793710.0,60114224,60114332
60114332,41.8696826242,-87.6439779486,1302793712.0,60114260,60114399
60114399,41.8696885641,-87.6436679458,1302793714.0,60114332,60114470
60114470,41.8696953132,-87.6433669493,1302793716.0,60114399,60114544
60114544,41.8697013868,-87.6430639274,1302793718.0,60114470,60114621
60114621,41.8697074846,-87.6427719268,1302793720.0,60114544,60114725
60114725,41.8697187121,-87.6424398443,1302793723.0,60114621,60114858
60114858,41.869887696,-87.6422613529,1302793727.0,60114725,60114957
60114957,41.8701100177,-87.6422374944,1302793730.0,60114858,60115030
60115030,41.8703100048,-87.6422370885,1302793732.0,60114957,60115101
60115101,41.8705419822,-87.6422350126,1302793734.0,60115030,60115165
60115165,41.870793971,-87.6422345751,1302793736.0,60115101,60115235
60115235,41.8710549772,-87.6422405465,1302793738.0,60115165,60115308
60115308,41.8713039819,-87.6422493028,1302793740.0,60115235,60115374
60115374,41.871529978,-87.6422600235,1302793742.0,60115308,60115444
60115444,41.8717300365,-87.64226673,1302793744.0,60115374,60115552
60115552,41.8719414227,-87.6422714846,1302793747.0,60115444,60115724
60115724,41.8720468046,-87.6420606495,1302793752.0,60115552,60115827
60115827,41.8720272967,-87.6417850371,1302793755.0,60115724,60115915
60115915,41.8720037716,-87.6414809923,1302793758.0,60115827,60116020
60116020,41.87199577,-87.641208997,1302793761.0,60115915,60116237
60116237,41.8719993281,-87.6409665299,1302793767.0,60116020,60116480
60116480,41.8718029363,-87.6408530269,1302793774.0,60116237,60116612
60116612,41.8715920243,-87.6408583827,1302793778.0,60116480,60116753
60116753,41.871397996,-87.6408437048,1302793782.0,60116612,60116852
60116852,41.871211966,-87.6408024165,1302793785.0,60116753,60116957
60116957,41.8709789635,-87.640770177,1302793788.0,60116852,60117032
60117032,41.870797972,-87.6407692334,1302793790.0,60116957,60117137
60117137,41.87054698,-87.6407863434,1302793793.0,60117032,60117231
60117231,41.8703019945,-87.6408001855,1302793796.0,60117137,60117364
60117364,41.8701170082,-87.6408158559,1302793800.0,60117231,60117904
60117904,41.8699536536,-87.6409318793,1302793816.0,60117364,60118048
60118048,41.869903535,-87.6412428659,1302793820.0,60117904,60118154
60118154,41.8698813475,-87.641489921,1302793823.0,60118048,60118349
60118349,41.8698450137,-87.6417339428,1302793829.0,60118154,60118482
60118482,41.8698260291,-87.6420319658,1302793833.0,60118349,60118590
60118590,41.8698047763,-87.6423076865,1302793836.0,60118482,60118701
60118701,41.8697829377,-87.6426130346,1302793839.0,60118590,60118805
60118805,41.8697593945,-87.642887994,1302793842.0,60118701,60118961
60118961,41.869734005,-87.6431340634,1302793847.0,60118805,None
