19456684,41.8695255171,-87.6565468915,1302964574.0,None,19457051
19457051,41.86949538,-87.6568013184,1302964586.0,19456684,19457164
19457164,41.8694788193,-87.6571020542,1302964590.0,19457051,19457256
19457256,41.8694651969,-87.6573770417,1302964593.0,19457164,19457338
19457338,41.8694650613,-87.6576680285,1302964596.0,19457256,19457436
19457436,41.8694478407,-87.6579690021,1302964599.0,19457338,19457545
19457545,41.8694418899,-87.6582820114,1302964602.0,19457436,19457631
19457631,41.8694328779,-87.6586110024,1302964605.0,19457545,19457712
19457712,41.8694259094,-87.6589599979,1302964608.0,19457631,19457810
19457810,41.8694188887,-87.6593010059,1302964611.0,19457712,19457872
19457872,41.8694194826,-87.6595430032,1302964613.0,19457810,19457934
19457934,41.869427798,-87.6597929671,1302964615.0,19457872,19458003
19458003,41.869421048,-87.6600509767,1302964617.0,19457934,19458072
19458072,41.8694131129,-87.6603039627,1302964619.0,19458003,19458134
19458134,41.8694072476,-87.6605530028,1302964621.0,19458072,19458198
19458198,41.8694034071,-87.6608060361,1302964623.0,19458134,19458259
19458259,41.8693996769,-87.6610611396,1302964625.0,19458198,19458321
19458321,41.8693961325,-87.6613271562,1302964627.0,19458259,19458384
19458384,41.8693881377,-87.6615901286,1302964629.0,19458321,19458445
19458445,41.8693903935,-87.661840941,1302964631.0,19458384,19458510
19458510,41.8693905681,-87.6620927856,1302964633.0,19458445,19458577
19458577,41.8693876005,-87.6623378645,1302964635.0,19458510,19458681
19458681,41.8693749785,-87.6626879917,1302964638.0,19458577,19458782
19458782,41.8693654154,-87.6630200788,1302964641.0,19458681,19458874
19458874,41.869355643,-87.6633390477,1302964644.0,19458782,19458973
19458973,41.8693639939,-87.6636140689,1302964647.0,19458874,19459099
19459099,41.8693642136,-87.663875272,1302964651.0,19458973,19459232
19459232,41.8693393126,-87.6641312864,1302964659.0,19459099,19459248
19459248,41.8693456951,-87.6643930659,1302964662.0,19459232,19459267
19459267,41.8693654998,-87.6647359785,1302964665.0,19459248,19459281
19459281,41.8693800687,-87.6649899722,1302964667.0,19459267,19459297
19459297,41.8693917244,-87.6652559664,1302964669.0,19459281,19459313
19459313,41.8693976523,-87.665519981,1302964671.0,19459297,19459331
19459331,41.8693885419,-87.6657780432,1302964673.0,19459313,19459349
19459349,41.8693761802,-87.6660240871,1302964675.0,19459331,19459379
19459379,41.8693626254,-87.6663570573,1302964678.0,19459349,19459410
19459410,41.8693426787,-87.6666798668,1302964681.0,19459379,19459443
19459443,41.8693245268,-87.6670256704,1302964684.0,19459410,19459466
19459466,41.8693122719,-87.6672707781,1302964686.0,19459443,19459490
19459490,41.8693055513,-87.6675278827,1302964688.0,19459466,19459514
19459514,41.8693135784,-87.6677758969,1302964690.0,19459490,19459552
19459552,41.869322365,-87.6681149854,1302964693.0,19459514,19459591
19459591,41.869305044,-87.6684292439,1302964696.0,19459552,19459646
19459646,41.8692936804,-87.6687250264,1302964700.0,19459591,19459734
19459734,41.8692520728,-87.6689885869,1302964708.0,19459646,19459747
19459747,41.8692530843,-87.6692404327,1302964711.0,19459734,19459764
19459764,41.8692449826,-87.6695860687,1302964714.0,19459747,19459777
19459777,41.8692389403,-87.669834524,1302964716.0,19459764,19459791
19459791,41.8692592663,-87.670086855,1302964718.0,19459777,19459807
19459807,41.86926905,-87.6703329589,1302964720.0,19459791,19459832
19459832,41.8692696569,-87.6706882335,1302964723.0,19459807,19459859
19459859,41.8692583803,-87.6709884662,1302964726.0,19459832,19459899
19459899,41.8692370391,-87.6712493994,1302964730.0,19459859,19460012
19460012,41.8692338194,-87.6715066327,1302964740.0,19459899,19460074
19460074,41.8693368858,-87.6717657798,1302964745.0,19460012,19460113
19460113,41.8693366579,-87.6720678867,1302964748.0,19460074,19460155
19460155,41.8693202317,-87.672412986,1302964751.0,19460113,19460197
19460197,41.8693193842,-87.6727420394,1302964754.0,19460155,19460226
19460226,41.8693184269,-87.6730280182,1302964757.0,19460197,19460300
19460300,41.8693037207,-87.6733370226,1302964762.0,19460226,19460345
19460345,41.8693023809,-87.6736348049,1302964765.0,19460300,19460379
19460379,41.869307632,-87.6738788781,1302964767.0,19460345,19460411
19460411,41.8693041516,-87.6741719493,1302964769.0,19460379,19460443
19460443,41.8692842536,-87.6744729709,1302964771.0,19460411,19460476
19460476,41.8692632569,-87.6747519401,1302964773.0,19460443,19460512
19460512,41.8692462879,-87.6750089596,1302964775.0,19460476,19460563
19460563,41.8692245953,-87.6753411859,1302964778.0,19460512,19460614
19460614,41.8692085725,-87.6755836789,1302964781.0,19460563,19460947
19460947,41.8691727933,-87.6758193932,1302964799.0,19460614,19461273
19461273,41.8691572128,-87.6761329991,1302964815.0,19460947,19461333
19461333,41.869145485,-87.6764462062,1302964818.0,19461273,19461385
19461385,41.8691342224,-87.6768070961,1302964821.0,19461333,19461430
19461430,41.8691351891,-87.6770679878,1302964823.0,19461385,19461475
19461475,41.8691381036,-87.6773439557,1302964825.0,19461430,19461525
19461525,41.869137585,-87.6776309448,1302964827.0,19461475,19461566
19461566,41.8691354858,-87.6779209391,1302964829.0,19461525,19461608
19461608,41.8691305251,-87.6782059827,1302964831.0,19461566,19461651
19461651,41.8691157307,-87.678491038,1302964833.0,19461608,19461697
19461697,41.8691045832,-87.6787700421,1302964835.0,19461651,19461746
19461746,41.869096088,-87.6790380337,1302964837.0,19461697,19461794
19461794,41.8690903513,-87.679296036,1302964839.0,19461746,19461838
19461838,41.8690828874,-87.6795420849,1302964841.0,19461794,19461904
19461904,41.8690747026,-87.679877104,1302964844.0,19461838,19461971
19461971,41.8690695604,-87.6801481018,1302964847.0,19461904,19462050
19462050,41.8690626391,-87.6803962206,1302964851.0,19461971,19462443
19462443,41.8690584484,-87.6806680094,1302964871.0,19462050,19462527
19462527,41.8690626451,-87.6809822224,1302964875.0,19462443,19462600
19462600,41.8690602925,-87.6813033504,1302964878.0,19462527,19462643
19462643,41.8690511929,-87.6815453755,1302964880.0,19462600,19462696
19462696,41.8690404104,-87.6818013723,1302964882.0,19462643,19462747
19462747,41.8690268726,-87.6820583355,1302964884.0,19462696,19462796
19462796,41.8690112846,-87.6823072843,1302964886.0,19462747,19462846
19462846,41.8689931676,-87.6825493081,1302964888.0,19462796,19462918
19462918,41.8689754534,-87.6828921891,1302964891.0,19462846,19462994
19462994,41.8689690854,-87.683193033,1302964894.0,19462918,19463106
19463106,41.8689606679,-87.683488166,1302964898.0,19462994,19463335
19463335,41.8689878786,-87.6837782362,1302964907.0,19463106,19463438
19463438,41.8689589285,-87.6840861019,1302964911.0,19463335,19463527
19463527,41.8689515047,-87.6843421739,1302964914.0,19463438,19463639
19463639,41.8689496189,-87.6846312125,1302964918.0,19463527,19463819
19463819,41.8689581861,-87.6848770775,1302964925.0,19463639,19463957
19463957,41.8689602584,-87.6851870702,1302964930.0,19463819,19464048
19464048,41.8689552194,-87.6854359855,1302964933.0,19463957,19464143
19464143,41.868987077,-87.6856989566,1302964937.0,19464048,19464699
19464699,41.8690042244,-87.6859407285,1302964956.0,19464143,19464957
19464957,41.8691578415,-87.6860800395,1302964965.0,19464699,19465052
19465052,41.8693512412,-87.6860727787,1302964968.0,19464957,19465146
19465146,41.869616091,-87.6860734839,1302964971.0,19465052,19465208
19465208,41.8698290657,-87.6860779009,1302964973.0,19465146,19465273
19465273,41.8700739793,-87.6860836617,1302964975.0,19465208,19465334
19465334,41.8703360184,-87.6860910367,1302964977.0,19465273,19465390
19465390,41.8706070357,-87.6860989217,1302964979.0,19465334,19465452
19465452,41.8708681652,-87.6861086382,1302964981.0,19465390,19465514
19465514,41.8711181728,-87.68612105,1302964983.0,19465452,19465572
19465572,41.8713621088,-87.6861338315,1302964985.0,19465514,19465635
19465635,41.8716060813,-87.6861444229,1302964987.0,19465572,19465697
19465697,41.8718390024,-87.6861479517,1302964989.0,19465635,19465767
19465767,41.8720609844,-87.68615315,1302964991.0,19465697,19465825
19465825,41.8722660211,-87.6861634245,1302964993.0,19465767,19465883
19465883,41.8724690137,-87.6861641641,1302964995.0,19465825,19465945
19465945,41.8726619836,-87.6861656119,1302964997.0,19465883,19466042
19466042,41.8729159843,-87.6861692461,1302965000.0,19465945,19466131
19466131,41.8731279822,-87.686171951,1302965003.0,19466042,19466289
19466289,41.8733359741,-87.6861812754,1302965008.0,19466131,19466420
19466420,41.8735680587,-87.6862011028,1302965012.0,19466289,19466519
19466519,41.8738343973,-87.6862220167,1302965015.0,19466420,19466589
19466589,41.874049895,-87.6862317746,1302965017.0,19466519,19466654
19466654,41.8742710008,-87.6862358835,1302965019.0,19466589,19466718
19466718,41.8745370025,-87.6862398836,1302965021.0,19466654,19466781
19466781,41.8747919965,-87.686229885,1302965023.0,19466718,19466848
19466848,41.8750319919,-87.686209884,1302965025.0,19466781,19466914
19466914,41.8752519871,-87.6861908836,1302965027.0,19466848,19466975
19466975,41.875436996,-87.6861818849,1302965029.0,19466914,19467072
19467072,41.8756489976,-87.6861778881,1302965032.0,19466975,None
