108131542,41.8667949853,-87.6665861454,1302789417.0,None,108132085
108132085,41.8669020722,-87.6663271765,1302789444.0,108131542,108132149
108132149,41.8670601918,-87.6661826435,1302789447.0,108132085,108132218
108132218,41.8673339827,-87.6662017737,1302789450.0,108132149,108132262
108132262,41.8675449819,-87.6662197047,1302789452.0,108132218,108132306
108132306,41.8677949917,-87.6662327163,1302789454.0,108132262,108132347
108132347,41.8680649952,-87.6662486628,1302789456.0,108132306,108132391
108132391,41.8683499947,-87.6662636124,1302789458.0,108132347,108132433
108132433,41.8686379941,-87.6662785468,1302789460.0,108132391,108132484
108132484,41.8689140034,-87.666291524,1302789462.0,108132433,108132531
108132531,41.8691700974,-87.6663015779,1302789464.0,108132484,108132579
108132579,41.8694129737,-87.6663126881,1302789466.0,108132531,108132627
108132627,41.8696499743,-87.6663207072,1302789468.0,108132579,108132673
108132673,41.8698749954,-87.6663266697,1302789470.0,108132627,108132720
108132720,41.8700879865,-87.6663306906,1302789472.0,108132673,108132771
108132771,41.8702799896,-87.6663405492,1302789474.0,108132720,108132846
108132846,41.8705359843,-87.6663486139,1302789477.0,108132771,108132907
108132907,41.8707739941,-87.6663692321,1302789481.0,108132846,108133058
108133058,41.8709650072,-87.6663936515,1302789487.0,108132907,108133157
108133157,41.8711680097,-87.6664093965,1302789491.0,108133058,108133227
108133227,41.8713680027,-87.6664155533,1302789494.0,108133157,108133302
108133302,41.8715780986,-87.6664227779,1302789497.0,108133227,108133409
108133409,41.8718089864,-87.6664376688,1302789501.0,108133302,108133484
108133484,41.8720199828,-87.666449157,1302789504.0,108133409,108133535
108133535,41.8722120037,-87.6664476921,1302789506.0,108133484,108133587
108133587,41.8724349963,-87.6664471407,1302789508.0,108133535,108133638
108133638,41.8726779987,-87.666448296,1302789510.0,108133587,108133680
108133680,41.8729189785,-87.6664536519,1302789512.0,108133638,108133733
108133733,41.8731499785,-87.6664667529,1302789514.0,108133680,108133788
108133788,41.8733799455,-87.6664837488,1302789516.0,108133733,108133842
108133842,41.8736169442,-87.6665056196,1302789518.0,108133788,108133899
108133899,41.8738350192,-87.666513786,1302789520.0,108133842,108133980
108133980,41.8740474249,-87.666526751,1302789523.0,108133899,108134138
108134138,41.8741053704,-87.6661992626,1302789529.0,108133980,108134191
108134191,41.8741091425,-87.6659529617,1302789531.0,108134138,108134245
108134245,41.8741102178,-87.665661973,1302789533.0,108134191,108134305
108134305,41.8741124277,-87.6653389364,1302789535.0,108134245,108134368
108134368,41.8741137335,-87.6650008772,1302789537.0,108134305,108134424
108134424,41.8741185708,-87.6646678763,1302789539.0,108134368,108134476
108134476,41.8741098055,-87.6643178806,1302789541.0,108134424,108134531
108134531,41.8741029088,-87.6639608696,1302789543.0,108134476,108134586
108134586,41.874094081,-87.6635968899,1302789545.0,108134531,108134639
108134639,41.8740844565,-87.6632379638,1302789547.0,108134586,108134697
108134697,41.8740796509,-87.6628860402,1302789549.0,108134639,108134757
108134757,41.8740848843,-87.6625490751,1302789551.0,108134697,108134818
108134818,41.8740948346,-87.6622260668,1302789553.0,108134757,108134880
108134880,41.874104696,-87.6619150964,1302789555.0,108134818,108134946
108134946,41.8741090499,-87.6616171078,1302789557.0,108134880,108135003
108135003,41.8741122096,-87.6613140953,1302789559.0,108134946,108135035
108135035,41.8741105864,-87.6610000605,1302789561.0,108135003,108135087
108135087,41.8741037703,-87.6606720863,1302789563.0,108135035,108135119
108135119,41.8741088928,-87.6603500732,1302789565.0,108135087,108135165
108135165,41.8741169503,-87.6600310685,1302789567.0,108135119,108135214
108135214,41.8741229473,-87.6597120657,1302789569.0,108135165,108135268
108135268,41.8741239953,-87.6593910949,1302789571.0,108135214,108135326
108135326,41.8741349637,-87.6590621035,1302789573.0,108135268,108135390
108135390,41.8741458689,-87.6587320656,1302789575.0,108135326,108135449
108135449,41.8741547207,-87.6584040607,1302789577.0,108135390,108135499
108135499,41.8741661336,-87.6580750502,1302789579.0,108135449,108135553
108135553,41.874171898,-87.6577380491,1302789581.0,108135499,108135613
108135613,41.8741754481,-87.6574130973,1302789583.0,108135553,108135673
108135673,41.8741830774,-87.6571041653,1302789585.0,108135613,108135736
108135736,41.8741822125,-87.6568056169,1302789587.0,108135673,108135799
108135799,41.8741944059,-87.6565237804,1302789589.0,108135736,108135866
108135866,41.87420803,-87.6562270236,1302789591.0,108135799,108135936
108135936,41.8742201044,-87.6559310533,1302789593.0,108135866,108135994
108135994,41.8742262147,-87.6556402181,1302789595.0,108135936,108136046
108136046,41.8742299657,-87.6553612942,1302789597.0,108135994,108136106
108136106,41.8742319659,-87.6550953373,1302789599.0,108136046,108136171
108136171,41.8742346905,-87.6548433405,1302789601.0,108136106,108136267
108136267,41.874242375,-87.6544812953,1302789604.0,108136171,108136331
108136331,41.8742519319,-87.6542281644,1302789606.0,108136267,108136396
108136396,41.8742661915,-87.6539670164,1302789608.0,108136331,108136466
108136466,41.8742787309,-87.6537068085,1302789610.0,108136396,108136529
108136529,41.8742841149,-87.6534428237,1302789612.0,108136466,108136587
108136587,41.8742883196,-87.6531748627,1302789614.0,108136529,108136652
108136652,41.8742926958,-87.6529078561,1302789616.0,108136587,108136722
108136722,41.8742978666,-87.6526318829,1302789618.0,108136652,108136790
108136790,41.874303651,-87.6523539018,1302789620.0,108136722,108136857
108136857,41.8743081624,-87.6520766158,1302789622.0,108136790,108136918
108136918,41.8743148097,-87.651804596,1302789624.0,108136857,108136981
108136981,41.8743211073,-87.651535751,1302789626.0,108136918,108137042
108137042,41.8743265265,-87.6512697643,1302789628.0,108136981,108137109
108137109,41.874328886,-87.6510048802,1302789630.0,108137042,108137177
108137177,41.8743371993,-87.6507508136,1302789632.0,108137109,108137279
108137279,41.874345018,-87.6504048113,1302789635.0,108137177,108137380
108137380,41.8743519188,-87.6501517872,1302789638.0,108137279,108137547
108137547,41.8743528626,-87.6498816927,1302789643.0,108137380,108137680
108137680,41.8743669612,-87.6495588713,1302789647.0,108137547,108137770
108137770,41.8743768713,-87.6492807463,1302789650.0,108137680,108137880
108137880,41.8743872868,-87.648965659,1302789653.0,108137770,108137974
108137974,41.8743893547,-87.6486009632,1302789656.0,108137880,108138044
108138044,41.8743834692,-87.6483570258,1302789658.0,108137974,108138152
108138152,41.8743581481,-87.6480368476,1302789661.0,108138044,108138253
108138253,41.8743430792,-87.647794263,1302789664.0,108138152,108138395
108138395,41.8743202859,-87.6474989095,1302789668.0,108138253,108138497
108138497,41.8742919908,-87.647171603,1302789671.0,108138395,108138601
108138601,41.8742759785,-87.6468070497,1302789674.0,108138497,108138674
108138674,41.8742819681,-87.6465439908,1302789676.0,108138601,108138743
108138743,41.8742900283,-87.6462899732,1302789678.0,108138674,108138814
108138814,41.8742952039,-87.6460420298,1302789680.0,108138743,108138881
108138881,41.8742994023,-87.6457789891,1302789682.0,108138814,108138950
108138950,41.8743044275,-87.6455129918,1302789684.0,108138881,108139010
108139010,41.874312427,-87.6452429932,1302789686.0,108138950,108139086
108139086,41.8743143317,-87.6449779914,1302789688.0,108139010,108139156
108139156,41.874312379,-87.644710998,1302789690.0,108139086,108139234
108139234,41.8743124573,-87.644443009,1302789692.0,108139156,108139307
108139307,41.8743195812,-87.6441790069,1302789694.0,108139234,108139383
108139383,41.8743290624,-87.6439049368,1302789696.0,108139307,108139454
108139454,41.8743408994,-87.6436220319,1302789698.0,108139383,108139523
108139523,41.874353884,-87.6433339989,1302789700.0,108139454,108139587
108139587,41.874367839,-87.6430430063,1302789702.0,108139523,108139654
108139654,41.8743768131,-87.6427759774,1302789704.0,108139587,108139745
108139745,41.8743839579,-87.6425180139,1302789707.0,108139654,108139969
108139969,41.8745220638,-87.6423235741,1302789713.0,108139745,108140090
108140090,41.8747039844,-87.6423016773,1302789716.0,108139969,108140197
108140197,41.8749109859,-87.6423107727,1302789719.0,108140090,108140304
108140304,41.8751449927,-87.6423563656,1302789722.0,108140197,108140410
108140410,41.8753539938,-87.6424232043,1302789725.0,108140304,108140517
108140517,41.8755409892,-87.6424581111,1302789728.0,108140410,108140698
108140698,41.8757259946,-87.6424591018,1302789733.0,108140517,108140958
108140958,41.8759059998,-87.6423971808,1302789740.0,108140698,None
