38184154,41.8693091907,-87.6662832945,1303569363.0,None,38184350
38184350,41.8693069028,-87.6665311698,1303569369.0,38184154,38184454
38184454,41.8693022872,-87.666798036,1303569372.0,38184350,38184556
38184556,41.8692923843,-87.6671188527,1303569375.0,38184454,38184666
38184666,41.8692851371,-87.6674669654,1303569378.0,38184556,38184776
38184776,41.8692774814,-87.6678169081,1303569381.0,38184666,38184870
38184870,41.869270154,-87.6681560135,1303569384.0,38184776,38184965
38184965,41.8692687393,-87.668465263,1303569387.0,38184870,38185070
38185070,41.8692674066,-87.6687098716,1303569390.0,38184965,38185313
38185313,41.8692525832,-87.668990707,1303569397.0,38185070,38185446
38185446,41.8692506179,-87.6692747707,1303569401.0,38185313,38185537
38185537,41.869241061,-87.6695633007,1303569404.0,38185446,38185640
38185640,41.8692330897,-87.6698716689,1303569407.0,38185537,38185750
38185750,41.8692281278,-87.6702129249,1303569410.0,38185640,38185858
38185858,41.8692235881,-87.6705500134,1303569413.0,38185750,38185963
38185963,41.869217342,-87.6708637666,1303569416.0,38185858,38186059
38186059,41.8692137463,-87.6711260212,1303569419.0,38185963,38186260
38186260,41.8691870563,-87.6713769383,1303569425.0,38186059,38186406
38186406,41.8691015541,-87.6716263742,1303569429.0,38186260,38186506
38186506,41.8689545351,-87.671882941,1303569432.0,38186406,38186606
38186606,41.868951568,-87.672210008,1303569435.0,38186506,38186660
38186660,41.8689724847,-87.6724569634,1303569437.0,38186606,38186757
38186757,41.8690118709,-87.6727989793,1303569440.0,38186660,38186855
38186855,41.8691147823,-87.6730750322,1303569443.0,38186757,38186964
38186964,41.8691363541,-87.6733439793,1303569446.0,38186855,38187169
38187169,41.8691783056,-87.6736183168,1303569452.0,38186964,38187301
38187301,41.8691759437,-87.6739013439,1303569456.0,38187169,38187411
38187411,41.8691673032,-87.6741922298,1303569459.0,38187301,38187513
38187513,41.8691596207,-87.6745252201,1303569462.0,38187411,38187619
38187619,41.8691566697,-87.6748642335,1303569465.0,38187513,38187725
38187725,41.8691485395,-87.6751881758,1303569468.0,38187619,38187828
38187828,41.869143251,-87.675484989,1303569471.0,38187725,38187927
38187927,41.8691369396,-87.6757419213,1303569474.0,38187828,38188069
38188069,41.8691295123,-87.6759908578,1303569478.0,38187927,38188908
38188908,41.8691239364,-87.6762463061,1303569503.0,38188069,38189046
38189046,41.8691148948,-87.6765753163,1303569507.0,38188908,38189149
38189149,41.8691135304,-87.6768871838,1303569510.0,38189046,38189255
38189255,41.8691138222,-87.6772290798,1303569513.0,38189149,38189361
38189361,41.86910941,-87.6775880533,1303569516.0,38189255,38189428
38189428,41.8691062865,-87.6778340604,1303569518.0,38189361,38189498
38189498,41.8691049132,-87.6780810509,1303569520.0,38189428,38189563
38189563,41.8691053493,-87.6783290723,1303569522.0,38189498,38189630
38189630,41.8691004319,-87.6785770781,1303569524.0,38189563,38189697
38189697,41.8690937603,-87.678825045,1303569526.0,38189630,38189763
38189763,41.869086145,-87.6790750442,1303569528.0,38189697,38189827
38189827,41.8690821901,-87.6793250593,1303569530.0,38189763,38189898
38189898,41.8690810195,-87.679568074,1303569532.0,38189827,38190008
38190008,41.8690764392,-87.6799091198,1303569535.0,38189898,38190106
38190106,41.8690780155,-87.680225212,1303569538.0,38190008,38190204
38190204,41.8690791784,-87.6804722276,1303569541.0,38190106,38190862
38190862,41.86908134,-87.6807420822,1303569560.0,38190204,38190994
38190994,41.8690786293,-87.6810571751,1303569564.0,38190862,38191101
38191101,41.8690687954,-87.6813692557,1303569567.0,38190994,38191206
38191206,41.8690557243,-87.6817212827,1303569570.0,38191101,38191276
38191276,41.8690493292,-87.6819672303,1303569572.0,38191206,38191343
38191343,41.8690407107,-87.6822102163,1303569574.0,38191276,38191408
38191408,41.8690391403,-87.682452179,1303569576.0,38191343,38191510
38191510,41.8690337056,-87.6828040997,1303569579.0,38191408,38191604
38191604,41.8690298332,-87.683126017,1303569582.0,38191510,38191704
38191704,41.8690272305,-87.6833821268,1303569585.0,38191604,38191960
38191960,41.8690191281,-87.6836673373,1303569592.0,38191704,38192099
38192099,41.8690197173,-87.6839618405,1303569596.0,38191960,38192193
38192193,41.8690186466,-87.6842499122,1303569599.0,38192099,38192288
38192288,41.869015281,-87.6845270624,1303569602.0,38192193,38192461
38192461,41.869013322,-87.6847940881,1303569607.0,38192288,38192645
38192645,41.8690142473,-87.6850518516,1303569612.0,38192461,38192747
38192747,41.869012073,-87.6853119806,1303569615.0,38192645,38192816
38192816,41.8690145243,-87.6855970548,1303569618.0,38192747,38192901
38192901,41.869023925,-87.6858784497,1303569622.0,38192816,38193666
38193666,41.8691320346,-87.6860701114,1303569647.0,38192901,38193803
38193803,41.8693781476,-87.6860595438,1303569651.0,38193666,38193902
38193902,41.8696249442,-87.686057452,1303569654.0,38193803,38193968
38193968,41.8698069302,-87.6860592376,1303569656.0,38193902,38194035
38194035,41.8700028556,-87.6860642258,1303569658.0,38193968,38194103
38194103,41.8702028873,-87.6860705797,1303569660.0,38194035,38194175
38194175,41.8704049289,-87.6860758062,1303569662.0,38194103,38194242
38194242,41.8706089544,-87.6860819589,1303569664.0,38194175,38194303
38194303,41.8708120035,-87.6860869768,1303569666.0,38194242,38194368
38194368,41.8710119966,-87.6860945445,1303569668.0,38194303,38194437
38194437,41.8712217477,-87.6860995703,1303569670.0,38194368,38194505
38194505,41.8714337091,-87.6861055257,1303569672.0,38194437,38194572
38194572,41.8716457224,-87.6861116399,1303569674.0,38194505,38194638
38194638,41.8718477285,-87.6861197014,1303569676.0,38194572,38194703
38194703,41.8720458296,-87.6861282881,1303569678.0,38194638,38194768
38194768,41.8722408624,-87.6861332676,1303569680.0,38194703,38194839
38194839,41.8724388865,-87.6861394932,1303569682.0,38194768,38194906
38194906,41.8726298863,-87.6861458747,1303569684.0,38194839,38194975
38194975,41.8728109057,-87.6861497671,1303569686.0,38194906,38195069
38195069,41.873070916,-87.6861548184,1303569689.0,38194975,38195170
38195170,41.8733248925,-87.6861591741,1303569692.0,38195069,38195268
38195268,41.8735660182,-87.6861640238,1303569695.0,38195170,38195370
38195370,41.8737615511,-87.6861668285,1303569698.0,38195268,38195532
38195532,41.8739196358,-87.6859864641,1303569703.0,38195370,38195666
38195666,41.8739108407,-87.6856709099,1303569707.0,38195532,38195766
38195766,41.8739048234,-87.6853700376,1303569710.0,38195666,38195869
38195869,41.8739050532,-87.6850351166,1303569713.0,38195766,38195959
38195959,41.873905937,-87.6847091289,1303569716.0,38195869,38196060
38196060,41.8739083368,-87.6843970863,1303569719.0,38195959,38196152
38196152,41.8739042085,-87.6840590924,1303569722.0,38196060,38196259
38196259,41.8739097177,-87.6836950841,1303569725.0,38196152,38196329
38196329,41.8739138629,-87.6834420972,1303569727.0,38196259,38196390
38196390,41.8739204267,-87.6831861503,1303569729.0,38196329,38196456
38196456,41.8739270787,-87.6829311375,1303569731.0,38196390,38196525
38196525,41.8739318715,-87.6826801101,1303569733.0,38196456,38196597
38196597,41.8739356912,-87.6824360761,1303569735.0,38196525,38196697
38196697,41.8739409701,-87.6820900924,1303569738.0,38196597,38196789
38196789,41.8739454751,-87.6817752045,1303569741.0,38196697,38196921
38196921,41.8739484719,-87.6815062033,1303569745.0,38196789,38197157
38197157,41.8739599621,-87.681200069,1303569752.0,38196921,38197265
38197265,41.87396408,-87.6809400961,1303569755.0,38197157,38197372
38197372,41.8739670485,-87.6806261938,1303569758.0,38197265,38197461
38197461,41.8739705852,-87.6802811579,1303569761.0,38197372,38197528
38197528,41.8739702642,-87.6800391774,1303569763.0,38197461,38197589
38197589,41.873975033,-87.6797881375,1303569765.0,38197528,38197656
38197656,41.873978794,-87.6795321056,1303569767.0,38197589,38197712
38197712,41.8739835476,-87.679274132,1303569769.0,38197656,38197779
38197779,41.8739883439,-87.6790111124,1303569771.0,38197712,38197850
38197850,41.8739914922,-87.6787491174,1303569773.0,38197779,38197924
38197924,41.8739964462,-87.6784881238,1303569775.0,38197850,38197991
38197991,41.874001119,-87.6782331125,1303569777.0,38197924,38198042
38198042,41.8740050674,-87.6779851021,1303569779.0,38197991,38198144
38198144,41.8740117333,-87.6776351071,1303569782.0,38198042,38198231
38198231,41.8740164316,-87.6773130717,1303569785.0,38198144,38198326
38198326,41.8740102899,-87.6770186459,1303569788.0,38198231,38198464
38198464,41.8739866022,-87.6767405037,1303569792.0,38198326,38198731
38198731,41.8738958492,-87.6765206081,1303569800.0,38198464,38198832
38198832,41.8737055144,-87.6764828841,1303569803.0,38198731,38198928
38198928,41.873482828,-87.6764703542,1303569806.0,38198832,38199031
38199031,41.8732340175,-87.6764585749,1303569809.0,38198928,38199103
38199103,41.8730511233,-87.6764510883,1303569811.0,38199031,38199164
38199164,41.8728591408,-87.676442111,1303569813.0,38199103,38199231
38199231,41.8726571135,-87.6764347062,1303569815.0,38199164,38199296
38199296,41.87244918,-87.6764260358,1303569817.0,38199231,38199363
38199363,41.8722412716,-87.6764104109,1303569819.0,38199296,38199431
38199431,41.8720403132,-87.6763866976,1303569821.0,38199363,38199497
38199497,41.8718492292,-87.6763673095,1303569823.0,38199431,38199584
38199584,41.8716043511,-87.6763533993,1303569826.0,38199497,38199724
38199724,41.871420511,-87.6762125514,1303569830.0,38199584,38199858
38199858,41.8714112755,-87.6758854368,1303569834.0,38199724,38199954
38199954,41.8714167234,-87.6755991109,1303569837.0,38199858,38200051
38200051,41.8714252534,-87.6752972868,1303569840.0,38199954,38200149
38200149,41.871435706,-87.6749673071,1303569843.0,38200051,38200250
38200250,41.8714466195,-87.6746296974,1303569846.0,38200149,38200345
38200345,41.8714532523,-87.6743143344,1303569849.0,38200250,38200447
38200447,41.8714598655,-87.6740520492,1303569852.0,38200345,38200637
38200637,41.8714625448,-87.6737728253,1303569858.0,38200447,38200777
38200777,41.8714750362,-87.6734487065,1303569862.0,38200637,38200881
38200881,41.871481432,-87.6731295044,1303569865.0,38200777,38200984
38200984,41.8714879385,-87.6727902653,1303569868.0,38200881,38201078
38201078,41.8714926822,-87.6724752323,1303569871.0,38200984,38201174
38201174,41.8714967793,-87.6721920082,1303569874.0,38201078,38201275
38201275,41.8715002963,-87.6719458432,1303569877.0,38201174,38201440
38201440,41.8715182688,-87.6716886795,1303569882.0,38201275,38201869
38201869,41.8715177432,-87.6714009263,1303569895.0,38201440,38201940
38201940,41.8715233746,-87.6711351762,1303569898.0,38201869,38202041
38202041,41.8715280295,-87.6708182116,1303569901.0,38201940,38202133
38202133,41.8715318167,-87.6704779941,1303569904.0,38202041,38202241
38202241,41.8715392249,-87.6701368309,1303569907.0,38202133,38202341
38202341,41.87154816,-87.669810569,1303569910.0,38202241,38202437
38202437,41.8715566022,-87.6694979484,1303569913.0,38202341,38202574
38202574,41.8715555003,-87.6692166609,1303569917.0,38202437,38202842
38202842,41.8714303118,-87.6690393741,1303569925.0,38202574,38203044
38203044,41.8712485061,-87.669030158,1303569931.0,38202842,38203147
38203147,41.8710535923,-87.6690339566,1303569934.0,38203044,38203217
38203217,41.8708117379,-87.6690247915,1303569937.0,38203147,None
