26853755,41.8673688615,-87.6470560481,1304042429.0,None,26854378
26854378,41.8672013424,-87.6471700985,1304042448.0,26853755,26854517
26854517,41.8672051625,-87.6474142462,1304042452.0,26854378,26854616
26854616,41.8672243242,-87.6476759801,1304042455.0,26854517,26854724
26854724,41.8672216037,-87.6480379099,1304042458.0,26854616,26854796
26854796,41.8672151272,-87.6483159153,1304042460.0,26854724,26854865
26854865,41.8672031724,-87.6486069389,1304042462.0,26854796,26854928
26854928,41.8671893097,-87.648879019,1304042464.0,26854865,26854993
26854993,41.8671710044,-87.6491221983,1304042466.0,26854928,26855101
26855101,41.8671436878,-87.649373284,1304042469.0,26854993,26855987
26855987,41.8670646473,-87.6496410922,1304042494.0,26855101,26856040
26856040,41.8670763163,-87.6499441007,1304042497.0,26855987,26856079
26856079,41.8670813104,-87.6501961328,1304042499.0,26856040,26856137
26856137,41.8670862051,-87.6504742198,1304042501.0,26856079,26856191
26856191,41.8670828358,-87.6507791356,1304042503.0,26856137,26856262
26856262,41.8670747128,-87.6510673728,1304042505.0,26856191,26856359
26856359,41.8670798074,-87.6513528562,1304042508.0,26856262,26856999
26856999,41.8671271753,-87.6515980457,1304042527.0,26856359,26857107
26857107,41.8671399192,-87.6518425665,1304042530.0,26856999,26857199
26857199,41.8671447538,-87.6521470979,1304042533.0,26857107,26857259
26857259,41.8671443081,-87.6524089731,1304042535.0,26857199,26857323
26857323,41.8671393085,-87.6527059845,1304042537.0,26857259,26857389
26857389,41.8671313794,-87.6530150289,1304042539.0,26857323,26857460
26857460,41.8671273201,-87.653307086,1304042541.0,26857389,26857535
26857535,41.8671231212,-87.6535950884,1304042543.0,26857460,26857615
26857615,41.8671187221,-87.653892025,1304042545.0,26857535,26857684
26857684,41.8671169331,-87.6542048114,1304042547.0,26857615,26857762
26857762,41.8671136612,-87.6545476968,1304042549.0,26857684,26857830
26857830,41.8671089815,-87.6548915601,1304042551.0,26857762,26857894
26857894,41.8671032713,-87.6552217038,1304042553.0,26857830,26857960
26857960,41.867097509,-87.6555367752,1304042555.0,26857894,26858026
26858026,41.8670898207,-87.6558427894,1304042557.0,26857960,26858091
26858091,41.867084905,-87.6561258564,1304042559.0,26858026,26858164
26858164,41.8670821037,-87.6564062183,1304042561.0,26858091,26858240
26858240,41.867084451,-87.6566866016,1304042563.0,26858164,26858316
26858316,41.8670727651,-87.6569820081,1304042565.0,26858240,26858388
26858388,41.8670637825,-87.6572920139,1304042567.0,26858316,26858460
26858460,41.867055299,-87.6576181272,1304042569.0,26858388,26858526
26858526,41.8670466656,-87.6579391302,1304042571.0,26858460,26858593
26858593,41.8670402157,-87.6582621554,1304042573.0,26858526,26858663
26858663,41.8670332015,-87.6586021638,1304042575.0,26858593,26858733
26858733,41.8670302409,-87.6589451318,1304042577.0,26858663,26858808
26858808,41.8670236355,-87.6592941298,1304042579.0,26858733,26858871
26858871,41.8670196715,-87.6596470957,1304042581.0,26858808,26858940
26858940,41.867014321,-87.6600110919,1304042583.0,26858871,26859011
26859011,41.8670081525,-87.6603830715,1304042585.0,26858940,26859081
26859081,41.8670000484,-87.6607371015,1304042587.0,26859011,26859149
26859149,41.8669922269,-87.6610901739,1304042589.0,26859081,26859217
26859217,41.8669873312,-87.6614172177,1304042591.0,26859149,26859289
26859289,41.8669804106,-87.6617322263,1304042593.0,26859217,26859361
26859361,41.8669721565,-87.6620582246,1304042595.0,26859289,26859438
26859438,41.8669736482,-87.6624031623,1304042597.0,26859361,26859505
26859505,41.8669756099,-87.6627660616,1304042599.0,26859438,26859577
26859577,41.8669702884,-87.6631290741,1304042601.0,26859505,26859645
26859645,41.8669614276,-87.663491104,1304042603.0,26859577,26859709
26859709,41.8669566946,-87.6638370936,1304042605.0,26859645,26859779
26859779,41.8669527318,-87.664174047,1304042607.0,26859709,26859848
26859848,41.8669485051,-87.6645040407,1304042609.0,26859779,26859918
26859918,41.8669449841,-87.6648210245,1304042611.0,26859848,26859993
26859993,41.8669388188,-87.6651220542,1304042613.0,26859918,26860070
26860070,41.8669330592,-87.6654021431,1304042615.0,26859993,26860177
26860177,41.8669216922,-87.6657121526,1304042618.0,26860070,26860319
26860319,41.8669085679,-87.6659960828,1304042622.0,26860177,26860420
26860420,41.8669062448,-87.6662650983,1304042625.0,26860319,26860525
26860525,41.8669078342,-87.6666151287,1304042628.0,26860420,26860596
26860596,41.8669068718,-87.6669000306,1304042630.0,26860525,26860665
26860665,41.8669067125,-87.6672110968,1304042632.0,26860596,26860736
26860736,41.8669093848,-87.6675289631,1304042634.0,26860665,26860812
26860812,41.8669064115,-87.6678387814,1304042636.0,26860736,26860888
26860888,41.866899756,-87.6681296867,1304042638.0,26860812,26860953
26860953,41.8668950347,-87.6684027497,1304042640.0,26860888,26861057
26861057,41.8668901274,-87.6687314357,1304042643.0,26860953,26861192
26861192,41.8670023977,-87.6689351213,1304042647.0,26861057,26861301
26861301,41.8671924535,-87.6689422804,1304042650.0,26861192,26861410
26861410,41.867463084,-87.6689368148,1304042653.0,26861301,26861483
26861483,41.8676860987,-87.6689491308,1304042655.0,26861410,26861552
26861552,41.8679351395,-87.6689625434,1304042657.0,26861483,26861618
26861618,41.8681821812,-87.6689738033,1304042659.0,26861552,26861686
26861686,41.8684163258,-87.6689937175,1304042661.0,26861618,26861756
26861756,41.8686273191,-87.6690047926,1304042663.0,26861686,26861825
26861825,41.8688071741,-87.6690014154,1304042665.0,26861756,26861925
26861925,41.8690206112,-87.6690016274,1304042668.0,26861825,26862144
26862144,41.8692023871,-87.6690430398,1304042674.0,26861925,26862637
26862637,41.869282713,-87.6693280286,1304042688.0,26862144,26862777
26862777,41.869329562,-87.6695896308,1304042692.0,26862637,26862873
26862873,41.8694118821,-87.6698401529,1304042695.0,26862777,26862978
26862978,41.8694338984,-87.6701430758,1304042698.0,26862873,26863079
26863079,41.8694088906,-87.6704739534,1304042701.0,26862978,26863191
26863191,41.8694054925,-87.6707860958,1304042704.0,26863079,26864166
26864166,41.8694485581,-87.6710717761,1304042732.0,26863191,26864375
26864375,41.8694039684,-87.6713548129,1304042738.0,26864166,26864477
26864477,41.869432404,-87.67169394,1304042741.0,26864375,26864543
26864543,41.8694404337,-87.6720359977,1304042743.0,26864477,26864611
26864611,41.8694414374,-87.6723948871,1304042745.0,26864543,26864681
26864681,41.869439542,-87.6727291604,1304042747.0,26864611,26864751
26864751,41.8694192586,-87.6730062497,1304042749.0,26864681,26865146
26865146,41.869314901,-87.6732639451,1304042760.0,26864751,26865413
26865413,41.869261875,-87.6735255514,1304042768.0,26865146,26865523
26865523,41.8692854087,-87.6738264146,1304042771.0,26865413,26865598
26865598,41.8693103073,-87.6741269381,1304042773.0,26865523,26865673
26865673,41.8693144033,-87.6744709682,1304042775.0,26865598,26865746
26865746,41.8693007313,-87.6748228644,1304042777.0,26865673,26865819
26865819,41.869288002,-87.675182891,1304042779.0,26865746,26865885
26865885,41.8692750173,-87.6754701935,1304042781.0,26865819,None
