110609903,41.8692612585,-87.670275046,1303246847.0,None,110610016
110610016,41.8692207071,-87.6705470156,1303246855.0,110609903,110610076
110610076,41.8692298524,-87.670855984,1303246859.0,110610016,110610138
110610138,41.8692326039,-87.6710989485,1303246863.0,110610076,110610335
110610335,41.8692394164,-87.671341647,1303246875.0,110610138,110610565
110610565,41.8694113255,-87.6714763733,1303246889.0,110610335,110610644
110610644,41.8695910224,-87.6715195073,1303246893.0,110610565,110610703
110610703,41.8698570743,-87.6715394978,1303246896.0,110610644,110610739
110610739,41.8700400526,-87.6715305894,1303246898.0,110610703,110610798
110610798,41.8702329371,-87.6715288074,1303246901.0,110610739,110611070
110611070,41.8704589424,-87.6715182232,1303246914.0,110610798,110611133
110611133,41.8706749919,-87.6715075162,1303246917.0,110611070,110611173
110611173,41.8708630412,-87.6714989815,1303246919.0,110611133,110611216
110611216,41.8710559445,-87.6714878656,1303246921.0,110611173,110611285
110611285,41.8712772268,-87.6714983521,1303246924.0,110611216,110611778
110611778,41.8714841727,-87.6714882701,1303246946.0,110611285,110611843
110611843,41.8717013064,-87.6715097872,1303246949.0,110611778,110611888
110611888,41.8718970018,-87.6715158371,1303246951.0,110611843,110611938
110611938,41.8721270054,-87.671524747,1303246953.0,110611888,110611989
110611989,41.8723829998,-87.6715336677,1303246955.0,110611938,110612037
110612037,41.8726620117,-87.6715464014,1303246957.0,110611989,110612083
110612083,41.8729420037,-87.6715582063,1303246959.0,110612037,110612129
110612129,41.8731989909,-87.6715574387,1303246961.0,110612083,110612183
110612183,41.8734149827,-87.6715351373,1303246963.0,110612129,110612263
110612263,41.8736389785,-87.6714922145,1303246966.0,110612183,110612364
110612364,41.8738430693,-87.6714981556,1303246970.0,110612263,110612464
110612464,41.8740336731,-87.6714885301,1303246974.0,110612364,110612592
110612592,41.8741283542,-87.6712589235,1303246979.0,110612464,110612668
110612668,41.8741432939,-87.6709920102,1303246982.0,110612592,110612751
110612751,41.8741415363,-87.6706610471,1303246985.0,110612668,110612831
110612831,41.8741414432,-87.6703269273,1303246988.0,110612751,110612914
110612914,41.8741306164,-87.6699761468,1303246991.0,110612831,110612987
110612987,41.8740699683,-87.6696930374,1303246994.0,110612914,110613067
110613067,41.8740793221,-87.6694449867,1303246997.0,110612987,110613152
110613152,41.8741470538,-87.6691320533,1303247000.0,110613067,110613210
110613210,41.8741747364,-87.6688915473,1303247002.0,110613152,110613267
110613267,41.8741904621,-87.6686219317,1303247004.0,110613210,110613321
110613321,41.8741978843,-87.6683540543,1303247006.0,110613267,110613373
110613373,41.8742196963,-87.6680999558,1303247008.0,110613321,110613453
110613453,41.874213621,-87.6678098879,1303247011.0,110613373,110613560
110613560,41.8741809683,-87.6675338732,1303247015.0,110613453,110614264
110614264,41.8740612777,-87.6673469248,1303247040.0,110613560,110614435
110614435,41.8740821184,-87.6670487484,1303247046.0,110614264,110614520
110614520,41.8740945843,-87.6667400333,1303247049.0,110614435,110614582
110614582,41.8741023832,-87.6664799552,1303247051.0,110614520,110614644
110614644,41.8741189233,-87.6661802229,1303247053.0,110614582,110614706
110614706,41.874135092,-87.6658459215,1303247055.0,110614644,110614772
110614772,41.8741430712,-87.6654948937,1303247057.0,110614706,110614832
110614832,41.8741404275,-87.6651078654,1303247059.0,110614772,110614891
110614891,41.8741261045,-87.6647098831,1303247061.0,110614832,110614949
110614949,41.8741164229,-87.6643158882,1303247063.0,110614891,110615011
110615011,41.8741067093,-87.663931879,1303247065.0,110614949,110615074
110615074,41.8741007294,-87.6635589095,1303247067.0,110615011,110615137
110615137,41.8740920933,-87.6631989638,1303247069.0,110615074,110615199
110615199,41.8740884516,-87.6628510418,1303247071.0,110615137,110615259
110615259,41.8740888074,-87.6625000665,1303247073.0,110615199,110615318
110615318,41.874092015,-87.6621410796,1303247075.0,110615259,110615381
110615381,41.8740983461,-87.6617621604,1303247077.0,110615318,110615442
110615442,41.8741082818,-87.6613661036,1303247079.0,110615381,110615512
110615512,41.874116401,-87.6609540461,1303247081.0,110615442,110615583
110615583,41.8741235633,-87.6605290675,1303247083.0,110615512,110615653
110615653,41.8741295238,-87.6601070625,1303247085.0,110615583,110615716
110615716,41.8741365061,-87.6596900581,1303247087.0,110615653,110615778
110615778,41.8741453483,-87.6592600831,1303247089.0,110615716,110615835
110615835,41.8741579831,-87.6588190436,1303247091.0,110615778,110615891
110615891,41.8741630825,-87.658375044,1303247093.0,110615835,110615952
110615952,41.8741671668,-87.6579470536,1303247095.0,110615891,110616020
110616020,41.8741682601,-87.657578098,1303247097.0,110615952,110616085
110616085,41.8741690114,-87.6572651608,1303247099.0,110616020,110616158
110616158,41.8741722234,-87.656958177,1303247101.0,110616085,110616232
110616232,41.8741796974,-87.6566369777,1303247103.0,110616158,110616300
110616300,41.8741953649,-87.6561082532,1303247106.0,110616232,110616355
110616355,41.8742031381,-87.65572843,1303247108.0,110616300,110616415
110616415,41.8742121949,-87.6553274251,1303247110.0,110616355,110616480
110616480,41.8742211277,-87.6549054378,1303247112.0,110616415,110616552
110616552,41.8742310999,-87.6544693813,1303247114.0,110616480,110616619
110616619,41.8742408362,-87.6540233532,1303247116.0,110616552,110616689
110616689,41.8742513715,-87.6535924092,1303247118.0,110616619,110616755
110616755,41.8742617447,-87.6531863785,1303247120.0,110616689,110616823
110616823,41.8742690444,-87.6528092063,1303247122.0,110616755,110616888
110616888,41.8742747259,-87.6524540857,1303247124.0,110616823,110616952
110616952,41.8742767248,-87.6521164079,1303247126.0,110616888,110617023
110617023,41.874281957,-87.6517955197,1303247128.0,110616952,110617090
110617090,41.8742875513,-87.6514935315,1303247130.0,110617023,110617160
110617160,41.8742926899,-87.6512055276,1303247132.0,110617090,110617233
110617233,41.8742986778,-87.6509173996,1303247134.0,110617160,110617299
110617299,41.8743044911,-87.6506173067,1303247136.0,110617233,110617367
110617367,41.8743087201,-87.6503162697,1303247138.0,110617299,110617433
110617433,41.8743158787,-87.6500303598,1303247140.0,110617367,110617502
110617502,41.8743207793,-87.6497636141,1303247142.0,110617433,110617601
110617601,41.8743183535,-87.6494244733,1303247145.0,110617502,110617705
110617705,41.8743200623,-87.6491554066,1303247148.0,110617601,110617776
110617776,41.8743248214,-87.648880382,1303247151.0,110617705,110617805
110617805,41.8743300821,-87.6485328006,1303247154.0,110617776,110617874
110617874,41.8743239422,-87.6482638381,1303247156.0,110617805,110617930
110617930,41.8743065739,-87.6479974847,1303247158.0,110617874,110618018
110618018,41.8742727452,-87.647658484,1303247161.0,110617930,110618139
110618139,41.8742423107,-87.647413105,1303247165.0,110618018,110618370
110618370,41.8741171068,-87.647180727,1303247173.0,110618139,110618467
110618467,41.8739077263,-87.6471574503,1303247176.0,110618370,110618534
110618534,41.873713752,-87.647168365,1303247178.0,110618467,110618606
110618606,41.8734897547,-87.6471753554,1303247180.0,110618534,110618686
110618686,41.8732498719,-87.6471762024,1303247182.0,110618606,110618762
110618762,41.8730080408,-87.64717508,1303247184.0,110618686,110618829
110618829,41.8727761443,-87.647168913,1303247186.0,110618762,110618902
110618902,41.8725581324,-87.6471587475,1303247188.0,110618829,110618975
110618975,41.8723610637,-87.6471516415,1303247190.0,110618902,110619078
110619078,41.8721420544,-87.647137806,1303247193.0,110618975,None
