94770519,41.8740331206,-87.6471104282,1303302904.0,None,94770989
94770989,41.8742387204,-87.6471666377,1303302919.0,94770519,94771116
94771116,41.8743737134,-87.6473397825,1303302923.0,94770989,94771249
94771249,41.8744241745,-87.6476841801,1303302927.0,94771116,94771323
94771323,41.8744482886,-87.647929201,1303302929.0,94771249,94771397
94771397,41.8744702559,-87.6481723395,1303302931.0,94771323,94771507
94771507,41.8744911615,-87.6485098788,1303302934.0,94771397,94771610
94771610,41.8744944597,-87.648818086,1303302937.0,94771507,94771780
94771780,41.8744929446,-87.6490661347,1303302942.0,94771610,94772368
94772368,41.8744945045,-87.6493490807,1303302959.0,94771780,94772576
94772576,41.8744894709,-87.6496091299,1303302965.0,94772368,94772951
94772951,41.8744816961,-87.6498520386,1303302976.0,94772576,94773058
94773058,41.8744742584,-87.6500960163,1303302979.0,94772951,94773160
94773160,41.8744745455,-87.6505390191,1303302983.0,94773058,94773276
94773276,41.8744721723,-87.6508490159,1303302986.0,94773160,94773387
94773387,41.8744709669,-87.6511280718,1303302989.0,94773276,94773531
94773531,41.8744699298,-87.6514080309,1303302993.0,94773387,94774229
94774229,41.8744655519,-87.6516679549,1303303013.0,94773531,94774337
94774337,41.8744638316,-87.6519498759,1303303016.0,94774229,94774446
94774446,41.8744579848,-87.6522989152,1303303019.0,94774337,94774550
94774550,41.8744558548,-87.6526249071,1303303022.0,94774446,94774643
94774643,41.8744480702,-87.6529759182,1303303025.0,94774550,94774718
94774718,41.8744487397,-87.6532319493,1303303027.0,94774643,94774785
94774785,41.8744438177,-87.6534989349,1303303029.0,94774718,94774854
94774854,41.8744369523,-87.6537769467,1303303031.0,94774785,94774925
94774925,41.874431054,-87.6540569184,1303303033.0,94774854,94775000
94775000,41.8744280829,-87.6543349396,1303303035.0,94774925,94775077
94775077,41.8744270109,-87.6546079668,1303303037.0,94775000,94775151
94775151,41.8744239337,-87.654868968,1303303039.0,94775077,94775222
94775222,41.8744189772,-87.6551159651,1303303041.0,94775151,94775324
94775324,41.8744101077,-87.6554589622,1303303044.0,94775222,94775423
94775423,41.8744032214,-87.6557629592,1303303047.0,94775324,94775517
94775517,41.8743993373,-87.6560069584,1303303050.0,94775423,94775698
94775698,41.8743982507,-87.6562769866,1303303055.0,94775517,94776477
94776477,41.8743894343,-87.656576085,1303303077.0,94775698,94776582
94776582,41.8743824621,-87.6568929949,1303303080.0,94776477,94776649
94776649,41.8743763622,-87.6571380059,1303303082.0,94776582,94776654
94776654,41.8743731674,-87.6574019877,1303303084.0,94776649,94776662
94776662,41.8743664904,-87.6576798071,1303303086.0,94776654,94776672
94776672,41.8743621182,-87.6579747577,1303303088.0,94776662,94776684
94776684,41.874357882,-87.6582857772,1303303090.0,94776672,94776697
94776697,41.8743539218,-87.6586118182,1303303092.0,94776684,94776711
94776711,41.8743413883,-87.6589428558,1303303094.0,94776697,94776727
94776727,41.8743336751,-87.6592798614,1303303096.0,94776711,94776743
94776743,41.8743295672,-87.6596158594,1303303098.0,94776727,94776761
94776761,41.8743191124,-87.6599468847,1303303100.0,94776743,94776779
94776779,41.8743062874,-87.6602669313,1303303102.0,94776761,94776799
94776799,41.8742938438,-87.6605769608,1303303104.0,94776779,94776819
94776819,41.8742847681,-87.660884979,1303303106.0,94776799,94776840
94776840,41.8742779862,-87.6611930163,1303303108.0,94776819,94776862
94776862,41.8742744361,-87.6614969769,1303303110.0,94776840,94776884
94776884,41.8742696257,-87.6617969239,1303303112.0,94776862,94776908
94776908,41.8742670181,-87.662101985,1303303114.0,94776884,94776932
94776932,41.8742620087,-87.6624099538,1303303116.0,94776908,94776951
94776951,41.874256976,-87.6627279506,1303303118.0,94776932,94776979
94776979,41.8742529366,-87.6630559376,1303303120.0,94776951,94777003
94777003,41.8742529747,-87.6633889532,1303303122.0,94776979,94777029
94777029,41.8742543821,-87.663718934,1303303124.0,94777003,94777058
94777058,41.8742594806,-87.6640409116,1303303126.0,94777029,94777085
94777085,41.8742647059,-87.6643498956,1303303128.0,94777058,94777112
94777112,41.8742699092,-87.6646459016,1303303130.0,94777085,94777142
94777142,41.8742742538,-87.6649279008,1303303132.0,94777112,94777173
94777173,41.874274697,-87.6651809079,1303303134.0,94777142,94777216
94777216,41.8742729611,-87.6655089101,1303303137.0,94777173,94777264
94777264,41.8742696669,-87.665763941,1303303140.0,94777216,94777377
94777377,41.8742653905,-87.6660139605,1303303147.0,94777264,94777611
94777611,41.8742569196,-87.6663092921,1303303161.0,94777377,94777668
94777668,41.8742453911,-87.6665761974,1303303164.0,94777611,94777724
94777724,41.8742354111,-87.6668660835,1303303167.0,94777668,94777762
94777762,41.8742273775,-87.6672008992,1303303170.0,94777724,94777823
94777823,41.8742078279,-87.6675376843,1303303173.0,94777762,94777880
94777880,41.8741863197,-87.667863974,1303303176.0,94777823,94777936
94777936,41.8741962553,-87.6681858814,1303303179.0,94777880,94777995
94777995,41.8742186614,-87.668428981,1303303182.0,94777936,94778115
94778115,41.8742402382,-87.6686843199,1303303188.0,94777995,94778461
94778461,41.8742580406,-87.6689254794,1303303205.0,94778115,94778617
94778617,41.8738449678,-87.6692601427,1303303227.0,94778461,94778625
94778625,41.873616964,-87.6693551203,1303303230.0,94778617,94778649
94778649,41.8733719901,-87.6693560083,1303303233.0,94778625,94778682
94778682,41.8731750121,-87.6692874265,1303303236.0,94778649,94778736
94778736,41.8729810638,-87.6691839169,1303303241.0,94778682,94778782
94778782,41.8728339284,-87.6689928249,1303303245.0,94778736,94778832
94778832,41.8726579973,-87.6687694481,1303303248.0,94778782,94778876
94778876,41.8724590482,-87.6686631163,1303303251.0,94778832,94778931
94778931,41.8722349714,-87.6685600933,1303303254.0,94778876,94779008
94779008,41.8720210691,-87.6685393127,1303303258.0,94778931,94779109
94779109,41.8718432652,-87.6686349278,1303303263.0,94779008,94779199
94779199,41.871605112,-87.6686897367,1303303267.0,94779109,94779265
94779265,41.8713570902,-87.6687146958,1303303270.0,94779199,94779312
94779312,41.8711559923,-87.6687166516,1303303272.0,94779265,94779361
94779361,41.870944989,-87.6687147555,1303303274.0,94779312,94779413
94779413,41.8707319642,-87.6687179177,1303303276.0,94779361,94779455
94779455,41.8705229877,-87.6687169364,1303303278.0,94779413,94779500
94779500,41.8703200078,-87.668714986,1303303280.0,94779455,94779547
94779547,41.8701280153,-87.6687211119,1303303282.0,94779500,94779621
94779621,41.8699180106,-87.6687566311,1303303285.0,94779547,94779838
94779838,41.8697310272,-87.6688033788,1303303294.0,94779621,94780042
94780042,41.8695148873,-87.6687997077,1303303302.0,94779838,94780505
94780505,41.8693195053,-87.6688117829,1303303320.0,94780042,94780614
94780614,41.869236023,-87.6690330731,1303303324.0,94780505,94780693
94780693,41.8692379098,-87.6693378608,1303303327.0,94780614,94780745
94780745,41.8692302016,-87.6695817463,1303303329.0,94780693,94780803
94780803,41.8692161134,-87.6698491039,1303303331.0,94780745,94780858
94780858,41.8692103648,-87.6700989074,1303303333.0,94780803,94780937
94780937,41.8692036525,-87.6704210678,1303303336.0,94780858,94781050
94781050,41.8692081373,-87.6706928179,1303303340.0,94780937,94781308
94781308,41.8692275624,-87.6709357658,1303303349.0,94781050,94781616
94781616,41.8692333017,-87.6711858737,1303303360.0,94781308,94781938
94781938,41.8692340333,-87.6714635036,1303303371.0,94781616,94782035
94782035,41.8692214927,-87.6717271087,1303303375.0,94781938,94782128
94782128,41.8692070491,-87.6719749449,1303303378.0,94782035,94782223
94782223,41.8692030128,-87.6722550781,1303303381.0,94782128,94782311
94782311,41.8692061433,-87.6726070998,1303303384.0,94782223,94782400
94782400,41.8692014234,-87.672953282,1303303387.0,94782311,94782484
94782484,41.8692025015,-87.6732455147,1303303390.0,94782400,94782605
94782605,41.8692206411,-87.6734895443,1303303394.0,94782484,94783134
94783134,41.8692150909,-87.6737766935,1303303411.0,94782605,94783229
94783229,41.8691975121,-87.6740289798,1303303414.0,94783134,94783326
94783326,41.8691915608,-87.6743230582,1303303417.0,94783229,94783414
94783414,41.8691823321,-87.6746671419,1303303420.0,94783326,94783488
94783488,41.8691792835,-87.6749171635,1303303422.0,94783414,94783588
94783588,41.8691754465,-87.6752691512,1303303425.0,94783488,94783682
94783682,41.8691843119,-87.6755564102,1303303428.0,94783588,94783808
94783808,41.8691847699,-87.6758404837,1303303432.0,94783682,94784710
94784710,41.8691896396,-87.6760970598,1303303459.0,94783808,94784944
94784944,41.8693576228,-87.6762442271,1303303466.0,94784710,94785041
94785041,41.8695739511,-87.6762175146,1303303469.0,94784944,94785133
94785133,41.8698220341,-87.6762103098,1303303472.0,94785041,94785241
94785241,41.8700710766,-87.676210301,1303303475.0,94785133,94785355
94785355,41.8703190805,-87.6762161831,1303303478.0,94785241,94785458
94785458,41.8705700428,-87.6762224983,1303303481.0,94785355,94785563
94785563,41.8708229619,-87.6762310856,1303303484.0,94785458,94785662
94785662,41.8710450089,-87.6762306228,1303303487.0,94785563,94785805
94785805,41.8712289737,-87.6762322251,1303303491.0,94785662,94786159
94786159,41.8714136678,-87.6762123459,1303303501.0,94785805,94786361
94786361,41.8714863779,-87.6759627186,1303303507.0,94786159,94786471
94786471,41.8714743383,-87.6756969378,1303303510.0,94786361,94786583
94786583,41.8714629162,-87.6754169414,1303303513.0,94786471,94786727
94786727,41.8714708877,-87.6751699781,1303303517.0,94786583,94787629
94787629,41.8714899395,-87.674928978,1303303543.0,94786727,None
