69046989,41.8673162204,-87.6470797468,1302639042.0,None,69047093
69047093,41.8672208451,-87.6473215887,1302639051.0,69046989,69047169
69047169,41.8672130315,-87.6475760551,1302639057.0,69047093,69047596
69047596,41.8671912538,-87.6478201617,1302639086.0,69047169,69047808
69047808,41.8672001658,-87.6481021303,1302639098.0,69047596,69047903
69047903,41.8671893288,-87.6483842135,1302639103.0,69047808,69047978
69047978,41.8671802637,-87.6486822104,1302639107.0,69047903,69048031
69048031,41.8671718935,-87.6489331858,1302639110.0,69047978,69048092
69048092,41.8671669173,-87.6491842414,1302639113.0,69048031,69048175
69048175,41.8671587299,-87.6494802028,1302639117.0,69048092,69048377
69048377,41.8671512607,-87.6497292295,1302639127.0,69048175,69048815
69048815,41.8671473882,-87.6499912287,1302639147.0,69048377,69048884
69048884,41.8671441296,-87.6503081554,1302639150.0,69048815,69048929
69048929,41.8671378234,-87.6505810525,1302639152.0,69048884,69048972
69048972,41.8671317148,-87.6508776427,1302639154.0,69048929,69049020
69049020,41.8671279846,-87.6511692384,1302639156.0,69048972,69049066
69049066,41.8671374883,-87.6514408311,1302639158.0,69049020,69049100
69049100,41.8671374426,-87.6517059477,1302639160.0,69049066,69049150
69049150,41.8671333663,-87.6519744251,1302639162.0,69049100,69049196
69049196,41.8671302512,-87.6522473524,1302639164.0,69049150,69049246
69049246,41.8671270525,-87.6525353898,1302639166.0,69049196,69049299
69049299,41.8671224868,-87.6528323214,1302639168.0,69049246,69049346
69049346,41.8671182718,-87.6531373551,1302639170.0,69049299,69049391
69049391,41.8671139776,-87.6534494225,1302639172.0,69049346,69049439
69049439,41.8671066421,-87.6537645476,1302639174.0,69049391,69049489
69049489,41.8670974998,-87.6540814534,1302639176.0,69049439,69049538
69049538,41.8670948728,-87.6544004717,1302639178.0,69049489,69049593
69049593,41.8670890231,-87.6546966445,1302639180.0,69049538,69049645
69049645,41.8670820659,-87.6549485646,1302639182.0,69049593,69049720
69049720,41.8670741061,-87.6552484502,1302639185.0,69049645,69050426
69050426,41.8670714981,-87.6555254457,1302639213.0,69049720,69050641
69050641,41.8670710213,-87.6558093305,1302639221.0,69050426,69050751
69050751,41.8670604964,-87.6561123327,1302639225.0,69050641,69050838
69050838,41.8670547474,-87.656357265,1302639228.0,69050751,69050922
69050922,41.8670531682,-87.6566091218,1302639231.0,69050838,69051013
69051013,41.8670503759,-87.656961298,1302639234.0,69050922,69051066
69051066,41.8670476847,-87.6572482559,1302639236.0,69051013,69051124
69051124,41.8670460501,-87.6575682572,1302639238.0,69051066,69051186
69051186,41.8670428475,-87.6579052226,1302639240.0,69051124,69051243
69051243,41.8670376591,-87.6582511878,1302639242.0,69051186,69051297
69051297,41.8670345486,-87.6586061469,1302639244.0,69051243,69051355
69051355,41.8670294615,-87.658969142,1302639246.0,69051297,69051420
69051420,41.867022043,-87.6593411465,1302639248.0,69051355,69051485
69051485,41.8670179264,-87.6597140898,1302639250.0,69051420,69051543
69051543,41.8670124952,-87.6600870991,1302639252.0,69051485,69051598
69051598,41.8670030625,-87.6604521375,1302639254.0,69051543,69051657
69051657,41.8669976775,-87.6608001317,1302639256.0,69051598,69051713
69051713,41.8669935819,-87.6611351408,1302639258.0,69051657,69051767
69051767,41.8669896628,-87.6614731584,1302639260.0,69051713,69051827
69051827,41.8669862206,-87.6618171374,1302639262.0,69051767,69051893
69051893,41.8669843363,-87.6621580349,1302639264.0,69051827,69051957
69051957,41.8669776625,-87.6625050879,1302639266.0,69051893,69052026
69052026,41.8669705126,-87.6628551117,1302639268.0,69051957,69052085
69052085,41.8669638655,-87.6632071638,1302639270.0,69052026,69052143
69052143,41.866957066,-87.6635571643,1302639272.0,69052085,69052203
69052203,41.8669517936,-87.6638871608,1302639274.0,69052143,69052266
69052266,41.866946032,-87.6641931404,1302639276.0,69052203,69052304
69052304,41.8669414064,-87.6644831321,1302639278.0,69052266,69052365
69052365,41.8669382979,-87.6647271283,1302639280.0,69052304,69052450
69052450,41.8669342396,-87.6649901549,1302639283.0,69052365,69052894
69052894,41.8669349124,-87.6652711231,1302639301.0,69052450,69052995
69052995,41.8669327224,-87.6655131219,1302639304.0,69052894,69053101
69053101,41.8669298764,-87.665853049,1302639307.0,69052995,69053150
69053150,41.8669282143,-87.6661030579,1302639309.0,69053101,69053221
69053221,41.8669259299,-87.6663643135,1302639311.0,69053150,69053290
69053290,41.8669252446,-87.6666391014,1302639313.0,69053221,69053344
69053344,41.8669274332,-87.6669329931,1302639315.0,69053290,69053408
69053408,41.8669282851,-87.6672430448,1302639317.0,69053344,69053471
69053471,41.8669302812,-87.667559008,1302639319.0,69053408,69053534
69053534,41.8669338391,-87.6678739903,1302639321.0,69053471,69053597
69053597,41.86693838,-87.6681670224,1302639323.0,69053534,69053695
69053695,41.8669461911,-87.6684869984,1302639326.0,69053597,69054611
69054611,41.8669566147,-87.6687581323,1302639353.0,69053695,69054778
69054778,41.8671307439,-87.6688955796,1302639358.0,69054611,69054884
69054884,41.8673380741,-87.6688987962,1302639361.0,69054778,69054947
69054947,41.8675179832,-87.6688991077,1302639363.0,69054884,69055021
69055021,41.867714966,-87.6689053429,1302639365.0,69054947,69055095
69055095,41.8679189182,-87.6689125084,1302639367.0,69055021,69055159
69055159,41.8681248864,-87.6689149111,1302639369.0,69055095,69055232
69055232,41.8683148686,-87.6689221814,1302639371.0,69055159,69055304
69055304,41.868505849,-87.6689299018,1302639373.0,69055232,69055374
69055374,41.8686869708,-87.6689367897,1302639375.0,69055304,69055482
69055482,41.8689252107,-87.6689376794,1302639378.0,69055374,69055648
69055648,41.8691149156,-87.6689413527,1302639383.0,69055482,69056042
69056042,41.8692553113,-87.6691244051,1302639394.0,69055648,69056183
69056183,41.8692432762,-87.6694375237,1302639398.0,69056042,69056285
69056285,41.8692283297,-87.6697108733,1302639401.0,69056183,69056406
69056406,41.8692166252,-87.6700138602,1302639404.0,69056285,69056514
69056514,41.8692126433,-87.6703160099,1302639407.0,69056406,69056545
69056545,41.8692143084,-87.6706129257,1302639410.0,69056514,69056558
69056558,41.8692227133,-87.6708927298,1302639413.0,69056545,69056581
69056581,41.8692386973,-87.6711650675,1302639417.0,69056558,69056835
69056835,41.8692351171,-87.671414443,1302639443.0,69056581,69056886
69056886,41.8692060502,-87.6716690079,1302639447.0,69056835,69056925
69056925,41.869176685,-87.6719430788,1302639450.0,69056886,69056964
69056964,41.8691801464,-87.6722631043,1302639453.0,69056925,69056996
69056996,41.8691788151,-87.6726111815,1302639456.0,69056964,69057046
69057046,41.8691675051,-87.6729542539,1302639459.0,69056996,69057086
69057086,41.8691494987,-87.6732671015,1302639462.0,69057046,69057158
69057158,41.8691575865,-87.6735284901,1302639467.0,69057086,69057252
69057252,41.8693280202,-87.6736812578,1302639473.0,69057158,69057324
69057324,41.8695569562,-87.6736936615,1302639477.0,69057252,69057372
69057372,41.8697799334,-87.673684559,1302639480.0,69057324,69057421
69057421,41.8700209519,-87.6736844308,1302639483.0,69057372,69057454
69057454,41.8702649771,-87.6736794391,1302639486.0,69057421,69057508
69057508,41.8705129716,-87.6736744551,1302639489.0,69057454,69057560
69057560,41.8707599913,-87.6736715655,1302639492.0,69057508,69057616
69057616,41.8709799833,-87.6736691572,1302639495.0,69057560,69057678
69057678,41.871172144,-87.6736655374,1302639498.0,69057616,69057753
69057753,41.8713728975,-87.6736548554,1302639502.0,69057678,69058155
69058155,41.871485908,-87.6734484353,1302639522.0,69057753,None
