41535283,41.8714513538,-87.6733494841,1303826993.0,None,41535547
41535547,41.8714451906,-87.6730583564,1303827012.0,41535283,41535604
41535604,41.8714633946,-87.6727903598,1303827015.0,41535547,41535635
41535635,41.8714815672,-87.6724612463,1303827018.0,41535604,41535690
41535690,41.8714869338,-87.6721169656,1303827021.0,41535635,41535691
41535691,41.8714975402,-87.6717888052,1303827025.0,41535690,41536007
41536007,41.8714916219,-87.6715022974,1303827041.0,41535691,41536102
41536102,41.8714897835,-87.6711824131,1303827045.0,41536007,41536173
41536173,41.871481911,-87.670874301,1303827048.0,41536102,41536230
41536230,41.8714827944,-87.6705580957,1303827051.0,41536173,41536291
41536291,41.871498042,-87.6702720141,1303827054.0,41536230,41536365
41536365,41.8715149621,-87.6700273118,1303827057.0,41536291,41536441
41536441,41.8715335061,-87.6697808068,1303827060.0,41536365,41536532
41536532,41.8715521971,-87.6694848535,1303827064.0,41536441,41536680
41536680,41.8715199846,-87.669234239,1303827070.0,41536532,41536861
41536861,41.8713596083,-87.6690938763,1303827078.0,41536680,41536958
41536958,41.871119023,-87.6690752601,1303827082.0,41536861,41537042
41537042,41.8708710568,-87.6690539828,1303827085.0,41536958,41537091
41537091,41.8706900561,-87.6690380058,1303827087.0,41537042,41537134
41537134,41.8705069828,-87.6690238443,1303827089.0,41537091,41537203
41537203,41.8702468995,-87.6690147684,1303827092.0,41537134,41537282
41537282,41.8700078569,-87.6690048181,1303827095.0,41537203,41537366
41537366,41.8697758106,-87.6689861673,1303827098.0,41537282,41537446
41537446,41.8695506748,-87.6689705885,1303827101.0,41537366,41537549
41537549,41.8693372898,-87.6689547179,1303827105.0,41537446,41537773
41537773,41.8691320884,-87.6689466449,1303827113.0,41537549,41537878
41537878,41.8688847964,-87.6689400984,1303827117.0,41537773,41537963
41537963,41.8686479042,-87.6689345257,1303827120.0,41537878,41538046
41538046,41.8683729363,-87.6689251943,1303827123.0,41537963,41538105
41538105,41.8681709353,-87.6689189804,1303827125.0,41538046,41538163
41538163,41.8679669236,-87.6689138793,1303827127.0,41538105,41538214
41538214,41.867765904,-87.6689097224,1303827129.0,41538163,41538270
41538270,41.8675678857,-87.6689104789,1303827131.0,41538214,41538330
41538330,41.8673748779,-87.6689056384,1303827133.0,41538270,41538374
41538374,41.8671929408,-87.6689016254,1303827135.0,41538330,41538472
41538472,41.8669621156,-87.6689021918,1303827138.0,41538374,41538590
41538590,41.8667948088,-87.668807586,1303827142.0,41538472,41538705
41538705,41.8667746753,-87.668548917,1303827146.0,41538590,41538786
41538786,41.8667783928,-87.6682860324,1303827149.0,41538705,41538869
41538869,41.8667803821,-87.6679700149,1303827152.0,41538786,41538960
41538960,41.8667876589,-87.6676340614,1303827155.0,41538869,41539060
41539060,41.8667970576,-87.6673440531,1303827158.0,41538960,41539184
41539184,41.8668101409,-87.667083973,1303827162.0,41539060,41539414
41539414,41.866811888,-87.6668299635,1303827170.0,41539184,41539543
41539543,41.8668130743,-87.6664971898,1303827174.0,41539414,41539630
41539630,41.8668200282,-87.6661690431,1303827177.0,41539543,41539695
41539695,41.8668216932,-87.6659178883,1303827179.0,41539630,41539753
41539753,41.8668263627,-87.6656518361,1303827181.0,41539695,41539823
41539823,41.86683113,-87.6653808183,1303827183.0,41539753,41539885
41539885,41.8668372666,-87.6651007526,1303827185.0,41539823,41539943
41539943,41.8668423506,-87.6648137303,1303827187.0,41539885,41539999
41539999,41.8668464098,-87.6645187575,1303827189.0,41539943,41540054
41540054,41.8668490586,-87.6642167356,1303827191.0,41539999,41540115
41540115,41.8668534509,-87.6639077315,1303827193.0,41540054,41540180
41540180,41.8668616391,-87.6635886952,1303827195.0,41540115,41540248
41540248,41.866869908,-87.6632656816,1303827197.0,41540180,41540314
41540314,41.8668735743,-87.6629487356,1303827199.0,41540248,41540381
41540381,41.8668742861,-87.6626367937,1303827201.0,41540314,41540446
41540446,41.8668771095,-87.6623248124,1303827203.0,41540381,41540506
41540506,41.8668813076,-87.6620138363,1303827205.0,41540446,41540566
41540566,41.866884845,-87.6617058977,1303827207.0,41540506,41540631
41540631,41.8668903105,-87.6613938788,1303827209.0,41540566,41540695
41540695,41.866893561,-87.6610738687,1303827211.0,41540631,41540761
41540761,41.8668977794,-87.6607518411,1303827213.0,41540695,41540828
41540828,41.866899362,-87.6604318492,1303827215.0,41540761,41540901
41540901,41.8669045586,-87.6601108536,1303827217.0,41540828,41540975
41540975,41.866911228,-87.6597938613,1303827219.0,41540901,41541041
41541041,41.8669177812,-87.6594738922,1303827221.0,41540975,41541103
41541103,41.8669236341,-87.6591518529,1303827223.0,41541041,41541171
41541171,41.8669271421,-87.6588258968,1303827225.0,41541103,41541234
41541234,41.8669320995,-87.6584979115,1303827227.0,41541171,41541298
41541298,41.8669371838,-87.6581688864,1303827229.0,41541234,41541365
41541365,41.8669431167,-87.6578458932,1303827231.0,41541298,41541431
41541431,41.8669512256,-87.6575438827,1303827233.0,41541365,41541497
41541497,41.8669590868,-87.6572917915,1303827235.0,41541431,41541642
41541642,41.8669670549,-87.6570017742,1303827239.0,41541497,41542475
41542475,41.8669629818,-87.6567179997,1303827264.0,41541642,41542620
41542620,41.8669576091,-87.6563941152,1303827268.0,41542475,41542723
41542723,41.8669546502,-87.656065846,1303827271.0,41542620,41542800
41542800,41.8669595287,-87.6558127979,1303827273.0,41542723,41542880
41542880,41.8669637374,-87.6555439065,1303827275.0,41542800,41542945
41542945,41.8669676603,-87.6552779141,1303827277.0,41542880,41543015
41543015,41.8669717348,-87.6550158923,1303827279.0,41542945,41543082
41543082,41.8669738659,-87.6547648418,1303827281.0,41543015,41543155
41543155,41.8669782255,-87.654518923,1303827283.0,41543082,41543264
41543264,41.8669866118,-87.6541939655,1303827286.0,41543155,41543410
41543410,41.8669921364,-87.6538939627,1303827290.0,41543264,41543520
41543520,41.8669964544,-87.6536520453,1303827293.0,41543410,41543634
41543634,41.86700442,-87.6533550026,1303827296.0,41543520,41543740
41543740,41.8670084818,-87.6530029065,1303827299.0,41543634,41543817
41543817,41.8670116203,-87.6527439226,1303827301.0,41543740,41543897
41543897,41.8670187271,-87.6524659232,1303827303.0,41543817,41543964
41543964,41.8670265437,-87.6521758436,1303827305.0,41543897,41544038
41544038,41.8670335289,-87.6518919085,1303827307.0,41543964,41544102
41544102,41.8670465052,-87.6516241175,1303827309.0,41544038,41544176
41544176,41.8670617736,-87.6513828458,1303827311.0,41544102,41544284
41544284,41.8671047659,-87.6511223849,1303827314.0,41544176,41544431
41544431,41.867299492,-87.6510246052,1303827318.0,41544284,41544532
41544532,41.8675042199,-87.6510269026,1303827321.0,41544431,41544613
41544613,41.8677482522,-87.6510340507,1303827324.0,41544532,41544724
41544724,41.8680182203,-87.6510439152,1303827327.0,41544613,41544767
41544767,41.868198202,-87.6510497526,1303827329.0,41544724,41544837
41544837,41.8683801734,-87.6510535174,1303827331.0,41544767,41544926
41544926,41.8686471668,-87.6510594508,1303827334.0,41544837,41545024
41545024,41.8688931849,-87.6510671213,1303827337.0,41544926,41545113
41545113,41.8691163487,-87.6510814076,1303827340.0,41545024,41545246
41545246,41.8693405106,-87.6511104619,1303827344.0,41545113,41545427
41545427,41.8694935592,-87.6509653997,1303827349.0,41545246,41545575
41545575,41.8694959515,-87.6506598709,1303827353.0,41545427,41545677
41545677,41.8694817628,-87.6503568811,1303827356.0,41545575,41545783
41545783,41.8694873491,-87.6499999482,1303827359.0,41545677,41545849
41545849,41.8694929248,-87.6497529702,1303827361.0,41545783,41545960
41545960,41.8695019102,-87.6493959545,1303827364.0,41545849,41546078
41546078,41.8695130288,-87.6490639236,1303827367.0,41545960,41546213
41546213,41.8695099059,-87.648772951,1303827371.0,41546078,None
