49301024,41.869463761,-87.6567616536,1302973357.0,None,49301140
49301140,41.8694766716,-87.657005545,1302973362.0,49301024,49301248
49301248,41.8694374954,-87.6572801728,1302973379.0,49301140,49301275
49301275,41.8694326409,-87.6575441069,1302973382.0,49301248,49301305
49301305,41.8694257774,-87.657830068,1302973385.0,49301275,49301337
49301337,41.8694189671,-87.65812108,1302973388.0,49301305,49301370
49301370,41.869412915,-87.6584500604,1302973391.0,49301337,49301406
49301406,41.8694060806,-87.6588070764,1302973394.0,49301370,49301430
49301430,41.869399175,-87.6590550739,1302973396.0,49301406,49301455
49301455,41.8693914552,-87.6593040888,1302973398.0,49301430,49301481
49301481,41.8693865556,-87.6595560702,1302973400.0,49301455,49301507
49301507,41.8693835266,-87.6598100825,1302973402.0,49301481,49301534
49301534,41.8693804876,-87.6600560858,1302973404.0,49301507,49301562
49301562,41.8693724519,-87.6604150761,1302973407.0,49301534,49301606
49301606,41.8693589863,-87.6607600774,1302973410.0,49301562,49301650
49301650,41.8693465448,-87.6610880875,1302973413.0,49301606,49301695
49301695,41.8693417968,-87.6614231155,1302973416.0,49301650,49301742
49301742,41.8693389868,-87.6617732026,1302973419.0,49301695,49301788
49301788,41.8693233294,-87.6621271048,1302973422.0,49301742,49301819
49301819,41.8693161931,-87.6623690809,1302973424.0,49301788,49301871
49301871,41.8693061018,-87.6627310745,1302973427.0,49301819,49301921
49301921,41.8692960448,-87.6630820515,1302973430.0,49301871,49301972
49301972,41.8692942125,-87.6634011545,1302973433.0,49301921,49302044
49302044,41.8692890082,-87.6636690861,1302973437.0,49301972,49302226
49302226,41.8693008749,-87.6639110689,1302973447.0,49302044,49302344
49302344,41.8693143853,-87.6641881878,1302973453.0,49302226,49302422
49302422,41.8693016771,-87.6645060783,1302973457.0,49302344,49302483
49302483,41.8692935804,-87.6647681229,1302973460.0,49302422,49302524
49302524,41.8692814463,-87.6650161171,1302973463.0,49302483,49302585
49302585,41.8692712951,-87.6652731227,1302973466.0,49302524,49302642
49302642,41.8692694068,-87.6655160966,1302973469.0,49302585,49302731
49302731,41.8692658092,-87.6658061768,1302973473.0,49302642,49303135
49303135,41.8692694539,-87.6660492601,1302973495.0,49302731,49303252
49303252,41.8692696915,-87.6663072775,1302973500.0,49303135,49303328
49303328,41.8692702086,-87.6665842919,1302973503.0,49303252,49303393
49303393,41.8692591622,-87.6669013586,1302973506.0,49303328,49303458
49303458,41.869246659,-87.667241283,1302973509.0,49303393,49303532
49303532,41.869245132,-87.6675891489,1302973512.0,49303458,49303608
49303608,41.869240904,-87.6679289744,1302973515.0,49303532,49303682
49303682,41.8692386263,-87.6682470786,1302973518.0,49303608,49303751
49303751,41.8692391851,-87.668531122,1302973521.0,49303682,49303839
49303839,41.8692393442,-87.66878259,1302973525.0,49303751,49304023
49304023,41.8692328678,-87.6690831567,1302973532.0,49303839,49304094
49304094,41.8692287258,-87.6693572509,1302973535.0,49304023,49304147
49304147,41.8692179091,-87.6696882084,1302973538.0,49304094,49304227
49304227,41.8692027989,-87.670023961,1302973541.0,49304147,49304308
49304308,41.8692025459,-87.6703580194,1302973544.0,49304227,49304387
49304387,41.8692065178,-87.6706908184,1302973547.0,49304308,49304467
49304467,41.8692021141,-87.6709983871,1302973550.0,49304387,49304576
49304576,41.8691989991,-87.6712610048,1302973554.0,49304467,49304737
49304737,41.8692002594,-87.6715034374,1302973560.0,49304576,49304907
49304907,41.8692657769,-87.6717528031,1302973566.0,49304737,49304962
49304962,41.8692785772,-87.6720047893,1302973568.0,49304907,49305020
49305020,41.869290339,-87.6722870423,1302973570.0,49304962,49305076
49305076,41.8692871375,-87.6725421031,1302973572.0,49305020,49305129
49305129,41.8692766647,-87.6727849104,1302973574.0,49305076,49305213
49305213,41.8692682194,-87.6731053567,1302973577.0,49305129,49305302
49305302,41.8692522571,-87.6733666997,1302973581.0,49305213,49305457
49305457,41.8692554838,-87.6736337197,1302973586.0,49305302,49305555
49305555,41.869245451,-87.6739196622,1302973589.0,49305457,49305637
49305637,41.8692295068,-87.6742559139,1302973592.0,49305555,49305713
49305713,41.8692130248,-87.674615001,1302973595.0,49305637,49305797
49305797,41.8691970001,-87.6749690505,1302973598.0,49305713,49305857
49305857,41.8691863348,-87.6752991923,1302973601.0,49305797,49305958
49305958,41.8691960231,-87.6755595524,1302973604.0,49305857,49306446
49306446,41.8691858537,-87.6758034562,1302973620.0,49305958,49306786
49306786,41.8691730433,-87.6760622589,1302973631.0,49306446,49306911
49306911,41.8691494628,-87.6763522299,1302973635.0,49306786,49306990
49306990,41.8691314027,-87.6766442093,1302973638.0,49306911,49307090
49307090,41.8691214631,-87.6769671021,1302973641.0,49306990,49307187
49307187,41.8691179409,-87.6773110498,1302973644.0,49307090,49307287
49307287,41.8691065672,-87.677672051,1302973647.0,49307187,49307350
49307350,41.8691016095,-87.677922068,1302973649.0,49307287,49307410
49307410,41.869099332,-87.6781781045,1302973651.0,49307350,49307474
49307474,41.8690979645,-87.6784330862,1302973653.0,49307410,49307543
49307543,41.8690940714,-87.6786970923,1302973655.0,49307474,49307607
49307607,41.8690917388,-87.678960053,1302973657.0,49307543,49307670
49307670,41.8690922522,-87.6792220199,1302973659.0,49307607,49307732
49307732,41.869093682,-87.6794710523,1302973661.0,49307670,49307836
49307836,41.8690933062,-87.6798200919,1302973664.0,49307732,49307931
49307931,41.8690953982,-87.6801202371,1302973667.0,49307836,49308101
49308101,41.8690954634,-87.6803822367,1302973672.0,49307931,49308821
49308821,41.8690928323,-87.6806330784,1302973693.0,49308101,49308982
49308982,41.8690881944,-87.6809431387,1302973698.0,49308821,49309089
49309089,41.8690753543,-87.6812452143,1302973701.0,49308982,49309190
49309190,41.8690580809,-87.6816012989,1302973704.0,49309089,49309254
49309254,41.8690498919,-87.6818552778,1302973706.0,49309190,49309324
49309324,41.8690410407,-87.6821112288,1302973708.0,49309254,49309397
49309397,41.8690350982,-87.6823622259,1302973710.0,49309324,49309503
49309503,41.8690272097,-87.6827141927,1302973713.0,49309397,49309611
49309611,41.8690239025,-87.6830310416,1302973716.0,49309503,49309795
49309795,41.8690290018,-87.6832890355,1302973721.0,49309611,49310440
49310440,41.8690113564,-87.6835413732,1302973739.0,49309795,49310633
49310633,41.8690091945,-87.6838420635,1302973744.0,49310440,49310737
49310737,41.8689995043,-87.6841190254,1302973747.0,49310633,49310831
49310831,41.8689934251,-87.6843961539,1302973750.0,49310737,49310985
49310985,41.868989987,-87.6846672233,1302973754.0,49310831,49311210
49311210,41.8689852987,-87.6849120303,1302973760.0,49310985,49311352
49311352,41.8689783719,-87.6852310508,1302973764.0,49311210,49311465
49311465,41.8689719787,-87.6855029687,1302973767.0,49311352,49311615
49311615,41.8689786156,-87.6857857206,1302973771.0,49311465,49312141
49312141,41.8690568181,-87.6860126655,1302973786.0,49311615,49312282
49312282,41.8692742222,-87.6860894614,1302973791.0,49312141,49312385
49312385,41.8694722156,-87.6860825587,1302973794.0,49312282,49312477
49312477,41.8697051746,-87.6860892329,1302973797.0,49312385,49312579
49312579,41.8699631463,-87.6860977308,1302973800.0,49312477,49312652
49312652,41.8701461245,-87.6861047533,1302973802.0,49312579,49312717
49312717,41.8703361229,-87.6861114354,1302973804.0,49312652,49312750
49312750,41.8705241519,-87.686116915,1302973806.0,49312717,49312757
49312757,41.8707101224,-87.6861208124,1302973808.0,49312750,49312766
49312766,41.8708932142,-87.6861250484,1302973810.0,49312757,49312783
49312783,41.8711633061,-87.6861399391,1302973813.0,49312766,49312796
49312796,41.8713492706,-87.6861486444,1302973815.0,49312783,49312810
49312810,41.8715352825,-87.6861592401,1302973817.0,49312796,49312826
49312826,41.8717242336,-87.6861643633,1302973819.0,49312810,49312842
49312842,41.8719121902,-87.6861700887,1302973821.0,49312826,49312860
49312860,41.8721051303,-87.6861738466,1302973823.0,49312842,49312878
49312878,41.8722901005,-87.6861794993,1302973825.0,49312860,49312898
49312898,41.8724711246,-87.6861850756,1302973827.0,49312878,49312928
49312928,41.8727311154,-87.6861932148,1302973830.0,49312898,49312961
49312961,41.8729691351,-87.6861998249,1302973833.0,49312928,49312995
49312995,41.8731761295,-87.6862038426,1302973836.0,49312961,49313043
49313043,41.8733641174,-87.6862071442,1302973840.0,49312995,49313094
49313094,41.8735570472,-87.6862070531,1302973844.0,49313043,49313147
49313147,41.873771023,-87.686210172,1302973848.0,49313094,49313216
49313216,41.8738765487,-87.6859715978,1302973853.0,49313147,49313261
49313261,41.8738812008,-87.6857220217,1302973856.0,49313216,49313299
49313299,41.873888868,-87.6854201951,1302973859.0,49313261,49313347
49313347,41.8738991032,-87.6850821559,1302973862.0,49313299,49313395
49313395,41.8739091288,-87.6847381028,1302973865.0,49313347,49313442
49313442,41.8739132235,-87.6844010649,1302973868.0,49313395,49313494
49313494,41.8739199664,-87.6840719783,1302973871.0,49313442,49313542
49313542,41.8739277382,-87.6837269374,1302973874.0,49313494,49313595
49313595,41.8739359698,-87.6833630435,1302973877.0,49313542,49313628
49313628,41.8739399178,-87.683110022,1302973879.0,49313595,49313663
49313663,41.8739440495,-87.6828560341,1302973881.0,49313628,49313699
49313699,41.8739463213,-87.6825950156,1302973883.0,49313663,49313737
49313737,41.873950021,-87.682341004,1302973885.0,49313699,49313792
49313792,41.8739570955,-87.6818740952,1302973889.0,49313737,49313851
49313851,41.8739658868,-87.6816109859,1302973892.0,49313792,49313965
49313965,41.8739767606,-87.6813509138,1302973898.0,49313851,49314045
49314045,41.873978178,-87.6810339457,1302973902.0,49313965,49314108
49314108,41.8739826968,-87.6807290317,1302973905.0,49314045,49314164
49314164,41.8739926769,-87.6803890065,1302973908.0,49314108,49314226
49314226,41.8739952696,-87.6800240316,1302973911.0,49314164,49314259
49314259,41.8740000856,-87.6797759909,1302973913.0,49314226,49314303
49314303,41.8740038842,-87.6795279878,1302973915.0,49314259,49314349
49314349,41.874010976,-87.6792749728,1302973917.0,49314303,49314391
49314391,41.8740141155,-87.6790189413,1302973919.0,49314349,49314433
49314433,41.8740180909,-87.6787669298,1302973921.0,49314391,49314475
49314475,41.8740212309,-87.6785179561,1302973923.0,49314433,49314521
49314521,41.8740294535,-87.6781639411,1302973926.0,49314475,49314592
49314592,41.8740344889,-87.6778199268,1302973929.0,49314521,49314655
49314655,41.8740424293,-87.6774959899,1302973932.0,49314592,49314695
49314695,41.8740460761,-87.6771932164,1302973935.0,49314655,49314751
49314751,41.8740332038,-87.6769293612,1302973938.0,49314695,49314884
49314884,41.8740172328,-87.6766827094,1302973944.0,49314751,49315094
49315094,41.8738517218,-87.6765084211,1302973953.0,49314884,49315162
49315162,41.8736448599,-87.6764866425,1302973956.0,49315094,49315230
49315230,41.8733909573,-87.676469315,1302973959.0,49315162,49315279
49315279,41.8732060981,-87.6764586162,1302973961.0,49315230,49315327
49315327,41.8730111212,-87.676448517,1302973963.0,49315279,49315376
49315376,41.8728100845,-87.6764385575,1302973965.0,49315327,49315423
49315423,41.8726070623,-87.6764276363,1302973967.0,49315376,49315444
49315444,41.8723081282,-87.6764099379,1302973970.0,49315423,49315452
49315452,41.872121063,-87.6763873501,1302973972.0,49315444,49315468
49315468,41.8718570811,-87.6763603938,1302973975.0,49315452,49315487
49315487,41.8716483764,-87.6763499067,1302973978.0,49315468,49315525
49315525,41.8714700132,-87.6762137622,1302973983.0,49315487,49315551
49315551,41.8714594315,-87.6759615952,1302973986.0,49315525,49315579
49315579,41.8714661032,-87.6756698863,1302973989.0,49315551,49315609
49315609,41.8714652979,-87.6754009559,1302973992.0,49315579,49315663
49315663,41.8714548303,-87.6751455298,1302973997.0,49315609,49315824
49315824,41.8714488049,-87.6748450156,1302974010.0,49315663,49315866
49315866,41.8714534251,-87.6745625917,1302974013.0,49315824,49315908
49315908,41.8714604152,-87.6742793227,1302974016.0,49315866,49315966
49315966,41.8714624987,-87.6739870976,1302974020.0,49315908,49316084
49316084,41.8714701811,-87.6737168308,1302974028.0,49315966,49316151
49316151,41.8714808428,-87.6733896939,1302974032.0,49316084,49316199
49316199,41.8714799022,-87.6730934392,1302974035.0,49316151,49316251
49316251,41.8714965746,-87.6727982007,1302974038.0,49316199,49316303
49316303,41.8715044417,-87.6725052157,1302974041.0,49316251,49316356
49316356,41.871512189,-87.6721879898,1302974044.0,49316303,49316411
49316411,41.8715180731,-87.6718496738,1302974047.0,49316356,49316464
49316464,41.8715239704,-87.6715039953,1302974050.0,49316411,49316520
49316520,41.8715290418,-87.6711720666,1302974053.0,49316464,49316580
49316580,41.8715346904,-87.670856187,1302974056.0,49316520,49316631
49316631,41.8715392633,-87.6705350079,1302974059.0,49316580,49316690
49316690,41.8715386685,-87.6702408291,1302974062.0,49316631,49316988
49316988,41.8715498694,-87.669985031,1302974077.0,49316690,49317114
49317114,41.8715942954,-87.6696928839,1302974083.0,49316988,49317223
49317223,41.8716131352,-87.6694508278,1302974088.0,49317114,49317352
49317352,41.871581878,-87.6692112043,1302974094.0,49317223,49317442
49317442,41.8713546,-87.6691638263,1302974098.0,49317352,49317502
49317502,41.8711303563,-87.669140534,1302974101.0,49317442,49317540
49317540,41.8708633508,-87.6691067153,1302974104.0,49317502,49317579
49317579,41.870680318,-87.6690946744,1302974106.0,49317540,49317617
49317617,41.8704931685,-87.6690780259,1302974108.0,49317579,49317646
49317646,41.8703050845,-87.6690652625,1302974110.0,49317617,49317680
49317680,41.8701200557,-87.6690554926,1302974112.0,49317646,49317722
49317722,41.8698570456,-87.6690438124,1302974115.0,49317680,49317790
49317790,41.8696160438,-87.6690321281,1302974118.0,49317722,49317873
49317873,41.8694018486,-87.669020942,1302974122.0,49317790,49318036
49318036,41.869223253,-87.6688878987,1302974129.0,49317873,49318138
49318138,41.8692034477,-87.6685680264,1302974133.0,49318036,49318193
49318193,41.8692133115,-87.6682730068,1302974136.0,49318138,49318266
49318266,41.8691951952,-87.667965928,1302974139.0,49318193,49318349
49318349,41.869188912,-87.6676659092,1302974142.0,49318266,49318429
49318429,41.8691929925,-87.6673798823,1302974145.0,49318349,49318504
49318504,41.8691970615,-87.6671196512,1302974148.0,49318429,49318607
49318607,41.8692055665,-87.666845806,1302974152.0,49318504,49319061
49319061,41.869217425,-87.6665948889,1302974169.0,49318607,49319145
49319145,41.8692309196,-87.6662719915,1302974173.0,49319061,49319230
49319230,41.8692445946,-87.6659659748,1302974176.0,49319145,49319321
49319321,41.8692549569,-87.6656279767,1302974179.0,49319230,49319401
49319401,41.8692628842,-87.6652679003,1302974182.0,49319321,49319481
49319481,41.8692659974,-87.6649239228,1302974185.0,49319401,49319563
49319563,41.8692727864,-87.6646039707,1302974188.0,49319481,49319641
49319641,41.8692767949,-87.6643410223,1302974191.0,49319563,49319849
49319849,41.8692825025,-87.6640732302,1302974198.0,49319641,49319959
49319959,41.8692890334,-87.6637881943,1302974202.0,49319849,49320034
49320034,41.8692960165,-87.663509995,1302974205.0,49319959,49320120
49320120,41.8693059342,-87.6631969773,1302974208.0,49320034,49320212
49320212,41.8693100654,-87.6628799928,1302974211.0,49320120,49320310
49320310,41.8693101902,-87.6625779948,1302974214.0,49320212,49320398
49320398,41.8693158275,-87.662304945,1302974217.0,49320310,49320539
49320539,41.8693133847,-87.6620408816,1302974222.0,49320398,49321253
49321253,41.8693254123,-87.6617639086,1302974245.0,49320539,49321341
49321341,41.869329757,-87.6615159786,1302974248.0,49321253,49321437
49321437,41.8693408636,-87.6612180403,1302974251.0,49321341,49321528
49321528,41.8693483891,-87.6608929816,1302974254.0,49321437,49321628
49321628,41.8693623778,-87.6605329313,1302974257.0,49321528,49321694
49321694,41.8693663661,-87.6602658999,1302974259.0,49321628,49321759
49321759,41.8693671783,-87.659992914,1302974261.0,49321694,49321824
49321824,41.8693701274,-87.6597169314,1302974263.0,49321759,49321890
49321890,41.8693741209,-87.6594428995,1302974265.0,49321824,49321956
49321956,41.8693790975,-87.6591688886,1302974267.0,49321890,49322020
49322020,41.8693810554,-87.6589038577,1302974269.0,49321956,49322083
49322083,41.8693828906,-87.6586408574,1302974271.0,49322020,49322150
49322150,41.8693858674,-87.6583798894,1302974273.0,49322083,49322216
49322216,41.8693865727,-87.6581278978,1302974275.0,49322150,49322284
49322284,41.8693877734,-87.657884927,1302974277.0,49322216,49322386
49322386,41.8693946821,-87.657540883,1302974280.0,49322284,49322498
49322498,41.8694059666,-87.657227787,1302974283.0,49322386,49322590
49322590,41.8694149301,-87.6569818591,1302974286.0,49322498,49322759
49322759,41.8694612826,-87.6567270677,1302974291.0,49322590,49322999
49322999,41.8696845189,-87.6567181141,1302974298.0,49322759,49323099
49323099,41.8698656488,-87.6567410993,1302974301.0,49322999,49323206
49323206,41.8700988874,-87.656756619,1302974304.0,49323099,49323307
49323307,41.8703599444,-87.6567673624,1302974307.0,49323206,49323378
49323378,41.8705429366,-87.6567717393,1302974309.0,49323307,49323451
49323451,41.8707369273,-87.65677774,1302974311.0,49323378,49323526
49323526,41.8709369112,-87.6567842293,1302974313.0,49323451,49323594
49323594,41.8711349321,-87.6567930196,1302974315.0,49323526,49323660
49323660,41.8713279734,-87.6567993267,1302974317.0,49323594,49323730
49323730,41.8715099983,-87.6568053885,1302974319.0,49323660,49323837
49323837,41.8717670485,-87.6568037606,1302974322.0,49323730,49323947
49323947,41.8719820575,-87.656794494,1302974325.0,49323837,49324168
49324168,41.8722128675,-87.6567910455,1302974332.0,49323947,49324313
49324313,41.8724338882,-87.6567818538,1302974336.0,49324168,49324414
49324414,41.8726417671,-87.6567753639,1302974339.0,49324313,49324514
49324514,41.8729056542,-87.6567627105,1302974342.0,49324414,49324586
49324586,41.8730876996,-87.6567480015,1302974344.0,49324514,49324704
49324704,41.8733449236,-87.6567383735,1302974347.0,49324586,49324817
49324817,41.8735970591,-87.6567405909,1302974350.0,49324704,49324937
49324937,41.8738329963,-87.6567430973,1302974353.0,49324817,49325044
49325044,41.8740344481,-87.6567429208,1302974356.0,49324937,49325227
49325227,41.8742182773,-87.6565832657,1302974361.0,49325044,49325372
49325372,41.8742374228,-87.6563269217,1302974365.0,49325227,49326253
49326253,41.8742588382,-87.6560165805,1302974389.0,49325372,49326364
49326364,41.8742594014,-87.6557405404,1302974392.0,49326253,49326444
49326444,41.8742634782,-87.6554266247,1302974395.0,49326364,49326513
49326513,41.8742717221,-87.6550935983,1302974398.0,49326444,None
