37362054,41.8668949884,-87.6510536708,1303492990.0,None,37362412
37362412,41.8671028947,-87.6511716535,1303493004.0,37362054,37362487
37362487,41.8671474302,-87.651440863,1303493007.0,37362412,37362568
37362568,41.8671437511,-87.6517856483,1303493010.0,37362487,37362621
37362621,41.8671361349,-87.652046312,1303493012.0,37362568,37362671
37362671,41.8671299862,-87.6523373423,1303493014.0,37362621,37362721
37362721,41.8671274944,-87.6526453342,1303493016.0,37362671,37362778
37362778,41.8671229913,-87.6529612617,1303493018.0,37362721,37362836
37362836,41.8671176046,-87.6532814268,1303493020.0,37362778,37362891
37362891,41.8671118687,-87.6536025082,1303493022.0,37362836,37362945
37362945,41.8671065432,-87.6539294076,1303493024.0,37362891,37363000
37363000,41.8670990062,-87.6542683981,1303493026.0,37362945,37363057
37363057,41.8670906483,-87.6546036065,1303493028.0,37363000,37363109
37363109,41.8670711452,-87.6548987766,1303493030.0,37363057,37363164
37363164,41.8670667936,-87.6552215529,1303493032.0,37363109,37363223
37363223,41.867065947,-87.6555445161,1303493034.0,37363164,37363285
37363285,41.8670611512,-87.655853473,1303493036.0,37363223,37363336
37363336,41.8670576687,-87.656139332,1303493038.0,37363285,37363419
37363419,41.8670532271,-87.6564665224,1303493041.0,37363336,37363531
37363531,41.8671429268,-87.6566708248,1303493045.0,37363419,37363647
37363647,41.8673809454,-87.656680352,1303493049.0,37363531,37363737
37363737,41.8676180713,-87.6567032802,1303493052.0,37363647,37363795
37363795,41.8678020274,-87.6567125573,1303493054.0,37363737,37363846
37363846,41.8680030457,-87.6567207079,1303493056.0,37363795,37363899
37363899,41.8682181018,-87.6567318814,1303493058.0,37363846,37363964
37363964,41.8684361137,-87.6567434517,1303493060.0,37363899,37364028
37364028,41.8686501023,-87.6567541913,1303493062.0,37363964,37364085
37364085,41.8688560259,-87.6567582691,1303493064.0,37364028,37364147
37364147,41.8690559282,-87.6567596057,1303493066.0,37364085,37364207
37364207,41.8692550921,-87.6567579447,1303493068.0,37364147,37364266
37364266,41.8694558052,-87.6567566867,1303493070.0,37364207,37364325
37364325,41.8696533579,-87.6567669233,1303493072.0,37364266,37364380
37364380,41.8698534676,-87.6567761532,1303493074.0,37364325,37364442
37364442,41.8700622872,-87.6567850109,1303493076.0,37364380,37364508
37364508,41.8702781399,-87.6567900728,1303493078.0,37364442,37364571
37364571,41.8705011123,-87.6567946882,1303493080.0,37364508,37364634
37364634,41.8707291468,-87.6567980114,1303493082.0,37364571,37364699
37364699,41.8709541474,-87.6568041908,1303493084.0,37364634,37364761
37364761,41.8711781266,-87.6568118162,1303493086.0,37364699,37364818
37364818,41.8713951558,-87.6568171707,1303493088.0,37364761,37364863
37364863,41.8716059952,-87.6568188929,1303493090.0,37364818,37364930
37364930,41.8718048374,-87.6568142161,1303493092.0,37364863,37365023
37365023,41.8720307423,-87.6568063348,1303493095.0,37364930,37365126
37365126,41.8722128106,-87.6567940052,1303493099.0,37365023,37365211
37365211,41.8724408952,-87.6567804805,1303493103.0,37365126,37365291
37365291,41.8726827355,-87.6567752605,1303493106.0,37365211,37365346
37365346,41.8728736735,-87.6567655601,1303493108.0,37365291,37365409
37365409,41.873081668,-87.6567496199,1303493110.0,37365346,37365462
37365462,41.8732989247,-87.6567349408,1303493112.0,37365409,37365522
37365522,41.8735160221,-87.6567321935,1303493114.0,37365462,37365579
37365579,41.8737070635,-87.6567352595,1303493116.0,37365522,37365664
37365664,41.8739200156,-87.6567327538,1303493119.0,37365579,37365843
37365843,41.87411145,-87.6567352459,1303493125.0,37365664,37366038
37366038,41.8742461509,-87.6564852349,1303493132.0,37365843,37366145
37366145,41.8742394606,-87.6562018501,1303493135.0,37366038,37366241
37366241,41.874237675,-87.655838795,1303493138.0,37366145,37366305
37366305,41.8742408099,-87.6555659439,1303493140.0,37366241,37366371
37366371,41.8742475942,-87.6552829827,1303493142.0,37366305,37366438
37366438,41.8742520153,-87.6549969678,1303493144.0,37366371,37366505
37366505,41.8742564832,-87.6547099681,1303493146.0,37366438,37366561
37366561,41.8742593811,-87.6544140079,1303493148.0,37366505,37366623
37366623,41.874265587,-87.6541229315,1303493150.0,37366561,37366688
37366688,41.8742704556,-87.6538449648,1303493152.0,37366623,37366755
37366755,41.8742755505,-87.6535699835,1303493154.0,37366688,37366821
37366821,41.8742811057,-87.653293997,1303493156.0,37366755,37366891
37366891,41.8742843159,-87.6530280068,1303493158.0,37366821,37366964
37366964,41.8742869012,-87.652772991,1303493160.0,37366891,37367058
37367058,41.8742895443,-87.6524539982,1303493163.0,37366964,37367778
37367778,41.8742970569,-87.6521979272,1303493184.0,37367058,37367928
37367928,41.8743020652,-87.6518879113,1303493188.0,37367778,37368028
37368028,41.8743124304,-87.6515629582,1303493191.0,37367928,37368098
37368098,41.8743214866,-87.6513078995,1303493193.0,37368028,37368166
37368166,41.8743292029,-87.6510348624,1303493195.0,37368098,37368237
37368237,41.8743396234,-87.6507627683,1303493197.0,37368166,37368303
37368303,41.8743439821,-87.650504825,1303493199.0,37368237,37368408
37368408,41.8743480047,-87.6501508325,1303493202.0,37368303,37368502
37368502,41.8743549893,-87.6497986881,1303493205.0,37368408,37368622
37368622,41.8743620603,-87.6494739281,1303493208.0,37368502,37368735
37368735,41.8743629586,-87.6491530189,1303493211.0,37368622,37368808
37368808,41.8743638087,-87.6489029816,1303493213.0,37368735,37368883
37368883,41.8743653754,-87.6486260039,1303493215.0,37368808,37368951
37368951,41.8743617911,-87.6483294112,1303493217.0,37368883,37369019
37369019,41.8743401558,-87.6480346614,1303493219.0,37368951,37369090
37369090,41.8743173836,-87.6477571215,1303493221.0,37369019,37369194
37369194,41.8742789788,-87.6474261358,1303493224.0,37369090,37369306
37369306,41.8741595184,-87.6472140378,1303493227.0,37369194,37369413
37369413,41.8739277913,-87.6471729852,1303493230.0,37369306,37369526
37369526,41.8736537833,-87.6471783226,1303493233.0,37369413,37369592
37369592,41.8734417914,-87.647176616,1303493235.0,37369526,37369666
37369666,41.8732158946,-87.6471757654,1303493237.0,37369592,37369700
37369700,41.8729849984,-87.6471703342,1303493239.0,37369666,37369772
37369772,41.8727661071,-87.6471654964,1303493241.0,37369700,37369808
37369808,41.8725631368,-87.6471586501,1303493243.0,37369772,37369893
37369893,41.8723710579,-87.6471493567,1303493245.0,37369808,37369964
37369964,41.8721850462,-87.6471400747,1303493247.0,37369893,37370066
37370066,41.8719449401,-87.6471291213,1303493250.0,37369964,37370178
37370178,41.871709927,-87.6471152582,1303493253.0,37370066,37370285
37370285,41.8714469191,-87.6470917136,1303493256.0,37370178,37370361
37370361,41.8712588552,-87.647074341,1303493258.0,37370285,37370437
37370437,41.8710447982,-87.6470665091,1303493260.0,37370361,37370506
37370506,41.8708217912,-87.6470594485,1303493262.0,37370437,37370584
37370584,41.8705967952,-87.6470532761,1303493264.0,37370506,37370659
37370659,41.8703888132,-87.6470403771,1303493266.0,37370584,37370729
37370729,41.8701998352,-87.6470251891,1303493268.0,37370659,37370840
37370840,41.8699898395,-87.6470131916,1303493271.0,37370729,37371366
37371366,41.8697979611,-87.6470116939,1303493286.0,37370840,37371551
37371551,41.8695894112,-87.646889573,1303493291.0,37371366,37371664
37371664,41.8695517838,-87.6466239474,1303493294.0,37371551,37371771
37371771,41.8695607125,-87.6463120999,1303493297.0,37371664,37371884
37371884,41.8695792288,-87.6459931129,1303493300.0,37371771,37371989
37371989,41.869594164,-87.6457021184,1303493304.0,37371884,37372546
37372546,41.8695993391,-87.6453991036,1303493320.0,37371989,37372659
37372659,41.8696044449,-87.6451510714,1303493323.0,37372546,37372773
37372773,41.8696074953,-87.6448980736,1303493326.0,37372659,37372923
37372923,41.8696134594,-87.6446110849,1303493330.0,37372773,37373073
37373073,41.8696302017,-87.644296095,1303493334.0,37372923,37373179
37373179,41.8696458843,-87.6439750722,1303493337.0,37373073,37373287
37373287,41.8696586145,-87.6436290342,1303493340.0,37373179,37373400
37373400,41.8696655299,-87.6433240242,1303493343.0,37373287,37373551
37373551,41.869670338,-87.6430429984,1303493347.0,37373400,37373939
37373939,41.8696705639,-87.6427839822,1303493358.0,37373551,37374363
37374363,41.8696771601,-87.6425300753,1303493370.0,37373939,37374503
37374503,41.8698303777,-87.6422903678,1303493374.0,37374363,37374624
37374624,41.8700690384,-87.6422504598,1303493377.0,37374503,37374660
37374660,41.870255037,-87.6422536492,1303493379.0,37374624,37374735
37374735,41.8704560407,-87.6422681393,1303493381.0,37374660,37374805
37374805,41.8706720386,-87.642280907,1303493383.0,37374735,37374877
37374877,41.8708970304,-87.6422926936,1303493385.0,37374805,37374941
37374941,41.8711220306,-87.6423025779,1303493387.0,37374877,37375016
37375016,41.8713380362,-87.6423076703,1303493389.0,37374941,37375094
37375094,41.8715230338,-87.6423146572,1303493391.0,37375016,37375198
37375198,41.8717039967,-87.6423206556,1303493394.0,37375094,37375528
37375528,41.8719214588,-87.6422820892,1303493403.0,37375198,37375664
37375664,41.8719781751,-87.6419791611,1303493407.0,37375528,37375771
37375771,41.8719836855,-87.6416579579,1303493410.0,37375664,37375873
37375873,41.8719824394,-87.6413249706,1303493413.0,37375771,37375978
37375978,41.871976224,-87.6410799109,1303493417.0,37375873,37376345
37376345,41.871845,-87.6408801451,1303493428.0,37375978,37376447
37376447,41.8716569969,-87.6408753976,1303493431.0,37376345,37376541
37376541,41.8714050457,-87.6408887633,1303493434.0,37376447,37376610
37376610,41.8712090814,-87.6408941734,1303493436.0,37376541,37376682
37376682,41.8709890521,-87.6408899033,1303493438.0,37376610,37376756
37376756,41.8707580332,-87.6408827659,1303493440.0,37376682,37376830
37376830,41.8705310166,-87.6408775713,1303493442.0,37376756,37376898
37376898,41.8703200108,-87.6408756397,1303493444.0,37376830,37377002
37377002,41.870065946,-87.6408795255,1303493447.0,37376898,37377141
37377141,41.8698827055,-87.6408902549,1303493451.0,37377002,37377599
37377599,41.8697356511,-87.6411101097,1303493464.0,37377141,37377707
37377707,41.8697296987,-87.6413710633,1303493467.0,37377599,37377807
37377807,41.8697307103,-87.6416350366,1303493470.0,37377707,37378064
37378064,41.8697276562,-87.6418930327,1303493482.0,37377807,37378087
37378087,41.8697413194,-87.6421620642,1303493486.0,37378064,37378108
37378108,41.8697388779,-87.6424575882,1303493489.0,37378087,37378132
37378132,41.8697322322,-87.6427760559,1303493492.0,37378108,37378158
37378158,41.8697260369,-87.6430640612,1303493495.0,37378132,37378431
37378431,41.8697271405,-87.6433350583,1303493519.0,37378158,37378501
37378501,41.869726104,-87.6436550891,1303493524.0,37378431,37378559
37378559,41.8697221646,-87.6439441082,1303493528.0,37378501,37378643
37378643,41.8697182698,-87.644215129,1303493534.0,37378559,37378710
37378710,41.8697160985,-87.6445411083,1303493538.0,37378643,37378756
37378756,41.8697130532,-87.6448480872,1303493541.0,37378710,37378806
37378806,41.8697069435,-87.6451990768,1303493544.0,37378756,37378859
37378859,41.8697036937,-87.645546134,1303493547.0,37378806,37378909
37378909,41.8696931018,-87.6458631753,1303493550.0,37378859,37378961
37378961,41.8696712878,-87.6461632717,1303493553.0,37378909,37379063
37379063,41.8696551672,-87.6464122824,1303493559.0,37378961,37379160
37379160,41.8696519624,-87.6466557453,1303493564.0,37379063,37379254
37379254,41.869626177,-87.6469138715,1303493569.0,37379160,37379395
37379395,41.8694323035,-87.6470597176,1303493576.0,37379254,37379454
37379454,41.8692269319,-87.6470544164,1303493579.0,37379395,37379514
37379514,41.8689568406,-87.6470414431,1303493582.0,37379454,37379555
37379555,41.868750827,-87.6470353601,1303493584.0,37379514,37379598
37379598,41.8685358924,-87.647029181,1303493586.0,37379555,37379642
37379642,41.8683179752,-87.6470225018,1303493588.0,37379598,37379678
37379678,41.8681092113,-87.6470174539,1303493590.0,37379642,37379723
37379723,41.8679281713,-87.6470121362,1303493592.0,37379678,37379790
37379790,41.8677009261,-87.6470003347,1303493595.0,37379723,37379877
37379877,41.8675107446,-87.6469988456,1303493599.0,37379790,None
