34612329,41.8693687692,-87.6615481701,1302449613.0,None,34612772
34612772,41.8693607084,-87.6618490452,1302449632.0,34612329,34612849
34612849,41.869340866,-87.6621110355,1302449635.0,34612772,34612928
34612928,41.8693286485,-87.6624270551,1302449638.0,34612849,34613007
34613007,41.8693185274,-87.6627700519,1302449641.0,34612928,34613085
34613085,41.8693096759,-87.6631170753,1302449644.0,34613007,34613167
34613167,41.8693087721,-87.6634471178,1302449647.0,34613085,34613244
34613244,41.8693044629,-87.6637450399,1302449650.0,34613167,34613409
34613409,41.8692999942,-87.6640120783,1302449656.0,34613244,34613543
34613543,41.8692977444,-87.6643121296,1302449661.0,34613409,34613625
34613625,41.869308725,-87.6645820506,1302449664.0,34613543,34613709
34613709,41.8693220238,-87.6648941128,1302449667.0,34613625,34613787
34613787,41.8693236305,-87.6652160895,1302449670.0,34613709,34613869
34613869,41.8693238376,-87.6655241162,1302449673.0,34613787,34613949
34613949,41.8693216758,-87.6658153336,1302449676.0,34613869,34614160
34614160,41.8693151375,-87.6660663157,1302449684.0,34613949,34614508
34614508,41.869303932,-87.6663092792,1302449696.0,34614160,34614616
34614616,41.869300004,-87.6665861779,1302449700.0,34614508,34614706
34614706,41.8692954776,-87.6668740892,1302449703.0,34614616,34614796
34614796,41.8692798159,-87.6672080477,1302449706.0,34614706,34614892
34614892,41.8692708823,-87.6675660304,1302449709.0,34614796,34614979
34614979,41.8692666395,-87.6679238852,1302449712.0,34614892,34615064
34615064,41.8692620484,-87.6682621229,1302449715.0,34614979,34615159
34615159,41.8692607858,-87.6685710323,1302449718.0,34615064,34615283
34615283,41.8692537025,-87.6688255228,1302449722.0,34615159,34615466
34615466,41.8692467377,-87.6690820994,1302449728.0,34615283,34615555
34615555,41.8692474523,-87.6693253982,1302449731.0,34615466,34615653
34615653,41.8692372119,-87.6696304025,1302449734.0,34615555,34615752
34615752,41.869234231,-87.6699737545,1302449737.0,34615653,34615810
34615810,41.8692315685,-87.6702219207,1302449739.0,34615752,34615856
34615856,41.8692254985,-87.6704660453,1302449741.0,34615810,34615946
34615946,41.8692185621,-87.67081285,1302449744.0,34615856,34616041
34616041,41.8692181797,-87.6711017431,1302449747.0,34615946,34616282
34616282,41.8691983581,-87.6713646653,1302449754.0,34616041,34616442
34616442,41.8691439049,-87.6716510144,1302449759.0,34616282,34616533
34616533,41.8690980719,-87.6719069716,1302449762.0,34616442,34616633
34616633,41.8690997681,-87.6722380502,1302449765.0,34616533,34616744
34616744,41.8691077043,-87.6725801126,1302449768.0,34616633,34616841
34616841,41.8691127705,-87.6729140011,1302449771.0,34616744,34616949
34616949,41.869116249,-87.6732181086,1302449774.0,34616841,34617064
34617064,41.8691554866,-87.6735038162,1302449778.0,34616949,34617268
34617268,41.8691531027,-87.6738114601,1302449784.0,34617064,34617376
34617376,41.8691491837,-87.6740812775,1302449787.0,34617268,34617479
34617479,41.8691452482,-87.6744082489,1302449790.0,34617376,34617577
34617577,41.8691452265,-87.6747622378,1302449793.0,34617479,34617672
34617672,41.8691403735,-87.6751261862,1302449796.0,34617577,34617735
34617735,41.869137665,-87.6753690723,1302449798.0,34617672,34617828
34617828,41.8691338438,-87.6757288838,1302449801.0,34617735,34617901
34617901,41.8691292898,-87.6759849415,1302449803.0,34617828,34617974
34617974,41.8691192785,-87.6762513258,1302449805.0,34617901,34618052
34618052,41.8691112349,-87.6765233694,1302449807.0,34617974,34618119
34618119,41.8691013962,-87.6768052484,1302449809.0,34618052,34618189
34618189,41.869089523,-87.6770931557,1302449811.0,34618119,34618249
34618249,41.8690824482,-87.6773851537,1302449813.0,34618189,34618314
34618314,41.8690763966,-87.6776821357,1302449815.0,34618249,34618385
34618385,41.8690703015,-87.6779781445,1302449817.0,34618314,34618451
34618451,41.8690662837,-87.678270167,1302449819.0,34618385,34618523
34618523,41.86906229,-87.678557145,1302449821.0,34618451,34618601
34618601,41.8690561983,-87.67884115,1302449823.0,34618523,34618680
34618680,41.8690491898,-87.6791251018,1302449825.0,34618601,34618753
34618753,41.8690481492,-87.6794021016,1302449827.0,34618680,34618823
34618823,41.8690511016,-87.6796660915,1302449829.0,34618753,34618890
34618890,41.8690532728,-87.6799170644,1302449831.0,34618823,34618990
34618990,41.8690536764,-87.6802070767,1302449834.0,34618890,34619247
34619247,41.8690598215,-87.6804651787,1302449841.0,34618990,34619583
34619583,41.8690690578,-87.6807750775,1302449850.0,34619247,34619685
34619685,41.8690717673,-87.6810292256,1302449853.0,34619583,34619802
34619802,41.8690592952,-87.6813323524,1302449856.0,34619685,34619913
34619913,41.8690499468,-87.681673364,1302449859.0,34619802,34620025
34620025,41.8690395883,-87.6820342743,1302449862.0,34619913,34620102
34620102,41.8690345728,-87.6822782469,1302449864.0,34620025,34620205
34620205,41.8690291169,-87.6826362009,1302449867.0,34620102,34620310
34620310,41.8690257022,-87.6829700805,1302449870.0,34620205,34620415
34620415,41.8690305745,-87.6832250273,1302449873.0,34620310,34620937
34620937,41.8690285427,-87.6834983212,1302449887.0,34620415,34621152
34621152,41.8690153729,-87.6837772215,1302449893.0,34620937,34621259
34621259,41.8690087231,-87.6840328861,1302449896.0,34621152,34621373
34621373,41.869002544,-87.6843330617,1302449899.0,34621259,34621483
34621483,41.8689980132,-87.6846042019,1302449902.0,34621373,34621775
34621775,41.8689974116,-87.6848620666,1302449912.0,34621483,34621906
34621906,41.8689978918,-87.6851529889,1302449916.0,34621775,34621996
34621996,41.8689941832,-87.6854330109,1302449919.0,34621906,34622090
34622090,41.8689990422,-87.6857668697,1302449923.0,34621996,34622625
34622625,41.8690266028,-87.6860171587,1302449937.0,34622090,34622750
34622750,41.8692121894,-87.6860561249,1302449941.0,34622625,34622855
34622855,41.8694130941,-87.6860515104,1302449944.0,34622750,34622963
34622963,41.8696539395,-87.6860577579,1302449947.0,34622855,34623042
34623042,41.8698339264,-87.686062584,1302449949.0,34622963,34623122
34623122,41.8700248868,-87.6860698486,1302449951.0,34623042,34623197
34623197,41.8702299299,-87.6860777266,1302449953.0,34623122,34623272
34623272,41.8704429792,-87.6860854247,1302449955.0,34623197,34623336
34623336,41.8706569999,-87.6860913088,1302449957.0,34623272,34623405
34623405,41.8708700795,-87.6860968077,1302449959.0,34623336,34623469
34623469,41.8710690385,-87.6861063659,1302449961.0,34623405,34623541
34623541,41.8712758967,-87.6861135356,1302449963.0,34623469,34623617
34623617,41.871481832,-87.6861205836,1302449965.0,34623541,34623691
34623691,41.8716888449,-87.6861276376,1302449967.0,34623617,34623767
34623767,41.8718968422,-87.6861337621,1302449969.0,34623691,34623842
34623842,41.87210388,-87.6861399486,1302449971.0,34623767,34623916
34623916,41.8723059148,-87.6861470545,1302449973.0,34623842,34623978
34623978,41.8724979424,-87.6861515845,1302449975.0,34623916,34624045
34624045,41.8726809304,-87.6861570097,1302449977.0,34623978,34624109
34624109,41.8728609325,-87.6861594182,1302449979.0,34624045,34624215
34624215,41.8731229384,-87.6861637811,1302449982.0,34624109,34624325
34624325,41.8733649307,-87.6861686586,1302449985.0,34624215,34624439
34624439,41.873589041,-87.6861715345,1302449988.0,34624325,34624550
34624550,41.8737798458,-87.6861673624,1302449991.0,34624439,34624712
34624712,41.8739183031,-87.6859429946,1302449996.0,34624550,34624812
34624812,41.8739149041,-87.6856938843,1302449999.0,34624712,34624915
34624915,41.873911105,-87.6853919727,1302450002.0,34624812,34625035
34625035,41.8739111404,-87.6850680594,1302450005.0,34624915,34625148
34625148,41.8739122979,-87.684736079,1302450008.0,34625035,34625260
34625260,41.873914881,-87.6844260537,1302450011.0,34625148,34625368
34625368,41.8739153766,-87.6841519945,1302450014.0,34625260,34626152
34626152,41.8739224414,-87.683871986,1302450037.0,34625368,34626302
34626302,41.8739258595,-87.6836009954,1302450041.0,34626152,34626396
34626396,41.8739256684,-87.6833091403,1302450044.0,34626302,34626505
34626505,41.8739318235,-87.6829731117,1302450047.0,34626396,34626610
34626610,41.8739384614,-87.6826180669,1302450050.0,34626505,34626705
34626705,41.8739416229,-87.6822610555,1302450053.0,34626610,34626817
34626817,41.8739435905,-87.6819241129,1302450056.0,34626705,34626922
34626922,41.8739472854,-87.6816381964,1302450059.0,34626817,34627182
34627182,41.8739558748,-87.681364158,1302450066.0,34626922,34627318
34627318,41.8739603808,-87.6810910798,1302450070.0,34627182,34627415
34627415,41.8739681171,-87.6807991208,1302450073.0,34627318,34627529
34627529,41.8739750055,-87.6804561482,1302450076.0,34627415,34627611
34627611,41.8739773331,-87.6802031335,1302450078.0,34627529,34627681
34627681,41.8739804701,-87.6799381413,1302450080.0,34627611,34627752
34627752,41.8739827099,-87.6796620936,1302450082.0,34627681,34627818
34627818,41.8739841342,-87.6793771277,1302450084.0,34627752,34627888
34627888,41.8739872263,-87.679089111,1302450086.0,34627818,34627961
34627961,41.8739920917,-87.678802109,1302450088.0,34627888,34628031
34628031,41.8739995761,-87.6785250989,1302450090.0,34627961,34628104
34628104,41.8740043546,-87.6782610959,1302450092.0,34628031,34628181
34628181,41.8740091253,-87.6780090757,1302450094.0,34628104,34628253
34628253,41.8740123937,-87.6777660342,1302450096.0,34628181,34628362
34628362,41.874013821,-87.6774151267,1302450099.0,34628253,34628470
34628470,41.874007445,-87.6770806253,1302450102.0,34628362,34628578
34628578,41.8739892892,-87.6768238721,1302450105.0,34628470,34628823
34628823,41.8739471861,-87.6765741437,1302450112.0,34628578,34628964
34628964,41.8737368267,-87.6764967206,1302450116.0,34628823,34629070
34629070,41.8735169784,-87.6764796674,1302450119.0,34628964,34629172
34629172,41.8732590371,-87.6764630602,1302450122.0,34629070,34629234
34629234,41.8730731499,-87.6764540901,1302450124.0,34629172,34629305
34629305,41.8728771578,-87.6764438302,1302450126.0,34629234,34629387
34629387,41.8726730923,-87.6764335231,1302450128.0,34629305,34629463
34629463,41.87246614,-87.6764241507,1302450130.0,34629387,34629538
34629538,41.8722602822,-87.6764130641,1302450132.0,34629463,34629612
34629612,41.8720622801,-87.6763881564,1302450134.0,34629538,34629686
34629686,41.8718722069,-87.6763678329,1302450136.0,34629612,34629784
34629784,41.8716334853,-87.6763502703,1302450139.0,34629686,34629920
34629920,41.8714491791,-87.6762272066,1302450143.0,34629784,34630029
34630029,41.8714357841,-87.67597638,1302450146.0,34629920,34630140
34630140,41.8714348338,-87.675683966,1302450149.0,34630029,34630242
34630242,41.8714405017,-87.6754110631,1302450152.0,34630140,34630433
34630433,41.8714446512,-87.6751694829,1302450157.0,34630242,34630994
34630994,41.8714686512,-87.6748938919,1302450173.0,34630433,None
