109179883,41.8713834468,-87.6689574766,1303073193.0,None,109179909
109179909,41.8711595136,-87.6689801107,1303073196.0,109179883,109179928
109179928,41.8709584627,-87.6689908097,1303073198.0,109179909,109179947
109179947,41.8707255168,-87.6689853799,1303073200.0,109179928,109179967
109179967,41.8704776803,-87.668973188,1303073202.0,109179947,109179988
109179988,41.8702327574,-87.668964887,1303073204.0,109179967,109180010
109180010,41.8699917437,-87.6689611501,1303073206.0,109179988,109180033
109180033,41.8697578008,-87.6689678238,1303073208.0,109180010,109180056
109180056,41.8695616814,-87.6689673743,1303073210.0,109180033,109180091
109180091,41.8693631388,-87.6689614857,1303073213.0,109180056,109180168
109180168,41.8691710478,-87.6688999158,1303073219.0,109180091,109180251
109180251,41.8690993162,-87.6686519983,1303073225.0,109180168,109180294
109180294,41.8690993493,-87.6683911179,1303073228.0,109180251,109180324
109180324,41.869100263,-87.6681380026,1303073230.0,109180294,109180354
109180354,41.8690993442,-87.6678619459,1303073232.0,109180324,109180385
109180385,41.8691097779,-87.6675920564,1303073234.0,109180354,109180416
109180416,41.8691169185,-87.6673320421,1303073236.0,109180385,109180448
109180448,41.8691158326,-87.6670769923,1303073238.0,109180416,109180480
109180480,41.8691146178,-87.6668200163,1303073240.0,109180448,109180513
109180513,41.8691185751,-87.6665760742,1303073242.0,109180480,109180563
109180563,41.869138936,-87.66623027,1303073245.0,109180513,109180597
109180597,41.8691518235,-87.6659871762,1303073247.0,109180563,109180631
109180631,41.8691628048,-87.6657281416,1303073249.0,109180597,109180666
109180666,41.8691705596,-87.6654620579,1303073251.0,109180631,109180702
109180702,41.8691786093,-87.6652060619,1303073253.0,109180666,109180753
109180753,41.8691856066,-87.6648690731,1303073256.0,109180702,109180838
109180838,41.8692126049,-87.664589067,1303073261.0,109180753,109180911
109180911,41.8692074422,-87.6643181946,1303073265.0,109180838,109181067
109181067,41.8692097965,-87.6640271817,1303073273.0,109180911,109181124
109181124,41.8692242618,-87.6637490907,1303073276.0,109181067,109181165
109181165,41.8692329076,-87.6635010042,1303073278.0,109181124,109181208
109181208,41.8692388525,-87.663213061,1303073280.0,109181165,109181247
109181247,41.8692466997,-87.6629169744,1303073282.0,109181208,109181285
109181285,41.8692515226,-87.6626359738,1303073284.0,109181247,109181328
109181328,41.8692535556,-87.6623699556,1303073286.0,109181285,109181396
109181396,41.8692538593,-87.6620408951,1303073289.0,109181328,109181479
109181479,41.8692551695,-87.661795072,1303073293.0,109181396,109181676
109181676,41.8692837492,-87.6615071727,1303073302.0,109181479,109181737
109181737,41.869296093,-87.6611901094,1303073305.0,109181676,109181782
109181782,41.8693037918,-87.6609170479,1303073307.0,109181737,109181832
109181832,41.8693086286,-87.6606219637,1303073309.0,109181782,109181879
109181879,41.8693060317,-87.6603329427,1303073311.0,109181832,109181916
109181916,41.8693023749,-87.6600489639,1303073313.0,109181879,109181958
109181958,41.8693054164,-87.659761967,1303073315.0,109181916,109182007
109182007,41.8693083255,-87.6594819772,1303073317.0,109181958,109182057
109182057,41.8693094594,-87.6592149686,1303073319.0,109182007,109182105
109182105,41.8693086122,-87.6589589578,1303073321.0,109182057,109182153
109182153,41.869307879,-87.6587119816,1303073323.0,109182105,109182196
109182196,41.8693071426,-87.658460994,1303073325.0,109182153,109182242
109182242,41.8693062191,-87.6582190438,1303073327.0,109182196,109182315
109182315,41.8693094609,-87.6578640353,1303073330.0,109182242,109182368
109182368,41.8693124763,-87.6576160695,1303073332.0,109182315,109182419
109182419,41.8693214529,-87.65736709,1303073334.0,109182368,109182481
109182481,41.8693350937,-87.6570361323,1303073337.0,109182419,109182610
109182610,41.8693490536,-87.6567858262,1303073342.0,109182481,109183080
109183080,41.8695233152,-87.6567213131,1303073360.0,109182610,109183157
109183157,41.869717732,-87.6567348542,1303073363.0,109183080,109183213
109183213,41.8699177304,-87.6567472021,1303073365.0,109183157,109183264
109183264,41.870152869,-87.6567560866,1303073367.0,109183213,109183315
109183315,41.8703988991,-87.6567605118,1303073369.0,109183264,109183378
109183378,41.8706428678,-87.65676614,1303073371.0,109183315,109183438
109183438,41.8708877959,-87.6567687501,1303073373.0,109183378,109183486
109183486,41.8711277533,-87.6567690641,1303073375.0,109183438,109183542
109183542,41.8713627797,-87.6567763509,1303073377.0,109183486,109183597
109183597,41.8715870001,-87.656788346,1303073379.0,109183542,109183651
109183651,41.871787207,-87.6567905491,1303073381.0,109183597,109183736
109183736,41.8720203697,-87.6567769712,1303073384.0,109183651,109183882
109183882,41.8722043234,-87.6567686961,1303073389.0,109183736,109183995
109183995,41.8724503443,-87.6567497151,1303073393.0,109183882,109184050
109184050,41.8726353287,-87.6567412101,1303073395.0,109183995,109184108
109184108,41.8728465223,-87.656732085,1303073397.0,109184050,109184165
109184165,41.8730665645,-87.6567168919,1303073399.0,109184108,109184225
109184225,41.8732831821,-87.6567064173,1303073401.0,109184165,109184281
109184281,41.8734959876,-87.6567048437,1303073403.0,109184225,109184336
109184336,41.8736899611,-87.6567053983,1303073405.0,109184281,109184426
109184426,41.8738989858,-87.6567037388,1303073408.0,109184336,109184576
109184576,41.8740971252,-87.6567009326,1303073413.0,109184426,109185229
109185229,41.8742472958,-87.6565549863,1303073435.0,109184576,109185351
109185351,41.8742378681,-87.6562639276,1303073439.0,109185229,109185450
109185450,41.8742384339,-87.6558987515,1303073442.0,109185351,109185515
109185515,41.8742411725,-87.6556029257,1303073444.0,109185450,109185579
109185579,41.8742441673,-87.6552850644,1303073446.0,109185515,109185639
109185639,41.8742495387,-87.65496105,1303073448.0,109185579,109185697
109185697,41.8742548805,-87.6546290292,1303073450.0,109185639,109185756
109185756,41.874258479,-87.6542910502,1303073452.0,109185697,109185784
109185784,41.8742616915,-87.6539581209,1303073454.0,109185756,109185843
109185843,41.8742659712,-87.6536251791,1303073456.0,109185784,109185877
109185877,41.8742675833,-87.6533033316,1303073458.0,109185843,109185928
109185928,41.8742726875,-87.6529892255,1303073460.0,109185877,109185979
109185979,41.8742751358,-87.6526911081,1303073462.0,109185928,109186030
109186030,41.8742761535,-87.6524330936,1303073464.0,109185979,109186108
109186108,41.8742747607,-87.6521863358,1303073467.0,109186030,109186642
109186642,41.8742858988,-87.6518903645,1303073484.0,109186108,109186727
109186727,41.8742918318,-87.6516334506,1303073487.0,109186642,109186823
109186823,41.8742940867,-87.6512825359,1303073490.0,109186727,109186890
109186890,41.8742976631,-87.6510214219,1303073492.0,109186823,109186958
109186958,41.8743065702,-87.650766332,1303073494.0,109186890,109187021
109187021,41.8743105006,-87.6505152925,1303073496.0,109186958,109187086
109187086,41.8743159005,-87.6502661975,1303073498.0,109187021,109187185
109187185,41.8743202586,-87.6499203937,1303073501.0,109187086,109187287
109187287,41.8743218163,-87.649674631,1303073504.0,109187185,None
