87037932,41.8639055157,-87.6503527336,1302093058.0,None,87038025
87038025,41.8637360272,-87.650500927,1302093066.0,87037932,87038077
87038077,41.8635611189,-87.6505914051,1302093071.0,87038025,87038158
87038158,41.8635512707,-87.6508431675,1302093077.0,87038077,87038282
87038282,41.8633658629,-87.6509610996,1302093086.0,87038158,87038348
87038348,41.8631088085,-87.6509443715,1302093090.0,87038282,87038393
87038393,41.862836856,-87.650943588,1302093093.0,87038348,87038442
87038442,41.862595888,-87.6509431614,1302093096.0,87038393,87038524
87038524,41.8623937796,-87.6509357469,1302093101.0,87038442,87038633
87038633,41.8623089798,-87.6506481875,1302093107.0,87038524,87038684
87038684,41.8623086806,-87.6503219326,1302093110.0,87038633,87038721
87038721,41.8623159318,-87.6500579608,1302093112.0,87038684,87038760
87038760,41.8623155177,-87.6497629245,1302093114.0,87038721,87038799
87038799,41.8623130355,-87.6494778788,1302093116.0,87038760,87038853
87038853,41.8623085943,-87.649161879,1302093119.0,87038799,87038974
87038974,41.8623040038,-87.6488689181,1302093125.0,87038853,87039031
87039031,41.8623008551,-87.6486218495,1302093128.0,87038974,87039090
87039090,41.8622976281,-87.6483208182,1302093131.0,87039031,87039154
87039154,41.8623008478,-87.6479648393,1302093134.0,87039090,87039195
87039195,41.8623050194,-87.6477198797,1302093136.0,87039154,87039253
87039253,41.8623059085,-87.6473870202,1302093139.0,87039195,87039338
87039338,41.8623000259,-87.6471130831,1302093143.0,87039253,87039509
87039509,41.8623004832,-87.6468319959,1302093151.0,87039338,87039657
87039657,41.8625166993,-87.6467912,1302093159.0,87039509,87039716
87039716,41.8627020208,-87.6468049214,1302093162.0,87039657,87039748
87039748,41.8629700069,-87.6468111411,1302093165.0,87039716,87039783
87039783,41.8631750119,-87.6468128288,1302093167.0,87039748,87039818
87039818,41.8633920182,-87.6468144002,1302093169.0,87039783,87039860
87039860,41.8636120198,-87.64682142,1302093171.0,87039818,87039907
87039907,41.8638200215,-87.646828405,1302093173.0,87039860,87039979
87039979,41.8640500598,-87.6468279274,1302093176.0,87039907,87040048
87040048,41.8642311956,-87.6468250129,1302093179.0,87039979,87040118
87040118,41.8644130557,-87.6468149759,1302093182.0,87040048,87040243
87040243,41.8646151118,-87.6468197628,1302093187.0,87040118,87040866
87040866,41.8648031535,-87.6468397167,1302093212.0,87040243,87040948
87040948,41.8650280986,-87.6468467871,1302093215.0,87040866,87041001
87041001,41.8652311189,-87.6468618615,1302093217.0,87040948,87041055
87041055,41.8654861326,-87.6468852111,1302093219.0,87041001,87041108
87041108,41.8657362322,-87.6469062515,1302093221.0,87041055,87041162
87041162,41.8659609515,-87.6469088238,1302093223.0,87041108,87041214
87041214,41.8661430247,-87.6468998057,1302093225.0,87041162,87041295
87041295,41.866357066,-87.6469076676,1302093228.0,87041214,87041634
87041634,41.8665621153,-87.6469130125,1302093240.0,87041295,87041713
87041713,41.866750146,-87.6469123804,1302093243.0,87041634,87041795
87041795,41.8669802392,-87.6469074237,1302093246.0,87041713,87041881
87041881,41.8672390322,-87.6469099444,1302093249.0,87041795,87041929
87041929,41.8674260755,-87.6469107985,1302093251.0,87041881,87041988
87041988,41.867629232,-87.6469136673,1302093253.0,87041929,87042045
87042045,41.867844117,-87.6469141031,1302093255.0,87041988,87042103
87042103,41.8680679857,-87.6469108918,1302093257.0,87042045,87042163
87042163,41.8683030401,-87.6469120702,1302093259.0,87042103,87042222
87042222,41.8685431683,-87.6469109006,1302093261.0,87042163,87042277
87042277,41.8687841814,-87.6469128983,1302093263.0,87042222,87042335
87042335,41.8690201539,-87.646920712,1302093265.0,87042277,87042390
87042390,41.8692541524,-87.6469325091,1302093267.0,87042335,87042446
87042446,41.8694809496,-87.6469428973,1302093269.0,87042390,87042508
87042508,41.869710272,-87.6469498796,1302093271.0,87042446,87042567
87042567,41.8699421675,-87.6469569652,1302093273.0,87042508,87042630
87042630,41.8701732572,-87.6469653062,1302093275.0,87042567,87042691
87042691,41.8704123343,-87.6469707987,1302093277.0,87042630,87042752
87042752,41.8706632396,-87.6469748902,1302093279.0,87042691,87042808
87042808,41.8709222638,-87.6469781728,1302093281.0,87042752,87042865
87042865,41.8711762533,-87.6469859821,1302093283.0,87042808,87042921
87042921,41.8714252513,-87.6469944032,1302093285.0,87042865,87042980
87042980,41.8716614036,-87.6469971607,1302093287.0,87042921,87043036
87043036,41.8718923634,-87.6470032946,1302093289.0,87042980,87043101
87043101,41.8721274561,-87.6470096873,1302093291.0,87043036,87043170
87043170,41.8723672982,-87.6470146771,1302093293.0,87043101,87043241
87043241,41.8726063061,-87.647020707,1302093295.0,87043170,87043305
87043305,41.8728352928,-87.6470263362,1302093297.0,87043241,87043362
87043362,41.8730472758,-87.647036502,1302093299.0,87043305,87043421
87043421,41.8732392662,-87.6470522512,1302093301.0,87043362,87043504
87043504,41.8734742386,-87.6470722308,1302093304.0,87043421,87043627
87043627,41.8737032387,-87.6471108195,1302093308.0,87043504,87043935
87043935,41.8739032665,-87.6471391772,1302093317.0,87043627,87044051
87044051,41.8741076344,-87.6471505239,1302093321.0,87043935,87044169
87044169,41.8743126005,-87.6472869078,1302093325.0,87044051,87044274
87044274,41.8743965388,-87.6475147454,1302093328.0,87044169,87044376
87044376,41.8744298399,-87.6477979624,1302093331.0,87044274,87044477
87044477,41.8744651431,-87.6481511836,1302093334.0,87044376,87044547
87044547,41.8744716856,-87.6484235344,1302093336.0,87044477,87044610
87044610,41.8744683848,-87.6487082139,1302093338.0,87044547,87044706
87044706,41.874463483,-87.6490313402,1302093341.0,87044610,87045100
87045100,41.8744632263,-87.6493113463,1302093353.0,87044706,87045345
87045345,41.8744668311,-87.6495543273,1302093360.0,87045100,87045755
87045755,41.8744653658,-87.6498122053,1302093372.0,87045345,87045857
87045857,41.8744619682,-87.6501000779,1302093375.0,87045755,87045958
87045958,41.8744564346,-87.6504260585,1302093378.0,87045857,87046064
87046064,41.8744498938,-87.650768104,1302093381.0,87045958,87046171
87046171,41.8744451836,-87.6510311666,1302093384.0,87046064,87046317
87046317,41.8744717245,-87.6513350802,1302093388.0,87046171,87046492
87046492,41.8744824277,-87.6516099222,1302093393.0,87046317,87047198
87047198,41.8744818226,-87.6519408424,1302093413.0,87046492,87047302
87047302,41.8744749992,-87.6522579089,1302093416.0,87047198,87047405
87047405,41.8744730239,-87.6525628906,1302093419.0,87047302,87047513
87047513,41.8744594337,-87.6529128993,1302093422.0,87047405,87047573
87047573,41.8744459874,-87.6531729493,1302093424.0,87047513,87047647
87047647,41.8744345629,-87.6534449535,1302093426.0,87047573,87047726
87047726,41.8744233589,-87.6537219833,1302093428.0,87047647,87047804
87047804,41.874418378,-87.6540029658,1302093430.0,87047726,87047880
87047880,41.8744126171,-87.6542819628,1302093432.0,87047804,87047958
87047958,41.8744069793,-87.654558023,1302093434.0,87047880,87048032
87048032,41.8744011515,-87.6548370271,1302093436.0,87047958,87048102
87048102,41.8743979352,-87.6551200317,1302093438.0,87048032,87048163
87048163,41.8743947572,-87.655397018,1302093440.0,87048102,87048226
87048226,41.8743924191,-87.6556579773,1302093442.0,87048163,87048333
87048333,41.8743874979,-87.6559959773,1302093445.0,87048226,87048487
87048487,41.874385355,-87.6562440114,1302093449.0,87048333,87049355
87049355,41.8743895898,-87.6565221002,1302093476.0,87048487,87049499
87049499,41.8743817253,-87.6568499433,1302093480.0,87049355,87049597
87049597,41.874375401,-87.6571809975,1302093483.0,87049499,87049673
87049673,41.8743721397,-87.6574279642,1302093485.0,87049597,87049744
87049744,41.8743674413,-87.6576918202,1302093487.0,87049673,87049808
87049808,41.87436304,-87.6579727541,1302093489.0,87049744,87049877
87049877,41.87436083,-87.6582667705,1302093491.0,87049808,87049946
87049946,41.874354905,-87.6585708116,1302093493.0,87049877,87050015
87050015,41.8743498181,-87.6588738245,1302093495.0,87049946,87050083
87050083,41.8743449905,-87.6591728536,1302093497.0,87050015,87050153
87050153,41.8743401094,-87.6594718634,1302093499.0,87050083,87050229
87050229,41.8743359913,-87.6597678395,1302093501.0,87050153,87050310
87050310,41.8743319733,-87.6600578529,1302093503.0,87050229,87050386
87050386,41.8743270001,-87.6603298653,1302093505.0,87050310,87050489
87050489,41.8743248184,-87.6606548376,1302093508.0,87050386,87050600
87050600,41.8743216056,-87.6609258105,1302093511.0,87050489,87050694
87050694,41.8743166653,-87.6611768061,1302093514.0,87050600,87050797
87050797,41.8743087893,-87.6614358451,1302093517.0,87050694,87050905
87050905,41.8743019653,-87.6617328859,1302093520.0,87050797,87051014
87051014,41.8743001774,-87.662071856,1302093523.0,87050905,87051089
87051089,41.8742971369,-87.6623188649,1302093525.0,87051014,87051161
87051161,41.8742931505,-87.6625768435,1302093527.0,87051089,87051235
87051235,41.8742882353,-87.6628338562,1302093529.0,87051161,87051304
87051304,41.8742853069,-87.663091922,1302093531.0,87051235,87051377
87051377,41.8742862769,-87.6633579986,1302093533.0,87051304,87051443
87051443,41.874291378,-87.6636320255,1302093535.0,87051377,87051516
87051516,41.8742972845,-87.6639160506,1302093537.0,87051443,87051583
87051583,41.8743054357,-87.664203071,1302093539.0,87051516,87051657
87051657,41.8743114684,-87.6644830705,1302093541.0,87051583,87051728
87051728,41.8743165203,-87.6647540858,1302093543.0,87051657,87051795
87051795,41.8743216058,-87.6650210244,1302093545.0,87051728,87051868
87051868,41.8743204939,-87.6652689217,1302093547.0,87051795,87051984
87051984,41.8743147551,-87.6656028569,1302093550.0,87051868,87052123
87052123,41.8743100759,-87.6658517644,1302093554.0,87051984,87052306
87052306,41.874301186,-87.66617689,1302093559.0,87052123,87052415
87052415,41.8742939393,-87.6664749069,1302093562.0,87052306,87052519
87052519,41.8742911545,-87.6667888234,1302093565.0,87052415,87052628
87052628,41.8742829666,-87.6671075266,1302093568.0,87052519,87052742
87052742,41.8742724924,-87.66746166,1302093571.0,87052628,87052815
87052815,41.8742700387,-87.6677116772,1302093573.0,87052742,87052886
87052886,41.8742644536,-87.6679677969,1302093575.0,87052815,87052964
87052964,41.8742550414,-87.6682309773,1302093577.0,87052886,87053073
87053073,41.8742584531,-87.6685760648,1302093580.0,87052964,87053178
87053178,41.8742489371,-87.668849296,1302093583.0,87053073,87053476
87053476,41.8742426426,-87.6691035443,1302093592.0,87053178,87053661
87053661,41.8739943811,-87.6691311422,1302093597.0,87053476,87053771
87053771,41.873725925,-87.6691145956,1302093600.0,87053661,87053827
87053827,41.87351896,-87.6691239975,1302093602.0,87053771,87053903
87053903,41.8732839401,-87.6691533471,1302093605.0,87053827,87054103
87054103,41.8730808641,-87.6691702625,1302093612.0,87053903,87054468
87054468,41.8728733134,-87.6691481003,1302093622.0,87054103,87054609
87054609,41.8726361316,-87.66915296,1302093626.0,87054468,87054713
87054713,41.8724209135,-87.6691496054,1302093629.0,87054609,87054810
87054810,41.8721939518,-87.6691427309,1302093632.0,87054713,87054916
87054916,41.8719968121,-87.6691255597,1302093635.0,87054810,87055101
87055101,41.8718101125,-87.6691257665,1302093640.0,87054916,87055462
87055462,41.8715939606,-87.6691327481,1302093650.0,87055101,87055589
87055589,41.8713840614,-87.6691023549,1302093654.0,87055462,87055692
87055692,41.8711031153,-87.6690849094,1302093658.0,87055589,87055801
87055801,41.8708652241,-87.6690694924,1302093661.0,87055692,87055913
87055913,41.8705972182,-87.669057939,1302093664.0,87055801,87055987
87055987,41.8704121171,-87.6690529327,1302093666.0,87055913,87056065
87056065,41.8702310363,-87.6690521648,1302093668.0,87055987,87056141
87056141,41.8700500373,-87.6690481619,1302093670.0,87056065,87056244
87056244,41.869785998,-87.6690444447,1302093673.0,87056141,87056342
87056342,41.8695709908,-87.6690493837,1302093676.0,87056244,87056517
87056517,41.869373842,-87.669020007,1302093681.0,87056342,87056805
87056805,41.8692349798,-87.6692288102,1302093689.0,87056517,87056950
87056950,41.8692223746,-87.6695610683,1302093693.0,87056805,87057057
87057057,41.8692292903,-87.6698487566,1302093696.0,87056950,87057165
87057165,41.8692282021,-87.6701808929,1302093699.0,87057057,87057272
87057272,41.8692451246,-87.6705169115,1302093702.0,87057165,87057380
87057380,41.8692550019,-87.670837415,1302093705.0,87057272,87057476
87057476,41.8692585555,-87.6710915493,1302093708.0,87057380,87057915
87057915,41.8692070321,-87.6713205511,1302093720.0,87057476,87058026
87058026,41.8691969194,-87.6715850892,1302093723.0,87057915,87058129
87058129,41.8692044918,-87.6719128501,1302093726.0,87058026,87058234
87058234,41.8692047998,-87.6722540753,1302093729.0,87058129,87058349
87058349,41.8691989899,-87.6725831223,1302093732.0,87058234,87058455
87058455,41.8692029898,-87.6728742899,1302093735.0,87058349,87058637
87058637,41.8692158293,-87.6731562713,1302093740.0,87058455,None
