55083848,41.8669462161,-87.6657179695,1304078938.0,None,55084562
55084562,41.8669448147,-87.6660410342,1304078966.0,55083848,55084655
55084655,41.8669426899,-87.666356386,1304078969.0,55084562,55084761
55084761,41.8669421196,-87.6667229979,1304078972.0,55084655,55084822
55084822,41.8669426454,-87.6669919666,1304078974.0,55084761,55084890
55084890,41.8669417185,-87.6672750208,1304078976.0,55084822,55084964
55084964,41.8669419462,-87.6675590777,1304078978.0,55084890,55085036
55085036,41.8669456592,-87.6678411298,1304078980.0,55084964,55085100
55085100,41.8669501097,-87.6681091783,1304078982.0,55085036,55085172
55085172,41.8669538476,-87.668354176,1304078984.0,55085100,55085283
55085283,41.8669581783,-87.6686324789,1304078987.0,55085172,55085464
55085464,41.8670542222,-87.66889161,1304078992.0,55085283,55085613
55085613,41.8673001364,-87.6689123151,1304078996.0,55085464,55085722
55085722,41.8675440259,-87.668924598,1304078999.0,55085613,55085822
55085822,41.8678099876,-87.6689284069,1304079002.0,55085722,55085875
55085875,41.8679909765,-87.6689316614,1304079004.0,55085822,55085944
55085944,41.8681739694,-87.6689379066,1304079006.0,55085875,55086018
55086018,41.8683639877,-87.6689452859,1304079008.0,55085944,55086091
55086091,41.8685519965,-87.6689530221,1304079010.0,55086018,55086166
55086166,41.8687320872,-87.6689598469,1304079012.0,55086091,55086281
55086281,41.8689562047,-87.6689630726,1304079015.0,55086166,55086529
55086529,41.8691413841,-87.6689677225,1304079022.0,55086281,55086764
55086764,41.8692753842,-87.6691550291,1304079029.0,55086529,55086920
55086920,41.8692697344,-87.6694654127,1304079033.0,55086764,55087037
55087037,41.8692786993,-87.6697449779,1304079036.0,55086920,55087147
55087147,41.8692724886,-87.670095915,1304079039.0,55087037,55087245
55087245,41.8692694291,-87.6704448926,1304079042.0,55087147,55087351
55087351,41.8692689842,-87.6707462874,1304079045.0,55087245,55087496
55087496,41.8692743959,-87.6710147055,1304079049.0,55087351,55088135
55088135,41.8692759156,-87.6712747365,1304079068.0,55087496,55088237
55088237,41.8692787195,-87.6715203485,1304079073.0,55088135,55088478
55088478,41.8694661965,-87.6715644224,1304079081.0,55088237,55088702
55088702,41.8696661219,-87.6717228159,1304079087.0,55088478,55088777
55088777,41.8697819711,-87.6720169647,1304079089.0,55088702,55088849
55088849,41.8698708906,-87.6722679916,1304079091.0,55088777,55088954
55088954,41.8697877928,-87.6726359021,1304079094.0,55088849,55089065
55089065,41.8697076481,-87.6729388784,1304079097.0,55088954,55089173
55089173,41.8697149059,-87.6731902607,1304079100.0,55089065,55089358
55089358,41.8699360681,-87.6732577967,1304079106.0,55089173,55089450
55089450,41.8701351015,-87.6732736825,1304079109.0,55089358,55089560
55089560,41.8703360115,-87.6733286249,1304079112.0,55089450,55089671
55089671,41.8705249904,-87.6733627411,1304079115.0,55089560,55089811
55089811,41.8707420093,-87.673373799,1304079119.0,55089671,55089962
55089962,41.8709640211,-87.6734041433,1304079123.0,55089811,55090101
55090101,41.8711891281,-87.6734241089,1304079127.0,55089962,55090246
55090246,41.8713721936,-87.6734673795,1304079131.0,55090101,55090340
55090340,41.8714482265,-87.6736958154,1304079137.0,55090246,55090537
55090537,41.8715081642,-87.6734485679,1304079162.0,55090340,55090748
55090748,41.8714719802,-87.6732035426,1304079179.0,55090537,55090790
55090790,41.8714761978,-87.6729542574,1304079182.0,55090748,55090830
55090830,41.8714832795,-87.6726372389,1304079185.0,55090790,55090872
55090872,41.8714941542,-87.6722831475,1304079188.0,55090830,55090921
55090921,41.8715057304,-87.6719308473,1304079191.0,55090872,55090965
55090965,41.8715261449,-87.6716036455,1304079194.0,55090921,55091015
55091015,41.871539152,-87.6712758714,1304079197.0,55090965,55091057
55091057,41.8715524408,-87.6709349973,1304079200.0,55091015,55091109
55091109,41.8715553371,-87.670612998,1304079203.0,55091057,55091159
55091159,41.8715599224,-87.6703628812,1304079206.0,55091109,55091245
55091245,41.8715625267,-87.6700856079,1304079211.0,55091159,55091568
55091568,41.8715899665,-87.6697878368,1304079229.0,55091245,55091644
55091644,41.8715980944,-87.6695195136,1304079233.0,55091568,55091726
55091726,41.871595822,-87.6692736692,1304079237.0,55091644,55091884
55091884,41.8715234785,-87.6690356345,1304079245.0,55091726,55091975
55091975,41.871324698,-87.6690410948,1304079249.0,55091884,55092035
55092035,41.8710675777,-87.6690325712,1304079252.0,55091975,55092076
55092076,41.8708846999,-87.6690271061,1304079254.0,55092035,55092122
55092122,41.8707018282,-87.6690200561,1304079256.0,55092076,55092190
55092190,41.8704369196,-87.6690140056,1304079259.0,55092122,55092255
55092255,41.8701708604,-87.6690094786,1304079262.0,55092190,55092321
55092321,41.869901863,-87.6690028046,1304079265.0,55092255,55092395
55092395,41.8696388998,-87.6689962997,1304079268.0,55092321,55092465
55092465,41.8694456363,-87.6689923134,1304079271.0,55092395,55092624
55092624,41.8692531484,-87.668983271,1304079278.0,55092465,55092722
55092722,41.868996818,-87.6689870007,1304079282.0,55092624,55092770
55092770,41.8688159759,-87.6689802578,1304079284.0,55092722,55092818
55092818,41.8686119153,-87.6689789966,1304079286.0,55092770,55092866
55092866,41.8683959136,-87.6689791671,1304079288.0,55092818,55092914
55092914,41.8681869181,-87.6689745509,1304079290.0,55092866,55092965
55092965,41.8679878911,-87.6689697576,1304079292.0,55092914,55093014
55093014,41.8677988994,-87.6689668546,1304079294.0,55092965,55093086
55093086,41.8675389005,-87.6689634252,1304079297.0,55093014,55093164
55093164,41.8673079128,-87.6689650564,1304079300.0,55093086,55093258
55093258,41.8671135297,-87.6689621049,1304079304.0,55093164,55093896
55093896,41.8669148103,-87.66895255,1304079328.0,55093258,55094028
55094028,41.8667604815,-87.6688050422,1304079333.0,55093896,55094122
55094122,41.8667779499,-87.6685109855,1304079337.0,55094028,55094164
55094164,41.8667777093,-87.6681969918,1304079340.0,55094122,55094211
55094211,41.8667828115,-87.6678380159,1304079343.0,55094164,55094245
55094245,41.8667889577,-87.6674891065,1304079346.0,55094211,55094286
55094286,41.8667940641,-87.6671830785,1304079349.0,55094245,55094330
55094330,41.86679946,-87.6669220192,1304079354.0,55094286,55094406
55094406,41.8668086895,-87.6666280401,1304079362.0,55094330,55094439
55094439,41.866813066,-87.6663282897,1304079365.0,55094406,55094467
55094467,41.8668161642,-87.6660819688,1304079367.0,55094439,55094499
55094499,41.866819855,-87.6658099121,1304079369.0,55094467,55094545
55094545,41.8668261124,-87.6655218501,1304079371.0,55094499,55094600
55094600,41.8668318615,-87.6652247847,1304079373.0,55094545,55094657
55094657,41.8668375011,-87.6649237817,1304079375.0,55094600,55094721
55094721,41.8668439495,-87.6646177409,1304079377.0,55094657,55094786
55094786,41.8668479421,-87.6643117634,1304079379.0,55094721,55094850
55094850,41.8668529429,-87.6640027111,1304079381.0,55094786,55094914
55094914,41.8668596235,-87.6636937027,1304079383.0,55094850,55094980
55094980,41.8668648424,-87.6633776918,1304079385.0,55094914,55095038
55095038,41.8668716393,-87.6630577346,1304079387.0,55094980,55095093
55095093,41.8668774214,-87.6627337486,1304079389.0,55095038,55095150
55095150,41.8668863187,-87.6624087171,1304079391.0,55095093,55095213
55095213,41.8668920212,-87.6620847345,1304079393.0,55095150,55095271
55095271,41.8668963508,-87.6617597731,1304079395.0,55095213,55095312
55095312,41.8669003158,-87.6614267832,1304079397.0,55095271,55095344
55095344,41.8669046424,-87.6610907815,1304079399.0,55095312,55095377
55095377,41.8669104258,-87.660756721,1304079401.0,55095344,55095426
55095426,41.8669155369,-87.6604226729,1304079403.0,55095377,55095483
55095483,41.8669199543,-87.6600876818,1304079405.0,55095426,55095545
55095545,41.8669265533,-87.6597587026,1304079407.0,55095483,55095605
55095605,41.8669333354,-87.6594297341,1304079409.0,55095545,55095663
55095663,41.866939188,-87.6590977116,1304079411.0,55095605,55095718
55095718,41.8669442005,-87.6587677534,1304079413.0,55095663,55095779
55095779,41.8669491708,-87.6584527413,1304079415.0,55095718,55095849
55095849,41.8669548501,-87.6581656992,1304079417.0,55095779,55095922
55095922,41.8669596961,-87.6579106761,1304079419.0,55095849,55095995
55095995,41.8669676019,-87.6575756866,1304079422.0,55095922,55096105
55096105,41.8669725905,-87.6572816543,1304079426.0,55095995,55096544
55096544,41.8669759204,-87.6570237046,1304079442.0,55096105,55096660
55096660,41.8669813534,-87.6567667801,1304079446.0,55096544,55096780
55096780,41.8669836792,-87.6564593074,1304079450.0,55096660,55096877
55096877,41.8669859658,-87.6562076976,1304079453.0,55096780,55096975
55096975,41.8669888554,-87.6559154265,1304079456.0,55096877,55097079
55097079,41.8669945529,-87.6555664566,1304079459.0,55096975,55097150
55097150,41.8670000801,-87.6553055325,1304079461.0,55097079,55097215
55097215,41.867003482,-87.6550403922,1304079463.0,55097150,55097274
55097274,41.8670086433,-87.6547781644,1304079465.0,55097215,55097324
55097324,41.8670130391,-87.6545193234,1304079467.0,55097274,55097428
55097428,41.8670206828,-87.6541855351,1304079470.0,55097324,55097552
55097552,41.8670255667,-87.6539084705,1304079474.0,55097428,None
