39748310,41.8690252837,-87.6853399509,1303686809.0,None,39748337
39748337,41.86902121,-87.6856480533,1303686812.0,39748310,39748365
39748365,41.8690215408,-87.6858900177,1303686815.0,39748337,39748415
39748415,41.8691165515,-87.6861018463,1303686820.0,39748365,39748542
39748542,41.8693022071,-87.6860837389,1303686832.0,39748415,39748609
39748609,41.8695362141,-87.6860869389,1303686837.0,39748542,39748651
39748651,41.8697712085,-87.6860960929,1303686840.0,39748609,39748679
39748679,41.8699571801,-87.6861022234,1303686842.0,39748651,39748708
39748708,41.8701611529,-87.6861085477,1303686844.0,39748679,39748737
39748737,41.8703781357,-87.6861153407,1303686846.0,39748708,39748768
39748768,41.8705921569,-87.6861217513,1303686848.0,39748737,39748799
39748799,41.8707941534,-87.6861246568,1303686850.0,39748768,39748829
39748829,41.8709822478,-87.6861283861,1303686852.0,39748799,39748861
39748861,41.8711752466,-87.686134127,1303686854.0,39748829,39748894
39748894,41.8713711776,-87.6861401158,1303686856.0,39748861,39748927
39748927,41.8715721843,-87.6861507947,1303686858.0,39748894,39748959
39748959,41.8717851646,-87.6861592572,1303686860.0,39748927,39748992
39748992,41.8720061374,-87.6861694181,1303686862.0,39748959,39749027
39749027,41.8722301006,-87.6861783943,1303686864.0,39748992,39749063
39749063,41.8724541281,-87.6861849584,1303686866.0,39749027,39749096
39749096,41.8726781203,-87.6861891219,1303686868.0,39749063,39749131
39749131,41.8728931182,-87.6861954374,1303686870.0,39749096,39749167
39749167,41.8730981291,-87.6862011201,1303686872.0,39749131,39749203
39749203,41.8732941238,-87.6862085133,1303686874.0,39749167,39749238
39749238,41.8734770469,-87.6862108182,1303686876.0,39749203,39749291
39749291,41.8736806874,-87.6862107048,1303686879.0,39749238,39749459
39749459,41.8738760714,-87.6861373975,1303686888.0,39749291,39749539
39749539,41.8738955911,-87.6858779979,1303686892.0,39749459,39749589
39749589,41.8738991884,-87.685600982,1303686895.0,39749539,39749650
39749650,41.8739038381,-87.6852640575,1303686898.0,39749589,39749692
39749692,41.8739081454,-87.6850200907,1303686900.0,39749650,39749736
39749736,41.8739098347,-87.6847640999,1303686902.0,39749692,39749775
39749775,41.8739105401,-87.6845190897,1303686904.0,39749736,39749827
39749827,41.8739128581,-87.6841930297,1303686907.0,39749775,39749964
39749964,41.8739156853,-87.6839500851,1303686913.0,39749827,39750165
39750165,41.8739199182,-87.6836670323,1303686923.0,39749964,39750188
39750188,41.8739272402,-87.6833780832,1303686926.0,39750165,39750237
39750237,41.8739348572,-87.6830120953,1303686929.0,39750188,39750280
39750280,41.8739389707,-87.6827310698,1303686931.0,39750237,39750323
39750323,41.8739428625,-87.6824300458,1303686933.0,39750280,39750363
39750363,41.8739449742,-87.682132077,1303686935.0,39750323,39750406
39750406,41.8739461409,-87.6818611296,1303686937.0,39750363,39750472
39750472,41.873948514,-87.6815881929,1303686940.0,39750406,39750614
39750614,41.8739560547,-87.6813291647,1303686946.0,39750472,39750685
39750685,41.8739611665,-87.6810780667,1303686949.0,39750614,39750755
39750755,41.8739657848,-87.680745186,1303686952.0,39750685,39750805
39750805,41.8739692072,-87.6804841894,1303686954.0,39750755,39750856
39750856,41.8739740811,-87.6801951525,1303686956.0,39750805,39750906
39750906,41.8739772209,-87.6798891409,1303686958.0,39750856,39750954
39750954,41.8739820551,-87.6795740862,1303686960.0,39750906,39751001
39751001,41.8739884653,-87.6792651052,1303686962.0,39750954,39751050
39751050,41.8739950079,-87.6789600761,1303686964.0,39751001,39751103
39751103,41.8740024596,-87.6786540629,1303686966.0,39751050,39751155
39751155,41.8740081648,-87.6783490709,1303686968.0,39751103,39751209
39751209,41.8740123145,-87.6780470557,1303686970.0,39751155,39751258
39751258,41.8740163976,-87.6777559965,1303686972.0,39751209,39751309
39751309,41.8740194226,-87.6774761171,1303686974.0,39751258,39751360
39751360,41.8740186235,-87.6772189974,1303686976.0,39751309,39751443
39751443,41.8740088937,-87.6769127107,1303686979.0,39751360,39751582
39751582,41.8739973725,-87.6766725257,1303686984.0,39751443,39751709
39751709,41.8738264068,-87.6765076236,1303686989.0,39751582,39751792
39751792,41.8736148408,-87.6764830334,1303686992.0,39751709,39751872
39751872,41.873350032,-87.6764696806,1303686995.0,39751792,39751930
39751930,41.8731442721,-87.6764676469,1303686997.0,39751872,39751981
39751981,41.8729253631,-87.6764672885,1303686999.0,39751930,39752035
39752035,41.8727003293,-87.6764608679,1303687001.0,39751981,39752090
39752090,41.8724763509,-87.6764515117,1303687003.0,39752035,39752149
39752149,41.8722536124,-87.6764402483,1303687005.0,39752090,39752210
39752210,41.8720338154,-87.6764219364,1303687007.0,39752149,39752265
39752265,41.8718285483,-87.6764055645,1303687009.0,39752210,39752349
39752349,41.8715965699,-87.6763885001,1303687012.0,39752265,39752463
39752463,41.8714621606,-87.6762037581,1303687016.0,39752349,39752549
39752549,41.8714566382,-87.6759364116,1303687019.0,39752463,39752637
39752637,41.8714672132,-87.6756099179,1303687022.0,39752549,39752720
39752720,41.8714762225,-87.6753219098,1303687025.0,39752637,39753094
39753094,41.8714820031,-87.6750319469,1303687038.0,39752720,39753212
39753212,41.8714878659,-87.674710489,1303687042.0,39753094,39753310
39753310,41.8714969154,-87.6744092774,1303687045.0,39753212,39753400
39753400,41.8715046477,-87.6741401934,1303687048.0,39753310,39753550
39753550,41.8715108434,-87.6738611176,1303687053.0,39753400,39753670
39753670,41.8715140939,-87.6735848793,1303687057.0,39753550,39753768
39753768,41.871526992,-87.6732701494,1303687060.0,39753670,39753867
39753867,41.8715379837,-87.6729219766,1303687063.0,39753768,39753968
39753968,41.8715441042,-87.6725978981,1303687066.0,39753867,39754058
39754058,41.8715481189,-87.6723078564,1303687069.0,39753968,39754148
39754148,41.871552145,-87.6720559873,1303687072.0,39754058,39754276
39754276,41.871551848,-87.671794725,1303687076.0,39754148,39755116
39755116,41.8715449965,-87.6715267534,1303687103.0,39754276,39755276
39755276,41.871544389,-87.6712287911,1303687108.0,39755116,39755380
39755380,41.8715482584,-87.6709500401,1303687111.0,39755276,39755484
39755484,41.8715535247,-87.6706220258,1303687114.0,39755380,39755580
39755580,41.871556188,-87.6702898312,1303687117.0,39755484,39755675
39755675,41.8715588117,-87.6699858628,1303687120.0,39755580,39755777
39755777,41.8715628547,-87.66968918,1303687123.0,39755675,39755875
39755875,41.8715568557,-87.6694256772,1303687126.0,39755777,39756056
39756056,41.8715577465,-87.6691825454,1303687131.0,39755875,39756267
39756267,41.8713769069,-87.6690472212,1303687137.0,39756056,39756365
39756365,41.8711915784,-87.669045865,1303687140.0,39756267,39756466
39756466,41.870954692,-87.6690327789,1303687143.0,39756365,39756540
39756540,41.8707727322,-87.6690205858,1303687145.0,39756466,39756610
39756610,41.8705718339,-87.6690097574,1303687147.0,39756540,39756678
39756678,41.8703578565,-87.6690049122,1303687149.0,39756610,39756752
39756752,41.8701328716,-87.6690120161,1303687151.0,39756678,39756826
39756826,41.869925889,-87.6690113434,1303687153.0,39756752,39756904
39756904,41.8697259274,-87.6690110207,1303687155.0,39756826,39756978
39756978,41.8695428815,-87.669010259,1303687157.0,39756904,39757078
39757078,41.8693600232,-87.6690125003,1303687160.0,39756978,39757328
39757328,41.8692117763,-87.6688596661,1303687167.0,39757078,39757463
39757463,41.869208806,-87.6685199622,1303687171.0,39757328,39757495
39757495,41.8692170812,-87.66818198,1303687174.0,39757463,39757503
39757503,41.8692205652,-87.667920983,1303687176.0,39757495,39757513
39757513,41.8692280682,-87.6676328379,1303687178.0,39757503,39757525
39757525,41.8692349016,-87.6673267714,1303687180.0,39757513,39757538
39757538,41.8692377548,-87.667014633,1303687182.0,39757525,39757552
39757552,41.8692419615,-87.6667107047,1303687184.0,39757538,39757568
39757568,41.8692461589,-87.6664198467,1303687186.0,39757552,39757584
39757584,41.8692535729,-87.6661268253,1303687188.0,39757568,39757602
39757602,41.8692614184,-87.665831906,1303687190.0,39757584,39757620
39757620,41.869267857,-87.665536877,1303687192.0,39757602,39757640
39757640,41.869274765,-87.6652428728,1303687194.0,39757620,39757660
39757660,41.869280499,-87.6649608774,1303687196.0,39757640,39757681
39757681,41.8692852608,-87.664706887,1303687198.0,39757660,39757714
39757714,41.8692903356,-87.6644189526,1303687201.0,39757681,39757796
39757796,41.8692939047,-87.6641480305,1303687208.0,39757714,39757849
39757849,41.8693031385,-87.66385816,1303687212.0,39757796,39757888
39757888,41.8693074948,-87.6635389999,1303687215.0,39757849,39757931
39757931,41.8693107277,-87.6631889657,1303687218.0,39757888,39757972
39757972,41.8693148857,-87.6628550012,1303687221.0,39757931,39758018
39758018,41.8693199331,-87.662553986,1303687224.0,39757972,39758062
39758062,41.8693207123,-87.6623009539,1303687227.0,39758018,39758126
39758126,41.869313485,-87.6619978906,1303687231.0,39758062,39758341
39758341,41.8693039997,-87.66173796,1303687244.0,39758126,39758431
39758431,41.8693291022,-87.6614190273,1303687249.0,39758341,39758484
39758484,41.8693470134,-87.661111001,1303687252.0,39758431,39758521
39758521,41.8693544043,-87.6608639674,1303687254.0,39758484,39758560
39758560,41.8693583837,-87.6605919385,1303687256.0,39758521,39758598
39758598,41.8693623522,-87.6602979045,1303687258.0,39758560,39758633
39758633,41.8693641834,-87.6599889118,1303687260.0,39758598,39758670
39758670,41.8693691695,-87.6596659284,1303687262.0,39758633,39758709
39758709,41.8693731598,-87.6593319077,1303687264.0,39758670,39758751
39758751,41.8693801605,-87.6589948826,1303687266.0,39758709,39758790
39758790,41.8693859031,-87.6586578589,1303687268.0,39758751,39758827
39758827,41.8693887092,-87.6583228971,1303687270.0,39758790,39758867
39758867,41.8693905387,-87.6579929249,1303687272.0,39758827,39758906
39758906,41.8693946326,-87.657679904,1303687274.0,39758867,39758949
39758949,41.8693977582,-87.6574018531,1303687276.0,39758906,39759011
39759011,41.8694060855,-87.6570727478,1303687279.0,39758949,None
