40039217,41.8692085291,-87.6667188648,1303697941.0,None,40040073
40040073,41.8692052817,-87.6664081435,1303697969.0,40039217,40040168
40040168,41.8692145979,-87.6661181939,1303697972.0,40040073,40040266
40040266,41.8692329585,-87.6657671367,1303697975.0,40040168,40040332
40040332,41.8692418354,-87.6655120053,1303697977.0,40040266,40040393
40040393,41.8692449669,-87.6652689631,1303697979.0,40040332,40040486
40040486,41.8692518016,-87.6649219889,1303697982.0,40040393,40040575
40040575,41.8692566918,-87.6646000097,1303697985.0,40040486,40040697
40040697,41.8692644433,-87.6643100682,1303697989.0,40040575,40040945
40040945,41.8692781853,-87.6640343703,1303697996.0,40040697,40041033
40041033,41.8692813631,-87.6637892058,1303697999.0,40040945,40041130
40041130,41.8692892569,-87.6634670001,1303698002.0,40041033,40041232
40041232,41.8693022012,-87.6630999902,1303698005.0,40041130,40041290
40041290,41.8693100783,-87.6628480123,1303698007.0,40041232,40041362
40041362,41.8693150759,-87.662603999,1303698009.0,40041290,40041470
40041470,41.8693197247,-87.6622639129,1303698012.0,40041362,40041572
40041572,41.8693210385,-87.6620179111,1303698015.0,40041470,40041739
40041739,41.8693196885,-87.661765907,1303698020.0,40041572,40041875
40041875,41.8693149634,-87.6614690896,1303698024.0,40041739,40041984
40041984,41.8693245621,-87.6611690836,1303698027.0,40041875,40042088
40042088,41.8693316546,-87.6608129905,1303698030.0,40041984,40042157
40042157,41.8693355961,-87.6605559471,1303698032.0,40042088,40042225
40042225,41.8693395446,-87.6602848969,1303698034.0,40042157,40042293
40042293,41.8693416355,-87.6600139267,1303698036.0,40042225,40042359
40042359,41.8693464983,-87.6597419336,1303698038.0,40042293,40042422
40042422,41.8693533894,-87.6594669214,1303698040.0,40042359,40042493
40042493,41.8693563665,-87.6592009055,1303698042.0,40042422,40042565
40042565,41.8693594136,-87.6589488769,1303698044.0,40042493,40042638
40042638,41.8693634439,-87.6587058718,1303698046.0,40042565,40042747
40042747,41.8693656365,-87.6583439081,1303698049.0,40042638,40042846
40042846,41.8693659922,-87.6579869655,1303698052.0,40042747,40042953
40042953,41.8693720714,-87.657630972,1303698055.0,40042846,40043057
40043057,41.8693800928,-87.6573049689,1303698058.0,40042953,40043161
40043161,41.8693920116,-87.6570429239,1303698061.0,40043057,40043334
40043334,41.8694174442,-87.6567870292,1303698066.0,40043161,40043579
40043579,41.8696380949,-87.6567577438,1303698073.0,40043334,40043686
40043686,41.8698223857,-87.6567676369,1303698076.0,40043579,40043796
40043796,41.8700592111,-87.65677858,1303698079.0,40043686,40043911
40043911,41.870325107,-87.6567861187,1303698082.0,40043796,40043983
40043983,41.8705130736,-87.6567893902,1303698084.0,40043911,40044059
40044059,41.870705115,-87.6567947073,1303698086.0,40043983,40044128
40044128,41.8708901184,-87.6567991297,1303698088.0,40044059,40044200
40044200,41.8710701046,-87.6568049492,1303698090.0,40044128,40044305
40044305,41.871320136,-87.6568144609,1303698093.0,40044200,40044411
40044411,41.8715460699,-87.6568220769,1303698096.0,40044305,40044517
40044517,41.8717608367,-87.6568225011,1303698099.0,40044411,40044627
40044627,41.8719588467,-87.6568054169,1303698102.0,40044517,40044896
40044896,41.8721401843,-87.6567807794,1303698109.0,40044627,40045077
40045077,41.8723802115,-87.656764481,1303698114.0,40044896,40045174
40045174,41.8726141586,-87.6567551566,1303698117.0,40045077,40045284
40045284,41.8728713209,-87.6567422335,1303698120.0,40045174,40045357
40045357,41.873052194,-87.6567336676,1303698122.0,40045284,40045426
40045426,41.87323308,-87.6567228764,1303698124.0,40045357,40045540
40045540,41.8734939771,-87.6567172515,1303698127.0,40045426,40045654
40045654,41.8737269899,-87.6567230299,1303698130.0,40045540,40045765
40045765,41.8739090166,-87.6567282049,1303698133.0,40045654,40045905
40045905,41.8740937209,-87.6567281478,1303698137.0,40045765,40046084
40046084,41.874232017,-87.656537235,1303698142.0,40045905,40046224
40046224,41.8742445375,-87.656234849,1303698146.0,40046084,40046339
40046339,41.8742457486,-87.6559406625,1303698149.0,40046224,40046441
40046441,41.8742467088,-87.6556347376,1303698152.0,40046339,40046466
40046466,41.8742507783,-87.6553138956,1303698155.0,40046441,40046479
40046479,41.8742566729,-87.6549838576,1303698158.0,40046466,40046496
40046496,41.8742662063,-87.6546307566,1303698161.0,40046479,40046509
40046509,41.8742719497,-87.6543887567,1303698163.0,40046496,40046523
40046523,41.8742757845,-87.6541417325,1303698165.0,40046509,40046539
40046539,41.8742790671,-87.6538917387,1303698167.0,40046523,40046555
40046555,41.8742826923,-87.6536407368,1303698169.0,40046539,40046573
40046573,41.8742857058,-87.6533988189,1303698171.0,40046555,40046601
40046601,41.8742891856,-87.6530559102,1303698174.0,40046573,40046631
40046631,41.8742920027,-87.6527209405,1303698177.0,40046601,40046663
40046663,41.8742932642,-87.6524479794,1303698180.0,40046631,40046708
40046708,41.8742946105,-87.6521869476,1303698184.0,40046663,40046756
40046756,41.8743007779,-87.6518979447,1303698188.0,40046708,40046794
40046794,41.8743079456,-87.6516210609,1303698191.0,40046756,40046831
40046831,41.874315752,-87.6512950889,1303698194.0,40046794,40046872
40046872,41.8743245788,-87.6509629947,1303698197.0,40046831,40046914
40046914,41.8743291849,-87.6506130136,1303698200.0,40046872,40046951
40046951,41.8743334471,-87.65026001,1303698203.0,40046914,40046998
40046998,41.8743416113,-87.6499099601,1303698206.0,40046951,40047042
40047042,41.8743509342,-87.6495542268,1303698209.0,40046998,40047073
40047073,41.8743562967,-87.6493081201,1303698211.0,40047042,40047107
40047107,41.8743622838,-87.6490630097,1303698213.0,40047073,40047139
40047139,41.8743670106,-87.6488179333,1303698215.0,40047107,40047170
40047170,41.8743679373,-87.6485709859,1303698217.0,40047139,40047203
40047203,41.8743603167,-87.6483193462,1303698219.0,40047170,40047238
40047238,41.874339309,-87.6480692824,1303698221.0,40047203,40047287
40047287,41.874305802,-87.6477234602,1303698224.0,40047238,40047338
40047338,41.8742856859,-87.647468335,1303698227.0,40047287,40047413
40047413,41.8741896982,-87.6472497685,1303698231.0,40047338,40047483
40047483,41.8739651337,-87.6471994673,1303698235.0,40047413,40047543
40047543,41.8737459016,-87.6471991656,1303698238.0,40047483,40047598
40047598,41.873487895,-87.6471893539,1303698241.0,40047543,40047636
40047636,41.8732939579,-87.6471827743,1303698243.0,40047598,40047674
40047674,41.8730979402,-87.6471730734,1303698245.0,40047636,40047715
40047715,41.8729049811,-87.6471653041,1303698247.0,40047674,40047756
40047756,41.87271706,-87.6471591449,1303698249.0,40047715,40047805
40047805,41.8724641558,-87.6471634739,1303698252.0,40047756,40047866
40047866,41.8722723085,-87.6471759232,1303698255.0,40047805,40048182
40048182,41.8720669252,-87.6471326044,1303698270.0,40047866,40048271
40048271,41.8718587415,-87.6471090692,1303698274.0,40048182,40048337
40048337,41.8716358085,-87.6471002799,1303698277.0,40048271,40048395
40048395,41.8713809198,-87.6470918942,1303698280.0,40048337,40048424
40048424,41.8711998841,-87.647084717,1303698282.0,40048395,40048444
40048444,41.8710158529,-87.6470772757,1303698284.0,40048424,40048466
40048466,41.8708328439,-87.6470705713,1303698286.0,40048444,40048511
40048511,41.8705678916,-87.6470662713,1303698289.0,40048466,40048557
40048557,41.8703230063,-87.6470598598,1303698292.0,40048511,40048619
40048619,41.8701089662,-87.6470509832,1303698295.0,40048557,40048710
40048710,41.869893001,-87.6470510992,1303698299.0,40048619,40048846
40048846,41.8696878319,-87.6470430686,1303698305.0,40048710,40048941
40048941,41.8694382168,-87.6470378592,1303698309.0,40048846,40049017
40049017,41.8691838675,-87.6470312472,1303698312.0,40048941,40049054
40049054,41.8689987568,-87.6470207697,1303698314.0,40049017,40049095
40049095,41.8688126991,-87.6470122689,1303698316.0,40049054,40049143
40049143,41.8686257525,-87.6470063326,1303698318.0,40049095,40049192
40049192,41.8684458384,-87.6469985514,1303698320.0,40049143,40049267
40049267,41.8681951049,-87.6470044563,1303698323.0,40049192,40049338
40049338,41.8679702205,-87.647024926,1303698326.0,40049267,40049428
40049428,41.8677450627,-87.6470272859,1303698330.0,40049338,None
