64003065,41.8671803397,-87.6501638979,1304026842.0,None,64003394
64003394,41.8671777186,-87.6504597725,1304026852.0,64003065,64003472
64003472,41.8671774986,-87.6507309394,1304026855.0,64003394,64003567
64003567,41.8671768368,-87.6510550326,1304026858.0,64003472,64003641
64003641,41.8671710174,-87.6513028137,1304026860.0,64003567,64003705
64003705,41.8671645978,-87.6515833354,1304026862.0,64003641,64003781
64003781,41.8671584066,-87.6518809819,1304026864.0,64003705,64003861
64003861,41.8671561372,-87.6521747689,1304026866.0,64003781,64003930
64003930,41.867150312,-87.6524757646,1304026868.0,64003861,64003995
64003995,41.8671426897,-87.6527668319,1304026870.0,64003930,64004052
64004052,41.8671366077,-87.6530489053,1304026872.0,64003995,64004122
64004122,41.8671301745,-87.6533269391,1304026874.0,64004052,64004185
64004185,41.8671238177,-87.6536110622,1304026876.0,64004122,64004256
64004256,41.8671181779,-87.6539070321,1304026878.0,64004185,64004329
64004329,41.8671138591,-87.6542079284,1304026880.0,64004256,64004401
64004401,41.8671102512,-87.6545018756,1304026882.0,64004329,64004472
64004472,41.8670879242,-87.6547516311,1304026884.0,64004401,64004580
64004580,41.867078393,-87.6550935076,1304026887.0,64004472,64004715
64004715,41.8670816411,-87.6553702758,1304026891.0,64004580,64005013
64005013,41.8670864167,-87.6556829648,1304026900.0,64004715,64005125
64005125,41.8670798415,-87.6559620064,1304026903.0,64005013,64005201
64005201,41.8670730273,-87.6563311509,1304026906.0,64005125,64005275
64005275,41.8670714463,-87.6566213627,1304026908.0,64005201,64005347
64005347,41.8670635862,-87.6569511477,1304026910.0,64005275,64005408
64005408,41.8670585574,-87.6572961003,1304026912.0,64005347,64005478
64005478,41.8670524415,-87.6576491667,1304026914.0,64005408,64005550
64005550,41.8670415873,-87.6580071846,1304026916.0,64005478,64005620
64005620,41.8670396898,-87.6583641445,1304026918.0,64005550,64005694
64005694,41.8670399294,-87.6587060355,1304026920.0,64005620,64005771
64005771,41.8670382904,-87.6590299879,1304026922.0,64005694,64005839
64005839,41.867033238,-87.6593359727,1304026924.0,64005771,64005914
64005914,41.8670290092,-87.6596299731,1304026926.0,64005839,64005978
64005978,41.8670234813,-87.6599209625,1304026928.0,64005914,64006050
64006050,41.8670173368,-87.6601730136,1304026930.0,64005978,64006147
64006147,41.8670103843,-87.6604660226,1304026933.0,64006050,64006292
64006292,41.8670055497,-87.6607150387,1304026937.0,64006147,64006478
64006478,41.8670028064,-87.6609991004,1304026942.0,64006292,64006588
64006588,41.8670002902,-87.6613020833,1304026945.0,64006478,64006652
64006652,41.8669979086,-87.6615471378,1304026947.0,64006588,64006717
64006717,41.8669940592,-87.6618080752,1304026949.0,64006652,64006785
64006785,41.866990701,-87.6620949436,1304026951.0,64006717,64006854
64006854,41.8669849706,-87.6623949947,1304026953.0,64006785,64006925
64006925,41.8669792858,-87.6626990181,1304026955.0,64006854,64006993
64006993,41.866972993,-87.6630070514,1304026957.0,64006925,64007070
64007070,41.8669658074,-87.6633231003,1304026959.0,64006993,64007149
64007149,41.8669585374,-87.6636381211,1304026961.0,64007070,64007227
64007227,41.8669507533,-87.6639491649,1304026963.0,64007149,64007295
64007295,41.8669444636,-87.6642421449,1304026965.0,64007227,64007349
64007349,41.8669418908,-87.6645101188,1304026967.0,64007295,64007418
64007418,41.8669393412,-87.6647641023,1304026969.0,64007349,64007493
64007493,41.8669360807,-87.6650151356,1304026971.0,64007418,64007599
64007599,41.8669320785,-87.6653291615,1304026974.0,64007493,64007736
64007736,41.8669486189,-87.6656509687,1304026978.0,64007599,64007844
64007844,41.8669558917,-87.6659449984,1304026981.0,64007736,64007951
64007951,41.8669496537,-87.6662041037,1304026984.0,64007844,64008047
64008047,41.8669451237,-87.6664615194,1304026987.0,64007951,64008151
64008151,41.8669434623,-87.6668049664,1304026990.0,64008047,64008231
64008231,41.8669432834,-87.6670859772,1304026992.0,64008151,64008304
64008304,41.8669424382,-87.6674010567,1304026994.0,64008231,64008373
64008373,41.8669452167,-87.667734116,1304026996.0,64008304,64008445
64008445,41.8669431547,-87.66806409,1304026998.0,64008373,64008514
64008514,41.8669450566,-87.6683670884,1304027000.0,64008445,64008586
64008586,41.8669456244,-87.6686278441,1304027002.0,64008514,64008713
64008713,41.8669818281,-87.6689019073,1304027006.0,64008586,64008887
64008887,41.8672073408,-87.6689496248,1304027011.0,64008713,64008994
64008994,41.8674521045,-87.6689473295,1304027014.0,64008887,64009069
64009069,41.867670121,-87.668951233,1304027016.0,64008994,64009139
64009139,41.8679171161,-87.6689563368,1304027018.0,64009069,64009197
64009197,41.8681751137,-87.6689620292,1304027020.0,64009139,64009202
64009202,41.8684211979,-87.6689704543,1304027022.0,64009197,64009210
64009210,41.8686542003,-87.66898052,1304027024.0,64009202,64009220
64009220,41.8688591421,-87.6689823561,1304027026.0,64009210,64009238
64009238,41.8690963595,-87.6689775965,1304027029.0,64009220,64009286
64009286,41.8692634799,-87.6690522965,1304027036.0,64009238,64009329
64009329,41.8692905845,-87.6693081849,1304027041.0,64009286,64009359
64009359,41.8692868042,-87.6695917258,1304027044.0,64009329,64009391
64009391,41.869296511,-87.6699185306,1304027047.0,64009359,64009424
64009424,41.8693049864,-87.6702768945,1304027050.0,64009391,64009448
64009448,41.8693067555,-87.6705199565,1304027052.0,64009424,64009478
64009478,41.8693248099,-87.6708351662,1304027055.0,64009448,64009529
64009529,41.869304631,-87.6710867741,1304027059.0,64009478,64009708
64009708,41.8693403304,-87.6713271381,1304027073.0,64009529,64009799
64009799,41.8693866712,-87.6715869177,1304027079.0,64009708,64009850
64009850,41.8693557649,-87.6718738863,1304027082.0,64009799,64009882
64009882,41.8693505566,-87.6721358225,1304027084.0,64009850,64009913
64009913,41.8693381226,-87.6723909102,1304027086.0,64009882,64009966
64009966,41.8693262768,-87.6727530576,1304027089.0,64009913,64010033
64010033,41.8693396499,-87.6730500818,1304027093.0,64009966,64010153
64010153,41.869310403,-87.6732899452,1304027100.0,64010033,64010247
64010247,41.8695268507,-87.6733845548,1304027105.0,64010153,64010302
64010302,41.8697919709,-87.6733923387,1304027108.0,64010247,64010337
64010337,41.8699919633,-87.6733871103,1304027110.0,64010302,64010378
64010378,41.8702030289,-87.6733747939,1304027112.0,64010337,64010417
64010417,41.8704300122,-87.6733666704,1304027114.0,64010378,64010457
64010457,41.8706500075,-87.6733607449,1304027116.0,64010417,64010492
64010492,41.8708600018,-87.6733537252,1304027118.0,64010457,64010530
64010530,41.8710549583,-87.6733317864,1304027120.0,64010492,64010592
64010592,41.8712999881,-87.6732824047,1304027123.0,64010530,64010680
64010680,41.8715052875,-87.673324374,1304027127.0,64010592,64011128
64011128,41.8716944425,-87.6732680158,1304027150.0,64010680,64011391
64011391,41.8718251102,-87.6734390141,1304027165.0,64011128,None
