61370800,41.8671817299,-87.6504857411,1303332117.0,None,61371300
61371300,41.8671740867,-87.6507339359,1303332132.0,61370800,61371444
61371444,41.8671683934,-87.6510211062,1303332136.0,61371300,61371544
61371544,41.8671605972,-87.6513253615,1303332139.0,61371444,61371641
61371641,41.8671539996,-87.6516755634,1303332142.0,61371544,61371699
61371699,41.8671480048,-87.6519401553,1303332144.0,61371641,61371772
61371772,41.8671438326,-87.6522150738,1303332146.0,61371699,61371805
61371805,41.8671412443,-87.6524830251,1303332148.0,61371772,61371874
61371874,41.8671352444,-87.652729097,1303332150.0,61371805,61371939
61371939,41.8671281394,-87.6529861424,1303332152.0,61371874,61371984
61371984,41.8671153629,-87.6532474484,1303332154.0,61371939,61372049
61372049,41.8671043316,-87.6535186177,1303332156.0,61371984,61372111
61372111,41.8670975157,-87.653789678,1303332158.0,61372049,61372175
61372175,41.8670906263,-87.6540664844,1303332160.0,61372111,61372239
61372239,41.8670871442,-87.6543365516,1303332162.0,61372175,61372300
61372300,41.8670822176,-87.6545917607,1303332164.0,61372239,61372368
61372368,41.8670789872,-87.6548387524,1303332166.0,61372300,61372437
61372437,41.8670772956,-87.6550865457,1303332168.0,61372368,61372502
61372502,41.8670737028,-87.6553394227,1303332170.0,61372437,61372562
61372562,41.8670698312,-87.6555874476,1303332172.0,61372502,61372667
61372667,41.8670608967,-87.6559054811,1303332175.0,61372562,61372803
61372803,41.8670535454,-87.6561563281,1303332179.0,61372667,61372954
61372954,41.8670435922,-87.6564615729,1303332184.0,61372803,61373060
61373060,41.8670369474,-87.6567882841,1303332187.0,61372954,61373135
61373135,41.8670318893,-87.6570593753,1303332189.0,61373060,61373205
61373205,41.8670276632,-87.6573664278,1303332191.0,61373135,61373271
61373271,41.8670261538,-87.6577004242,1303332193.0,61373205,61373340
61373340,41.8670227329,-87.6580613635,1303332195.0,61373271,61373411
61373411,41.867024156,-87.6584343078,1303332197.0,61373340,61373471
61373471,41.8670219793,-87.658806225,1303332199.0,61373411,61373534
61373534,41.8670188889,-87.6591692261,1303332201.0,61373471,61373601
61373601,41.8670143527,-87.6595192147,1303332203.0,61373534,61373669
61373669,41.8670104574,-87.6598441565,1303332205.0,61373601,61373740
61373740,41.8670055409,-87.6601302029,1303332207.0,61373669,61373814
61373814,41.8670035726,-87.6603751479,1303332209.0,61373740,61373919
61373919,41.8669969443,-87.6606741591,1303332212.0,61373814,61374055
61374055,41.8669929893,-87.6609242417,1303332216.0,61373919,61374773
61374773,41.8670039532,-87.6612320288,1303332237.0,61374055,61374876
61374876,41.8670046715,-87.6615470685,1303332240.0,61374773,61374947
61374947,41.8669994391,-87.6618320042,1303332242.0,61374876,61375020
61375020,41.8669923484,-87.6621499045,1303332244.0,61374947,61375083
61375083,41.866985103,-87.6624919798,1303332246.0,61375020,61375147
61375147,41.8669792439,-87.6628379879,1303332248.0,61375083,61375213
61375213,41.8669713769,-87.6631890498,1303332250.0,61375147,61375285
61375285,41.8669650683,-87.663539035,1303332252.0,61375213,61375353
61375353,41.8669577157,-87.6638880638,1303332254.0,61375285,61375427
61375427,41.8669497845,-87.6642280705,1303332256.0,61375353,61375497
61375497,41.8669436357,-87.6645550921,1303332258.0,61375427,61375569
61375569,41.8669387686,-87.6648581207,1303332260.0,61375497,61375640
61375640,41.8669341397,-87.6651401157,1303332262.0,61375569,61375712
61375712,41.8669305245,-87.6653881635,1303332264.0,61375640,61375806
61375806,41.8669264058,-87.6656821307,1303332267.0,61375712,61375985
61375985,41.8669213581,-87.6659680545,1303332272.0,61375806,61376123
61376123,41.8669238951,-87.6662591479,1303332276.0,61375985,61376229
61376229,41.8669294718,-87.6665961468,1303332279.0,61376123,61376302
61376302,41.8669298987,-87.6668669893,1303332281.0,61376229,61376376
61376376,41.866928944,-87.6671570564,1303332283.0,61376302,61376447
61376447,41.8669307552,-87.667460037,1303332285.0,61376376,61376510
61376510,41.8669353047,-87.6677650242,1303332287.0,61376447,61376577
61376577,41.8669372559,-87.6680670129,1303332289.0,61376510,61376642
61376642,41.8669355005,-87.6683479737,1303332291.0,61376577,61376741
61376741,41.8669360114,-87.6686724015,1303332294.0,61376642,61376873
61376873,41.8670369107,-87.6688856434,1303332298.0,61376741,61376977
61376977,41.8672190911,-87.6689083647,1303332301.0,61376873,61377084
61377084,41.8674619983,-87.6688945315,1303332304.0,61376977,61377158
61377158,41.8676609826,-87.6689010518,1303332306.0,61377084,61377225
61377225,41.8678809177,-87.6689073901,1303332308.0,61377158,61377287
61377287,41.8681108705,-87.668912345,1303332310.0,61377225,61377354
61377354,41.8683308662,-87.6689214074,1303332312.0,61377287,61377418
61377418,41.8685528615,-87.6689351337,1303332314.0,61377354,61377486
61377486,41.8687480572,-87.6689541914,1303332316.0,61377418,61377595
61377595,41.8689762048,-87.6689674852,1303332319.0,61377486,61377804
61377804,41.8691579345,-87.6689936357,1303332325.0,61377595,61378008
61378008,41.8692612564,-87.6691904984,1303332331.0,61377804,61378177
61378177,41.8692867375,-87.6694856055,1303332336.0,61378008,61378317
61378317,41.8693154882,-87.6698173933,1303332340.0,61378177,61378420
61378420,41.8693359118,-87.6701158643,1303332343.0,61378317,61378519
61378519,41.869314354,-87.6703969246,1303332346.0,61378420,61378622
61378622,41.8692958898,-87.6706460844,1303332349.0,61378519,61378706
61378706,41.8693008654,-87.6708904055,1303332353.0,61378622,61378779
61378779,41.8692915979,-87.6711548616,1303332365.0,61378706,61378861
61378861,41.8692714973,-87.6714529289,1303332374.0,61378779,61378903
61378903,41.8692765617,-87.6717740269,1303332378.0,61378861,61378936
61378936,41.8692806938,-87.6721210112,1303332381.0,61378903,61378960
61378960,41.8692825417,-87.6723791317,1303332383.0,61378936,61378984
61378984,41.869279505,-87.6726339652,1303332385.0,61378960,61379021
61379021,41.8692712877,-87.6729651981,1303332388.0,61378984,61379060
61379060,41.8692527601,-87.6732126494,1303332391.0,61379021,61379128
61379128,41.8692837491,-87.6734542859,1303332396.0,61379060,61379184
61379184,41.8694596364,-87.6735534469,1303332400.0,61379128,61379229
61379229,41.8696939503,-87.673557069,1303332403.0,61379184,61379266
61379266,41.8699429525,-87.6735419652,1303332406.0,61379229,61379311
61379311,41.8701879723,-87.6735220225,1303332409.0,61379266,61379362
61379362,41.870418009,-87.6735159295,1303332412.0,61379311,61379407
61379407,41.8706089991,-87.6735077198,1303332415.0,61379362,61379459
61379459,41.8707920186,-87.6734964273,1303332418.0,61379407,61379509
61379509,41.8709800253,-87.6734933792,1303332421.0,61379459,61379578
61379578,41.8711880665,-87.6734661616,1303332425.0,61379509,61379686
61379686,41.8712961679,-87.6736987829,1303332431.0,61379578,61379816
61379816,41.8714693723,-87.6736067196,1303332438.0,61379686,None
