21389141,41.8692718715,-87.6710316172,1303261676.0,None,21389720
21389720,41.8692654831,-87.6713072185,1303261693.0,21389141,21389890
21389890,41.8693342085,-87.6715342424,1303261698.0,21389720,21389961
21389961,41.8693396394,-87.6718006948,1303261700.0,21389890,21390037
21390037,41.8693355292,-87.672093866,1303261702.0,21389961,21390104
21390104,41.8693302718,-87.6723529091,1303261704.0,21390037,21390174
21390174,41.8693171415,-87.6726100724,1303261706.0,21390104,21390282
21390282,41.8693834766,-87.6728401351,1303261709.0,21390174,21390511
21390511,41.8694198057,-87.6730790909,1303261716.0,21390282,21390783
21390783,41.8693841104,-87.67353561,1303261727.0,21390511,21390887
21390887,41.869369926,-87.6738468574,1303261730.0,21390783,21390972
21390972,41.8693597205,-87.6741669525,1303261733.0,21390887,21391074
21391074,41.8693496306,-87.6744718964,1303261736.0,21390972,21391178
21391178,41.869340157,-87.6747758258,1303261739.0,21391074,21391283
21391283,41.8693452035,-87.6750368381,1303261742.0,21391178,21391415
21391415,41.8693355209,-87.6752939613,1303261746.0,21391283,21391896
21391896,41.869283817,-87.6755690612,1303261760.0,21391415,21392000
21392000,41.8692710805,-87.6758258201,1303261763.0,21391896,21392096
21392096,41.8692487716,-87.676196658,1303261766.0,21392000,21392170
21392170,41.8692388481,-87.6765157373,1303261768.0,21392096,21392243
21392243,41.8692289137,-87.6768307992,1303261770.0,21392170,21392311
21392311,41.8692147489,-87.6771398997,1303261772.0,21392243,21392376
21392376,41.8691974586,-87.6774508718,1303261774.0,21392311,21392445
21392445,41.8691916553,-87.6777378887,1303261776.0,21392376,21392515
21392515,41.8691927801,-87.6780279048,1303261778.0,21392445,21392587
21392587,41.8691898861,-87.6783238644,1303261780.0,21392515,21392651
21392651,41.8691929352,-87.6786268574,1303261782.0,21392587,21392721
21392721,41.8691848101,-87.6789478764,1303261784.0,21392651,21392793
21392793,41.869177798,-87.6792819355,1303261786.0,21392721,21392864
21392864,41.8691708737,-87.6796039319,1303261788.0,21392793,21392929
21392929,41.8691635879,-87.679893972,1303261790.0,21392864,21393027
21393027,41.8691567632,-87.6802300699,1303261793.0,21392929,21393165
21393165,41.8691405446,-87.6804819696,1303261797.0,21393027,21394154
21394154,41.8691415369,-87.6807470145,1303261826.0,21393165,21394257
21394257,41.8691308227,-87.6810297826,1303261829.0,21394154,21394364
21394364,41.8691226335,-87.6813886,1303261832.0,21394257,21394426
21394426,41.8691129796,-87.6816585777,1303261834.0,21394364,21394499
21394499,41.8691039546,-87.6819446501,1303261836.0,21394426,21394571
21394571,41.8690950232,-87.6822327567,1303261838.0,21394499,21394644
21394644,41.8690870508,-87.6825147511,1303261840.0,21394571,21394710
21394710,41.8690801371,-87.6827798208,1303261842.0,21394644,21394773
21394773,41.8690699971,-87.6830219046,1303261844.0,21394710,21394869
21394869,41.8690632162,-87.6833239369,1303261847.0,21394773,21395457
21395457,41.8690520627,-87.6835740456,1303261864.0,21394869,21395658
21395658,41.8690624151,-87.6838517819,1303261870.0,21395457,21395767
21395767,41.8690751512,-87.6840987397,1303261873.0,21395658,21395871
21395871,41.8690895045,-87.6843758158,1303261876.0,21395767,21396005
21396005,41.8690707392,-87.6846276981,1303261880.0,21395871,21396334
21396334,41.8690456576,-87.6848767538,1303261890.0,21396005,21396441
21396441,41.8690524717,-87.6851367643,1303261893.0,21396334,21396536
21396536,41.869044588,-87.68547103,1303261896.0,21396441,21396642
21396642,41.8690344578,-87.6857917872,1303261899.0,21396536,21396757
21396757,41.869069003,-87.6860305841,1303261902.0,21396642,21396967
21396967,41.8692581527,-87.6860724357,1303261908.0,21396757,21397415
21397415,41.8694402432,-87.686089362,1303261921.0,21396967,21397555
21397555,41.8696662886,-87.6861049594,1303261925.0,21397415,21397659
21397659,41.8699003099,-87.6861226289,1303261928.0,21397555,21397726
21397726,41.870101236,-87.6861236426,1303261930.0,21397659,21397792
21397792,41.8703062012,-87.6861331313,1303261932.0,21397726,21397861
21397861,41.8704891991,-87.6861377872,1303261934.0,21397792,21397961
21397961,41.8707011618,-87.6861354921,1303261937.0,21397861,21398069
21398069,41.8708812224,-87.6861397319,1303261940.0,21397961,21398175
21398175,41.8710753002,-87.6861554451,1303261943.0,21398069,21398281
21398281,41.8713163767,-87.6861696983,1303261946.0,21398175,21398378
21398378,41.8715743438,-87.6861759488,1303261949.0,21398281,21398450
21398450,41.87178329,-87.6861744181,1303261951.0,21398378,21398523
21398523,41.8719831142,-87.6861649529,1303261953.0,21398450,21398613
21398613,41.8722329963,-87.6861605248,1303261956.0,21398523,21398685
21398685,41.8724320052,-87.6861625674,1303261958.0,21398613,21398751
21398751,41.872647971,-87.6861635183,1303261960.0,21398685,21398823
21398823,41.8728729682,-87.6861663049,1303261962.0,21398751,21398888
21398888,41.873093991,-87.6861723865,1303261964.0,21398823,21398952
21398952,41.8733029702,-87.686177088,1303261966.0,21398888,21399001
21399001,41.8734859754,-87.6861820056,1303261968.0,21398952,21399085
21399085,41.8736801004,-87.6861834171,1303261971.0,21399001,21399280
21399280,41.8738563728,-87.6860808605,1303261977.0,21399085,21399442
21399442,41.8739320101,-87.6858576804,1303261983.0,21399280,21399863
21399863,41.8739752978,-87.6856217835,1303261996.0,21399442,21399952
21399952,41.873998165,-87.6853347781,1303261999.0,21399863,21400017
21400017,41.8740017931,-87.6850858122,1303262001.0,21399952,21400083
21400083,41.8739982939,-87.6848288103,1303262003.0,21400017,21400149
21400149,41.8739856112,-87.6845818234,1303262005.0,21400083,21400260
21400260,41.8739668446,-87.6842618615,1303262008.0,21400149,21400428
21400428,41.8739577624,-87.6840167794,1303262013.0,21400260,21400870
21400870,41.8739719297,-87.6837347923,1303262026.0,21400428,21400970
21400970,41.8739852179,-87.6834198304,1303262029.0,21400870,21401036
21401036,41.874001227,-87.6831478014,1303262031.0,21400970,21401102
21401102,41.8740253447,-87.6828588493,1303262033.0,21401036,21401170
21401170,41.8740512083,-87.682572927,1303262035.0,21401102,21401238
21401238,41.8740739219,-87.6823009993,1303262037.0,21401170,21401303
21401303,41.8740824139,-87.6820479809,1303262039.0,21401238,21401405
21401405,41.874093994,-87.6817959449,1303262042.0,21401303,21401636
21401636,41.8741313814,-87.6815109893,1303262049.0,21401405,21401732
21401732,41.8741688594,-87.6812319922,1303262052.0,21401636,21401805
21401805,41.8741879246,-87.6809829956,1303262054.0,21401732,21401876
21401876,41.8741959177,-87.6806759954,1303262056.0,21401805,21401946
21401946,41.8742039051,-87.6803579937,1303262058.0,21401876,21402001
21402001,41.8742048389,-87.6800289901,1303262060.0,21401946,21402072
21402072,41.8741987019,-87.6796979939,1303262062.0,21402001,21402137
21402137,41.87419459,-87.6793729937,1303262064.0,21402072,21402208
21402208,41.8741874061,-87.6790479938,1303262066.0,21402137,21402268
21402268,41.874181191,-87.6787269922,1303262068.0,21402208,21402331
21402331,41.8741644576,-87.678395979,1303262070.0,21402268,21402400
21402400,41.8741429201,-87.6780619515,1303262072.0,21402331,21402468
21402468,41.8741415813,-87.6777739597,1303262074.0,21402400,21402540
21402540,41.8741554658,-87.6775329416,1303262076.0,21402468,21402650
21402650,41.8741608634,-87.6772360043,1303262079.0,21402540,21402782
21402782,41.8741453719,-87.676959264,1303262083.0,21402650,None
