39868977,41.8692598215,-87.6712209812,1303691773.0,None,39869331
39869331,41.869252332,-87.6715093882,1303691784.0,39868977,39869522
39869522,41.8693140867,-87.6717965875,1303691790.0,39869331,39869610
39869610,41.8692991768,-87.6721680214,1303691793.0,39869522,39869659
39869659,41.8692871618,-87.6724451195,1303691795.0,39869610,39869725
39869725,41.8692717171,-87.6727369365,1303691797.0,39869659,39869792
39869792,41.8692555881,-87.6730122627,1303691799.0,39869725,39869891
39869891,41.8692397236,-87.6733268857,1303691802.0,39869792,39870049
39870049,41.869225896,-87.6735725714,1303691807.0,39869891,39870174
39870174,41.8692149873,-87.6738457677,1303691811.0,39870049,39870273
39870273,41.8692047876,-87.674154988,1303691814.0,39870174,39870334
39870334,41.8691999169,-87.6744000267,1303691816.0,39870273,39870397
39870397,41.869194977,-87.6746640658,1303691818.0,39870334,39870464
39870464,41.8691902293,-87.6749211071,1303691820.0,39870397,39870525
39870525,41.8691871728,-87.6751690761,1303691822.0,39870464,39870622
39870622,41.8691847854,-87.6755063494,1303691825.0,39870525,39870715
39870715,41.8691824296,-87.6757544427,1303691828.0,39870622,39870853
39870853,41.8691764391,-87.6760691545,1303691832.0,39870715,39870938
39870938,41.8691606137,-87.6763820792,1303691835.0,39870853,39871027
39871027,41.8691482026,-87.6767529996,1303691838.0,39870938,39871089
39871089,41.8691422387,-87.6770309715,1303691840.0,39871027,39871156
39871156,41.8691381374,-87.6773269536,1303691842.0,39871089,39871220
39871220,41.8691349451,-87.6776299522,1303691844.0,39871156,39871287
39871287,41.8691327837,-87.6779339443,1303691846.0,39871220,39871355
39871355,41.8691304693,-87.6782339762,1303691848.0,39871287,39871407
39871407,41.8691272008,-87.6785270099,1303691850.0,39871355,39871473
39871473,41.8691231583,-87.6788089457,1303691852.0,39871407,39871535
39871535,41.8691173816,-87.6790869639,1303691854.0,39871473,39871597
39871597,41.8691126325,-87.6793599961,1303691856.0,39871535,39871659
39871659,41.8691077749,-87.6796240106,1303691858.0,39871597,39871725
39871725,41.8691040085,-87.6798731208,1303691860.0,39871659,39871819
39871819,41.8691057174,-87.6802002702,1303691863.0,39871725,39871952
39871952,41.8691087692,-87.6804801325,1303691867.0,39871819,39872514
39872514,41.8691087606,-87.6807420969,1303691889.0,39871952,39872635
39872635,41.8691088196,-87.6810029669,1303691893.0,39872514,39872694
39872694,41.8691041375,-87.681300833,1303691896.0,39872635,39872737
39872737,41.8690938427,-87.6816637432,1303691899.0,39872694,39872797
39872797,41.8690846518,-87.6819297925,1303691901.0,39872737,39872851
39872851,41.869076753,-87.6822018749,1303691903.0,39872797,39872909
39872909,41.869071684,-87.6824658717,1303691905.0,39872851,39872961
39872961,41.8690682686,-87.6827178915,1303691907.0,39872909,39873031
39873031,41.8690657039,-87.6830699374,1303691910.0,39872961,39873113
39873113,41.8690619802,-87.6833538634,1303691913.0,39873031,39873310
39873310,41.8690524555,-87.6836249985,1303691920.0,39873113,39873433
39873433,41.8690466717,-87.6839237587,1303691924.0,39873310,39873512
39873512,41.8690368385,-87.6846758181,1303691932.0,39873433,39873735
39873735,41.8690333493,-87.6849518077,1303691939.0,39873512,39873833
39873833,41.8690314338,-87.6851968602,1303691942.0,39873735,39873897
39873897,41.8690339442,-87.6855920704,1303691946.0,39873833,39874014
39874014,41.8690386654,-87.685874638,1303691950.0,39873897,39874415
39874415,41.8691510808,-87.6860771382,1303691966.0,39874014,39874433
39874433,41.869386202,-87.6860803957,1303691970.0,39874415,39874451
39874451,41.8696191023,-87.6860756808,1303691973.0,39874433,39874472
39874472,41.8698891027,-87.6860859256,1303691976.0,39874451,39874488
39874488,41.8700820741,-87.6860945696,1303691978.0,39874472,39874504
39874504,41.8702790855,-87.6861022085,1303691980.0,39874488,39874522
39874522,41.8704660945,-87.6861079637,1303691982.0,39874504,39874550
39874550,41.8707280865,-87.6861135965,1303691985.0,39874522,39874580
39874580,41.8709722112,-87.6861203334,1303691988.0,39874550,39874612
39874612,41.8712231124,-87.6861299437,1303691991.0,39874580,39874645
39874645,41.8714891462,-87.6861432787,1303691994.0,39874612,39874669
39874669,41.8716741174,-87.686150802,1303691996.0,39874645,39874693
39874693,41.8718641332,-87.6861602271,1303691998.0,39874669,39874717
39874717,41.8720580851,-87.6861650104,1303692000.0,39874693,39874743
39874743,41.8722530756,-87.6861720972,1303692002.0,39874717,39874769
39874769,41.8724430899,-87.6861768348,1303692004.0,39874743,39874795
39874795,41.872625083,-87.6861800977,1303692006.0,39874769,39874837
39874837,41.8728810647,-87.6861844965,1303692009.0,39874795,39874879
39874879,41.8731130676,-87.6861872296,1303692012.0,39874837,39874917
39874917,41.873325036,-87.6861906451,1303692015.0,39874879,39874995
39874995,41.8735199838,-87.6861868417,1303692020.0,39874917,39875188
39875188,41.8737262638,-87.6861935263,1303692032.0,39874995,39875275
39875275,41.8738905472,-87.6860752188,1303692037.0,39875188,39875346
39875346,41.8739067114,-87.68576888,1303692041.0,39875275,39875398
39875398,41.873906064,-87.6854659993,1303692044.0,39875346,39875454
39875454,41.8739132765,-87.6851290112,1303692047.0,39875398,39875512
39875512,41.8739195246,-87.6847850319,1303692050.0,39875454,39875563
39875563,41.8739269055,-87.6844679879,1303692053.0,39875512,39875625
39875625,41.8739332705,-87.6841488517,1303692056.0,39875563,39875676
39875676,41.8739419382,-87.6838038312,1303692059.0,39875625,39875716
39875716,41.873947338,-87.6835578445,1303692061.0,39875676,39875753
39875753,41.8739543157,-87.6832929235,1303692063.0,39875716,39875792
39875792,41.8739640853,-87.6830168537,1303692065.0,39875753,39875833
39875833,41.873964725,-87.6827408948,1303692067.0,39875792,39875877
39875877,41.8739668472,-87.6824789005,1303692069.0,39875833,39875919
39875919,41.8739696655,-87.6822279431,1303692071.0,39875877,39875982
39875982,41.8739719162,-87.6818800019,1303692074.0,39875919,39876044
39876044,41.8739696529,-87.6816369676,1303692077.0,39875982,39876200
39876200,41.873974265,-87.6813649513,1303692084.0,39876044,39876254
39876254,41.8739778667,-87.6811229025,1303692087.0,39876200,39876316
39876316,41.8739816808,-87.6807999917,1303692090.0,39876254,39876350
39876350,41.8739857679,-87.6805530288,1303692092.0,39876316,39876373
39876373,41.8739897792,-87.680295034,1303692094.0,39876350,39876403
39876403,41.873992942,-87.6800280499,1303692096.0,39876373,39876437
39876437,41.8739961636,-87.6797530156,1303692098.0,39876403,39876474
39876474,41.8739984463,-87.6794750382,1303692100.0,39876437,39876517
39876517,41.8740039715,-87.6791980164,1303692102.0,39876474,39876563
39876563,41.8740087952,-87.6789229803,1303692104.0,39876517,39876614
39876614,41.8740152424,-87.6786519759,1303692106.0,39876563,39876664
39876664,41.8740200245,-87.6783839834,1303692108.0,39876614,39876709
39876709,41.8740231645,-87.6781229863,1303692110.0,39876664,39876755
39876755,41.8740263969,-87.6778639767,1303692112.0,39876709,39876798
39876798,41.8740309255,-87.677618037,1303692114.0,39876755,39876870
39876870,41.8740318067,-87.677276092,1303692117.0,39876798,39876944
39876944,41.8740159381,-87.6769848791,1303692120.0,39876870,39877066
39877066,41.8740099817,-87.6767406642,1303692125.0,39876944,39877274
39877274,41.873843609,-87.6765712057,1303692144.0,39877066,39877298
39877298,41.8736467049,-87.6765534765,1303692147.0,39877274,39877325
39877325,41.8733895137,-87.6765310624,1303692150.0,39877298,39877344
39877344,41.8731934494,-87.67651954,1303692152.0,39877325,39877364
39877364,41.8729803422,-87.6765081889,1303692154.0,39877344,39877384
39877384,41.8727554007,-87.6764885367,1303692156.0,39877364,39877406
39877406,41.8725263554,-87.6764635703,1303692158.0,39877384,39877428
39877428,41.8723025159,-87.6764405864,1303692160.0,39877406,39877451
39877451,41.8720856991,-87.6764127117,1303692162.0,39877428,39877475
39877475,41.8718845351,-87.6763906412,1303692164.0,39877451,39877511
39877511,41.8716547954,-87.6763770432,1303692167.0,39877475,39877563
39877563,41.8714890408,-87.6762747646,1303692171.0,39877511,39877617
39877617,41.8714652261,-87.6759653829,1303692175.0,39877563,39877659
39877659,41.8714693112,-87.6756728972,1303692178.0,39877617,39877702
39877702,41.8714694611,-87.675404951,1303692181.0,39877659,39877937
39877937,41.8714729243,-87.6751379482,1303692196.0,39877702,39878005
39878005,41.8714926495,-87.6748461128,1303692200.0,39877937,39878056
39878056,41.8715066921,-87.6745431022,1303692203.0,39878005,39878108
39878108,41.8715169203,-87.6742521387,1303692206.0,39878056,39878179
39878179,41.8715232087,-87.6739812836,1303692210.0,39878108,39878289
39878289,41.8715258656,-87.6737374423,1303692216.0,39878179,39878344
39878344,41.871531244,-87.6734843843,1303692219.0,39878289,39878384
39878384,41.8715399555,-87.6731420207,1303692222.0,39878344,39878424
39878424,41.8715477678,-87.6728888935,1303692224.0,39878384,39878487
39878487,41.8715552806,-87.6725318419,1303692227.0,39878424,39878543
39878543,41.8715672526,-87.6721848777,1303692230.0,39878487,39878581
39878581,41.8715693453,-87.6719399685,1303692232.0,39878543,39878604
39878604,41.8715671144,-87.6716856713,1303692234.0,39878581,39878646
39878646,41.8715648771,-87.6714307466,1303692236.0,39878604,39878668
39878668,41.8715679079,-87.6711786905,1303692238.0,39878646,39878689
39878689,41.8715740434,-87.6709238028,1303692240.0,39878668,39878714
39878714,41.8715829888,-87.6706718369,1303692242.0,39878689,39878749
39878749,41.8715868419,-87.6704138694,1303692244.0,39878714,39878789
39878789,41.8715864704,-87.670152639,1303692246.0,39878749,39878825
39878825,41.871588884,-87.6698955725,1303692248.0,39878789,39878879
39878879,41.8715891151,-87.6695466139,1303692251.0,39878825,39878945
39878945,41.8715839239,-87.6693032607,1303692254.0,39878879,39879105
39879105,41.8715390952,-87.6690718598,1303692262.0,39878945,39879214
39879214,41.871324784,-87.6690493499,1303692267.0,39879105,39879277
39879277,41.8711236651,-87.6690449224,1303692270.0,39879214,39879342
39879342,41.8708718407,-87.6690376096,1303692273.0,39879277,39879387
39879387,41.8706839214,-87.6690261567,1303692275.0,39879342,39879430
39879430,41.8705019702,-87.6690209247,1303692277.0,39879387,39879499
39879499,41.8702468995,-87.6690147661,1303692280.0,39879430,39879564
39879564,41.8700388958,-87.6690120652,1303692283.0,39879499,39879671
39879671,41.8698509533,-87.6690179788,1303692288.0,39879564,39879875
39879875,41.8696450189,-87.6690159304,1303692297.0,39879671,39879969
39879969,41.869443705,-87.6690125326,1303692301.0,39879875,39880159
39880159,41.8692505689,-87.6689899049,1303692309.0,39879969,39880279
39880279,41.8692013035,-87.6686832613,1303692314.0,39880159,39880355
39880355,41.8692109883,-87.6683960056,1303692317.0,39880279,39880430
39880430,41.8692151955,-87.6680889846,1303692320.0,39880355,39880506
39880506,41.869222394,-87.6678029208,1303692323.0,39880430,39880586
39880586,41.8692291779,-87.6675348036,1303692326.0,39880506,39880661
39880661,41.8692369249,-87.6672787367,1303692329.0,39880586,39880766
39880766,41.8692368843,-87.6669856078,1303692333.0,39880661,None
