54211812,41.8671272129,-87.6531740959,1303952877.0,None,54211994
54211994,41.8671247646,-87.6534420452,1303952883.0,54211812,54212101
54212101,41.8671197011,-87.6537600693,1303952887.0,54211994,54212181
54212181,41.8671156733,-87.6540459475,1303952890.0,54212101,54212278
54212278,41.8671091767,-87.6543400496,1303952893.0,54212181,54212345
54212345,41.867099163,-87.6546332721,1303952896.0,54212278,54212425
54212425,41.8670925373,-87.6549392196,1303952899.0,54212345,54212508
54212508,41.8670888167,-87.6552431148,1303952902.0,54212425,54212604
54212604,41.8670839427,-87.6555381428,1303952905.0,54212508,54212697
54212697,41.8670809491,-87.6558300493,1303952908.0,54212604,54212783
54212783,41.8670783674,-87.6560990057,1303952911.0,54212697,54212895
54212895,41.8670780423,-87.6564042063,1303952915.0,54212783,54213116
54213116,41.8671093419,-87.6566415736,1303952923.0,54212895,54213240
54213240,41.8673003852,-87.6566941067,1303952927.0,54213116,54213329
54213329,41.8674922353,-87.6567015558,1303952930.0,54213240,54213414
54213414,41.8677140848,-87.6567136732,1303952933.0,54213329,54213500
54213500,41.8679420528,-87.656720159,1303952936.0,54213414,54213583
54213583,41.8681680898,-87.6567285529,1303952939.0,54213500,54213668
54213668,41.8683950748,-87.656735874,1303952942.0,54213583,54213756
54213756,41.868618037,-87.6567408415,1303952945.0,54213668,54213848
54213848,41.8688329821,-87.6567449237,1303952948.0,54213756,54213934
54213934,41.8690499816,-87.6567431511,1303952951.0,54213848,54214025
54214025,41.8692620728,-87.6567388392,1303952954.0,54213934,54214122
54214122,41.8694745916,-87.6567422126,1303952957.0,54214025,54214214
54214214,41.8696911661,-87.6567505761,1303952960.0,54214122,54214298
54214298,41.869914203,-87.6567692913,1303952963.0,54214214,54214385
54214385,41.8701461389,-87.6567785965,1303952966.0,54214298,54214471
54214471,41.8703820517,-87.6567825267,1303952969.0,54214385,54214558
54214558,41.870625057,-87.6567886093,1303952972.0,54214471,54214655
54214655,41.8708641065,-87.6567970914,1303952975.0,54214558,54214739
54214739,41.8711060798,-87.6568041891,1303952978.0,54214655,54214823
54214823,41.8713410866,-87.6568092647,1303952981.0,54214739,54214901
54214901,41.8715700311,-87.6568078263,1303952984.0,54214823,54214989
54214989,41.8717830955,-87.6567995744,1303952987.0,54214901,54215089
54215089,41.8719791795,-87.6567895335,1303952990.0,54214989,54215265
54215265,41.8721641096,-87.6567831399,1303952996.0,54215089,54215385
54215385,41.8723711179,-87.6567717852,1303953001.0,54215265,54215503
54215503,41.8726080047,-87.6567639609,1303953005.0,54215385,54215605
54215605,41.8728030901,-87.6567540727,1303953008.0,54215503,54215681
54215681,41.8729993201,-87.6567346964,1303953011.0,54215605,54215751
54215751,41.8731802576,-87.6567189349,1303953014.0,54215681,54215837
54215837,41.8733620206,-87.6567155941,1303953017.0,54215751,54215933
54215933,41.8735519738,-87.656719293,1303953020.0,54215837,54216024
54216024,41.8737379905,-87.6567254016,1303953023.0,54215933,54216138
54216138,41.8739620627,-87.656729597,1303953027.0,54216024,54216286
54216286,41.8741441893,-87.6567200522,1303953032.0,54216138,54216475
54216475,41.8742362875,-87.6565141038,1303953038.0,54216286,54216577
54216577,41.8742405897,-87.6562188402,1303953042.0,54216475,54216661
54216661,41.8742443596,-87.6559496777,1303953045.0,54216577,54216750
54216750,41.874248935,-87.6556766697,1303953048.0,54216661,54216845
54216845,41.8742525232,-87.655399816,1303953051.0,54216750,54216941
54216941,41.8742545843,-87.6551158767,1303953054.0,54216845,54217030
54217030,41.8742600785,-87.654835826,1303953057.0,54216941,54217110
54217110,41.8742638843,-87.6545518405,1303953060.0,54217030,54217200
54217200,41.8742669306,-87.654267879,1303953063.0,54217110,54217296
54217296,41.8742692853,-87.6539949246,1303953066.0,54217200,54217393
54217393,41.8742714372,-87.6537289995,1303953069.0,54217296,54217475
54217475,41.8742757178,-87.6534790172,1303953072.0,54217393,54217544
54217544,41.8742790121,-87.653232112,1303953075.0,54217475,54217626
54217626,41.8742813504,-87.6529820892,1303953078.0,54217544,54217712
54217712,41.8742825382,-87.6527330541,1303953081.0,54217626,54217834
54217834,41.8742825199,-87.6524260829,1303953085.0,54217712,54218006
54218006,41.8742885949,-87.6521801103,1303953091.0,54217834,54218431
54218431,41.8742978716,-87.6519299999,1303953106.0,54218006,54218548
54218548,41.8743060603,-87.6516420959,1303953110.0,54218431,54218639
54218639,41.8743107636,-87.6513861976,1303953113.0,54218548,54218725
54218725,41.8743146178,-87.6511062233,1303953116.0,54218639,54218813
54218813,41.8743201618,-87.650826141,1303953119.0,54218725,54218898
54218898,41.8743241521,-87.6505681362,1303953122.0,54218813,54218987
54218987,41.8743285024,-87.650321056,1303953125.0,54218898,54219106
54219106,41.874332257,-87.6500451469,1303953129.0,54218987,54219206
54219206,41.8743372475,-87.6498022942,1303953133.0,54219106,54219321
54219321,41.8743483626,-87.649480215,1303953137.0,54219206,54219420
54219420,41.8743519166,-87.6491982015,1303953140.0,54219321,54219509
54219509,41.8743541489,-87.6489111394,1303953143.0,54219420,54219606
54219606,41.8743561622,-87.64861904,1303953146.0,54219509,54219684
54219684,41.8743486985,-87.648330736,1303953149.0,54219606,54219730
54219730,41.8743312483,-87.6480666374,1303953152.0,54219684,54219807
54219807,41.8743134435,-87.6477637424,1303953156.0,54219730,54219906
54219906,41.8742965208,-87.6475018357,1303953160.0,54219807,54220114
54220114,41.8742616384,-87.6472646738,1303953168.0,54219906,54220239
54220239,41.8740620124,-87.6471821423,1303953172.0,54220114,54220335
54220335,41.8738587783,-87.647177681,1303953175.0,54220239,54220423
54220423,41.8736407655,-87.6471740339,1303953178.0,54220335,54220505
54220505,41.8734027425,-87.6471692899,1303953181.0,54220423,54220588
54220588,41.8731567387,-87.6471619753,1303953184.0,54220505,54220678
54220678,41.8729128051,-87.6471534511,1303953187.0,54220588,54220777
54220777,41.872679874,-87.6471458195,1303953190.0,54220678,54220870
54220870,41.872458955,-87.6471406305,1303953193.0,54220777,54220956
54220956,41.8722619961,-87.6471468648,1303953196.0,54220870,54221425
54221425,41.8720699535,-87.6471338696,1303953212.0,54220956,54221695
54221695,41.8718729475,-87.6471244841,1303953222.0,54221425,54221819
54221819,41.8716340068,-87.6471159782,1303953226.0,54221695,54221915
54221915,41.8714250401,-87.6471085157,1303953229.0,54221819,54222010
54222010,41.8712030139,-87.6471026816,1303953232.0,54221915,54222089
54222089,41.8709750058,-87.6470978221,1303953235.0,54222010,54222170
54222170,41.8707409988,-87.64709153,1303953238.0,54222089,54222258
54222258,41.8704830561,-87.6470782495,1303953241.0,54222170,54222321
54222321,41.8703011014,-87.6470711728,1303953243.0,54222258,54222386
54222386,41.8701190489,-87.6470670434,1303953245.0,54222321,54222447
54222447,41.8699390092,-87.6470613244,1303953247.0,54222386,54222536
54222536,41.8696818895,-87.6470603361,1303953250.0,54222447,54222616
54222616,41.8694470258,-87.6470644057,1303953253.0,54222536,54222691
54222691,41.8692509994,-87.647061677,1303953256.0,54222616,54223225
54223225,41.8690698701,-87.6470550613,1303953274.0,54222691,54223340
54223340,41.8688419516,-87.6470495944,1303953278.0,54223225,54223429
54223429,41.8686109085,-87.6470345351,1303953281.0,54223340,54223521
54223521,41.8683709577,-87.6470282013,1303953284.0,54223429,54223603
54223603,41.8681391739,-87.6470241438,1303953287.0,54223521,54223691
54223691,41.8679161685,-87.6470186471,1303953290.0,54223603,54223775
54223775,41.8677009499,-87.6470074147,1303953293.0,54223691,54223856
54223856,41.8675207555,-87.6470033595,1303953296.0,54223775,None
