38745661,41.8638058171,-87.6502322768,1303646452.0,None,38746284
38746284,41.8637122026,-87.6504627533,1303646470.0,38745661,38746467
38746467,41.8635220092,-87.6505953334,1303646475.0,38746284,38746683
38746683,41.8635086377,-87.6508540436,1303646481.0,38746467,38746853
38746853,41.8636733907,-87.6509519004,1303646486.0,38746683,38746982
38746982,41.8638960912,-87.6509539386,1303646490.0,38746853,38747060
38747060,41.864108065,-87.6509579533,1303646493.0,38746982,38747168
38747168,41.8643200546,-87.6509652251,1303646496.0,38747060,38747261
38747261,41.8645400284,-87.6509610422,1303646500.0,38747168,38747426
38747426,41.8647330127,-87.6509595973,1303646506.0,38747261,38747538
38747538,41.8649609672,-87.6509649018,1303646510.0,38747426,38747622
38747622,41.8651789854,-87.6509709627,1303646513.0,38747538,38747717
38747717,41.8654260028,-87.6509805133,1303646516.0,38747622,38747823
38747823,41.8656920052,-87.6509869658,1303646519.0,38747717,38747924
38747924,41.8659589729,-87.6509926332,1303646522.0,38747823,38748028
38748028,41.8662179498,-87.6509982949,1303646525.0,38747924,38748132
38748132,41.866464894,-87.6509980704,1303646528.0,38748028,38748236
38748236,41.8666948478,-87.6509968826,1303646531.0,38748132,38748371
38748371,41.8668934947,-87.6509932462,1303646535.0,38748236,38748897
38748897,41.867092215,-87.6509899586,1303646550.0,38748371,38749000
38749000,41.8672766114,-87.650991072,1303646553.0,38748897,38749102
38749102,41.8675071809,-87.650996005,1303646556.0,38749000,38749205
38749205,41.8677649557,-87.6510036899,1303646559.0,38749102,38749272
38749272,41.8679489372,-87.6510103739,1303646561.0,38749205,38749339
38749339,41.8681389586,-87.6510180874,1303646563.0,38749272,38749404
38749404,41.8683339423,-87.6510257782,1303646565.0,38749339,38749476
38749476,41.8685299676,-87.6510346994,1303646567.0,38749404,38749548
38749548,41.8687259548,-87.6510394941,1303646569.0,38749476,38749615
38749615,41.8689088841,-87.651044041,1303646571.0,38749548,38749720
38749720,41.8691537388,-87.6510668394,1303646574.0,38749615,38749853
38749853,41.8693385141,-87.6510855348,1303646578.0,38749720,38750125
38750125,41.8694651817,-87.6508646984,1303646586.0,38749853,38750233
38750233,41.8694595267,-87.6506076468,1303646589.0,38750125,38750343
38750343,41.8694547088,-87.6502969574,1303646592.0,38750233,38750431
38750431,41.8694607865,-87.6499490751,1303646595.0,38750343,38750536
38750536,41.8694695018,-87.6495840968,1303646598.0,38750431,38750605
38750605,41.8694716318,-87.6493310562,1303646600.0,38750536,38750674
38750674,41.8694746576,-87.6490750444,1303646602.0,38750605,38750750
38750750,41.8694803753,-87.6488150083,1303646604.0,38750674,38750823
38750823,41.8694825805,-87.6485630504,1303646606.0,38750750,38750931
38750931,41.8694903444,-87.6482102793,1303646609.0,38750823,38751034
38751034,41.8694970765,-87.6478831622,1303646612.0,38750931,38751132
38751132,41.8694971427,-87.6475871373,1303646615.0,38751034,38751231
38751231,41.8695044216,-87.6473381648,1303646618.0,38751132,38751432
38751432,41.8694697422,-87.6470923531,1303646624.0,38751231,38751582
38751582,41.8692630082,-87.6470543391,1303646628.0,38751432,38751682
38751682,41.8690528622,-87.6470521705,1303646631.0,38751582,38751786
38751786,41.8688019067,-87.6470465822,1303646634.0,38751682,38751854
38751854,41.8686220042,-87.6470423806,1303646636.0,38751786,38751919
38751919,41.8684359639,-87.6470384007,1303646638.0,38751854,38751984
38751984,41.8682480434,-87.6470386485,1303646640.0,38751919,38752050
38752050,41.8680581397,-87.6470463833,1303646642.0,38751984,38752114
38752114,41.8678721453,-87.6470487011,1303646644.0,38752050,38752219
38752219,41.8676120825,-87.647051988,1303646647.0,38752114,38752325
38752325,41.8673865777,-87.6470541904,1303646650.0,38752219,38752460
38752460,41.8672062449,-87.6472093687,1303646654.0,38752325,38752565
38752565,41.8671860706,-87.647468448,1303646657.0,38752460,38752673
38752673,41.867183275,-87.6477751847,1303646660.0,38752565,38752776
38752776,41.8671814482,-87.6481032341,1303646663.0,38752673,38752880
38752880,41.8671855174,-87.6484222233,1303646666.0,38752776,38752985
38752985,41.8671880188,-87.6487161129,1303646669.0,38752880,38753080
38753080,41.8671849341,-87.6489820745,1303646672.0,38752985,38753184
38753184,41.8671837632,-87.6492989855,1303646675.0,38753080,38753290
38753290,41.8671826076,-87.649654976,1303646678.0,38753184,38753360
38753360,41.8671814966,-87.6499049244,1303646680.0,38753290,38753438
38753438,41.8671805193,-87.6501518983,1303646682.0,38753360,38753542
38753542,41.8671822798,-87.6505037215,1303646685.0,38753438,38753606
38753606,41.8671791403,-87.6508233859,1303646688.0,38753542,38753622
38753622,41.8672765154,-87.6510485337,1303646692.0,38753606,38753645
38753645,41.8675251624,-87.6510469319,1303646696.0,38753622,38753666
38753666,41.8677553078,-87.6510461952,1303646699.0,38753645,38753690
38753690,41.868000257,-87.6510500705,1303646702.0,38753666,38753716
38753716,41.8682442148,-87.651054581,1303646705.0,38753690,38753744
38753744,41.8684941879,-87.6510595414,1303646708.0,38753716,38753774
38753774,41.8687401892,-87.651064753,1303646711.0,38753744,38753806
38753806,41.8689932342,-87.6510708049,1303646714.0,38753774,38753839
38753839,41.8692265401,-87.651102445,1303646717.0,38753806,38753875
38753875,41.8694085195,-87.6511591255,1303646720.0,38753839,38753924
38753924,41.8695278783,-87.6513950003,1303646724.0,38753875,38753963
38753963,41.8695205847,-87.6516511242,1303646727.0,38753924,38754003
38754003,41.8695085195,-87.6519410912,1303646730.0,38753963,38754045
38754045,41.8695001692,-87.6522600538,1303646733.0,38754003,38754087
38754087,41.8694895562,-87.6526010642,1303646736.0,38754045,38754132
38754132,41.8694754738,-87.6529470549,1303646739.0,38754087,38754173
38754173,41.8694683399,-87.653286056,1303646742.0,38754132,38754220
38754220,41.8694666865,-87.6536040295,1303646745.0,38754173,38754269
38754269,41.8694651947,-87.6538889754,1303646748.0,38754220,38754350
38754350,41.8694698824,-87.6541369763,1303646753.0,38754269,38754434
38754434,41.86946892,-87.654430978,1303646758.0,38754350,38754488
38754488,41.8694656162,-87.6546929685,1303646761.0,38754434,38754541
38754541,41.8694527143,-87.6550030258,1303646764.0,38754488,38754594
38754594,41.8694470621,-87.6553310156,1303646767.0,38754541,38754650
38754650,41.8694439745,-87.655671,1303646770.0,38754594,38754706
38754706,41.8694405485,-87.656022913,1303646773.0,38754650,38754761
38754761,41.8694357494,-87.6563698659,1303646776.0,38754706,38754820
38754820,41.8694408163,-87.6567224152,1303646779.0,38754761,38754857
38754857,41.8694360205,-87.656964472,1303646781.0,38754820,38754896
38754896,41.8694217291,-87.6572112753,1303646783.0,38754857,38754936
38754936,41.8694053039,-87.6574641882,1303646785.0,38754896,38754975
38754975,41.8693982218,-87.6577251347,1303646787.0,38754936,38755017
38755017,41.8693951943,-87.6579880754,1303646789.0,38754975,38755059
38755059,41.8693989554,-87.6582561292,1303646791.0,38755017,38755099
38755099,41.8694008338,-87.6585181025,1303646793.0,38755059,38755140
38755140,41.8694005568,-87.6587761032,1303646795.0,38755099,38755182
38755182,41.8694047862,-87.6590370613,1303646797.0,38755140,38755217
38755217,41.8694007164,-87.659287069,1303646799.0,38755182,38755249
38755249,41.8693948878,-87.6595320625,1303646801.0,38755217,38755254
38755254,41.8693900255,-87.6597750643,1303646803.0,38755249,38755262
38755262,41.869388726,-87.660020049,1303646805.0,38755254,38755278
38755278,41.8693844711,-87.6603830384,1303646808.0,38755262,38755297
38755297,41.8693822118,-87.6607370382,1303646811.0,38755278,38755319
38755319,41.8693822393,-87.6610791161,1303646814.0,38755297,38755343
38755343,41.8693833869,-87.6614241483,1303646817.0,38755319,38755370
38755370,41.8693841402,-87.66176905,1303646820.0,38755343,38755399
38755399,41.8693719674,-87.6621178541,1303646823.0,38755370,38755429
38755429,41.8693598946,-87.6624759614,1303646826.0,38755399,38755462
38755462,41.8693529649,-87.6628369898,1303646829.0,38755429,38755496
38755496,41.8693500374,-87.6631891114,1303646832.0,38755462,38755532
38755532,41.869345011,-87.6635150331,1303646835.0,38755496,38755569
38755569,41.8693431971,-87.6637921791,1303646838.0,38755532,38755648
38755648,41.8693418942,-87.6640443457,1303646844.0,38755569,38755704
38755704,41.8693421004,-87.6642921664,1303646848.0,38755648,38755761
38755761,41.8693454541,-87.6646130341,1303646852.0,38755704,38755819
38755819,41.8693414385,-87.6649080539,1303646856.0,38755761,None
