68979354,41.8672103362,-87.6488847429,1302636607.0,None,68979577
68979577,41.8671977491,-87.6492827713,1302636614.0,68979354,68979586
68979586,41.8671913666,-87.649584845,1302636617.0,68979577,68979600
68979600,41.8671859864,-87.6499328544,1302636620.0,68979586,68979612
68979612,41.867181,-87.6501818828,1302636622.0,68979600,68979625
68979625,41.8671775941,-87.6504337797,1302636624.0,68979612,68979639
68979639,41.8671741407,-87.6506938859,1302636626.0,68979625,68979655
68979655,41.8671754715,-87.6509588664,1302636628.0,68979639,68979671
68979671,41.8671725003,-87.6512360845,1302636630.0,68979655,68979689
68979689,41.867167648,-87.6515033061,1302636632.0,68979671,68979707
68979707,41.8671637585,-87.6517660189,1302636634.0,68979689,68979727
68979727,41.8671607213,-87.6520157203,1302636636.0,68979707,68979757
68979757,41.8671546516,-87.6523287571,1302636639.0,68979727,68979790
68979790,41.8671488434,-87.6525957645,1302636642.0,68979757,68979824
68979824,41.8671449701,-87.6528937173,1302636645.0,68979790,68979860
68979860,41.8671374714,-87.6532116824,1302636648.0,68979824,68979897
68979897,41.8671315842,-87.6535507941,1302636651.0,68979860,68979936
68979936,41.867124603,-87.6539108002,1302636654.0,68979897,68979958
68979958,41.867121322,-87.6541627405,1302636656.0,68979936,68979986
68979986,41.8671179485,-87.6544196906,1302636658.0,68979958,68980016
68980016,41.8671124307,-87.6546785953,1302636660.0,68979986,68980042
68980042,41.8671039952,-87.6549407023,1302636662.0,68980016,68980071
68980071,41.8670985059,-87.6551928016,1302636664.0,68980042,68980118
68980118,41.8670937622,-87.6555218886,1302636667.0,68980071,68980161
68980161,41.8670882228,-87.6557648497,1302636670.0,68980118,68980272
68980272,41.8670847997,-87.6560088341,1302636677.0,68980161,68980573
68980573,41.8670775572,-87.6563010101,1302636696.0,68980272,68980624
68980624,41.8670786631,-87.6565629056,1302636699.0,68980573,68980680
68980680,41.8670712126,-87.6568930356,1302636702.0,68980624,68980721
68980721,41.8670692673,-87.6571459896,1302636704.0,68980680,68980760
68980760,41.8670659218,-87.6574139725,1302636706.0,68980721,68980798
68980798,41.8670622679,-87.6576909992,1302636708.0,68980760,68980835
68980835,41.8670564689,-87.6579769618,1302636710.0,68980798,68980876
68980876,41.8670494606,-87.6582720303,1302636712.0,68980835,68980918
68980918,41.8670452718,-87.6585720175,1302636714.0,68980876,68980958
68980958,41.8670404297,-87.6588779958,1302636716.0,68980918,68980997
68980997,41.8670353878,-87.6591879687,1302636718.0,68980958,68981037
68981037,41.8670296696,-87.6595059905,1302636720.0,68980997,68981082
68981082,41.8670245719,-87.6598239565,1302636722.0,68981037,68981125
68981125,41.8670209408,-87.6601309644,1302636724.0,68981082,68981169
68981169,41.86701681,-87.660392936,1302636726.0,68981125,68981228
68981228,41.8670139128,-87.6606859434,1302636729.0,68981169,68981339
68981339,41.8670105854,-87.6609550031,1302636734.0,68981228,68981970
68981970,41.8670053006,-87.6612220138,1302636762.0,68981339,68982062
68982062,41.8669985383,-87.6615431299,1302636766.0,68981970,68982134
68982134,41.8669940548,-87.6618370627,1302636769.0,68982062,68982207
68982207,41.8669883505,-87.6621539721,1302636772.0,68982134,68982260
68982260,41.866983586,-87.6623970129,1302636774.0,68982207,68982310
68982310,41.8669801502,-87.6626620201,1302636776.0,68982260,68982359
68982359,41.8669766833,-87.6629450055,1302636778.0,68982310,68982411
68982411,41.8669716761,-87.6632360284,1302636780.0,68982359,68982464
68982464,41.8669658213,-87.6635290224,1302636782.0,68982411,68982516
68982516,41.8669626724,-87.6638140036,1302636784.0,68982464,68982562
68982562,41.8669571315,-87.6640990069,1302636786.0,68982516,68982612
68982612,41.8669530201,-87.6643790101,1302636788.0,68982562,68982664
68982664,41.8669484198,-87.6646500033,1302636790.0,68982612,68982714
68982714,41.8669439019,-87.6649170536,1302636792.0,68982664,68982769
68982769,41.8669392878,-87.6651730556,1302636794.0,68982714,68982847
68982847,41.8669360379,-87.6654910999,1302636797.0,68982769,68982949
68982949,41.8669332566,-87.6657430542,1302636801.0,68982847,68983658
68983658,41.8669341021,-87.6659860226,1302636827.0,68982949,68983736
68983736,41.8669319932,-87.6662681698,1302636830.0,68983658,68983819
68983819,41.8669324687,-87.6666270963,1302636833.0,68983736,68983873
68983873,41.8669329298,-87.6668889829,1302636835.0,68983819,68983934
68983934,41.8669333469,-87.6671600444,1302636837.0,68983873,68983992
68983992,41.866933138,-87.6674410409,1302636839.0,68983934,68984047
68984047,41.8669357866,-87.6677240338,1302636841.0,68983992,68984109
68984109,41.866940149,-87.6679970643,1302636843.0,68984047,68984171
68984171,41.8669452302,-87.6682511051,1302636845.0,68984109,68984258
68984258,41.8669508655,-87.6685409849,1302636848.0,68984171,68984807
68984807,41.8669664831,-87.6687855989,1302636866.0,68984258,68985019
68985019,41.8671475302,-87.668931514,1302636873.0,68984807,68985139
68985139,41.8673960849,-87.6689409867,1302636877.0,68985019,68985231
68985231,41.8676670988,-87.668945502,1302636880.0,68985139,68985305
68985305,41.8678560924,-87.6689493277,1302636882.0,68985231,68985341
68985341,41.8680430881,-87.6689521967,1302636884.0,68985305,68985409
68985409,41.8683060629,-87.6689566698,1302636887.0,68985341,68985493
68985493,41.8685260684,-87.6689584388,1302636890.0,68985409,68985600
68985600,41.8687310976,-87.6689628019,1302636894.0,68985493,68985725
68985725,41.8689291873,-87.668961014,1302636899.0,68985600,68986102
68986102,41.8691118603,-87.66895298,1302636912.0,68985725,68986449
68986449,41.8692775704,-87.6690359401,1302636923.0,68986102,68986616
68986616,41.8692679726,-87.6693488431,1302636928.0,68986449,68986724
68986724,41.8692501188,-87.6696249289,1302636931.0,68986616,68986866
68986866,41.8692338858,-87.669894685,1302636935.0,68986724,68987357
68987357,41.8692352975,-87.6701728552,1302636950.0,68986866,68987740
68987740,41.8692537649,-87.670458915,1302636961.0,68987357,68987838
68987838,41.8692564142,-87.670723201,1302636964.0,68987740,68987939
68987939,41.8692621499,-87.6710005323,1302636967.0,68987838,68988476
68988476,41.8692845929,-87.6712545936,1302636982.0,68987939,68988943
68988943,41.8694079292,-87.6715461346,1302636995.0,68988476,68989023
68989023,41.8694305794,-87.671832746,1302636997.0,68988943,68989085
68989085,41.8694196188,-87.6721539093,1302636999.0,68989023,68989154
68989154,41.8693680628,-87.6725480315,1302637001.0,68989085,68989224
68989224,41.86932563,-87.6728610075,1302637003.0,68989154,68989299
68989299,41.8693034191,-87.6731022174,1302637005.0,68989224,68989453
68989453,41.8692779738,-87.6733625594,1302637009.0,68989299,68989622
68989622,41.8694342891,-87.6735224297,1302637014.0,68989453,68989735
68989735,41.8696449283,-87.673521088,1302637017.0,68989622,68989843
68989843,41.8699029692,-87.6735421405,1302637020.0,68989735,68989952
68989952,41.8701579863,-87.6735793312,1302637023.0,68989843,68990062
68990062,41.8704019699,-87.6736045662,1302637026.0,68989952,68990180
68990180,41.8706259789,-87.6736279587,1302637029.0,68990062,68990291
68990291,41.8708449479,-87.6736505902,1302637032.0,68990180,68990400
68990400,41.8710479543,-87.6736760447,1302637035.0,68990291,68990515
68990515,41.871231107,-87.6736970005,1302637038.0,68990400,68990708
68990708,41.8714117441,-87.6737809399,1302637043.0,68990515,68991049
68991049,41.8714877655,-87.6735264085,1302637053.0,68990708,68992038
68992038,41.871454865,-87.6732425888,1302637080.0,68991049,68992150
68992150,41.8714638208,-87.6729923268,1302637083.0,68992038,68992256
68992256,41.871468099,-87.6726302697,1302637086.0,68992150,68992323
68992323,41.8714730896,-87.6723642348,1302637088.0,68992256,68992394
68992394,41.8714761869,-87.6720939511,1302637090.0,68992323,68992467
68992467,41.871485698,-87.6718278885,1302637092.0,68992394,68992535
68992535,41.8714941279,-87.6715720492,1302637094.0,68992467,68992612
68992612,41.8715032948,-87.6713262479,1302637096.0,68992535,68992705
68992705,41.8715145321,-87.6709783186,1302637099.0,68992612,68992821
68992821,41.8715223677,-87.6706530883,1302637102.0,68992705,68992941
68992941,41.8715160303,-87.6703519816,1302637105.0,68992821,68993085
68993085,41.8715088733,-87.6700813214,1302637109.0,68992941,68993614
68993614,41.8715294047,-87.6698397368,1302637124.0,68993085,68993759
68993759,41.8715618162,-87.6696021061,1302637128.0,68993614,68994478
68994478,41.8715788134,-87.6693531847,1302637148.0,68993759,68995103
68995103,41.8715091176,-87.6691047469,1302637165.0,68994478,68995251
68995251,41.8713279636,-87.6690627462,1302637169.0,68995103,68995360
68995360,41.8711038359,-87.6690590044,1302637172.0,68995251,68995437
68995437,41.8709179861,-87.6690516923,1302637174.0,68995360,68995450
68995450,41.8707230714,-87.669040877,1302637176.0,68995437,68995522
68995522,41.8705260445,-87.6690311619,1302637178.0,68995450,68995554
68995554,41.8703279459,-87.6690230564,1302637180.0,68995522,68995619
68995619,41.8701358854,-87.6690148273,1302637182.0,68995554,68995687
68995687,41.8699508631,-87.6690081051,1302637184.0,68995619,68995787
68995787,41.8696968938,-87.6689982993,1302637187.0,68995687,68995887
68995887,41.8695007449,-87.668996061,1302637190.0,68995787,68996330
68996330,41.8693098462,-87.6689827803,1302637203.0,68995887,68996469
68996469,41.8690974287,-87.6689794603,1302637207.0,68996330,68996569
68996569,41.8688349221,-87.6689671634,1302637210.0,68996469,68996643
68996643,41.8686259356,-87.6689623338,1302637212.0,68996569,68996721
68996721,41.8684109555,-87.6689577578,1302637214.0,68996643,68996798
68996798,41.8682019678,-87.6689488313,1302637216.0,68996721,68996870
68996870,41.8679979229,-87.6689427629,1302637218.0,68996798,68996937
68996937,41.8677949168,-87.668940805,1302637220.0,68996870,68997005
68997005,41.8675979056,-87.6689355255,1302637222.0,68996937,68997090
68997090,41.8673478557,-87.6689300753,1302637225.0,68997005,68997224
68997224,41.8671495966,-87.6689261617,1302637229.0,68997090,None
