33289036,41.8741903847,-87.6669455293,1302301437.0,None,33289190
33289190,41.8742189373,-87.6666466894,1302301444.0,33289036,33289243
33289243,41.874244108,-87.6663826961,1302301447.0,33289190,33289304
33289304,41.8742565293,-87.6660309378,1302301450.0,33289243,33289324
33289324,41.8742623569,-87.665766975,1302301452.0,33289304,33289360
33289360,41.8742706977,-87.665481024,1302301454.0,33289324,33289398
33289398,41.8742676334,-87.6651730925,1302301456.0,33289360,33289433
33289433,41.8742644766,-87.6648601477,1302301458.0,33289398,33289473
33289473,41.8742609708,-87.6645421509,1302301460.0,33289433,33289517
33289517,41.8742581774,-87.6642161156,1302301462.0,33289473,33289566
33289566,41.8742532984,-87.6638871,1302301464.0,33289517,33289618
33289618,41.8742513521,-87.6635530846,1302301466.0,33289566,33289671
33289671,41.8742519934,-87.6632180399,1302301468.0,33289618,33289720
33289720,41.87425882,-87.6628829844,1302301470.0,33289671,33289764
33289764,41.8742658558,-87.6625489626,1302301472.0,33289720,33289812
33289812,41.8742739523,-87.6622179516,1302301474.0,33289764,33289862
33289862,41.8742821669,-87.6618880318,1302301476.0,33289812,33289915
33289915,41.8742852697,-87.6615599587,1302301478.0,33289862,33289970
33289970,41.8742892261,-87.6612279564,1302301480.0,33289915,33290011
33290011,41.8742930755,-87.6608949543,1302301482.0,33289970,33290060
33290060,41.8742991177,-87.6605659428,1302301484.0,33290011,33290111
33290111,41.8743029267,-87.6602399319,1302301486.0,33290060,33290164
33290164,41.874309149,-87.6599169535,1302301488.0,33290111,33290219
33290219,41.874307622,-87.6595899503,1302301490.0,33290164,33290271
33290271,41.8743073393,-87.6592579465,1302301492.0,33290219,33290325
33290325,41.8743099709,-87.6589289332,1302301494.0,33290271,33290379
33290379,41.8742891011,-87.6585688423,1302301496.0,33290325,33290430
33290430,41.8742847186,-87.6582277727,1302301498.0,33290379,33290485
33290485,41.8742929287,-87.6578987025,1302301500.0,33290430,33290537
33290537,41.8742990545,-87.6575786984,1302301502.0,33290485,33290589
33290589,41.8743012658,-87.6572658282,1302301504.0,33290537,33290644
33290644,41.8742968807,-87.6569417666,1302301506.0,33290589,33290703
33290703,41.8742885365,-87.6566039513,1302301508.0,33290644,33290756
33290756,41.8742871,-87.6562778242,1302301510.0,33290703,33290812
33290812,41.8742875503,-87.6559335844,1302301512.0,33290756,33290868
33290868,41.8742900515,-87.6555895048,1302301514.0,33290812,33290910
33290910,41.8742949277,-87.6552345035,1302301516.0,33290868,33290966
33290966,41.8742999503,-87.6548705347,1302301518.0,33290910,33291021
33291021,41.8743016485,-87.6545145239,1302301520.0,33290966,33291081
33291081,41.8743125031,-87.6541535671,1302301522.0,33291021,33291137
33291137,41.874318417,-87.6537985079,1302301524.0,33291081,33291193
33291193,41.8743283857,-87.653452482,1302301526.0,33291137,33291247
33291247,41.874336453,-87.6531105622,1302301528.0,33291193,33291304
33291304,41.8743448344,-87.6527667226,1302301530.0,33291247,33291363
33291363,41.8743526699,-87.6524167796,1302301532.0,33291304,33291420
33291420,41.8743640687,-87.6520613929,1302301534.0,33291363,33291477
33291477,41.8743730732,-87.6516963564,1302301536.0,33291420,33291537
33291537,41.8743847899,-87.6513325801,1302301538.0,33291477,33291588
33291588,41.8743953344,-87.6509776347,1302301540.0,33291537,33291647
33291647,41.8743978725,-87.6506326828,1302301542.0,33291588,33291702
33291702,41.8744039375,-87.6503037908,1302301544.0,33291647,33291759
33291759,41.874407733,-87.649986629,1302301546.0,33291702,33291825
33291825,41.8744078345,-87.6496843546,1302301548.0,33291759,33291880
33291880,41.8744045339,-87.6494025718,1302301550.0,33291825,33291944
33291944,41.87439987,-87.6491445995,1302301552.0,33291880,33292040
33292040,41.8743976026,-87.6488076423,1302301555.0,33291944,33292131
33292131,41.8743987961,-87.6485661167,1302301558.0,33292040,33292280
33292280,41.8744001287,-87.6483223453,1302301563.0,33292131,33292843
33292843,41.8743572001,-87.6480636009,1302301581.0,33292280,33292970
33292970,41.8743312373,-87.6477788867,1302301585.0,33292843,33293062
33293062,41.8743058392,-87.6475360036,1302301588.0,33292970,33293193
33293193,41.8742094116,-87.647281507,1302301592.0,33293062,33293328
33293328,41.8740137137,-87.6471987595,1302301596.0,33293193,33293417
33293417,41.8738228737,-87.6471975209,1302301599.0,33293328,33293511
33293511,41.8735989329,-87.6471958115,1302301602.0,33293417,33293599
33293599,41.8733410259,-87.6471934222,1302301605.0,33293511,33293664
33293664,41.8731580907,-87.6471888991,1302301607.0,33293599,33293733
33293733,41.8729781421,-87.6471817128,1302301609.0,33293664,33293831
33293831,41.8727372369,-87.6471745489,1302301612.0,33293733,33293938
33293938,41.8725462177,-87.6471722001,1302301615.0,33293831,33294160
33294160,41.8723632005,-87.6471710266,1302301622.0,33293938,33294759
33294759,41.8721524034,-87.6471598481,1302301640.0,33294160,33294860
33294860,41.8719582859,-87.6471509431,1302301643.0,33294759,33294961
33294961,41.8717160785,-87.6471263222,1302301646.0,33294860,33295030
33295030,41.8715350561,-87.6471140535,1302301648.0,33294961,33295102
33295102,41.8713430154,-87.6471038568,1302301650.0,33295030,33295171
33295171,41.8711589726,-87.6470962332,1302301652.0,33295102,33295267
33295267,41.8709239312,-87.6470879117,1302301655.0,33295171,33295409
33295409,41.8706968934,-87.6470753236,1302301659.0,33295267,33295549
33295549,41.8705158943,-87.6470612138,1302301663.0,33295409,33295690
33295690,41.8703268428,-87.6470380141,1302301667.0,33295549,33295831
33295831,41.8700958418,-87.6470144834,1302301671.0,33295690,33295972
33295972,41.8699138859,-87.6470040649,1302301675.0,33295831,33296481
33296481,41.86972533,-87.6469930065,1302301689.0,33295972,33296852
33296852,41.869567361,-87.646843676,1302301699.0,33296481,33296995
33296995,41.8695695593,-87.646554873,1302301703.0,33296852,33297139
33297139,41.8695963963,-87.6462537142,1302301707.0,33296995,33297362
33297362,41.8696161836,-87.6460047682,1302301713.0,33297139,33297620
33297620,41.8696403861,-87.6457557547,1302301720.0,33297362,33297728
33297728,41.8696526303,-87.6455138525,1302301723.0,33297620,33297883
33297883,41.8696598002,-87.6452088919,1302301727.0,33297728,33298031
33298031,41.8696609584,-87.6449189303,1302301731.0,33297883,33298146
33298146,41.8696670765,-87.6446479337,1302301734.0,33298031,33298264
33298264,41.8696742631,-87.6443269109,1302301737.0,33298146,33298364
33298364,41.8696797428,-87.6439659565,1302301740.0,33298264,33298436
33298436,41.8696847571,-87.6437169545,1302301742.0,33298364,33298511
33298511,41.8696906904,-87.6434619643,1302301744.0,33298436,33298587
33298587,41.8696955618,-87.6432119634,1302301746.0,33298511,33298692
33298692,41.8697024557,-87.6428869342,1302301749.0,33298587,33298802
33298802,41.8697074877,-87.6426139398,1302301753.0,33298692,33299653
33299653,41.8697275366,-87.6423662108,1302301779.0,33298802,33299818
33299818,41.8699119207,-87.6422516598,1302301784.0,33299653,33299924
33299924,41.8701180519,-87.6422656369,1302301787.0,33299818,33300024
33300024,41.8703670585,-87.6422793787,1302301790.0,33299924,33300098
33300098,41.8705520595,-87.6422922054,1302301792.0,33300024,33300165
33300165,41.8707490484,-87.6423001908,1302301794.0,33300098,33300239
33300239,41.8709570407,-87.6423072153,1302301796.0,33300165,33300312
33300312,41.8711780367,-87.642310365,1302301798.0,33300239,33300381
33300381,41.871404047,-87.6423203304,1302301800.0,33300312,33300451
33300451,41.8716210286,-87.6423343545,1302301802.0,33300381,33300559
33300559,41.8718459083,-87.6423406097,1302301805.0,33300451,33301544
33301544,41.8720550041,-87.6423545086,1302301833.0,33300559,33301645
33301645,41.8722450224,-87.6423675196,1302301836.0,33301544,33301744
33301744,41.8724890067,-87.6423815324,1302301839.0,33301645,33301817
33301817,41.8726740053,-87.6423865324,1302301841.0,33301744,33301891
33301891,41.8728710045,-87.6423925365,1302301843.0,33301817,33301965
33301965,41.8730660056,-87.6423985438,1302301845.0,33301891,33302040
33302040,41.873249997,-87.64240653,1302301847.0,33301965,33302152
33302152,41.8734820026,-87.642415549,1302301850.0,33302040,33302262
33302262,41.8736640012,-87.6424225685,1302301853.0,33302152,33302380
33302380,41.8738510074,-87.6424285518,1302301857.0,33302262,33302634
33302634,41.874053005,-87.6424365383,1302301864.0,33302380,33302778
33302778,41.8742729791,-87.6424416575,1302301868.0,33302634,33302884
33302884,41.8744959047,-87.6424483642,1302301871.0,33302778,33302980
33302980,41.8747580218,-87.6424533806,1302301874.0,33302884,33303047
33303047,41.8749380005,-87.6424576173,1302301876.0,33302980,33303113
33303113,41.8751220005,-87.6424618803,1302301878.0,33303047,33303226
33303226,41.8753890114,-87.6424787964,1302301881.0,33303113,33303297
33303297,41.8755789974,-87.6425006917,1302301883.0,33303226,33303371
33303371,41.8757849863,-87.6425156581,1302301885.0,33303297,33303445
33303445,41.8759790038,-87.6425107882,1302301887.0,33303371,33303518
33303518,41.8761609974,-87.6425088075,1302301889.0,33303445,33303615
33303615,41.8764099955,-87.6425160166,1302301892.0,33303518,33303687
33303687,41.8766359998,-87.6425151519,1302301895.0,33303615,33303732
33303732,41.8768499912,-87.6425120685,1302301898.0,33303687,33303848
33303848,41.877040994,-87.6425211061,1302301901.0,33303732,33304034
33304034,41.8772369927,-87.6424540996,1302301906.0,33303848,33304957
33304957,41.8774319906,-87.6424980431,1302301935.0,33304034,33305122
33305122,41.8776390167,-87.6425311298,1302301940.0,33304957,33305223
33305223,41.8778380051,-87.6425511153,1302301943.0,33305122,33305332
33305332,41.8780729748,-87.6425610047,1302301946.0,33305223,33305443
33305443,41.8783190106,-87.6425750623,1302301949.0,33305332,33305553
33305553,41.8785369828,-87.6425629445,1302301952.0,33305443,33305664
33305664,41.8787299887,-87.6425831003,1302301955.0,33305553,33305771
33305771,41.878943008,-87.6426101733,1302301958.0,33305664,33305870
33305870,41.8791940053,-87.6426190649,1302301961.0,33305771,33305969
33305969,41.8794580144,-87.6426240927,1302301964.0,33305870,33306037
33306037,41.8796469943,-87.6426211523,1302301966.0,33305969,33306105
33306105,41.8798500013,-87.6426112094,1302301968.0,33306037,33306178
33306178,41.8800339983,-87.64260322,1302301970.0,33306105,33306292
33306292,41.8802280054,-87.6425931963,1302301973.0,33306178,None
