24775093,41.8690653623,-87.6834298526,1303877270.0,None,24775190
24775190,41.8690636103,-87.6837418322,1303877274.0,24775093,24775236
24775236,41.8690441888,-87.6840036367,1303877276.0,24775190,24775282
24775282,41.8690333014,-87.6842808328,1303877278.0,24775236,24775325
24775325,41.86902352,-87.6845370281,1303877280.0,24775282,24775400
24775400,41.8690075119,-87.6848070836,1303877283.0,24775325,24775493
24775493,41.8689944404,-87.6851089386,1303877287.0,24775400,24775564
24775564,41.8689581904,-87.6854419918,1303877290.0,24775493,24775640
24775640,41.8689151888,-87.6857828311,1303877293.0,24775564,24775719
24775719,41.8688951238,-87.6860549025,1303877296.0,24775640,24775840
24775840,41.8691401683,-87.6861039329,1303877301.0,24775719,24775915
24775915,41.8693992177,-87.686087679,1303877304.0,24775840,24775967
24775967,41.8696341305,-87.6860788054,1303877306.0,24775915,24776020
24776020,41.8698900431,-87.6860794423,1303877308.0,24775967,24776073
24776073,41.8701639465,-87.6860825788,1303877310.0,24776020,24776125
24776125,41.8704089608,-87.6860828104,1303877312.0,24776073,24776177
24776177,41.8706399782,-87.6860860954,1303877314.0,24776125,24776252
24776252,41.8708789639,-87.6860743352,1303877317.0,24776177,24776488
24776488,41.8710570457,-87.6861056257,1303877326.0,24776252,24776843
24776843,41.8712676718,-87.6860852413,1303877339.0,24776488,24776922
24776922,41.8715136171,-87.6860844211,1303877342.0,24776843,24776977
24776977,41.8717466643,-87.6860895492,1303877344.0,24776922,24777037
24777037,41.8720157557,-87.686099461,1303877346.0,24776977,24777092
24777092,41.8723178436,-87.6861033854,1303877348.0,24777037,24777147
24777147,41.8726368348,-87.6861113188,1303877350.0,24777092,24777206
24777206,41.8729428591,-87.6861252925,1303877352.0,24777147,24777264
24777264,41.8732308661,-87.6861450357,1303877354.0,24777206,24777319
24777319,41.8734839545,-87.6861676401,1303877356.0,24777264,24777376
24777376,41.8736871291,-87.6861796624,1303877358.0,24777319,24777490
24777490,41.8738771851,-87.6861460811,1303877362.0,24777376,24777639
24777639,41.8739813978,-87.6858828427,1303877367.0,24777490,24777720
24777720,41.8739911321,-87.6855307524,1303877370.0,24777639,24777778
24777778,41.8739957906,-87.6852197641,1303877372.0,24777720,24777840
24777840,41.8740036124,-87.6848828213,1303877374.0,24777778,24777902
24777902,41.8740010053,-87.6845558648,1303877376.0,24777840,24777956
24777956,41.8739935609,-87.6842728952,1303877378.0,24777902,24778044
24778044,41.873972448,-87.6840038048,1303877381.0,24777956,24778439
24778439,41.8739748495,-87.6836937847,1303877394.0,24778044,24778531
24778531,41.8739951402,-87.6833778103,1303877397.0,24778439,24778594
24778594,41.8740073257,-87.6830997861,1303877399.0,24778531,24778658
24778658,41.874014474,-87.682755846,1303877401.0,24778594,24778726
24778726,41.8740162174,-87.6823699229,1303877403.0,24778658,24778792
24778792,41.8740149215,-87.6820138855,1303877405.0,24778726,24778855
24778855,41.8740200345,-87.6817298099,1303877407.0,24778792,24778946
24778946,41.8740159129,-87.6814856301,1303877410.0,24778855,24779107
24779107,41.8740353955,-87.6812246793,1303877415.0,24778946,24779197
24779197,41.8740520798,-87.6809157369,1303877418.0,24779107,24779249
24779249,41.8740592891,-87.6806307534,1303877420.0,24779197,24779287
24779287,41.8740718546,-87.6803008249,1303877422.0,24779249,24779337
24779337,41.8740878837,-87.6799218585,1303877424.0,24779287,24779388
24779388,41.8740949542,-87.6795229076,1303877426.0,24779337,24779446
24779446,41.8741009842,-87.6791088944,1303877428.0,24779388,24779503
24779503,41.8741003781,-87.6786808694,1303877430.0,24779446,24779559
24779559,41.8741019476,-87.6782488556,1303877432.0,24779503,24779617
24779617,41.8741014002,-87.6778348921,1303877434.0,24779559,24779680
24779680,41.8740926743,-87.6774568942,1303877436.0,24779617,24779746
24779746,41.8740877988,-87.6771353833,1303877438.0,24779680,24779830
24779830,41.8740670012,-87.6768110381,1303877441.0,24779746,24780078
24780078,41.8740225993,-87.6765779547,1303877448.0,24779830,24780181
24780181,41.8738513858,-87.6765013097,1303877451.0,24780078,24780280
24780280,41.8735865648,-87.6764667228,1303877454.0,24780181,24780342
24780342,41.8734025839,-87.6764502067,1303877456.0,24780280,24780437
24780437,41.8731736177,-87.6764273844,1303877459.0,24780342,24780711
24780711,41.8729786251,-87.6764054138,1303877467.0,24780437,24780813
24780813,41.8727976576,-87.676393421,1303877470.0,24780711,24780880
24780880,41.8725806578,-87.6763537675,1303877472.0,24780813,24780952
24780952,41.8723385205,-87.6763268681,1303877474.0,24780880,24781011
24781011,41.8720862485,-87.6763078573,1303877476.0,24780952,24781016
24781016,41.8718514603,-87.6762846668,1303877478.0,24781011,24781024
24781024,41.8716581721,-87.6762787009,1303877480.0,24781016,24781040
24781040,41.8714742782,-87.6762215306,1303877483.0,24781024,24781059
24781059,41.8714468799,-87.6759802722,1303877486.0,24781040,24781073
24781073,41.8714552207,-87.675710864,1303877488.0,24781059,24781089
24781089,41.8714617671,-87.6754239608,1303877490.0,24781073,24781114
24781114,41.8714807287,-87.6751187347,1303877493.0,24781089,24781325
24781325,41.871493189,-87.6748141616,1303877513.0,24781114,24781367
24781367,41.8715299534,-87.6744787602,1303877516.0,24781325,24781392
24781392,41.8715515664,-87.6742239264,1303877518.0,24781367,24781433
24781433,41.8716390687,-87.6738926696,1303877521.0,24781392,24781476
24781476,41.8716994775,-87.6735568611,1303877524.0,24781433,24781503
24781503,41.8717426006,-87.6732998124,1303877526.0,24781476,24781534
24781534,41.8717768361,-87.6730179161,1303877528.0,24781503,24781566
24781566,41.8717909108,-87.6727089568,1303877530.0,24781534,24781594
24781594,41.8717846234,-87.67240099,1303877532.0,24781566,24781625
24781625,41.8717662973,-87.6721140694,1303877534.0,24781594,24781658
24781658,41.8717435311,-87.6718631529,1303877536.0,24781625,24781706
24781706,41.8717231992,-87.6715724043,1303877539.0,24781658,24781770
24781770,41.8716817283,-87.6712948918,1303877543.0,24781706,24781838
24781838,41.8716300755,-87.6710596883,1303877547.0,24781770,24781927
24781927,41.8716825729,-87.6707609398,1303877552.0,24781838,24781981
24781981,41.871730166,-87.6705110365,1303877555.0,24781927,24782034
24782034,41.8717326209,-87.6702110835,1303877558.0,24781981,24782111
24782111,41.8718289162,-87.6699409485,1303877562.0,24782034,24782238
24782238,41.8717631116,-87.6696768874,1303877569.0,24782111,24782302
24782302,41.871521075,-87.6695584916,1303877572.0,24782238,24782342
24782342,41.8713103688,-87.6694549941,1303877574.0,24782302,24782379
24782379,41.8710681339,-87.6693336439,1303877576.0,24782342,24782419
24782419,41.8707921614,-87.669240987,1303877578.0,24782379,24782462
24782462,41.8704971378,-87.6692054491,1303877580.0,24782419,24782501
24782501,41.8702071359,-87.669191686,1303877582.0,24782462,24782543
24782543,41.8699320701,-87.6692201398,1303877584.0,24782501,24782584
24782584,41.8696880466,-87.6692562625,1303877586.0,24782543,24782628
24782628,41.8694858903,-87.6692984343,1303877588.0,24782584,24782677
24782677,41.8692692627,-87.6693810704,1303877591.0,24782628,24782732
24782732,41.8690259958,-87.6693660009,1303877595.0,24782677,24782784
24782784,41.8687689976,-87.6693300004,1303877598.0,24782732,24782824
24782824,41.8685590003,-87.6693010014,1303877600.0,24782784,24782858
24782858,41.8683139993,-87.6692700073,1303877602.0,24782824,24782893
24782893,41.8680459967,-87.6692329624,1303877604.0,24782858,24782937
24782937,41.8677729977,-87.6692128716,1303877606.0,24782893,24782985
24782985,41.8675229989,-87.6692078421,1303877608.0,24782937,24783028
24783028,41.8673189641,-87.6692208505,1303877610.0,24782985,24783110
24783110,41.8671010005,-87.6691889161,1303877614.0,24783028,24783334
24783334,41.8670503262,-87.6689613069,1303877624.0,24783110,24783630
24783630,41.866877619,-87.6688194437,1303877637.0,24783334,24783733
24783733,41.8667753777,-87.6686218512,1303877641.0,24783630,24783809
24783809,41.8668096669,-87.668270007,1303877644.0,24783733,24783856
24783856,41.8668272974,-87.6679861385,1303877646.0,24783809,24783899
24783899,41.8668436804,-87.6676830493,1303877648.0,24783856,24783944
24783944,41.8668507804,-87.667372909,1303877650.0,24783899,24783997
24783997,41.866846966,-87.6670928798,1303877652.0,24783944,24784052
24784052,41.8668345344,-87.6668459269,1303877654.0,24783997,24784131
24784131,41.8668052741,-87.6665970571,1303877657.0,24784052,24784433
24784433,41.8668244271,-87.6663282637,1303877669.0,24784131,24784510
24784510,41.8668357422,-87.6660068685,1303877672.0,24784433,24784562
24784562,41.866849275,-87.6657337327,1303877674.0,24784510,24784614
24784614,41.8668619178,-87.6654126576,1303877676.0,24784562,24784669
24784669,41.8668763999,-87.6650436022,1303877678.0,24784614,24784721
24784721,41.8668933833,-87.6646406202,1303877680.0,24784669,24784770
24784770,41.8669127799,-87.6642106496,1303877682.0,24784721,24784821
24784821,41.8669358317,-87.6637807063,1303877684.0,24784770,24784871
24784871,41.8669476755,-87.6633557191,1303877686.0,24784821,24784925
24784925,41.8669521363,-87.6629377603,1303877688.0,24784871,24784984
24784984,41.8669592846,-87.6625187616,1303877690.0,24784925,24785047
24785047,41.8669661808,-87.6621128064,1303877692.0,24784984,24785100
24785100,41.8669747191,-87.6617098045,1303877694.0,24785047,24785146
24785146,41.8669783436,-87.6612978172,1303877696.0,24785100,24785200
24785200,41.8669808407,-87.6608687547,1303877698.0,24785146,24785251
24785251,41.8669827786,-87.6604307064,1303877700.0,24785200,24785305
24785305,41.8669885004,-87.6599897078,1303877702.0,24785251,24785359
24785359,41.8669928456,-87.6595486979,1303877704.0,24785305,24785420
24785420,41.8669986828,-87.6590966862,1303877706.0,24785359,24785484
24785484,41.8670080478,-87.6586347193,1303877708.0,24785420,24785545
24785545,41.867016293,-87.658187703,1303877710.0,24785484,24785604
24785604,41.8670232134,-87.6577806577,1303877712.0,24785545,24785652
24785652,41.8670353366,-87.6574337085,1303877714.0,24785604,24785702
24785702,41.86704542,-87.6571637556,1303877716.0,24785652,24785778
24785778,41.867048288,-87.6569137894,1303877719.0,24785702,24786556
24786556,41.8669954864,-87.6566447377,1303877745.0,24785778,24786636
24786636,41.8669926466,-87.6562996662,1303877748.0,24786556,24786697
24786697,41.8669933985,-87.6559953996,1303877750.0,24786636,24786760
24786760,41.8669966452,-87.6556474299,1303877752.0,24786697,24786823
24786823,41.8670010003,-87.6552604952,1303877754.0,24786760,24786887
24786887,41.8670097266,-87.6548551766,1303877756.0,24786823,24786948
24786948,41.8670186605,-87.6544483574,1303877758.0,24786887,24787009
24787009,41.867027952,-87.6540365027,1303877760.0,24786948,24787070
24787070,41.8670382187,-87.6536343304,1303877762.0,24787009,24787125
24787125,41.8670455331,-87.6532474479,1303877764.0,24787070,24787188
24787188,41.8670484048,-87.6528425406,1303877766.0,24787125,24787259
24787259,41.8670528905,-87.6524405326,1303877768.0,24787188,24787320
24787320,41.8670581332,-87.6520755178,1303877770.0,24787259,24787352
24787352,41.8670637511,-87.6517563891,1303877772.0,24787320,24787419
24787419,41.8670784357,-87.6514874494,1303877774.0,24787352,24787520
24787520,41.8671009439,-87.6512038392,1303877777.0,24787419,24788003
24788003,41.8672058297,-87.6509786396,1303877793.0,24787520,24788100
24788100,41.8674038991,-87.650913077,1303877796.0,24788003,24788160
24788160,41.8676067696,-87.6509339718,1303877798.0,24788100,24788223
24788223,41.8678737112,-87.6509589756,1303877800.0,24788160,24788292
24788292,41.8681627412,-87.6509765313,1303877802.0,24788223,24788347
24788347,41.8684588175,-87.6510099597,1303877804.0,24788292,24788413
24788413,41.8687419498,-87.6510396789,1303877806.0,24788347,24788485
24788485,41.8689992212,-87.6510703078,1303877808.0,24788413,24788560
24788560,41.8692003511,-87.6510922796,1303877810.0,24788485,24788665
24788665,41.8693934465,-87.6511111769,1303877813.0,24788560,24789136
24789136,41.8695326905,-87.6508928918,1303877827.0,24788665,24789224
24789224,41.8695244313,-87.6505491202,1303877830.0,24789136,24789297
24789297,41.8695194833,-87.6502518384,1303877832.0,24789224,24789368
24789368,41.8695170451,-87.6499058254,1303877834.0,24789297,24789441
24789441,41.8695193429,-87.6495198938,1303877836.0,24789368,24789512
24789512,41.8695188553,-87.6491259,1303877838.0,24789441,24789580
24789580,41.8695148905,-87.6487399393,1303877840.0,24789512,24789650
24789650,41.869517999,-87.6483609809,1303877842.0,24789580,24789718
24789718,41.8695185417,-87.6479831137,1303877844.0,24789650,24789782
24789782,41.8695232694,-87.6476320954,1303877846.0,24789718,24789849
24789849,41.8695354902,-87.6473385339,1303877848.0,24789782,24789956
24789956,41.8695329647,-87.6470481685,1303877851.0,24789849,24790322
24790322,41.8693649509,-87.6468890957,1303877861.0,24789956,24790429
24790429,41.8691039417,-87.6469020924,1303877864.0,24790322,24790490
24790490,41.8688858908,-87.6469085445,1303877866.0,24790429,24790560
24790560,41.8686239206,-87.6468813109,1303877868.0,24790490,24790634
24790634,41.8683389885,-87.6468568361,1303877870.0,24790560,24790708
24790708,41.8680509794,-87.646846292,1303877872.0,24790634,24790778
24790778,41.867786944,-87.6468423768,1303877874.0,24790708,24790852
24790852,41.867561934,-87.6468406567,1303877876.0,24790778,24790928
24790928,41.8673749365,-87.6468434659,1303877878.0,24790852,24791182
24791182,41.8671991681,-87.6469296781,1303877885.0,24790928,24791320
24791320,41.8670919752,-87.6471393068,1303877889.0,24791182,24791397
24791397,41.8670912875,-87.6473961186,1303877891.0,24791320,24791465
24791465,41.8671018521,-87.6476940028,1303877893.0,24791397,24791540
24791540,41.8671057137,-87.6480350662,1303877895.0,24791465,24791612
24791612,41.8671119521,-87.6484101578,1303877897.0,24791540,24791682
24791682,41.8671059208,-87.6488211884,1303877899.0,24791612,24791745
24791745,41.8671123158,-87.6492662096,1303877901.0,24791682,24791793
24791793,41.8671198513,-87.6497051985,1303877903.0,24791745,24791833
24791833,41.8671203921,-87.6501271924,1303877905.0,24791793,24791896
24791896,41.867120273,-87.6505181434,1303877907.0,24791833,24791954
24791954,41.8671042424,-87.6508380574,1303877909.0,24791896,24792044
24792044,41.8669945046,-87.6511011319,1303877912.0,24791954,24792169
24792169,41.8667466713,-87.6511198549,1303877916.0,24792044,24792227
24792227,41.8665667488,-87.6510970791,1303877918.0,24792169,24792232
24792232,41.8663368363,-87.6510687846,1303877920.0,24792227,24792240
24792240,41.8660688585,-87.6510557609,1303877922.0,24792232,24792250
24792250,41.8657728628,-87.6510436025,1303877924.0,24792240,24792262
24792262,41.8654558683,-87.6510366676,1303877926.0,24792250,24792275
24792275,41.8651628836,-87.651021212,1303877928.0,24792262,24792289
24792289,41.8649419236,-87.6510130725,1303877930.0,24792275,24792313
24792313,41.8647578897,-87.6509871718,1303877933.0,24792289,24792374
24792374,41.8645219193,-87.6509791544,1303877940.0,24792313,24792403
24792403,41.8642559356,-87.6509605732,1303877943.0,24792374,24792426
24792426,41.864040914,-87.6509556816,1303877945.0,24792403,24792447
24792447,41.863835914,-87.6509474357,1303877947.0,24792426,24792482
24792482,41.8636136621,-87.6509404699,1303877950.0,24792447,24792543
24792543,41.863480395,-87.6507738182,1303877955.0,24792482,24792608
24792608,41.8635172253,-87.6504908985,1303877960.0,24792543,24792650
24792650,41.8635365639,-87.6501929838,1303877963.0,24792608,24792736
24792736,41.8636277124,-87.6499583363,1303877969.0,24792650,24792858
24792858,41.8638131086,-87.6499837729,1303877977.0,24792736,24793004
24793004,41.8638290528,-87.6502543073,1303877986.0,24792858,24793143
24793143,41.8636830866,-87.650411692,1303877994.0,24793004,24793267
24793267,41.8635968692,-87.6501727723,1303878002.0,24793143,24793383
24793383,41.8636716979,-87.6499464953,1303878008.0,24793267,None
