109650711,41.8668802895,-87.6714448304,1303132415.0,None,109650880
109650880,41.8666831129,-87.6714089925,1303132433.0,109650711,109650939
109650939,41.8665950504,-87.6711310015,1303132438.0,109650880,109650976
109650976,41.8666172156,-87.6708230166,1303132441.0,109650939,109650998
109650998,41.8666302168,-87.6705680147,1303132443.0,109650976,109651026
109651026,41.8666291462,-87.6702950068,1303132445.0,109650998,109651053
109651053,41.8666240855,-87.6700190039,1303132447.0,109651026,109651073
109651073,41.8666180483,-87.6697650019,1303132449.0,109651053,109651110
109651110,41.866605016,-87.6694470006,1303132452.0,109651073,109651158
109651158,41.8665680009,-87.669204,1303132456.0,109651110,109651381
109651381,41.8666130223,-87.6689409994,1303132473.0,109651158,109651432
109651432,41.8666082841,-87.668597047,1303132476.0,109651381,109651467
109651467,41.8665992111,-87.6683300117,1303132478.0,109651432,109651500
109651500,41.8665971769,-87.6680470018,1303132480.0,109651467,109651532
109651532,41.8665971694,-87.6677530016,1303132482.0,109651500,109651567
109651567,41.8666001813,-87.6674500024,1303132484.0,109651532,109651605
109651605,41.8666021821,-87.6671480004,1303132486.0,109651567,109651643
109651643,41.866602187,-87.6668529975,1303132488.0,109651605,109651677
109651677,41.8666042088,-87.6665569903,1303132490.0,109651643,109651711
109651711,41.8666102624,-87.6662519896,1303132492.0,109651677,109651750
109651750,41.866613274,-87.6659390039,1303132494.0,109651711,109651790
109651790,41.8666162613,-87.6656210094,1303132496.0,109651750,109651828
109651828,41.8666172437,-87.6653060082,1303132498.0,109651790,109651864
109651864,41.8666192413,-87.6649900044,1303132500.0,109651828,109651903
109651903,41.8666232381,-87.6646690045,1303132502.0,109651864,109651928
109651928,41.8666272148,-87.6643390055,1303132504.0,109651903,109651967
109651967,41.8666342101,-87.663995005,1303132506.0,109651928,109652012
109652012,41.8666401932,-87.6636350073,1303132508.0,109651967,109652053
109652053,41.8666461799,-87.6632610038,1303132510.0,109652012,109652094
109652094,41.8666501549,-87.6628850056,1303132512.0,109652053,109652134
109652134,41.8666521198,-87.6625210037,1303132514.0,109652094,109652175
109652175,41.8666551183,-87.6621809957,1303132516.0,109652134,109652220
109652220,41.8666551178,-87.6618579969,1303132518.0,109652175,109652265
109652265,41.8666561085,-87.6615419959,1303132520.0,109652220,109652305
109652305,41.866662099,-87.6612210012,1303132522.0,109652265,109652346
109652346,41.8666711083,-87.6608879973,1303132524.0,109652305,109652387
109652387,41.8666791104,-87.6605479932,1303132526.0,109652346,109652429
109652429,41.8666881164,-87.6602050013,1303132528.0,109652387,109652479
109652479,41.8666961189,-87.6598700001,1303132530.0,109652429,109652526
109652526,41.8666991257,-87.6595499937,1303132532.0,109652479,109652568
109652568,41.8667101613,-87.6592419978,1303132534.0,109652526,109652614
109652614,41.8667161802,-87.658932996,1303132536.0,109652568,109652657
109652657,41.8667262121,-87.6586180086,1303132538.0,109652614,109652704
109652704,41.8667362186,-87.6582930084,1303132540.0,109652657,109652753
109652753,41.866740227,-87.6579700071,1303132542.0,109652704,109652799
109652799,41.8667372337,-87.657686002,1303132544.0,109652753,109652867
109652867,41.8667423412,-87.6573410235,1303132547.0,109652799,109652936
109652936,41.8667473165,-87.6570070238,1303132550.0,109652867,109653005
109653005,41.8667552899,-87.6566650153,1303132553.0,109652936,109653055
109653055,41.866761275,-87.6564200128,1303132555.0,109653005,109653105
109653105,41.8667693242,-87.6561630019,1303132557.0,109653055,109653154
109653154,41.8667773865,-87.6558920049,1303132559.0,109653105,109653192
109653192,41.8667874632,-87.6556120062,1303132561.0,109653154,109653238
109653238,41.8667985234,-87.6553270112,1303132563.0,109653192,109653290
109653290,41.8668105538,-87.655036022,1303132565.0,109653238,109653339
109653339,41.8668235671,-87.65475204,1303132567.0,109653290,109653388
109653388,41.8668306243,-87.6544790235,1303132569.0,109653339,109653439
109653439,41.8668326168,-87.6542240359,1303132571.0,109653388,109653515
109653515,41.8668265264,-87.6539050167,1303132574.0,109653439,109654092
109654092,41.8668345635,-87.653653025,1303132597.0,109653515,109654227
109654227,41.8668760737,-87.6533820648,1303132602.0,109654092,109654308
109654308,41.8668902447,-87.6530690572,1303132605.0,109654227,109654362
109654362,41.866898188,-87.6528100476,1303132607.0,109654308,109654413
109654413,41.8669073895,-87.6525280565,1303132609.0,109654362,109654467
109654467,41.8669155373,-87.6522330699,1303132611.0,109654413,109654527
109654527,41.866921603,-87.6519420966,1303132613.0,109654467,109654577
109654577,41.8669274257,-87.6516702311,1303132615.0,109654527,109654634
109654634,41.8669523715,-87.651423381,1303132617.0,109654577,109654722
109654722,41.8669705252,-87.6511520863,1303132620.0,109654634,109655447
109655447,41.867076907,-87.6509355109,1303132645.0,109654722,109655570
109655570,41.8673283777,-87.650962539,1303132649.0,109655447,109655659
109655659,41.8676048618,-87.6509734192,1303132652.0,109655570,109655721
109655721,41.8677987721,-87.6509827714,1303132654.0,109655659,109655787
109655787,41.8679978186,-87.6509943663,1303132656.0,109655721,109655855
109655855,41.8681948281,-87.6510041348,1303132658.0,109655787,109655911
109655911,41.8683898179,-87.6510087291,1303132660.0,109655855,109655972
109655972,41.8685938084,-87.6510117399,1303132662.0,109655911,109656031
109656031,41.8688137522,-87.6510180973,1303132664.0,109655972,109656092
109656092,41.8690284127,-87.6510202617,1303132666.0,109656031,109656182
109656182,41.869275557,-87.6510246619,1303132669.0,109656092,109656438
109656438,41.8694656437,-87.6509289156,1303132677.0,109656182,109656563
109656563,41.8694915213,-87.6505918586,1303132681.0,109656438,109656626
109656626,41.8694875314,-87.6503438949,1303132683.0,109656563,109656692
109656692,41.8694896288,-87.6500699133,1303132685.0,109656626,109656753
109656753,41.8694895359,-87.6497839821,1303132687.0,109656692,109656819
109656819,41.8694935348,-87.6494919855,1303132689.0,109656753,109656881
109656881,41.8694981373,-87.6492049661,1303132691.0,109656819,109656951
109656951,41.8695050401,-87.6489249454,1303132693.0,109656881,109657018
109657018,41.8695125059,-87.6486450007,1303132695.0,109656951,109657084
109657084,41.8695162418,-87.6483599932,1303132697.0,109657018,109657148
109657148,41.8695219886,-87.6480771052,1303132699.0,109657084,109657214
109657214,41.869524158,-87.6478111135,1303132701.0,109657148,109657276
109657276,41.8695233155,-87.6475640387,1303132703.0,109657214,109657375
109657375,41.8695086638,-87.6472870303,1303132706.0,109657276,109657776
109657776,41.8695280555,-87.6469981218,1303132718.0,109657375,109657879
109657879,41.8695489103,-87.6467048421,1303132721.0,109657776,109657973
109657973,41.8695669353,-87.6463469869,1303132724.0,109657879,109658037
109658037,41.8695824712,-87.6461000633,1303132726.0,109657973,109658111
109658111,41.869597691,-87.6457760619,1303132729.0,109658037,109658124
109658124,41.8696020362,-87.6455230966,1303132733.0,109658111,109658335
109658335,41.8696279827,-87.645189004,1303132758.0,109658124,109658370
109658370,41.8696340605,-87.6448710212,1303132761.0,109658335,109658418
109658418,41.869631582,-87.6445830515,1303132765.0,109658370,109658457
109658457,41.8696415059,-87.6443370496,1303132768.0,109658418,109658496
109658496,41.8696496272,-87.6440030584,1303132771.0,109658457,109658524
109658524,41.8696584325,-87.6437560304,1303132773.0,109658496,109658552
109658552,41.8696682127,-87.6434940115,1303132775.0,109658524,109658580
109658580,41.8696739744,-87.643238009,1303132777.0,109658552,109658618
109658618,41.8696799144,-87.642887967,1303132780.0,109658580,109658666
109658666,41.8696790996,-87.642611988,1303132783.0,109658618,109659083
109659083,41.8696780461,-87.6423556628,1303132808.0,109658666,109659289
109659289,41.8697911688,-87.6421669334,1303132819.0,109659083,109659368
109659368,41.8700389797,-87.6421564824,1303132823.0,109659289,109659428
109659428,41.870284944,-87.6421677456,1303132826.0,109659368,109659485
109659485,41.8705119514,-87.6421717127,1303132829.0,109659428,None
