3118518,41.8715075269,-87.6726932026,1302204491.0,None,3118600
3118600,41.8715613964,-87.6723798099,1302204496.0,3118518,3118658
3118658,41.871564746,-87.6721168637,1302204499.0,3118600,3118721
3118721,41.8715834476,-87.6718409268,1302204502.0,3118658,3118893
3118893,41.8715705224,-87.6715496597,1302204510.0,3118721,3118985
3118985,41.8715750144,-87.6712286721,1302204514.0,3118893,3119056
3119056,41.8715802795,-87.6709647649,1302204517.0,3118985,3119120
3119120,41.8715837623,-87.6706978184,1302204520.0,3119056,3119185
3119185,41.8715841756,-87.6704418862,1302204523.0,3119120,3119282
3119282,41.8715768591,-87.6701496106,1302204527.0,3119185,3119635
3119635,41.8715690347,-87.669889948,1302204542.0,3119282,3119706
3119706,41.871584778,-87.6696068257,1302204545.0,3119635,3119776
3119776,41.8715922073,-87.6693334439,1302204548.0,3119706,3120101
3120101,41.8715497381,-87.6691006776,1302204561.0,3119776,3120228
3120228,41.8713441822,-87.669079232,1302204566.0,3120101,3120302
3120302,41.8711039598,-87.6690695452,1302204569.0,3120228,3120355
3120355,41.870924063,-87.6690600819,1302204571.0,3120302,3120409
3120409,41.8707361505,-87.6690513366,1302204573.0,3120355,3120461
3120461,41.8705340788,-87.6690355531,1302204575.0,3120409,3120518
3120518,41.8703419672,-87.6690267592,1302204577.0,3120461,3120601
3120601,41.8701509458,-87.6690278518,1302204580.0,3120518,3120951
3120951,41.8699689473,-87.6690297459,1302204593.0,3120601,3121029
3121029,41.8697659149,-87.6690210093,1302204596.0,3120951,3121115
3121115,41.8695578849,-87.6690171133,1302204599.0,3121029,3121258
3121258,41.8693628446,-87.6690071201,1302204604.0,3121115,3121507
3121507,41.8691615662,-87.6689954173,1302204613.0,3121258,3121600
3121600,41.8689198784,-87.6689862544,1302204616.0,3121507,3121662
3121662,41.8687259201,-87.6689767489,1302204618.0,3121600,3121719
3121719,41.8685229452,-87.6689656506,1302204620.0,3121662,3121776
3121776,41.8683119512,-87.6689590477,1302204622.0,3121719,3121836
3121836,41.868093919,-87.6689522202,1302204624.0,3121776,3121894
3121894,41.8678739094,-87.6689482595,1302204626.0,3121836,3121950
3121950,41.8676598989,-87.6689472629,1302204628.0,3121894,3122010
3122010,41.8674578807,-87.6689416938,1302204630.0,3121950,3122069
3122069,41.8672538868,-87.6689291766,1302204632.0,3122010,3122130
3122130,41.8670597875,-87.6689265237,1302204634.0,3122069,3122221
3122221,41.8668371843,-87.668885869,1302204637.0,3122130,3122345
3122345,41.8667390736,-87.6686775995,1302204641.0,3122221,3122438
3122438,41.8667543756,-87.6684190722,1302204644.0,3122345,3122518
3122518,41.8667619464,-87.6680490356,1302204647.0,3122438,3122562
3122562,41.8667700158,-87.6677750697,1302204649.0,3122518,3122624
3122624,41.8667820431,-87.6675201235,1302204651.0,3122562,3122722
3122722,41.86679111,-87.6672141061,1302204654.0,3122624,3122855
3122855,41.866796572,-87.6669630302,1302204658.0,3122722,3122983
3122983,41.866803201,-87.6666540401,1302204662.0,3122855,3123065
3123065,41.8668076646,-87.6662832576,1302204665.0,3122983,3123128
3123128,41.8668116457,-87.6659919861,1302204667.0,3123065,3123189
3123189,41.8668156772,-87.6656899535,1302204669.0,3123128,3123256
3123256,41.8668235004,-87.6653769144,1302204671.0,3123189,3123325
3123325,41.8668271245,-87.6650608869,1302204673.0,3123256,3123394
3123394,41.866830133,-87.6647388772,1302204675.0,3123325,3123459
3123459,41.8668343314,-87.6644149041,1302204677.0,3123394,3123526
3123526,41.8668413573,-87.6640848614,1302204679.0,3123459,3123588
3123588,41.8668487579,-87.6637518426,1302204681.0,3123526,3123651
3123651,41.8668548578,-87.6634158275,1302204683.0,3123588,3123712
3123712,41.866860936,-87.6630758614,1302204685.0,3123651,3123773
3123773,41.8668660821,-87.6627328719,1302204687.0,3123712,3123837
3123837,41.866872569,-87.6623888528,1302204689.0,3123773,3123905
3123905,41.8668796872,-87.6620478504,1302204691.0,3123837,3123976
3123976,41.8668870321,-87.6617068721,1302204693.0,3123905,3124044
3124044,41.8668939875,-87.6613688473,1302204695.0,3123976,3124112
3124112,41.8668974328,-87.6610308403,1302204697.0,3124044,3124184
3124184,41.8669025069,-87.6606987995,1302204699.0,3124112,3124248
3124248,41.8669089752,-87.660372749,1302204701.0,3124184,3124312
3124312,41.8669171004,-87.6600507228,1302204703.0,3124248,3124368
3124368,41.8669229706,-87.6597317416,1302204705.0,3124312,3124442
3124442,41.8669310634,-87.6594127561,1302204707.0,3124368,3124507
3124507,41.866937676,-87.6590937255,1302204709.0,3124442,3124574
3124574,41.866943355,-87.6587777568,1302204711.0,3124507,3124641
3124641,41.8669476095,-87.6584627563,1302204713.0,3124574,3124709
3124709,41.8669542223,-87.6581467069,1302204715.0,3124641,3124779
3124779,41.8669601273,-87.6578326965,1302204717.0,3124709,3124849
3124849,41.8669662256,-87.6575196912,1302204719.0,3124779,3124920
3124920,41.8669721176,-87.6572076951,1302204721.0,3124849,3124992
3124992,41.866976417,-87.6568957639,1302204723.0,3124920,3125065
3125065,41.8669800486,-87.6565857198,1302204725.0,3124992,3125132
3125132,41.8669818455,-87.6562727158,1302204727.0,3125065,3125192
3125192,41.8669866222,-87.6559584607,1302204729.0,3125132,3125254
3125254,41.8669922115,-87.6556424755,1302204731.0,3125192,3125321
3125321,41.8669978064,-87.655326551,1302204733.0,3125254,3125390
3125390,41.8670036215,-87.6550153768,1302204735.0,3125321,3125461
3125461,41.8670103262,-87.6547281223,1302204737.0,3125390,3125530
3125530,41.8670148121,-87.6544723762,1302204739.0,3125461,3125603
3125603,41.8670173393,-87.654224541,1302204741.0,3125530,3125679
3125679,41.8670214729,-87.6539735098,1302204743.0,3125603,3125717
3125717,41.8670248551,-87.6537314285,1302204745.0,3125679,3125790
3125790,41.8670286473,-87.6534895918,1302204747.0,3125717,3125853
3125853,41.8670323034,-87.653237564,1302204749.0,3125790,3125922
3125922,41.8670369409,-87.6529686339,1302204751.0,3125853,3125992
3125992,41.8670402993,-87.6526956604,1302204753.0,3125922,3126062
3126062,41.8670437524,-87.6524336383,1302204755.0,3125992,3126164
3126164,41.8670486358,-87.6521066105,1302204758.0,3126062,3126273
3126273,41.8670522423,-87.6518636336,1302204761.0,3126164,3126498
3126498,41.867090725,-87.6515899816,1302204767.0,3126273,3126667
3126667,41.8670977933,-87.651305313,1302204772.0,3126498,3127066
3127066,41.8672256244,-87.6510358892,1302204783.0,3126667,3127174
3127174,41.8674332525,-87.6510083993,1302204786.0,3127066,3127285
3127285,41.8676911545,-87.6510167643,1302204789.0,3127174,3127354
3127354,41.867882116,-87.651025318,1302204791.0,3127285,3127415
3127415,41.8680731049,-87.6510316005,1302204793.0,3127354,3127481
3127481,41.8682670949,-87.6510390693,1302204795.0,3127415,3127558
3127558,41.8684611117,-87.6510485873,1302204797.0,3127481,3127622
3127622,41.868659127,-87.6510546691,1302204799.0,3127558,3127631
3127631,41.8688441367,-87.6510603249,1302204801.0,3127622,3127727
3127727,41.8690758909,-87.6510627252,1302204804.0,3127631,3127827
3127827,41.8692648473,-87.6510851705,1302204807.0,3127727,3128040
3128040,41.869452597,-87.6510824873,1302204814.0,3127827,3128246
3128246,41.8695181799,-87.6507878818,1302204820.0,3128040,3128361
3128361,41.8695019485,-87.6504699334,1302204823.0,3128246,3128436
3128436,41.8694975826,-87.6502208683,1302204825.0,3128361,3128500
3128500,41.8695023536,-87.6499538664,1302204827.0,3128436,3128569
3128569,41.8695063112,-87.6496859048,1302204829.0,3128500,3128631
3128631,41.8695102264,-87.6494259331,1302204831.0,3128569,3128699
3128699,41.8695129298,-87.6491749223,1302204833.0,3128631,3128810
3128810,41.869519744,-87.6488619458,1302204836.0,3128699,3128916
3128916,41.8695226837,-87.6486149709,1302204839.0,3128810,3129856
3129856,41.8695390237,-87.6483238085,1302204867.0,3128916,3129955
3129955,41.8695483274,-87.6480729797,1302204870.0,3129856,3130059
3130059,41.8695544212,-87.6477310881,1302204873.0,3129955,3130174
3130174,41.8695557354,-87.6474248467,1302204876.0,3130059,3130935
3130935,41.869531725,-87.6471729511,1302204897.0,3130174,3131117
3131117,41.8693719223,-87.6470685129,1302204902.0,3130935,3131215
3131215,41.8691600043,-87.6470799285,1302204905.0,3131117,3131283
3131283,41.8689641155,-87.6470753394,1302204907.0,3131215,3131347
3131347,41.8687520887,-87.6470601294,1302204909.0,3131283,3131416
3131416,41.8685280037,-87.6470454878,1302204911.0,3131347,3131487
3131487,41.8683020028,-87.6470379319,1302204913.0,3131416,3131563
3131563,41.8680931561,-87.647041451,1302204915.0,3131487,3131645
3131645,41.8678951521,-87.6470522768,1302204917.0,3131563,3131715
3131715,41.8677150933,-87.6470567504,1302204919.0,3131645,3131851
3131851,41.867517121,-87.6470569759,1302204923.0,3131715,None
