65573887,41.8692710475,-87.6624989699,1301771936.0,None,65574018
65574018,41.8692760032,-87.6622358766,1301771940.0,65573887,65574152
65574152,41.8692764187,-87.6619319662,1301771944.0,65574018,65574256
65574256,41.8692759562,-87.6616350986,1301771947.0,65574152,65574344
65574344,41.869272284,-87.6613461402,1301771950.0,65574256,65574427
65574427,41.8692759923,-87.6610630846,1301771953.0,65574344,65574514
65574514,41.8692875317,-87.6607509869,1301771956.0,65574427,65574607
65574607,41.8692925242,-87.6603959618,1301771959.0,65574514,65574680
65574680,41.8692936355,-87.6601309661,1301771961.0,65574607,65574716
65574716,41.8692966668,-87.6598519603,1301771963.0,65574680,65574787
65574787,41.8692977324,-87.6595629814,1301771965.0,65574716,65574850
65574850,41.8692950523,-87.6592739762,1301771967.0,65574787,65574912
65574912,41.8692930949,-87.658997975,1301771969.0,65574850,65574975
65574975,41.8692982176,-87.6587119943,1301771971.0,65574912,65575044
65575044,41.8693091295,-87.6584120038,1301771973.0,65574975,65575096
65575096,41.8693200129,-87.658123026,1301771975.0,65575044,65575144
65575144,41.8693317786,-87.6578620149,1301771977.0,65575096,65575153
65575153,41.8693466006,-87.6575370248,1301771980.0,65575144,65575222
65575222,41.8693641847,-87.6572870319,1301771991.0,65575153,65575265
65575265,41.869419762,-87.6570506869,1301771996.0,65575222,65575391
65575391,41.8694888569,-87.6568123911,1301772008.0,65575265,65575471
65575471,41.869670523,-87.6568261168,1301772015.0,65575391,65575513
65575513,41.8699204594,-87.6568534711,1301772018.0,65575471,65575538
65575538,41.8701213109,-87.6568451154,1301772020.0,65575513,65575565
65575565,41.8703472264,-87.6568418211,1301772022.0,65575538,65575595
65575595,41.870579234,-87.6568491657,1301772024.0,65575565,65575623
65575623,41.8708182977,-87.6568606158,1301772026.0,65575595,65575651
65575651,41.8710552687,-87.6568841024,1301772028.0,65575623,65575682
65575682,41.8712811969,-87.6569099365,1301772030.0,65575651,65575711
65575711,41.8714851252,-87.6569343857,1301772032.0,65575682,65575742
65575742,41.871665985,-87.6569493967,1301772034.0,65575711,65575789
65575789,41.8718807772,-87.6569205784,1301772037.0,65575742,65575919
65575919,41.8720885403,-87.656820414,1301772045.0,65575789,65575973
65575973,41.8723126027,-87.6568082399,1301772048.0,65575919,65576008
65576008,41.8725076202,-87.6568003265,1301772050.0,65575973,65576042
65576042,41.8727235341,-87.6567923652,1301772052.0,65576008,65576077
65576077,41.8729523274,-87.6567800936,1301772054.0,65576042,65576112
65576112,41.8731926117,-87.6567648976,1301772056.0,65576077,65576149
65576149,41.8734249701,-87.6567612788,1301772058.0,65576112,65576187
65576187,41.8736321276,-87.6567751754,1301772060.0,65576149,65576243
65576243,41.8738701324,-87.6567869001,1301772063.0,65576187,65576311
65576311,41.8740522868,-87.6567040289,1301772067.0,65576243,65576390
65576390,41.8741042655,-87.6564005444,1301772071.0,65576311,65576447
65576447,41.8741375951,-87.6560522938,1301772074.0,65576390,65576489
65576489,41.8741507899,-87.6557773728,1301772076.0,65576447,65576530
65576530,41.8741602478,-87.6554802917,1301772078.0,65576489,65576571
65576571,41.8741699544,-87.6551823363,1301772080.0,65576530,65576613
65576613,41.8741817939,-87.6548863644,1301772082.0,65576571,65576652
65576652,41.8741868032,-87.6545923279,1301772084.0,65576613,65576686
65576686,41.8741931635,-87.6543043085,1301772086.0,65576652,65576725
65576725,41.8742019065,-87.6540203577,1301772088.0,65576686,65576769
65576769,41.8742104374,-87.6537334403,1301772090.0,65576725,65576814
65576814,41.8742209391,-87.6534554448,1301772092.0,65576769,65576859
65576859,41.8742291711,-87.6531794217,1301772094.0,65576814,65576897
65576897,41.8742354091,-87.6529013134,1301772096.0,65576859,65576939
65576939,41.8742438603,-87.6526271719,1301772098.0,65576897,65576988
65576988,41.8742423804,-87.6523681517,1301772100.0,65576939,65577033
65577033,41.87423363,-87.6521235239,1301772102.0,65576988,65577067
65577067,41.8742273183,-87.6517695016,1301772105.0,65577033,65577109
65577109,41.8742387819,-87.6514044478,1301772108.0,65577067,65577141
65577141,41.8742513528,-87.6511554484,1301772110.0,65577109,65577175
65577175,41.8742599442,-87.6509013932,1301772112.0,65577141,65577214
65577214,41.8742628456,-87.6506413004,1301772114.0,65577175,65577253
65577253,41.8742646739,-87.6503702939,1301772116.0,65577214,65577300
65577300,41.8742653844,-87.6500952722,1301772118.0,65577253,65577347
65577347,41.8742725236,-87.6498204441,1301772120.0,65577300,65577392
65577392,41.8742801745,-87.6495413319,1301772122.0,65577347,65577438
65577438,41.8742827632,-87.6492662885,1301772124.0,65577392,65577481
65577481,41.8742854459,-87.6489893093,1301772126.0,65577438,65577526
65577526,41.8742937888,-87.6487112537,1301772128.0,65577481,65577572
65577572,41.8743017596,-87.6484343722,1301772130.0,65577526,65577619
65577619,41.8742930841,-87.648168318,1301772132.0,65577572,65577671
65577671,41.8742757715,-87.6479070507,1301772134.0,65577619,65577740
65577740,41.8742310669,-87.6475777396,1301772137.0,65577671,65577837
65577837,41.8741625008,-87.6472810454,1301772141.0,65577740,65577921
65577921,41.8739421232,-87.6472255891,1301772145.0,65577837,65577995
65577995,41.8737040706,-87.647235772,1301772148.0,65577921,65578048
65578048,41.8735101077,-87.6472404519,1301772150.0,65577995,65578102
65578102,41.8733061394,-87.6472471953,1301772152.0,65578048,65578148
65578148,41.8731032277,-87.6472488473,1301772154.0,65578102,65578198
65578198,41.8729002225,-87.6472592752,1301772156.0,65578148,65578246
65578246,41.8726911208,-87.6472750607,1301772158.0,65578198,65578298
65578298,41.8724980295,-87.6472933676,1301772160.0,65578246,65578379
65578379,41.8722540794,-87.6473187072,1301772163.0,65578298,65578482
65578482,41.8720540455,-87.6473468269,1301772167.0,65578379,65578610
65578610,41.8718400533,-87.6473129617,1301772172.0,65578482,65578689
65578689,41.8715900447,-87.6472902862,1301772175.0,65578610,65578748
65578748,41.8713860569,-87.6472809697,1301772177.0,65578689,65578801
65578801,41.8711590584,-87.6472747982,1301772179.0,65578748,65578859
65578859,41.8709210684,-87.6472634692,1301772181.0,65578801,65578916
65578916,41.8706780494,-87.647258461,1301772183.0,65578859,65578967
65578967,41.8704520371,-87.6472652217,1301772185.0,65578916,65579017
65579017,41.8702500171,-87.6472812642,1301772187.0,65578967,65579100
65579100,41.8700409768,-87.6472948095,1301772190.0,65579017,65579355
65579355,41.8698239676,-87.6472910827,1301772199.0,65579100,65579442
65579442,41.8695688253,-87.6472854597,1301772203.0,65579355,65579528
65579528,41.8692910348,-87.6472681666,1301772206.0,65579442,65579579
65579579,41.8690730331,-87.6472570651,1301772208.0,65579528,65579635
65579635,41.8688430306,-87.6472480282,1301772210.0,65579579,65579690
65579690,41.8686120417,-87.6472369305,1301772212.0,65579635,65579739
65579739,41.868388017,-87.647228753,1301772214.0,65579690,65579802
65579802,41.868183971,-87.6472328569,1301772216.0,65579739,65579865
65579865,41.8680039849,-87.6472555043,1301772218.0,65579802,65579952
65579952,41.8677860161,-87.6472773467,1301772221.0,65579865,65580137
65580137,41.8676040136,-87.6472560702,1301772228.0,65579952,None
