32660186,41.8673358967,-87.6470534527,1302270150.0,None,32660716
32660716,41.8671938497,-87.647266161,1302270165.0,32660186,32660821
32660821,41.8671893208,-87.6475212534,1302270168.0,32660716,32660933
32660933,41.867186613,-87.647854186,1302270171.0,32660821,32661046
32661046,41.8671852734,-87.648205225,1302270174.0,32660933,32661157
32661157,41.8671839584,-87.6484762461,1302270177.0,32661046,32661332
32661332,41.8671815785,-87.6487241733,1302270182.0,32661157,32661505
32661505,41.8671813054,-87.6490241178,1302270187.0,32661332,32661612
32661612,41.867178513,-87.6492950719,1302270190.0,32661505,32661724
32661724,41.8671748601,-87.6496220415,1302270193.0,32661612,32661800
32661800,41.8671711884,-87.6498650688,1302270195.0,32661724,32661872
32661872,41.8671672933,-87.6501220298,1302270197.0,32661800,32661934
32661934,41.8671651643,-87.6503850068,1302270199.0,32661872,32662008
32662008,41.8671606353,-87.6506559612,1302270201.0,32661934,32662072
32662072,41.8671588629,-87.6509281779,1302270203.0,32662008,32662139
32662139,41.8671535621,-87.6512039719,1302270205.0,32662072,32662210
32662210,41.8671535548,-87.6514768204,1302270207.0,32662139,32662280
32662280,41.8671502004,-87.6517555459,1302270209.0,32662210,32662353
32662353,41.8671463141,-87.6520270772,1302270211.0,32662280,32662425
32662425,41.8671427209,-87.6522990801,1302270213.0,32662353,32662498
32662498,41.8671393729,-87.6525740477,1302270215.0,32662425,32662572
32662572,41.8671356499,-87.6528499762,1302270217.0,32662498,32662640
32662640,41.8671309156,-87.6531239655,1302270219.0,32662572,32662708
32662708,41.8671256614,-87.6533980109,1302270221.0,32662640,32662785
32662785,41.8671194994,-87.6536672245,1302270223.0,32662708,32662853
32662853,41.867114552,-87.6539321497,1302270225.0,32662785,32662960
32662960,41.8671111935,-87.6542740099,1302270228.0,32662853,32663068
32663068,41.8671080277,-87.6545429296,1302270231.0,32662960,32663243
32663243,41.8671034496,-87.6548057906,1302270236.0,32663068,32663596
32663596,41.8670995468,-87.6550798332,1302270246.0,32663243,32663745
32663745,41.8670944398,-87.6553959299,1302270250.0,32663596,32663852
32663852,41.8670890815,-87.6557078752,1302270253.0,32663745,32663951
32663951,41.8670818574,-87.6560539474,1302270256.0,32663852,32664055
32664055,41.8670772645,-87.6564171721,1302270259.0,32663951,32664128
32664128,41.8670751799,-87.6566646825,1302270261.0,32664055,32664197
32664197,41.8670677769,-87.6569230941,1302270263.0,32664128,32664273
32664273,41.8670624018,-87.6571860806,1302270265.0,32664197,32664350
32664350,41.8670575853,-87.6574530826,1302270267.0,32664273,32664415
32664415,41.8670521282,-87.6577181581,1302270269.0,32664350,32664492
32664492,41.8670470319,-87.6579891027,1302270271.0,32664415,32664562
32664562,41.8670415401,-87.6582621372,1302270273.0,32664492,32664625
32664625,41.8670367309,-87.6585411413,1302270275.0,32664562,32664694
32664694,41.8670334934,-87.6588181016,1302270277.0,32664625,32664764
32664764,41.8670288554,-87.6590781141,1302270279.0,32664694,32664810
32664810,41.8670241225,-87.6593231131,1302270281.0,32664764,32664917
32664917,41.8670182469,-87.6596651122,1302270284.0,32664810,32665046
32665046,41.86701597,-87.6599550647,1302270288.0,32664917,32665173
32665173,41.8670138805,-87.660209061,1302270292.0,32665046,32665251
32665251,41.8670102733,-87.66047401,1302270295.0,32665173,32665336
32665336,41.8670045357,-87.6607970474,1302270298.0,32665251,32665427
32665427,41.8669974178,-87.661163102,1302270301.0,32665336,32665488
32665488,41.8669932643,-87.6614201338,1302270303.0,32665427,32665554
32665554,41.8669881027,-87.6616821791,1302270305.0,32665488,32665626
32665626,41.8669829389,-87.6619501137,1302270307.0,32665554,32665689
32665689,41.8669774081,-87.6622191417,1302270309.0,32665626,32665758
32665758,41.866972513,-87.6624881721,1302270311.0,32665689,32665828
32665828,41.8669677026,-87.6627581747,1302270313.0,32665758,32665897
32665897,41.8669629444,-87.6630311954,1302270315.0,32665828,32665970
32665970,41.8669580058,-87.6633052386,1302270317.0,32665897,32666043
32666043,41.8669523823,-87.6635792399,1302270319.0,32665970,32666118
32666118,41.8669467449,-87.6638402452,1302270321.0,32666043,32666223
32666223,41.8669387224,-87.6641852442,1302270324.0,32666118,32666323
32666323,41.8669326583,-87.6644742271,1302270327.0,32666223,32666496
32666496,41.8669286461,-87.6647452321,1302270332.0,32666323,32667485
32667485,41.8669261305,-87.6650082549,1302270360.0,32666496,32667634
32667634,41.8669243876,-87.6652682437,1302270364.0,32667485,32667749
32667749,41.8669227954,-87.6655431919,1302270367.0,32667634,32667865
32667865,41.8669201648,-87.6658680919,1302270370.0,32667749,32667958
32667958,41.8669175944,-87.666228088,1302270373.0,32667865,32668020
32668020,41.8669183183,-87.6664854141,1302270375.0,32667958,32668087
32668087,41.8669180961,-87.6667530213,1302270377.0,32668020,32668160
32668160,41.8669179828,-87.6670290477,1302270379.0,32668087,32668230
32668230,41.8669183619,-87.6673010541,1302270381.0,32668160,32668303
32668303,41.8669189874,-87.6675679497,1302270383.0,32668230,32668377
32668377,41.8669207678,-87.6678308575,1302270385.0,32668303,32668454
32668454,41.8669237579,-87.6680938422,1302270387.0,32668377,32668531
32668531,41.8669276175,-87.6683478742,1302270389.0,32668454,32668634
32668634,41.8669318393,-87.668649925,1302270392.0,32668531,32668775
32668775,41.8670110335,-87.6688689427,1302270396.0,32668634,32668917
32668917,41.8672320199,-87.6688971055,1302270400.0,32668775,32669022
32669022,41.867452018,-87.6689038143,1302270403.0,32668917,32669135
32669135,41.8677099731,-87.6689133657,1302270406.0,32669022,32669207
32669207,41.8679009467,-87.6689209637,1302270408.0,32669135,32669278
32669278,41.8680989296,-87.668928895,1302270410.0,32669207,32669342
32669342,41.8682999308,-87.6689366601,1302270412.0,32669278,32669411
32669411,41.8684989684,-87.6689465902,1302270414.0,32669342,32669487
32669487,41.8686860406,-87.6689553082,1302270416.0,32669411,32669596
32669596,41.8689011778,-87.6689630906,1302270419.0,32669487,32669775
32669775,41.8690893887,-87.6689735184,1302270424.0,32669596,32670608
32670608,41.8692495126,-87.6691275991,1302270448.0,32669775,32670737
32670737,41.8692419161,-87.6693917823,1302270452.0,32670608,32670850
32670850,41.8692204652,-87.6696680865,1302270455.0,32670737,32670956
32670956,41.8692088267,-87.6699879667,1302270458.0,32670850,32671066
32671066,41.8692035775,-87.6703239945,1302270461.0,32670956,32671169
32671169,41.8692046849,-87.6706639084,1302270464.0,32671066,32671278
32671278,41.8692074667,-87.6709694252,1302270467.0,32671169,32671415
32671415,41.8692087559,-87.6712171078,1302270471.0,32671278,32671884
32671884,41.8691978575,-87.6715165113,1302270484.0,32671415,32672034
32672034,41.8691604953,-87.6718419854,1302270488.0,32671884,32672137
32672137,41.8691165791,-87.6721780782,1302270491.0,32672034,32672244
32672244,41.8691422141,-87.6724741756,1302270494.0,32672137,32672356
32672356,41.8691507746,-87.6727842333,1302270497.0,32672244,32672451
32672451,41.86914628,-87.6730870802,1302270500.0,32672356,32672566
32672566,41.8691444288,-87.6733320309,1302270503.0,32672451,32673027
32673027,41.869162502,-87.6735802892,1302270516.0,32672566,32673203
32673203,41.8693384921,-87.673717086,1302270521.0,32673027,32673318
32673318,41.8695290497,-87.6737346935,1302270524.0,32673203,32673421
32673421,41.8697660147,-87.6737587924,1302270527.0,32673318,32673514
32673514,41.8700040052,-87.6737775584,1302270530.0,32673421,32673621
32673621,41.87022501,-87.6738014293,1302270533.0,32673514,32673717
32673717,41.870414046,-87.673828647,1302270536.0,32673621,32673856
32673856,41.8706520624,-87.6738502779,1302270540.0,32673717,32673937
32673937,41.8708400281,-87.6738516374,1302270543.0,32673856,32674029
32674029,41.8710201157,-87.6738619547,1302270546.0,32673937,32674167
32674167,41.8712300379,-87.673876139,1302270550.0,32674029,32674423
32674423,41.8714164073,-87.6738451912,1302270557.0,32674167,32674603
32674603,41.8714674752,-87.6735908025,1302270562.0,32674423,None
