23798422,41.8794810456,-87.6410310552,1303474939.0,None,23798525
23798525,41.8792990153,-87.6410318256,1303474944.0,23798422,23798661
23798661,41.8790979749,-87.6410679059,1303474950.0,23798525,23799072
23799072,41.878940024,-87.6409020031,1303474968.0,23798661,23799580
23799580,41.8788179877,-87.6407150569,1303474989.0,23799072,23799808
23799808,41.8786349984,-87.6407119743,1303474998.0,23799580,23799933
23799933,41.8784839934,-87.6408670703,1303475003.0,23799808,23800068
23800068,41.8782739991,-87.640916016,1303475008.0,23799933,23800303
23800303,41.8780879983,-87.6409979952,1303475017.0,23800068,23800770
23800770,41.8779029948,-87.641052129,1303475034.0,23800303,23800937
23800937,41.8777389478,-87.6412528974,1303475040.0,23800770,23801026
23801026,41.8776140218,-87.6414380019,1303475043.0,23800937,23801107
23801107,41.877369,-87.6414399999,1303475046.0,23801026,23801192
23801192,41.877174,-87.641511,1303475049.0,23801107,23801272
23801272,41.876988,-87.641622,1303475052.0,23801192,23801360
23801360,41.876768,-87.641689,1303475055.0,23801272,23801420
23801420,41.876579,-87.641677,1303475057.0,23801360,23801480
23801480,41.876379,-87.641666,1303475059.0,23801420,23801542
23801542,41.876191,-87.64166,1303475061.0,23801480,23801633
23801633,41.875932,-87.641604,1303475064.0,23801542,23801717
23801717,41.875665,-87.641528,1303475067.0,23801633,23801774
23801774,41.87549,-87.641464,1303475069.0,23801717,23801866
23801866,41.875236,-87.641417,1303475072.0,23801774,23801956
23801956,41.874978,-87.641371,1303475075.0,23801866,23802046
23802046,41.874795,-87.641334,1303475078.0,23801956,23802198
23802198,41.8746229889,-87.6412319053,1303475083.0,23802046,23802403
23802403,41.8744430106,-87.6410317874,1303475090.0,23802198,23802669
23802669,41.874270996,-87.641122966,1303475099.0,23802403,23802763
23802763,41.8742711778,-87.6413699863,1303475102.0,23802669,23802828
23802828,41.8742851644,-87.6416279862,1303475104.0,23802763,23802896
23802896,41.8742880692,-87.6418980032,1303475106.0,23802828,23802957
23802957,41.8742880809,-87.642158996,1303475108.0,23802896,23803019
23803019,41.8742842039,-87.6424130559,1303475110.0,23802957,23803077
23803077,41.874277282,-87.642658,1303475112.0,23803019,23803136
23803136,41.8742694133,-87.6429190032,1303475114.0,23803077,23803201
23803201,41.8742653405,-87.6431850327,1303475116.0,23803136,23803270
23803270,41.8742553011,-87.6434549854,1303475118.0,23803201,23803341
23803341,41.8742472952,-87.6437419769,1303475120.0,23803270,23803409
23803409,41.8742395,-87.6440220203,1303475122.0,23803341,23803460
23803460,41.8742324806,-87.6442979895,1303475124.0,23803409,23803527
23803527,41.8742274863,-87.6445689852,1303475126.0,23803460,23803559
23803559,41.8742305019,-87.6448419941,1303475128.0,23803527,23803625
23803625,41.8742335441,-87.6451209977,1303475130.0,23803559,23803691
23803691,41.8742355735,-87.6453979988,1303475132.0,23803625,23803762
23803762,41.8742356073,-87.645660999,1303475134.0,23803691,23803830
23803830,41.874235621,-87.6459109951,1303475136.0,23803762,23803897
23803897,41.8742346193,-87.6461540006,1303475138.0,23803830,23804006
23804006,41.8742427446,-87.6464729665,1303475141.0,23803897,23804145
23804145,41.8742407597,-87.6467250087,1303475146.0,23804006,23804248
23804248,41.874249291,-87.6469947124,1303475163.0,23804145,23804285
23804285,41.8740709292,-87.6472000352,1303475167.0,23804248,23804315
23804315,41.8737449151,-87.6471980901,1303475171.0,23804285,23804339
23804339,41.8735540787,-87.6472256414,1303475173.0,23804315,23804360
23804360,41.8733471313,-87.6472303238,1303475175.0,23804339,23804382
23804382,41.8731362424,-87.6472465798,1303475177.0,23804360,23804408
23804408,41.8729391743,-87.6472687276,1303475179.0,23804382,23804442
23804442,41.8726751629,-87.6472596275,1303475182.0,23804408,23804469
23804469,41.8724861496,-87.6472122132,1303475184.0,23804442,23804507
23804507,41.8722414017,-87.6471813259,1303475187.0,23804469,23804604
23804604,41.8720593881,-87.6471849751,1303475194.0,23804507,23805057
23805057,41.8718530909,-87.647282105,1303475223.0,23804604,23805110
23805110,41.8716190296,-87.64729761,1303475226.0,23805057,23805150
23805150,41.8714130545,-87.6472862416,1303475228.0,23805110,23805188
23805188,41.8711860621,-87.6472640853,1303475230.0,23805150,23805224
23805224,41.870951091,-87.647243718,1303475232.0,23805188,23805260
23805260,41.8707071033,-87.6472176879,1303475234.0,23805224,23805298
23805298,41.8704541478,-87.6471825804,1303475236.0,23805260,23805340
23805340,41.8702091582,-87.6471511132,1303475238.0,23805298,23805378
23805378,41.8699891244,-87.6471226151,1303475240.0,23805340,23805419
23805419,41.8698090506,-87.6471060555,1303475242.0,23805378,23805496
23805496,41.8696124478,-87.647177756,1303475246.0,23805419,23805577
23805577,41.8696071104,-87.6475100923,1303475250.0,23805496,23805640
23805640,41.8696109822,-87.6478751706,1303475253.0,23805577,23805682
23805682,41.869609788,-87.6481522402,1303475255.0,23805640,23805726
23805726,41.8696080797,-87.6484180963,1303475257.0,23805682,23805786
23805786,41.8696006806,-87.64877503,1303475260.0,23805726,23805830
23805830,41.8695960751,-87.6490210098,1303475262.0,23805786,23805873
23805873,41.869595944,-87.6492800216,1303475264.0,23805830,23805919
23805919,41.8695983437,-87.649542057,1303475266.0,23805873,23805966
23805966,41.8695979984,-87.6498020373,1303475268.0,23805919,23805993
23805993,41.8695955479,-87.6500620268,1303475270.0,23805966,23806036
23806036,41.8695886189,-87.6503119753,1303475272.0,23805993,23806095
23806095,41.8695841282,-87.6506597375,1303475275.0,23806036,23806146
23806146,41.8695729904,-87.6509047716,1303475278.0,23806095,23806526
23806526,41.8695307437,-87.651150551,1303475298.0,23806146,23806625
23806625,41.8695141599,-87.6514800595,1303475302.0,23806526,23806704
23806704,41.8694974931,-87.6518532642,1303475305.0,23806625,23806756
23806756,41.869486551,-87.6521261942,1303475307.0,23806704,23806806
23806806,41.8694813607,-87.6524031514,1303475309.0,23806756,23806850
23806850,41.8694797734,-87.6526710985,1303475311.0,23806806,23806903
23806903,41.8694674857,-87.6529211029,1303475313.0,23806850,23806982
23806982,41.8694565976,-87.6532821121,1303475316.0,23806903,23807033
23807033,41.8694561917,-87.6535251055,1303475318.0,23806982,23807107
23807107,41.8694500277,-87.653871061,1303475321.0,23807033,23807184
23807184,41.8694460195,-87.6541219899,1303475324.0,23807107,23807319
23807319,41.8694493059,-87.6543800524,1303475329.0,23807184,23807425
23807425,41.869450539,-87.654704011,1303475333.0,23807319,23807499
23807499,41.8694364591,-87.6550460582,1303475336.0,23807425,23807557
23807557,41.8694326287,-87.6553120516,1303475338.0,23807499,23807612
23807612,41.8694387291,-87.6555719636,1303475340.0,23807557,23807692
23807692,41.8694326159,-87.6559149682,1303475343.0,23807612,23807801
23807801,41.8694173009,-87.6561559647,1303475347.0,23807692,23807993
23807993,41.8694105011,-87.6564409211,1303475354.0,23807801,23808073
23808073,41.8694049463,-87.6566941886,1303475357.0,23807993,23808162
23808162,41.8693861861,-87.6569822759,1303475360.0,23808073,23808252
23808252,41.8693648984,-87.6572871963,1303475363.0,23808162,23808335
23808335,41.8693444658,-87.657572105,1303475366.0,23808252,23808404
23808404,41.8693301016,-87.6578940737,1303475369.0,23808335,23808460
23808460,41.8693387394,-87.6581370708,1303475371.0,23808404,23808519
23808519,41.8693514749,-87.6583970876,1303475373.0,23808460,23808576
23808576,41.8693607643,-87.6586601147,1303475375.0,23808519,23808637
23808637,41.8693687558,-87.6589221164,1303475377.0,23808576,23808699
23808699,41.8693725704,-87.6591831257,1303475379.0,23808637,23808762
23808762,41.8693695606,-87.659435113,1303475381.0,23808699,23808820
23808820,41.8693675876,-87.6596840976,1303475383.0,23808762,23808875
23808875,41.869370148,-87.6599421044,1303475385.0,23808820,23808936
23808936,41.8693765195,-87.6602030854,1303475387.0,23808875,23808994
23808994,41.869371457,-87.6604530726,1303475389.0,23808936,23809052
23809052,41.8693684059,-87.6606980655,1303475391.0,23808994,23809116
23809116,41.8693636222,-87.6609401014,1303475393.0,23809052,23809215
23809215,41.8693668638,-87.6612920807,1303475396.0,23809116,23809297
23809297,41.8693640505,-87.6616291731,1303475399.0,23809215,23809382
23809382,41.8693566565,-87.6619420659,1303475402.0,23809297,23809478
23809478,41.8693574862,-87.6622099333,1303475405.0,23809382,23809565
23809565,41.8693485045,-87.6624579934,1303475408.0,23809478,23809689
23809689,41.8693530063,-87.6627309967,1303475412.0,23809565,23809876
23809876,41.8693391892,-87.6630060381,1303475418.0,23809689,23810080
23810080,41.8693423829,-87.6633001261,1303475424.0,23809876,23810288
23810288,41.8692921398,-87.6635681146,1303475431.0,23810080,23810485
23810485,41.8692678529,-87.6638140741,1303475437.0,23810288,23810683
23810683,41.8692626124,-87.6640799661,1303475443.0,23810485,23810812
23810812,41.8693026201,-87.6643511034,1303475447.0,23810683,23810910
23810910,41.869320431,-87.6646300638,1303475450.0,23810812,23810984
23810984,41.8693105812,-87.664872137,1303475452.0,23810910,23811083
23811083,41.8692742382,-87.6652041299,1303475455.0,23810984,23811269
23811269,41.8692178293,-87.6654380505,1303475461.0,23811083,23812060
23812060,41.8691577069,-87.6657199961,1303475484.0,23811269,23812211
23812211,41.869161973,-87.6660349931,1303475488.0,23812060,23812316
23812316,41.8691580761,-87.6663980422,1303475491.0,23812211,23812382
23812382,41.8691457461,-87.6666780399,1303475493.0,23812316,23812446
23812446,41.8691316576,-87.6669620001,1303475495.0,23812382,23812519
23812519,41.8691194857,-87.6672340134,1303475497.0,23812446,23812590
23812590,41.8690962948,-87.667482012,1303475499.0,23812519,23812693
23812693,41.8690843158,-87.667829012,1303475502.0,23812590,23812800
23812800,41.8690914477,-87.6681509975,1303475505.0,23812693,23812913
23812913,41.8691037352,-87.668418013,1303475508.0,23812800,23813128
23813128,41.869135875,-87.668668971,1303475514.0,23812913,23813532
23813532,41.869185079,-87.6689523808,1303475525.0,23813128,23813673
23813673,41.8692442571,-87.669218591,1303475529.0,23813532,23813819
23813819,41.8693065338,-87.6694970367,1303475533.0,23813673,23813957
23813957,41.8693502669,-87.6697417221,1303475537.0,23813819,23814268
23814268,41.8692574813,-87.6699557957,1303475545.0,23813957,23814720
23814720,41.8690730235,-87.6699300106,1303475558.0,23814268,23815406
23815406,41.8690110387,-87.6702069975,1303475577.0,23814720,23815489
23815489,41.8690942975,-87.670454971,1303475580.0,23815406,23815622
23815622,41.8691532369,-87.6706878605,1303475585.0,23815489,23815792
23815792,41.8690857918,-87.670958979,1303475591.0,23815622,23815803
23815803,41.868922165,-87.6711550689,1303475594.0,23815792,23815819
23815819,41.8686650083,-87.6712300537,1303475597.0,23815803,23815838
23815838,41.8684019991,-87.6712822672,1303475600.0,23815819,23815852
23815852,41.8682159936,-87.6713024313,1303475602.0,23815838,23815868
23815868,41.8680279872,-87.6713215628,1303475604.0,23815852,23815884
23815884,41.8678319872,-87.6713295564,1303475606.0,23815868,23815902
23815902,41.8676439931,-87.6713466027,1303475608.0,23815884,23815930
23815930,41.8674239867,-87.671323684,1303475611.0,23815902,23816085
23816085,41.8672409612,-87.6713146652,1303475625.0,23815930,23816175
23816175,41.8670429036,-87.6713281423,1303475632.0,23816085,23816231
23816231,41.8668608175,-87.6713234494,1303475636.0,23816175,23816288
23816288,41.866721824,-87.67116978,1303475640.0,23816231,23816332
23816332,41.8667571322,-87.6708379918,1303475644.0,23816288,23816380
23816380,41.866786546,-87.6704729657,1303475647.0,23816332,23816397
23816397,41.8667965418,-87.6701779685,1303475649.0,23816380,23816427
23816427,41.8668074518,-87.6698589739,1303475651.0,23816397,23816461
23816461,41.866814447,-87.6695309518,1303475653.0,23816427,23816494
23816494,41.8668183692,-87.669194971,1303475655.0,23816461,23816526
23816526,41.866816062,-87.6688596113,1303475657.0,23816494,23816559
23816559,41.8667963963,-87.6685358957,1303475659.0,23816526,23816594
23816594,41.8667885034,-87.6682149758,1303475661.0,23816559,23816629
23816629,41.8667856344,-87.667894991,1303475663.0,23816594,23816663
23816663,41.8667863631,-87.6675780826,1303475665.0,23816629,23816699
23816699,41.8667938804,-87.6672630983,1303475667.0,23816663,23816735
23816735,41.8667986939,-87.6669580201,1303475669.0,23816699,23816774
23816774,41.8668018166,-87.6666550438,1303475671.0,23816735,23816810
23816810,41.8668043219,-87.6663592856,1303475673.0,23816774,23816847
23816847,41.8668065189,-87.6660740259,1303475675.0,23816810,23816884
23816884,41.8668132671,-87.6657849699,1303475677.0,23816847,23816923
23816923,41.8668186471,-87.6654979497,1303475679.0,23816884,23816963
23816963,41.8668256931,-87.6652118711,1303475681.0,23816923,23817000
23817000,41.8668319194,-87.6649248503,1303475683.0,23816963,23817040
23817040,41.8668396388,-87.6646297869,1303475685.0,23817000,23817080
23817080,41.8668472172,-87.6643327791,1303475687.0,23817040,23817122
23817122,41.8668571325,-87.6640336569,1303475689.0,23817080,23817162
23817162,41.8668678393,-87.6637296133,1303475691.0,23817122,23817201
23817201,41.8668746075,-87.6634215853,1303475693.0,23817162,23817244
23817244,41.8668814272,-87.663101626,1303475695.0,23817201,23817285
23817285,41.8668881989,-87.6627786441,1303475697.0,23817244,23817329
23817329,41.8668974791,-87.6624546302,1303475699.0,23817285,23817370
23817370,41.8669070067,-87.6621476294,1303475701.0,23817329,23817410
23817410,41.8669155424,-87.6618506009,1303475703.0,23817370,23817453
23817453,41.8669200017,-87.6615526625,1303475705.0,23817410,23817495
23817495,41.8669207871,-87.6612496912,1303475707.0,23817453,23817539
23817539,41.86692494,-87.660943646,1303475709.0,23817495,23817587
23817587,41.8669317975,-87.6606345859,1303475711.0,23817539,23817630
23817630,41.8669396805,-87.6601625479,1303475714.0,23817587,23817673
23817673,41.8669400057,-87.6598426018,1303475716.0,23817630,23817696
23817696,41.8669416876,-87.6595206381,1303475718.0,23817673,23817727
23817727,41.8669436111,-87.6591956427,1303475720.0,23817696,23817761
23817761,41.866946043,-87.6588737255,1303475722.0,23817727,23817800
23817800,41.8669511394,-87.6585487189,1303475724.0,23817761,23817840
23817840,41.8669539334,-87.6582217308,1303475726.0,23817800,23817875
23817875,41.866956789,-87.6578967147,1303475728.0,23817840,23817916
23817916,41.8669629721,-87.6575757356,1303475730.0,23817875,23817960
23817960,41.8669688657,-87.6572627009,1303475732.0,23817916,23818011
23818011,41.8669730976,-87.6569677565,1303475734.0,23817960,23818063
23818063,41.8669761079,-87.6566870395,1303475736.0,23818011,23818102
23818102,41.866975771,-87.656407045,1303475738.0,23818063,23818145
23818145,41.8669776195,-87.6561176448,1303475740.0,23818102,23818190
23818190,41.8669849067,-87.6558154574,1303475742.0,23818145,23818241
23818241,41.8669911412,-87.6555075395,1303475744.0,23818190,23818292
23818292,41.8669947376,-87.6552045192,1303475746.0,23818241,23818343
23818343,41.8669985021,-87.654908361,1303475748.0,23818292,23818387
23818387,41.8670002751,-87.6546224501,1303475750.0,23818343,23818429
23818429,41.8670052242,-87.6543516127,1303475752.0,23818387,23818475
23818475,41.8670114299,-87.6540997024,1303475754.0,23818429,23818553
23818553,41.8670191895,-87.6537735596,1303475757.0,23818475,23818659
23818659,41.8670258704,-87.6534926392,1303475761.0,23818553,None
