14985498,41.8693504057,-87.6660321436,1302525061.0,None,14986035
14986035,41.8694412639,-87.6662619376,1302525088.0,14985498,14986135
14986135,41.869585895,-87.6664302423,1302525093.0,14986035,14986222
14986222,41.8696639901,-87.6666859996,1302525097.0,14986135,14986282
14986282,41.8696469775,-87.6669530003,1302525100.0,14986222,14986351
14986351,41.8696008589,-87.6672850288,1302525103.0,14986282,14986403
14986403,41.8695759447,-87.6675289694,1302525105.0,14986351,14986447
14986447,41.8695618198,-87.6677820409,1302525107.0,14986403,14986510
14986510,41.8695438784,-87.6681159957,1302525110.0,14986447,14986602
14986602,41.8695169894,-87.6684039772,1302525114.0,14986510,14986763
14986763,41.869570953,-87.6686368739,1302525122.0,14986602,14986822
14986822,41.8696681959,-87.6688873333,1302525126.0,14986763,14986906
14986906,41.8698819741,-87.6687334162,1302525130.0,14986822,14986987
14986987,41.8697858706,-87.6689530599,1302525134.0,14986906,14987107
14987107,41.8696200871,-87.6691119855,1302525139.0,14986987,14987159
14987159,41.8694986925,-87.6693167919,1302525141.0,14987107,14987577
14987577,41.8694014471,-87.6695831715,1302525158.0,14987159,14987891
14987891,41.8693106631,-87.6698002904,1302525170.0,14987577,14988163
14988163,41.8692468794,-87.6700707897,1302525180.0,14987891,14988244
14988244,41.8692649045,-87.6703369816,1302525183.0,14988163,14988323
14988323,41.8692878004,-87.6706441177,1302525186.0,14988244,14988399
14988399,41.869286545,-87.6709054739,1302525189.0,14988323,14988514
14988514,41.8692576842,-87.6711882579,1302525193.0,14988399,14988734
14988734,41.8690966852,-87.6713580415,1302525203.0,14988514,14988747
14988747,41.8688790202,-87.6713923496,1302525206.0,14988734,14988758
14988758,41.8686960115,-87.6714073615,1302525208.0,14988747,14988770
14988770,41.8684840137,-87.6714172659,1302525210.0,14988758,14988784
14988784,41.8682620086,-87.6714201708,1302525212.0,14988770,14988799
14988799,41.8680320151,-87.6714211208,1302525214.0,14988784,14988815
14988815,41.8678099993,-87.6714190145,1302525216.0,14988799,14988832
14988832,41.8675959894,-87.6714110529,1302525218.0,14988815,14988850
14988850,41.867414981,-87.6714001573,1302525220.0,14988832,14988879
14988879,41.8672279446,-87.6713693593,1302525223.0,14988850,14988942
14988942,41.8670138195,-87.6713470136,1302525229.0,14988879,14989024
14989024,41.8668355559,-87.6712974591,1302525236.0,14988942,14989075
14989075,41.8667773133,-87.6710510374,1302525240.0,14989024,14989114
14989114,41.8667716959,-87.6707539655,1302525243.0,14989075,14989142
14989142,41.8667788093,-87.6704879838,1302525245.0,14989114,14989170
14989170,41.8667946084,-87.6701789717,1302525247.0,14989142,14989198
14989198,41.8668123091,-87.6698469687,1302525249.0,14989170,14989227
14989227,41.8668251597,-87.6695129379,1302525251.0,14989198,14989257
14989257,41.8668271981,-87.6691859554,1302525253.0,14989227,14989287
14989287,41.8668232105,-87.6688609688,1302525255.0,14989257,14989313
14989313,41.8668122078,-87.6685580564,1302525257.0,14989287,14989346
14989346,41.8668143396,-87.6682840147,1302525259.0,14989313,14989393
14989393,41.8668184468,-87.6680110953,1302525262.0,14989346,14989612
14989612,41.866807449,-87.6677669689,1302525275.0,14989393,14989667
14989667,41.8668379354,-87.6675049441,1302525278.0,14989612,14989720
14989720,41.8668656019,-87.6671458775,1302525281.0,14989667,14989756
14989756,41.8668721971,-87.6668779519,1302525283.0,14989720,14989793
14989793,41.8668778113,-87.6666208798,1302525285.0,14989756,14989831
14989831,41.8668784571,-87.6663771912,1302525287.0,14989793,14989867
14989867,41.866869324,-87.6661299961,1302525289.0,14989831,14989909
14989909,41.8668715559,-87.6658678279,1302525291.0,14989867,14989947
14989947,41.8668756908,-87.6656027131,1302525293.0,14989909,14989987
14989987,41.8668767188,-87.665328635,1302525295.0,14989947,14990025
14990025,41.8668829195,-87.6650476084,1302525297.0,14989987,14990065
14990065,41.8668913407,-87.6647606226,1302525299.0,14990025,14990109
14990109,41.8669000086,-87.664468666,1302525301.0,14990065,14990148
14990148,41.8669175423,-87.6641726622,1302525303.0,14990109,14990188
14990188,41.8669285836,-87.6638646716,1302525305.0,14990148,14990230
14990230,41.8669410399,-87.6635386973,1302525307.0,14990188,14990271
14990271,41.866951914,-87.6632017373,1302525309.0,14990230,14990314
14990314,41.8669518751,-87.662861759,1302525311.0,14990271,14990356
14990356,41.8669407801,-87.6625126674,1302525313.0,14990314,14990399
14990399,41.866924944,-87.6621696064,1302525315.0,14990356,14990444
14990444,41.8669136731,-87.6618436217,1302525317.0,14990399,14990487
14990487,41.8669228366,-87.6615096376,1302525319.0,14990444,14990530
14990530,41.8669303012,-87.6611666899,1302525321.0,14990487,14990575
14990575,41.8669286036,-87.660830624,1302525323.0,14990530,14990620
14990620,41.8669265206,-87.6604955742,1302525325.0,14990575,14990664
14990664,41.8669300741,-87.6601665868,1302525327.0,14990620,14990713
14990713,41.8669342116,-87.6598506296,1302525329.0,14990664,14990757
14990757,41.8669359366,-87.6595396742,1302525331.0,14990713,14990802
14990802,41.8669410685,-87.6592386563,1302525333.0,14990757,14990847
14990847,41.8669435515,-87.6589507351,1302525335.0,14990802,14990893
14990893,41.8669437328,-87.6586887606,1302525337.0,14990847,14990966
14990966,41.8669449484,-87.6583747941,1302525340.0,14990893,14991063
14991063,41.8669461912,-87.6581097909,1302525344.0,14990966,14991247
14991247,41.8669550404,-87.6578007535,1302525354.0,14991063,14991327
14991327,41.8669803565,-87.657501591,1302525358.0,14991247,14991378
14991378,41.8669845036,-87.6571676305,1302525361.0,14991327,14991419
14991419,41.8669834864,-87.6569236835,1302525363.0,14991378,14991462
14991462,41.8669828514,-87.6566811091,1302525365.0,14991419,14991529
14991529,41.8669871126,-87.6563307582,1302525368.0,14991462,14991604
14991604,41.8669975768,-87.6559923746,1302525371.0,14991529,14991724
14991724,41.8670272587,-87.6557474098,1302525376.0,14991604,14991847
14991847,41.867038446,-87.6554465364,1302525381.0,14991724,14991921
14991921,41.8670375004,-87.6551603956,1302525384.0,14991847,14992000
14992000,41.8670482369,-87.6548812724,1302525387.0,14991921,14992100
14992100,41.867064862,-87.6546283763,1302525391.0,14992000,14992627
14992627,41.8670252246,-87.6543623822,1302525412.0,14992100,14992737
14992737,41.8670285768,-87.6540884933,1302525416.0,14992627,14992849
14992849,41.867035858,-87.653816303,1302525420.0,14992737,14992937
14992937,41.8670512064,-87.6535693158,1302525423.0,14992849,14993007
14993007,41.8670618754,-87.6532594558,1302525426.0,14992937,14993065
14993065,41.8670694807,-87.6530115475,1302525428.0,14993007,14993126
14993126,41.86707566,-87.6527324899,1302525430.0,14993065,14993183
14993183,41.8670804634,-87.6524374715,1302525432.0,14993126,14993244
14993244,41.8670830096,-87.6521264997,1302525434.0,14993183,14993301
14993301,41.8670836573,-87.6518353123,1302525436.0,14993244,14993385
14993385,41.8671004406,-87.6515051606,1302525439.0,14993301,14993640
14993640,41.8670895981,-87.6512557537,1302525448.0,14993385,14994000
14994000,41.8672362055,-87.6510286602,1302525460.0,14993640,14994088
14994088,41.8674382028,-87.6510235179,1302525463.0,14994000,14994179
14994179,41.8677152725,-87.6510362504,1302525466.0,14994088,14994241
14994241,41.8679312444,-87.651043279,1302525468.0,14994179,14994303
14994303,41.8681492296,-87.6510501248,1302525470.0,14994241,14994361
14994361,41.8683542279,-87.6510625677,1302525472.0,14994303,14994418
14994418,41.8685572403,-87.6510753175,1302525474.0,14994361,14994482
14994482,41.8687602824,-87.6510821399,1302525476.0,14994418,14994548
14994548,41.8689574082,-87.6510902099,1302525478.0,14994482,14994614
14994614,41.8691488635,-87.6511115294,1302525480.0,14994548,14994687
14994687,41.8693949999,-87.6511319972,1302525483.0,14994614,14994779
14994779,41.8695322217,-87.6509771957,1302525486.0,14994687,14994869
14994869,41.8695452875,-87.6507081161,1302525489.0,14994779,14994971
14994971,41.8695597663,-87.6503599586,1302525492.0,14994869,14995025
14995025,41.8695721462,-87.6500988852,1302525494.0,14994971,14995092
14995092,41.8695769916,-87.6498209053,1302525496.0,14995025,14995158
14995158,41.8695776161,-87.6495309121,1302525498.0,14995092,14995219
14995219,41.8695772803,-87.6492579543,1302525500.0,14995158,14995315
14995315,41.8695739678,-87.6489569597,1302525503.0,14995219,14995618
14995618,41.8696096402,-87.6486659939,1302525513.0,14995315,14995719
14995719,41.869615505,-87.64841691,1302525516.0,14995618,14995812
14995812,41.8696222791,-87.6481438471,1302525519.0,14995719,14995903
14995903,41.8696303772,-87.6478608879,1302525522.0,14995812,14996002
14996002,41.8696398165,-87.6475498844,1302525525.0,14995903,14996099
14996099,41.8696453818,-87.6472077416,1302525528.0,14996002,14996203
14996203,41.8696495149,-87.6468559905,1302525531.0,14996099,14996308
14996308,41.8696662092,-87.6465038155,1302525534.0,14996203,14996405
14996405,41.8696867007,-87.6460728005,1302525538.0,14996308,14996492
14996492,41.8696966236,-87.6458067588,1302525541.0,14996405,None
