107686999,41.86538186,-87.6468335334,1302643208.0,None,107687097
107687097,41.8651618144,-87.6468381349,1302643212.0,107686999,107687168
107687168,41.8649658782,-87.6468382889,1302643215.0,107687097,107687226
107687226,41.8647670641,-87.6468488133,1302643218.0,107687168,107687256
107687256,41.8645699739,-87.6468342245,1302643221.0,107687226,107687323
107687323,41.8643579593,-87.6468226151,1302643224.0,107687256,107687374
107687374,41.8641198649,-87.6468222258,1302643227.0,107687323,107687433
107687433,41.8638579934,-87.6468149713,1302643230.0,107687374,107687504
107687504,41.8635989829,-87.6468015319,1302643233.0,107687433,107687571
107687571,41.86335697,-87.6467906761,1302643236.0,107687504,107687639
107687639,41.8631329517,-87.6467726041,1302643239.0,107687571,107687712
107687712,41.8629490242,-87.6467549678,1302643242.0,107687639,107687831
107687831,41.8627690009,-87.6466850647,1302643248.0,107687712,107687907
107687907,41.8627930025,-87.6464390536,1302643261.0,107687831,107687989
107687989,41.8625960001,-87.6463740018,1302643270.0,107687907,107688030
107688030,41.86249704,-87.6466022721,1302643274.0,107687989,107688063
107688063,41.862509144,-87.6469329651,1302643277.0,107688030,107688087
107688087,41.8625015778,-87.6471880079,1302643279.0,107688063,107688111
107688111,41.8624822018,-87.6474700584,1302643281.0,107688087,107688135
107688135,41.8624540942,-87.6477769387,1302643283.0,107688111,107688161
107688161,41.8624312258,-87.6480638677,1302643285.0,107688135,107688187
107688187,41.862416719,-87.648310855,1302643287.0,107688161,107688240
107688240,41.8623901181,-87.6485788816,1302643291.0,107688187,107688296
107688296,41.8623798596,-87.6488719199,1302643295.0,107688240,107688340
107688340,41.8623677834,-87.6491997914,1302643298.0,107688296,107688364
107688364,41.8623593384,-87.6494428854,1302643300.0,107688340,107688386
107688386,41.8623405388,-87.649718931,1302643302.0,107688364,107688418
107688418,41.8623172922,-87.6499999734,1302643304.0,107688386,107688453
107688453,41.8622993922,-87.6502510482,1302643306.0,107688418,107688497
107688497,41.862276815,-87.6505151142,1302643309.0,107688453,107688630
107688630,41.8622226417,-87.6507465839,1302643317.0,107688497,107688790
107688790,41.8623664295,-87.6509011028,1302643326.0,107688630,107688863
107688863,41.8626011377,-87.6509119855,1302643330.0,107688790,107688921
107688921,41.862841119,-87.6509205398,1302643333.0,107688863,107688977
107688977,41.8630891763,-87.6509290357,1302643336.0,107688921,107689033
107689033,41.8632740275,-87.6509343264,1302643339.0,107688977,107689153
107689153,41.8634862093,-87.6509495113,1302643345.0,107689033,107689211
107689211,41.8636684777,-87.6509637503,1302643348.0,107689153,107689275
107689275,41.8639061385,-87.6509689096,1302643351.0,107689211,107689337
107689337,41.8641581337,-87.6509821189,1302643354.0,107689275,107689392
107689392,41.8643920605,-87.6509792384,1302643357.0,107689337,107689483
107689483,41.8645790967,-87.650970872,1302643361.0,107689392,107689587
107689587,41.8647770829,-87.6509757545,1302643366.0,107689483,107689657
107689657,41.8649950398,-87.6509842952,1302643369.0,107689587,107689704
107689704,41.8651770511,-87.6509877286,1302643371.0,107689657,107689749
107689749,41.8653760591,-87.6509930462,1302643373.0,107689704,107689788
107689788,41.865579068,-87.6509991445,1302643375.0,107689749,107689830
107689830,41.8657820529,-87.6510011387,1302643377.0,107689788,107689874
107689874,41.8659850341,-87.6510064144,1302643379.0,107689830,107689921
107689921,41.8661860015,-87.6510093727,1302643381.0,107689874,107689970
107689970,41.8663799773,-87.6510066626,1302643383.0,107689921,107690039
107690039,41.8666308573,-87.6510045505,1302643386.0,107689970,107690123
107690123,41.8668297063,-87.6510047422,1302643390.0,107690039,107690502
107690502,41.8670205598,-87.6510084716,1302643411.0,107690123,107690596
107690596,41.8671580802,-87.6512576486,1302643416.0,107690502,107690673
107690673,41.8671567847,-87.6515866411,1302643419.0,107690596,107690721
107690721,41.8671529954,-87.651868172,1302643421.0,107690673,107690770
107690770,41.8671489996,-87.6521649597,1302643423.0,107690721,107690814
107690814,41.8671454,-87.6524409176,1302643425.0,107690770,107690886
107690886,41.8671402274,-87.6527659016,1302643428.0,107690814,107691495
107691495,41.8671351769,-87.6530179193,1302643452.0,107690886,107691630
107691630,41.8671544949,-87.65330557,1302643457.0,107691495,107691717
107691717,41.8672002277,-87.6535757184,1302643460.0,107691630,107691794
107691794,41.8672349457,-87.6539138734,1302643463.0,107691717,107691840
107691840,41.8672398591,-87.654189925,1302643465.0,107691794,107691894
107691894,41.8672458159,-87.6545099086,1302643467.0,107691840,107691952
107691952,41.8672345921,-87.6548448753,1302643469.0,107691894,107691992
107691992,41.8672176468,-87.6551978662,1302643471.0,107691952,107691997
107691997,41.867207042,-87.6555628243,1302643473.0,107691992,107692005
107692005,41.8671965764,-87.6559187842,1302643475.0,107691997,107692015
107692015,41.8671938687,-87.6562249005,1302643477.0,107692005,107692033
107692033,41.8672168035,-87.6565216096,1302643480.0,107692015,107692062
107692062,41.8674157383,-87.6565763997,1302643484.0,107692033,107692086
107692086,41.8676506855,-87.6566331946,1302643487.0,107692062,107692104
107692104,41.867846802,-87.6566452755,1302643489.0,107692086,107692122
107692122,41.8680508238,-87.6566468787,1302643491.0,107692104,107692142
107692142,41.8682657817,-87.6566538167,1302643493.0,107692122,107692162
107692162,41.8684817988,-87.656668097,1302643495.0,107692142,107692183
107692183,41.8686998646,-87.6566780626,1302643497.0,107692162,107692205
107692205,41.8689070383,-87.6566821317,1302643499.0,107692183,107692239
107692239,41.8691441094,-87.6566778784,1302643502.0,107692205,107692287
107692287,41.8693268436,-87.6566722874,1302643506.0,107692239,107692433
107692433,41.8695629041,-87.6566876587,1302643517.0,107692287,107692475
107692475,41.8697843856,-87.6567146493,1302643520.0,107692433,107692512
107692512,41.8700586784,-87.6567345139,1302643523.0,107692475,107692531
107692531,41.8702608277,-87.6567457698,1302643525.0,107692512,107692567
107692567,41.8704748463,-87.6567498033,1302643527.0,107692531,107692601
107692601,41.8706967722,-87.6567496667,1302643529.0,107692567,107692626
107692626,41.8709237364,-87.6567512215,1302643531.0,107692601,107692656
107692656,41.8711517322,-87.6567570005,1302643533.0,107692626,107692693
107692693,41.8713737344,-87.6567665075,1302643535.0,107692656,107692728
107692728,41.8715869896,-87.6567785253,1302643537.0,107692693,107692757
107692757,41.8717853126,-87.6567770205,1302643539.0,107692728,107692808
107692808,41.872025494,-87.6567654388,1302643542.0,107692757,107692896
107692896,41.8722184657,-87.6567532453,1302643547.0,107692808,107692968
107692968,41.872437394,-87.656743587,1302643551.0,107692896,107693017
107693017,41.8726984666,-87.6567276916,1302643554.0,107692968,107693054
107693054,41.8728997204,-87.6567148507,1302643556.0,107693017,107693092
107693092,41.8731126486,-87.656697949,1302643558.0,107693054,107693129
107693129,41.8733301767,-87.6566893422,1302643560.0,107693092,107693167
107693167,41.8735509037,-87.6566857099,1302643562.0,107693129,107693206
107693206,41.8737559351,-87.6566902601,1302643564.0,107693167,107693264
107693264,41.8739873985,-87.6566932829,1302643567.0,107693206,None
