24905114,41.8657988717,-87.6468741969,1303906860.0,None,24905919
24905919,41.8655697728,-87.6468606907,1303906882.0,24905114,24906027
24906027,41.8653509067,-87.6468449059,1303906885.0,24905919,24906104
24906104,41.8651578206,-87.6468435863,1303906887.0,24906027,24906174
24906174,41.8649468701,-87.64684023,1303906889.0,24906104,24906247
24906247,41.8647280129,-87.6468398375,1303906891.0,24906174,24906322
24906322,41.8645119969,-87.6468374954,1303906893.0,24906247,24906391
24906391,41.8642979013,-87.6468316232,1303906895.0,24906322,24906463
24906463,41.8640759713,-87.6468376699,1303906897.0,24906391,24906536
24906536,41.8638480562,-87.6468401726,1303906899.0,24906463,24906614
24906614,41.8636110711,-87.6468382838,1303906901.0,24906536,24906685
24906685,41.8633700922,-87.6468365036,1303906903.0,24906614,24906764
24906764,41.8631211264,-87.6468329269,1303906905.0,24906685,24906842
24906842,41.8628861019,-87.6468311482,1303906907.0,24906764,24906911
24906911,41.8626988464,-87.6468209056,1303906909.0,24906842,24907033
24907033,41.862503237,-87.6467887485,1303906913.0,24906911,24907293
24907293,41.8623746117,-87.6470525215,1303906920.0,24907033,24907409
24907409,41.8623782546,-87.6473889904,1303906923.0,24907293,24907479
24907479,41.8623948117,-87.6476859679,1303906925.0,24907409,24907551
24907551,41.8623897699,-87.6480079384,1303906927.0,24907479,24907625
24907625,41.8623785132,-87.6483189061,1303906929.0,24907551,24907691
24907691,41.8623753214,-87.6485739055,1303906931.0,24907625,24907868
24907868,41.8623691395,-87.6488379583,1303906936.0,24907691,24908012
24908012,41.8623709063,-87.6491298597,1303906940.0,24907868,24908123
24908123,41.8623716589,-87.6494728519,1303906943.0,24908012,24908200
24908200,41.8623746118,-87.6497338486,1303906945.0,24908123,24908270
24908270,41.8623676744,-87.6500138563,1303906947.0,24908200,24908336
24908336,41.8623617081,-87.6502858873,1303906949.0,24908270,24908443
24908443,41.8623489238,-87.6506113422,1303906952.0,24908336,24908694
24908694,41.8624051754,-87.6508584911,1303906959.0,24908443,24908840
24908840,41.8626470835,-87.6508714007,1303906963.0,24908694,24908919
24908919,41.8628340001,-87.6508757471,1303906965.0,24908840,24908977
24908977,41.8630400255,-87.6508845966,1303906967.0,24908919,24909049
24909049,41.8632289441,-87.6508929695,1303906969.0,24908977,24909151
24909151,41.8634129597,-87.6509075298,1303906972.0,24909049,24909346
24909346,41.8636203677,-87.6509183108,1303906977.0,24909151,24909454
24909454,41.8638380034,-87.6509291509,1303906980.0,24909346,24909560
24909560,41.8641039795,-87.6509372698,1303906983.0,24909454,24909664
24909664,41.8643570212,-87.6509464914,1303906986.0,24909560,24909753
24909753,41.8645569762,-87.6509460736,1303906989.0,24909664,24910091
24910091,41.8647460091,-87.6509620985,1303906998.0,24909753,24910198
24910198,41.8649420037,-87.6509744025,1303907001.0,24910091,24910266
24910266,41.8651270045,-87.6509762751,1303907003.0,24910198,24910329
24910329,41.8653450098,-87.6509807993,1303907005.0,24910266,24910400
24910400,41.8655810264,-87.6509895091,1303907007.0,24910329,24910471
24910471,41.8658170317,-87.6509965401,1303907009.0,24910400,24910544
24910544,41.8660400089,-87.6510035896,1303907011.0,24910471,24910615
24910615,41.8662480003,-87.6510121975,1303907013.0,24910544,24910692
24910692,41.8664410929,-87.6510273357,1303907015.0,24910615,24910810
24910810,41.8666832615,-87.6510524259,1303907018.0,24910692,24910939
24910939,41.8668780475,-87.6510555829,1303907022.0,24910810,24911157
24911157,41.8670703313,-87.6510942315,1303907028.0,24910939,24911306
24911306,41.8671655337,-87.6513540181,1303907033.0,24911157,24911420
24911420,41.8671649506,-87.6516482186,1303907036.0,24911306,24911496
24911496,41.8671627493,-87.6519018354,1303907038.0,24911420,24911540
24911540,41.8671610631,-87.652174686,1303907040.0,24911496,24911605
24911605,41.8671559441,-87.6524396835,1303907042.0,24911540,24911676
24911676,41.8671486779,-87.6527807237,1303907045.0,24911605,24911840
24911840,41.8671394331,-87.6530468265,1303907050.0,24911676,24912615
24912615,41.867127455,-87.6533380267,1303907073.0,24911840,24912728
24912728,41.8671138052,-87.6536674383,1303907076.0,24912615,24912793
24912793,41.8670967154,-87.6539265616,1303907078.0,24912728,24912868
24912868,41.8670810718,-87.6542155456,1303907080.0,24912793,24912945
24912945,41.8670668538,-87.6545107312,1303907082.0,24912868,24913023
24913023,41.867055194,-87.6548028563,1303907084.0,24912945,24913090
24913090,41.8670557149,-87.6550856616,1303907086.0,24913023,24913158
24913158,41.8670557936,-87.6553814989,1303907088.0,24913090,24913227
24913227,41.8670497147,-87.655697604,1303907090.0,24913158,24913301
24913301,41.8670390419,-87.6560125557,1303907092.0,24913227,24913371
24913371,41.8670292484,-87.6562923488,1303907094.0,24913301,24913476
24913476,41.8670303419,-87.6565725299,1303907097.0,24913371,24913766
24913766,41.8671931794,-87.6567006666,1303907105.0,24913476,24913913
24913913,41.8673843693,-87.6567171741,1303907109.0,24913766,24914011
24914011,41.8676263336,-87.6567266671,1303907112.0,24913913,24914080
24914080,41.867850155,-87.6567341195,1303907114.0,24914011,24914149
24914149,41.8681071601,-87.6567382709,1303907116.0,24914080,24914221
24914221,41.8683531497,-87.6567441633,1303907118.0,24914149,24914297
24914297,41.8685831142,-87.6567529603,1303907120.0,24914221,24914371
24914371,41.868807063,-87.6567635194,1303907122.0,24914297,24914448
24914448,41.8690349138,-87.6567686391,1303907124.0,24914371,24914522
24914522,41.8692681488,-87.6567723012,1303907126.0,24914448,24914586
24914586,41.8695080939,-87.6567733566,1303907128.0,24914522,24914653
24914653,41.8697537496,-87.6567891817,1303907130.0,24914586,24914721
24914721,41.870014447,-87.6567996453,1303907132.0,24914653,24914792
24914792,41.8702732193,-87.6568064847,1303907134.0,24914721,24914860
24914860,41.8705312015,-87.6568130632,1303907136.0,24914792,24914931
24914931,41.8707802824,-87.6568190718,1303907138.0,24914860,24915008
24915008,41.8710162499,-87.656819817,1303907140.0,24914931,24915083
24915083,41.8712561901,-87.6568238816,1303907142.0,24915008,24915156
24915156,41.8714941467,-87.6568314759,1303907144.0,24915083,24915231
24915231,41.8717248007,-87.6568400243,1303907146.0,24915156,24915298
24915298,41.8719325519,-87.6568372559,1303907148.0,24915231,24915401
24915401,41.8721715783,-87.6568180366,1303907151.0,24915298,24915576
24915576,41.8723586973,-87.6568030115,1303907156.0,24915401,24915725
24915725,41.8725575756,-87.6568016466,1303907160.0,24915576,24915837
24915837,41.872755474,-87.6568126914,1303907163.0,24915725,24915907
24915907,41.8729402875,-87.6568080222,1303907165.0,24915837,24915978
24915978,41.8731564862,-87.6567928008,1303907167.0,24915907,24916051
24916051,41.8733829351,-87.6567832774,1303907169.0,24915978,24916120
24916120,41.873589101,-87.6567752701,1303907171.0,24916051,24916225
24916225,41.8738190817,-87.6567673222,1303907174.0,24916120,24916356
24916356,41.8740085713,-87.6567611746,1303907178.0,24916225,None
