28036516,41.8669306106,-87.6657990498,1301675092.0,None,28036847
28036847,41.8669344653,-87.666120077,1301675102.0,28036516,28036930
28036930,41.8669394513,-87.6664244713,1301675105.0,28036847,28037033
28037033,41.8669477822,-87.666794962,1301675108.0,28036930,28037101
28037101,41.866946948,-87.6670769675,1301675110.0,28037033,28037174
28037174,41.8669460275,-87.6673840585,1301675112.0,28037101,28037243
28037243,41.8669487815,-87.6677071357,1301675114.0,28037174,28037311
28037311,41.8669542665,-87.668030193,1301675116.0,28037243,28037377
28037377,41.8669596938,-87.6683171989,1301675118.0,28037311,28037473
28037473,41.8669639105,-87.6686297163,1301675121.0,28037377,28037610
28037610,41.8670194948,-87.6688751119,1301675125.0,28037473,28037751
28037751,41.8672251435,-87.6689161264,1301675129.0,28037610,28037850
28037850,41.8674350485,-87.6689213924,1301675132.0,28037751,28037955
28037955,41.8676960176,-87.6689285292,1301675135.0,28037850,28038026
28038026,41.8678869897,-87.6689317164,1301675137.0,28037955,28038058
28038058,41.868086989,-87.6689378637,1301675139.0,28038026,28038130
28038130,41.8682909631,-87.6689431828,1301675141.0,28038058,28038203
28038203,41.8684869911,-87.6689485928,1301675143.0,28038130,28038273
28038273,41.8686790203,-87.6689530504,1301675145.0,28038203,28038374
28038374,41.8689271951,-87.6689558266,1301675148.0,28038273,28038513
28038513,41.8691151225,-87.6689578828,1301675152.0,28038374,28038782
28038782,41.8692652079,-87.6691522965,1301675160.0,28038513,28038888
28038888,41.8692667158,-87.6694127436,1301675163.0,28038782,28038981
28038981,41.8692598468,-87.6697399497,1301675166.0,28038888,28039048
28039048,41.8692584907,-87.6699947136,1301675168.0,28038981,28039113
28039113,41.8692590867,-87.6702600545,1301675170.0,28039048,28039178
28039178,41.8692632943,-87.6705028839,1301675172.0,28039113,28039278
28039278,41.8692788435,-87.6708133561,1301675175.0,28039178,28039419
28039419,41.8692766381,-87.6711028944,1301675179.0,28039278,28039805
28039805,41.8692583969,-87.6713543809,1301675196.0,28039419,28039830
28039830,41.8692171058,-87.6716116531,1301675200.0,28039805,28039852
28039852,41.8691930919,-87.6718708778,1301675203.0,28039830,28039868
28039868,41.86918591,-87.6721260781,1301675205.0,28039852,28039885
28039885,41.8691884333,-87.6724061172,1301675207.0,28039868,28039903
28039903,41.8691869709,-87.6727042041,1301675209.0,28039885,28039922
28039922,41.8691834341,-87.6729812658,1301675211.0,28039903,28039952
28039952,41.8691821513,-87.6733154196,1301675214.0,28039922,28039988
28039988,41.8691916706,-87.6735671857,1301675218.0,28039952,28040057
28040057,41.8693354263,-87.6737344745,1301675224.0,28039988,28040094
28040094,41.8695201137,-87.6737531865,1301675227.0,28040057,28040127
28040127,41.8697600303,-87.6737739231,1301675230.0,28040094,28040169
28040169,41.8700200214,-87.6737940512,1301675233.0,28040127,28040207
28040207,41.8702580202,-87.6738152841,1301675236.0,28040169,28040249
28040249,41.8704690442,-87.6738277134,1301675239.0,28040207,28040287
28040287,41.8706780481,-87.6738411722,1301675242.0,28040249,28040329
28040329,41.8708940352,-87.6738537373,1301675245.0,28040287,28040364
28040364,41.8710831504,-87.6738638281,1301675248.0,28040329,28040443
28040443,41.8712961267,-87.6738519368,1301675253.0,28040364,28040578
28040578,41.8714771992,-87.6737523093,1301675261.0,28040443,28040617
28040617,41.8715025784,-87.673502397,1301675267.0,28040578,28040781
28040781,41.8715015421,-87.6732143675,1301675287.0,28040617,28040810
28040810,41.8715060306,-87.6729091147,1301675291.0,28040781,28040867
28040867,41.871520963,-87.6720730149,1301675298.0,28040810,28040912
28040912,41.8715259373,-87.6717876848,1301675300.0,28040867,28040941
28040941,41.8715316205,-87.6714959129,1301675302.0,28040912,28040948
28040948,41.8715385985,-87.6712119673,1301675304.0,28040941,28040982
28040982,41.871543374,-87.6709380941,1301675306.0,28040948,28041006
28041006,41.8715485105,-87.6706820002,1301675308.0,28040982,28041047
28041047,41.8715512163,-87.6703649054,1301675311.0,28041006,28041123
28041123,41.8715525974,-87.6701117131,1301675315.0,28041047,28041529
28041529,41.8715711649,-87.6698340083,1301675334.0,28041123,28041616
28041616,41.8715678738,-87.6695118525,1301675338.0,28041529,28041712
28041712,41.8715678054,-87.6692377217,1301675342.0,28041616,28041870
28041870,41.8714012525,-87.6690557255,1301675349.0,28041712,28041967
28041967,41.8711495599,-87.6690373158,1301675353.0,28041870,28042034
28042034,41.8708845986,-87.6690176397,1301675356.0,28041967,28042083
28042083,41.8706766896,-87.669005367,1301675358.0,28042034,28042133
28042133,41.8704497586,-87.6689931475,1301675360.0,28042083,28042183
28042183,41.870216777,-87.6689850269,1301675362.0,28042133,28042230
28042230,41.8699777626,-87.6689794747,1301675364.0,28042183,28042279
28042279,41.8697498055,-87.6689734561,1301675366.0,28042230,28042324
28042324,41.8695506638,-87.6689674417,1301675368.0,28042279,28042402
28042402,41.8693481508,-87.6689593486,1301675371.0,28042324,28042631
28042631,41.869167644,-87.6689534932,1301675380.0,28042402,28042737
28042737,41.8689187701,-87.6689460899,1301675384.0,28042631,28042819
28042819,41.8686639057,-87.6689402211,1301675387.0,28042737,28042871
28042871,41.8684669533,-87.6689359862,1301675389.0,28042819,28042921
28042921,41.8682529578,-87.6689258701,1301675391.0,28042871,28042976
28042976,41.8680179318,-87.668919629,1301675393.0,28042921,28043033
28043033,41.8677779052,-87.6689138208,1301675395.0,28042976,28043088
28043088,41.8675528751,-87.6689094686,1301675397.0,28043033,28043142
28043142,41.8673569135,-87.6689047142,1301675399.0,28043088,28043225
28043225,41.8671387245,-87.6689016328,1301675402.0,28043142,28043845
28043845,41.8669207199,-87.6689086,1301675425.0,28043225,28043962
28043962,41.8667602318,-87.6688060115,1301675429.0,28043845,28044042
28044042,41.866742744,-87.6685649509,1301675432.0,28043962,28044114
28044114,41.8667488892,-87.6682460931,1301675435.0,28044042,28044175
28044175,41.8667528667,-87.6680030674,1301675437.0,28044114,28044276
28044276,41.8667616333,-87.6676991793,1301675440.0,28044175,28044455
28044455,41.8667717015,-87.6674481812,1301675446.0,28044276,28044939
28044939,41.8667811551,-87.6671931396,1301675462.0,28044455,28045058
28045058,41.8667839911,-87.666862067,1301675466.0,28044939,28045140
28045140,41.8667852154,-87.6665152613,1301675469.0,28045058,28045198
28045198,41.8667866969,-87.6662501949,1301675471.0,28045140,28045264
28045264,41.8667915024,-87.6659671262,1301675473.0,28045198,28045331
28045331,41.8667976787,-87.6656731462,1301675475.0,28045264,28045397
28045397,41.8668041965,-87.6653701367,1301675477.0,28045331,28045464
28045464,41.8668123109,-87.6650550663,1301675479.0,28045397,28045533
28045533,41.8668180764,-87.6647320143,1301675481.0,28045464,28045590
28045590,41.8668237735,-87.6643990105,1301675483.0,28045533,28045651
28045651,41.8668302696,-87.6640650053,1301675485.0,28045590,28045707
28045707,41.8668355198,-87.6637240354,1301675487.0,28045651,28045772
28045772,41.8668460026,-87.66336497,1301675489.0,28045707,28045839
28045839,41.8668536661,-87.6630029692,1301675491.0,28045772,28045902
28045902,41.8668586539,-87.6626379621,1301675493.0,28045839,28045963
28045963,41.8668644717,-87.6622719628,1301675495.0,28045902,28046031
28046031,41.8668694729,-87.6619019779,1301675497.0,28045963,28046097
28046097,41.8668786702,-87.6615200248,1301675499.0,28046031,28046167
28046167,41.8668853782,-87.6611379619,1301675501.0,28046097,28046231
28046231,41.86689059,-87.6607539181,1301675503.0,28046167,28046301
28046301,41.8668967298,-87.6603758934,1301675505.0,28046231,28046368
28046368,41.8669029458,-87.6600129026,1301675507.0,28046301,28046439
28046439,41.8669089925,-87.6596579313,1301675509.0,28046368,28046505
28046505,41.8669142598,-87.6592989384,1301675511.0,28046439,28046572
28046572,41.8669195012,-87.6589319562,1301675513.0,28046505,28046636
28046636,41.8669237506,-87.6585579779,1301675515.0,28046572,28046702
28046702,41.8669303725,-87.6581839486,1301675517.0,28046636,28046765
28046765,41.8669365124,-87.6578139707,1301675519.0,28046702,28046832
28046832,41.8669442581,-87.6574499397,1301675521.0,28046765,28046902
28046902,41.8669511855,-87.6570889433,1301675523.0,28046832,28046970
28046970,41.8669583413,-87.6567429614,1301675525.0,28046902,28047041
28047041,41.8669637917,-87.6564101019,1301675527.0,28046970,28047111
28047111,41.8669670702,-87.6560927274,1301675529.0,28047041,28047184
28047184,41.8669735474,-87.6556317266,1301675532.0,28047111,28047257
28047257,41.8669788854,-87.6553287807,1301675534.0,28047184,28047326
28047326,41.8669837861,-87.6550487053,1301675536.0,28047257,28047424
28047424,41.8669926545,-87.6547425182,1301675539.0,28047326,28047875
28047875,41.8670027766,-87.6544585693,1301675552.0,28047424,28047982
28047982,41.8670069183,-87.6542027159,1301675555.0,28047875,28048087
28048087,41.8670101592,-87.6538656929,1301675558.0,28047982,28048154
28048154,41.8670159859,-87.6536157224,1301675560.0,28048087,28048225
28048225,41.867020768,-87.6533667765,1301675562.0,28048154,28048293
28048293,41.8670239023,-87.653117764,1301675564.0,28048225,28048401
28048401,41.8670261737,-87.6527747875,1301675567.0,28048293,28048547
28048547,41.86703011,-87.6525197973,1301675571.0,28048401,28048805
28048805,41.8670311183,-87.6522768321,1301675578.0,28048547,28049371
28049371,41.8670351356,-87.6520267515,1301675594.0,28048805,28049476
28049476,41.8670393241,-87.6517709728,1301675597.0,28049371,28049587
28049587,41.8670589814,-87.6514891007,1301675600.0,28049476,28049681
28049681,41.8670843811,-87.651167601,1301675626.0,28049587,28049761
28049761,41.8672488979,-87.6510084824,1301675636.0,28049681,28049793
28049793,41.8674692598,-87.6510046634,1301675639.0,28049761,28049826
28049826,41.8677380768,-87.6510131696,1301675642.0,28049793,28049854
28049854,41.8679430328,-87.6510192402,1301675644.0,28049826,28049879
28049879,41.8681660436,-87.6510285906,1301675646.0,28049854,28049907
28049907,41.868397018,-87.6510358217,1301675648.0,28049879,28049941
28049941,41.868637041,-87.6510443922,1301675650.0,28049907,28049969
28049969,41.8688710321,-87.6510534139,1301675652.0,28049941,28050002
28050002,41.8690789919,-87.6510667662,1301675654.0,28049969,28050050
28050050,41.869306837,-87.6510997168,1301675657.0,28050002,28050154
28050154,41.8694789849,-87.651018715,1301675663.0,28050050,28050229
28050229,41.8694988395,-87.6507239056,1301675667.0,28050154,28050281
28050281,41.8694975861,-87.6504059019,1301675670.0,28050229,28050321
28050321,41.8695018629,-87.6501528439,1301675672.0,28050281,28050361
28050361,41.8695093236,-87.6498808665,1301675674.0,28050321,28050405
28050405,41.8695166941,-87.6495959016,1301675676.0,28050361,28050444
28050444,41.8695248534,-87.6493119187,1301675678.0,28050405,28050483
28050483,41.8695338478,-87.6490519272,1301675680.0,28050444,28050548
28050548,41.8695414005,-87.6487429249,1301675683.0,28050483,28050638
28050638,41.8695235029,-87.6484940538,1301675687.0,28050548,28051318
28051318,41.8695150549,-87.6482400646,1301675716.0,28050638,28051449
28051449,41.8695184491,-87.6479741211,1301675721.0,28051318,28051547
28051547,41.8695232092,-87.6477141406,1301675725.0,28051449,28051633
28051633,41.8695299469,-87.6474369117,1301675729.0,28051547,28051859
28051859,41.8695278325,-87.6471863521,1301675737.0,28051633,28052143
28052143,41.8693378187,-87.6470515872,1301675747.0,28051859,28052233
28052233,41.8691258577,-87.6470547243,1301675750.0,28052143,28052319
28052319,41.8688549069,-87.6470451865,1301675753.0,28052233,28052377
28052377,41.8686509031,-87.6470349451,1301675755.0,28052319,28052443
28052443,41.8684469077,-87.647027191,1301675757.0,28052377,28052503
28052503,41.8682510641,-87.6470260202,1301675759.0,28052443,28052590
28052590,41.867993183,-87.6470441864,1301675762.0,28052503,28052671
28052671,41.8677931091,-87.6470430982,1301675765.0,28052590,28052864
28052864,41.86761098,-87.6470354933,1301675771.0,28052671,None
