76999042,41.8669185351,-87.6510334319,1303505784.0,None,76999263
76999263,41.8670952037,-87.6511709719,1303505794.0,76999042,76999352
76999352,41.8671246872,-87.6515208984,1303505798.0,76999263,76999393
76999393,41.8671232898,-87.6517708712,1303505800.0,76999352,76999439
76999439,41.8671228926,-87.652042453,1303505802.0,76999393,76999487
76999487,41.8671204275,-87.6523294299,1303505804.0,76999439,76999536
76999536,41.8671170709,-87.6526284614,1303505806.0,76999487,76999587
76999587,41.8671144578,-87.6529224084,1303505808.0,76999536,76999632
76999632,41.8671140227,-87.6532075201,1303505810.0,76999587,76999676
76999676,41.8671107838,-87.6534855375,1303505812.0,76999632,76999721
76999721,41.8671084065,-87.6537565091,1303505814.0,76999676,76999772
76999772,41.8671040389,-87.6540313111,1303505816.0,76999721,76999821
76999821,41.867100941,-87.6543173458,1303505818.0,76999772,76999869
76999869,41.8670964585,-87.6546104122,1303505820.0,76999821,76999915
76999915,41.8670909901,-87.6549053295,1303505822.0,76999869,76999963
76999963,41.8670844409,-87.6551932689,1303505824.0,76999915,77000011
77000011,41.8670825823,-87.6554652184,1303505826.0,76999963,77000059
77000059,41.8670795125,-87.655709154,1303505828.0,77000011,77000136
77000136,41.8670749308,-87.6559831622,1303505831.0,77000059,77000359
77000359,41.8670707193,-87.6562461619,1303505840.0,77000136,77000460
77000460,41.8670677263,-87.6565225452,1303505844.0,77000359,77000590
77000590,41.8671989511,-87.65671628,1303505849.0,77000460,77000697
77000697,41.8674123807,-87.6567154763,1303505853.0,77000590,77000777
77000777,41.8676232224,-87.6567143754,1303505856.0,77000697,77000852
77000852,41.8678270528,-87.6567169467,1303505859.0,77000777,77000930
77000930,41.8680130425,-87.6567201062,1303505862.0,77000852,77001017
77001017,41.8681990099,-87.6567205824,1303505865.0,77000930,77001134
77001134,41.8684339548,-87.6567238105,1303505869.0,77001017,77001270
77001270,41.8686449383,-87.6567241721,1303505874.0,77001134,77001441
77001441,41.8688429449,-87.6567175137,1303505880.0,77001270,77001584
77001584,41.869024044,-87.6567254886,1303505885.0,77001441,77001693
77001693,41.8692270175,-87.6567311821,1303505889.0,77001584,77001783
77001783,41.869431499,-87.6567291869,1303505892.0,77001693,77001857
77001857,41.8696739053,-87.6567394181,1303505895.0,77001783,77001952
77001952,41.8699418527,-87.6567539864,1303505898.0,77001857,77002011
77002011,41.8701229257,-87.6567607763,1303505900.0,77001952,77002072
77002072,41.8703079372,-87.6567651204,1303505902.0,77002011,77002134
77002134,41.8704929167,-87.656768315,1303505904.0,77002072,77002190
77002190,41.8706758871,-87.6567715772,1303505906.0,77002134,77002251
77002251,41.8708588569,-87.6567753579,1303505908.0,77002190,77002311
77002311,41.8710428442,-87.6567797996,1303505910.0,77002251,77002372
77002372,41.8712278174,-87.65678209,1303505912.0,77002311,77002431
77002431,41.8714118499,-87.6567884448,1303505914.0,77002372,77002524
77002524,41.8716780698,-87.6567939418,1303505917.0,77002431,77002617
77002617,41.8719043029,-87.6567848227,1303505920.0,77002524,77002774
77002774,41.8721003853,-87.6567725782,1303505925.0,77002617,77002962
77002962,41.8722873696,-87.6567608626,1303505931.0,77002774,77003052
77003052,41.8724893136,-87.6567527014,1303505934.0,77002962,77003148
77003148,41.8727133462,-87.6567408649,1303505937.0,77003052,77003245
77003245,41.872941614,-87.6567251795,1303505940.0,77003148,77003335
77003335,41.8731754022,-87.6567076556,1303505943.0,77003245,77003439
77003439,41.8734310236,-87.6567011788,1303505946.0,77003335,77003538
77003538,41.8736889638,-87.6567089209,1303505949.0,77003439,77003615
77003615,41.8739100028,-87.6567177614,1303505952.0,77003538,77003742
77003742,41.8741254595,-87.6567066697,1303505956.0,77003615,77003939
77003939,41.8742178165,-87.6564724135,1303505962.0,77003742,77004073
77004073,41.8742160393,-87.6561540795,1303505966.0,77003939,77004171
77004171,41.8742220653,-87.6558230846,1303505969.0,77004073,77004272
77004272,41.8742266135,-87.6554633142,1303505972.0,77004171,77004343
77004343,41.8742306809,-87.65521832,1303505974.0,77004272,77004410
77004410,41.8742347928,-87.654967333,1303505976.0,77004343,77004478
77004478,41.8742425717,-87.6547122643,1303505978.0,77004410,77004541
77004541,41.8742488248,-87.654448208,1303505980.0,77004478,77004607
77004607,41.8742515039,-87.6541841776,1303505982.0,77004541,77004676
77004676,41.8742563188,-87.6539192444,1303505984.0,77004607,77004746
77004746,41.8742613389,-87.6536542614,1303505986.0,77004676,77004816
77004816,41.8742682249,-87.6533992579,1303505988.0,77004746,77004919
77004919,41.874275058,-87.6530411902,1303505991.0,77004816,77005031
77005031,41.8742802734,-87.6527110891,1303505994.0,77004919,77005135
77005135,41.8742814213,-87.6524190805,1303505997.0,77005031,77005300
77005300,41.8742810874,-87.65215426,1303506002.0,77005135,77005936
77005936,41.8742940744,-87.6518991609,1303506021.0,77005300,77006027
77006027,41.8743009933,-87.6516522349,1303506024.0,77005936,77006095
77006095,41.8743088976,-87.6513352595,1303506027.0,77006027,77006183
77006183,41.8743146396,-87.650994203,1303506030.0,77006095,77006260
77006260,41.8743224789,-87.6506461266,1303506033.0,77006183,77006353
77006353,41.8743261171,-87.6503060942,1303506036.0,77006260,77006458
77006458,41.8743300429,-87.650000192,1303506039.0,77006353,77006563
77006563,41.8743413551,-87.6496933562,1303506042.0,77006458,77006661
77006661,41.8743479033,-87.6493422519,1303506045.0,77006563,77006724
77006724,41.8743524964,-87.649090194,1303506047.0,77006661,77006790
77006790,41.8743585522,-87.6488310755,1303506049.0,77006724,77006868
77006868,41.8743630321,-87.648564971,1303506051.0,77006790,77006935
77006935,41.8743588294,-87.6483133108,1303506053.0,77006868,77007048
77007048,41.8743284706,-87.6479574048,1303506056.0,77006935,77007153
77007153,41.8742922715,-87.6476439023,1303506059.0,77007048,77007297
77007297,41.874254232,-87.6473756965,1303506063.0,77007153,77007797
77007797,41.8741627614,-87.6471537076,1303506077.0,77007297,77007961
77007961,41.8739377732,-87.647166084,1303506082.0,77007797,77008061
77008061,41.873714743,-87.6471611836,1303506085.0,77007961,77008167
77008167,41.8734506523,-87.6471538169,1303506088.0,77008061,77008242
77008242,41.8732696319,-87.6471476671,1303506090.0,77008167,77008351
77008351,41.8730256467,-87.6471415999,1303506093.0,77008242,77008462
77008462,41.8727677088,-87.6471337579,1303506096.0,77008351,77008566
77008566,41.8725387549,-87.6471171743,1303506099.0,77008462,77008702
77008702,41.8723576853,-87.6471034669,1303506103.0,77008566,77009482
77009482,41.8721525378,-87.6470662212,1303506128.0,77008702,77009502
77009502,41.8718995045,-87.6470643476,1303506132.0,77009482,77009521
77009521,41.8716295869,-87.6470621398,1303506135.0,77009502,77009535
77009535,41.871433758,-87.6470554682,1303506137.0,77009521,77009551
77009551,41.8712327864,-87.6470522555,1303506139.0,77009535,77009567
77009567,41.8710277444,-87.6470497068,1303506141.0,77009551,77009585
77009585,41.870823747,-87.6470417508,1303506143.0,77009567,77009603
77009603,41.8706237466,-87.6470363502,1303506145.0,77009585,77009623
77009623,41.8704337643,-87.6470342816,1303506147.0,77009603,77009653
77009653,41.870171838,-87.6470259321,1303506150.0,77009623,77009686
77009686,41.8699339293,-87.6470359369,1303506153.0,77009653,77009720
77009720,41.8696917752,-87.6470323669,1303506156.0,77009686,77009744
77009744,41.8695092417,-87.6470315272,1303506158.0,77009720,77009768
77009768,41.869314768,-87.6470298081,1303506160.0,77009744,77009793
77009793,41.8691087625,-87.647022497,1303506162.0,77009768,77009819
77009819,41.8688967483,-87.6470178631,1303506164.0,77009793,77009845
77009845,41.86868474,-87.6470134165,1303506166.0,77009819,77009872
77009872,41.8684768485,-87.6470099544,1303506168.0,77009845,77009900
77009900,41.8682720269,-87.6470029199,1303506170.0,77009872,77009928
77009928,41.8680772103,-87.6470007941,1303506172.0,77009900,77009971
77009971,41.8678160059,-87.6469976827,1303506175.0,77009928,77010016
77010016,41.8676087891,-87.6469928232,1303506178.0,77009971,None
