85284639,41.8743540456,-87.6566344229,1301940451.0,None,85284872
85284872,41.8743541191,-87.6569071122,1301940480.0,85284639,85284908
85284908,41.8743484625,-87.6571610171,1301940483.0,85284872,85284957
85284957,41.8743446811,-87.6574221651,1301940487.0,85284908,85285236
85285236,41.8743255874,-87.6576782258,1301940507.0,85284957,85285281
85285281,41.8743171764,-87.6580991244,1301940511.0,85285236,85285317
85285317,41.8743103617,-87.6583641079,1301940513.0,85285281,85285352
85285352,41.8743068384,-87.6586570849,1301940515.0,85285317,85285382
85285382,41.8743034909,-87.6589710438,1301940517.0,85285352,85285412
85285412,41.8742976113,-87.6592960607,1301940519.0,85285382,85285449
85285449,41.8742926161,-87.6596230572,1301940521.0,85285412,85285487
85285487,41.8742851911,-87.6599630757,1301940523.0,85285449,85285520
85285520,41.8742737377,-87.6602981172,1301940525.0,85285487,85285553
85285553,41.8742613614,-87.6606301728,1301940527.0,85285520,85285588
85285588,41.8742527642,-87.6609421976,1301940529.0,85285553,85285628
85285628,41.874248634,-87.6612312434,1301940531.0,85285588,85285666
85285666,41.8742469693,-87.6615071884,1301940533.0,85285628,85285702
85285702,41.8742443888,-87.6617700998,1301940535.0,85285666,85285739
85285739,41.8742377149,-87.6620351868,1301940537.0,85285702,85285776
85285776,41.8742283872,-87.6623021906,1301940539.0,85285739,85285817
85285817,41.8742234328,-87.6625721982,1301940541.0,85285776,85285854
85285854,41.8742193263,-87.6628431517,1301940543.0,85285817,85285890
85285890,41.8742199381,-87.6631159937,1301940545.0,85285854,85285930
85285930,41.8742225465,-87.6633858579,1301940547.0,85285890,85285972
85285972,41.8742273526,-87.6636507851,1301940549.0,85285930,85286012
85286012,41.8742286584,-87.6639107274,1301940551.0,85285972,85286052
85286052,41.8742282198,-87.6641596856,1301940553.0,85286012,85286113
85286113,41.8742322182,-87.6645176867,1301940556.0,85286052,85286165
85286165,41.8742407988,-87.6648577204,1301940559.0,85286113,85286232
85286232,41.8742436239,-87.6651768593,1301940562.0,85286165,85286296
85286296,41.8742397467,-87.6654440349,1301940565.0,85286232,85286386
85286386,41.8742335285,-87.6657131278,1301940570.0,85286296,85286918
85286918,41.8742179639,-87.665969166,1301940596.0,85286386,85287010
85287010,41.8742177567,-87.6662243382,1301940600.0,85286918,85287083
85287083,41.874216205,-87.6664786449,1301940603.0,85287010,85287152
85287152,41.8742188692,-87.6667513849,1301940606.0,85287083,85287227
85287227,41.8742129201,-87.6670370958,1301940609.0,85287152,85287299
85287299,41.8742051121,-87.6673468544,1301940612.0,85287227,85287375
85287375,41.8741866306,-87.667634864,1301940615.0,85287299,85287471
85287471,41.8740626801,-87.6678919898,1301940619.0,85287375,85287573
85287573,41.8740124177,-87.6681399149,1301940623.0,85287471,85287650
85287650,41.8740088128,-87.6684070705,1301940626.0,85287573,85287722
85287722,41.8740088932,-87.6687600937,1301940629.0,85287650,85287797
85287797,41.8739725664,-87.6690694853,1301940632.0,85287722,85287906
85287906,41.8738960282,-87.6693058147,1301940636.0,85287797,85288120
85288120,41.8736869417,-87.6693267479,1301940644.0,85287906,85288227
85288227,41.8734479815,-87.6693267084,1301940648.0,85288120,85288310
85288310,41.873259,-87.6693205736,1301940651.0,85288227,85288413
85288413,41.8730720907,-87.6693297007,1301940655.0,85288310,85288607
85288607,41.872881112,-87.66930266,1301940662.0,85288413,85288687
85288687,41.8726410166,-87.669284895,1301940665.0,85288607,85288739
85288739,41.8724540086,-87.6692699582,1301940667.0,85288687,85288800
85288800,41.8722620035,-87.6692770296,1301940669.0,85288739,85288887
85288887,41.8720199835,-87.669246445,1301940672.0,85288800,85289006
85289006,41.8718389845,-87.6692268248,1301940676.0,85288887,85289345
85289345,41.8716562663,-87.6692176262,1301940688.0,85289006,85289395
85289395,41.8714269475,-87.6691918333,1301940691.0,85289345,85289460
85289460,41.8712353128,-87.669185923,1301940693.0,85289395,85289524
85289524,41.8710272959,-87.6691757003,1301940695.0,85289460,85289582
85289582,41.8708112551,-87.6691656503,1301940697.0,85289524,85289646
85289646,41.8705951665,-87.6691545665,1301940699.0,85289582,85289707
85289707,41.8703851364,-87.6691453917,1301940701.0,85289646,85289759
85289759,41.8701801401,-87.6691388871,1301940703.0,85289707,85289815
85289815,41.8699761618,-87.669134299,1301940705.0,85289759,85289873
85289873,41.8697950784,-87.6691321763,1301940707.0,85289815,85289968
85289968,41.8695711251,-87.6691260246,1301940710.0,85289873,85290094
85290094,41.8693561609,-87.6690533225,1301940715.0,85289968,85290320
85290320,41.8692483849,-87.6692992935,1301940722.0,85290094,85290412
85290412,41.869232989,-87.6695616793,1301940725.0,85290320,85290484
85290484,41.8691913894,-87.6698564139,1301940728.0,85290412,85290576
85290576,41.869180494,-87.6701710543,1301940731.0,85290484,85290673
85290673,41.8691808408,-87.6704830349,1301940734.0,85290576,85290781
85290781,41.8691563457,-87.6707976985,1301940737.0,85290673,85290887
85290887,41.8691200989,-87.6710478138,1301940740.0,85290781,85291007
85291007,41.8690078697,-87.6712851314,1301940744.0,85290887,85291328
85291328,41.869086075,-87.671538496,1301940754.0,85291007,85291467
85291467,41.8690858273,-87.6718660022,1301940758.0,85291328,85291532
85291532,41.8690798022,-87.6721250242,1301940760.0,85291467,85291587
85291587,41.8690719525,-87.6723790396,1301940762.0,85291532,85291680
85291680,41.8690839214,-87.672728998,1301940765.0,85291587,85291781
85291781,41.86917736,-87.673012127,1301940768.0,85291680,85291921
85291921,41.8692782286,-87.6732653014,1301940772.0,85291781,85292150
85292150,41.8693352973,-87.6735018133,1301940779.0,85291921,85292656
85292656,41.86933772,-87.6738246946,1301940794.0,85292150,85292765
85292765,41.8693378834,-87.6741629671,1301940797.0,85292656,85292826
85292826,41.869332617,-87.6744269309,1301940799.0,85292765,85292858
85292858,41.8693213122,-87.6747169044,1301940801.0,85292826,85292927
85292927,41.8693067135,-87.67500782,1301940803.0,85292858,85292997
85292997,41.8692902793,-87.6752839898,1301940805.0,85292927,85293073
85293073,41.8692748229,-87.6755272704,1301940807.0,85292997,85293188
85293188,41.8692678427,-87.6758019212,1301940810.0,85293073,85294035
85294035,41.8692675326,-87.6760506422,1301940834.0,85293188,85294649
85294649,41.8694118228,-87.676207871,1301940851.0,85294035,85294780
85294780,41.8696320221,-87.6761916436,1301940855.0,85294649,85294886
85294886,41.8699020473,-87.6761990812,1301940858.0,85294780,85294959
85294959,41.8701110745,-87.6762087877,1301940860.0,85294886,85295035
85295035,41.8703440941,-87.6762179551,1301940862.0,85294959,85295109
85295109,41.8705940441,-87.6762249781,1301940864.0,85295035,85295188
85295188,41.8708359505,-87.6762237568,1301940866.0,85295109,85295259
85295259,41.8710530133,-87.6762305973,1301940868.0,85295188,85295364
85295364,41.8712966422,-87.6762447487,1301940871.0,85295259,85295538
85295538,41.8714763695,-87.6761382207,1301940876.0,85295364,85295687
85295687,41.8714752548,-87.6758239004,1301940881.0,85295538,85295765
85295765,41.8714651973,-87.6755159602,1301940884.0,85295687,85295846
85295846,41.8714572466,-87.6752581979,1301940887.0,85295765,85296710
85296710,41.8714512682,-87.674998283,1301940915.0,85295846,85296866
85296866,41.8714457608,-87.6746837481,1301940919.0,85296710,85296981
85296981,41.8714503737,-87.6743583968,1301940922.0,85296866,85297086
85297086,41.8713839559,-87.6740830171,1301940925.0,85296981,85297362
85297362,41.8713629645,-87.673832115,1301940933.0,85297086,85297512
85297512,41.8713677493,-87.6735860805,1301940937.0,85297362,None
