17377050,41.8690771103,-87.6835638026,1302746941.0,None,17377121
17377121,41.8690744249,-87.6838708247,1302746945.0,17377050,17377176
17377176,41.8690984471,-87.6841808411,1302746948.0,17377121,17377224
17377224,41.8691274372,-87.6844587967,1302746951.0,17377176,17377325
17377325,41.8690991229,-87.6847407667,1302746956.0,17377224,17377412
17377412,41.8691127013,-87.685081029,1302746960.0,17377325,17377486
17377486,41.869126949,-87.6854400539,1302746963.0,17377412,17377548
17377548,41.8691297883,-87.6857164988,1302746966.0,17377486,17377630
17377630,41.8692664353,-87.6859144925,1302746970.0,17377548,17377720
17377720,41.8695018945,-87.6859437587,1302746974.0,17377630,17377792
17377792,41.8697637961,-87.6859739391,1302746977.0,17377720,17377838
17377838,41.8699777642,-87.6860144517,1302746979.0,17377792,17377884
17377884,41.8702238218,-87.6860377852,1302746981.0,17377838,17377931
17377931,41.8704698609,-87.6860535396,1302746983.0,17377884,17377974
17377974,41.8706999227,-87.6860553299,1302746985.0,17377931,17378021
17378021,41.8708908896,-87.6860546905,1302746987.0,17377974,17378529
17378529,41.8710552882,-87.6861422427,1302747007.0,17378021,17378630
17378630,41.8712403523,-87.6861677817,1302747011.0,17378529,17378705
17378705,41.8714883987,-87.6862012802,1302747014.0,17378630,17378756
17378756,41.8717033296,-87.6862190521,1302747016.0,17378705,17378805
17378805,41.8719622481,-87.6862367258,1302747018.0,17378756,17378861
17378861,41.8722381701,-87.6862516081,1302747020.0,17378805,17378919
17378919,41.8725211542,-87.6862531763,1302747022.0,17378861,17378973
17378973,41.8727991638,-87.6862559596,1302747024.0,17378919,17379026
17379026,41.8730471724,-87.6862523843,1302747026.0,17378973,17379078
17379078,41.8732671769,-87.6862554156,1302747028.0,17379026,17379132
17379132,41.8734581077,-87.6862649589,1302747030.0,17379078,17379204
17379204,41.8736688745,-87.6862889878,1302747033.0,17379132,17379969
17379969,41.8738477342,-87.686324349,1302747060.0,17379204,17380338
17380338,41.8739598983,-87.6861070014,1302747073.0,17379969,17380430
17380430,41.8739721561,-87.6857968203,1302747076.0,17380338,17380491
17380491,41.8739760698,-87.6855036894,1302747078.0,17380430,17380557
17380557,41.8739819198,-87.6851867359,1302747080.0,17380491,17380614
17380614,41.8739827108,-87.6848597866,1302747082.0,17380557,17380670
17380670,41.8739824047,-87.6845238283,1302747084.0,17380614,17380727
17380727,41.8739933445,-87.6841678768,1302747086.0,17380670,17380784
17380784,41.873993494,-87.6837798853,1302747088.0,17380727,17380841
17380841,41.8739951292,-87.683368813,1302747090.0,17380784,17380901
17380901,41.8740052637,-87.6829648166,1302747092.0,17380841,17380966
17380966,41.8740174946,-87.6825718764,1302747094.0,17380901,17381034
17381034,41.8740057673,-87.6822099091,1302747096.0,17380966,17381096
17381096,41.8740028364,-87.6819168903,1302747098.0,17381034,17381184
17381184,41.8740130366,-87.6816267219,1302747101.0,17381096,17381365
17381365,41.8740132916,-87.6813396434,1302747107.0,17381184,17381453
17381453,41.8740222516,-87.6810577293,1302747110.0,17381365,17381518
17381518,41.8740333899,-87.680795725,1302747112.0,17381453,17381583
17381583,41.8740548959,-87.6805037663,1302747114.0,17381518,17381653
17381653,41.8740717774,-87.6801648153,1302747116.0,17381583,17381716
17381716,41.8740930264,-87.6797698943,1302747118.0,17381653,17381784
17381784,41.8740958647,-87.679354896,1302747120.0,17381716,17381847
17381847,41.8740953123,-87.6789358759,1302747122.0,17381784,17381906
17381906,41.8740990549,-87.6785268543,1302747124.0,17381847,17381967
17381967,41.8741039704,-87.6781378645,1302747126.0,17381906,17382030
17382030,41.8741066371,-87.6777719027,1302747128.0,17381967,17382096
17382096,41.8741075853,-87.6774379,1302747130.0,17382030,17382161
17382161,41.8741014747,-87.6771602571,1302747132.0,17382096,17382258
17382258,41.8740726276,-87.6768698117,1302747135.0,17382161,17382752
17382752,41.8740254219,-87.6766351918,1302747150.0,17382258,17382856
17382856,41.8738627489,-87.6765386773,1302747153.0,17382752,17382958
17382958,41.8735834324,-87.676507268,1302747156.0,17382856,17383015
17383015,41.8733523007,-87.6764854425,1302747158.0,17382958,17383073
17383073,41.8730903078,-87.6764686527,1302747160.0,17383015,17383140
17383140,41.8728132937,-87.6764586614,1302747162.0,17383073,17383210
17383210,41.8725272302,-87.6764373941,1302747164.0,17383140,17383278
17383278,41.8722392725,-87.6764103577,1302747166.0,17383210,17383354
17383354,41.8719702502,-87.676377207,1302747168.0,17383278,17383429
17383429,41.8717481658,-87.6763596408,1302747170.0,17383354,17383534
17383534,41.8715509215,-87.6763427056,1302747173.0,17383429,17383703
17383703,41.8714677913,-87.6761172693,1302747178.0,17383534,17383838
17383838,41.8714882868,-87.6757859395,1302747182.0,17383703,17383945
17383945,41.8714900272,-87.6754599491,1302747185.0,17383838,17384054
17384054,41.8714999295,-87.6751633203,1302747188.0,17383945,17384906
17384906,41.8715177249,-87.6749072021,1302747212.0,17384054,17385045
17385045,41.8715858739,-87.6745845142,1302747216.0,17384906,17385112
17385112,41.8716148506,-87.6743427061,1302747218.0,17385045,17385187
17385187,41.8716135532,-87.6740887645,1302747220.0,17385112,17385298
17385298,41.8715999735,-87.6738126558,1302747223.0,17385187,17385402
17385402,41.8716165916,-87.6735394253,1302747226.0,17385298,17385510
17385510,41.8716485139,-87.6731987671,1302747229.0,17385402,17385582
17385582,41.8716639064,-87.672901863,1302747231.0,17385510,17385655
17385655,41.8716656798,-87.6725578812,1302747233.0,17385582,17385729
17385729,41.8716589124,-87.6722269729,1302747235.0,17385655,17385799
17385799,41.8716502709,-87.6719479006,1302747237.0,17385729,17385906
17385906,41.8716257282,-87.671690953,1302747240.0,17385799,17386416
17386416,41.8716126503,-87.6714487465,1302747254.0,17385906,17386525
17386525,41.871610267,-87.6711606617,1302747257.0,17386416,17386590
17386590,41.8716141519,-87.6709066589,1302747259.0,17386525,17386656
17386656,41.8716131201,-87.6706378305,1302747261.0,17386590,17386713
17386713,41.8716025837,-87.6703828809,1302747263.0,17386656,17386804
17386804,41.8715926907,-87.6700764744,1302747266.0,17386713,17387110
17387110,41.8715852918,-87.6698217617,1302747278.0,17386804,17387323
17387323,41.8716553568,-87.6695918018,1302747285.0,17387110,17387540
17387540,41.8715186194,-87.6694127991,1302747291.0,17387323,17387643
17387643,41.871341423,-87.669343557,1302747294.0,17387540,17387712
17387712,41.8711012108,-87.6692873304,1302747296.0,17387643,17387789
17387789,41.8708221622,-87.6692262122,1302747298.0,17387712,17387859
17387859,41.8705231443,-87.6691754057,1302747300.0,17387789,17387922
17387922,41.8702271295,-87.6691411115,1302747302.0,17387859,17387992
17387992,41.8699591509,-87.6691159836,1302747304.0,17387922,17388057
17388057,41.8697400318,-87.6691016586,1302747306.0,17387992,17388154
17388154,41.8695350576,-87.6690697171,1302747309.0,17388057,17388207
17388207,41.8693550838,-87.6690265097,1302747320.0,17388154,17388230
17388230,41.8691258868,-87.669008081,1302747323.0,17388207,17388246
17388246,41.8689218455,-87.668975776,1302747325.0,17388230,17388264
17388264,41.86868089,-87.6689469542,1302747327.0,17388246,17388282
17388282,41.8684089481,-87.6689300752,1302747329.0,17388264,17388302
17388302,41.8681319285,-87.6689158997,1302747331.0,17388282,17388322
17388322,41.8678609252,-87.6689215993,1302747333.0,17388302,17388343
17388343,41.8676118909,-87.6689253755,1302747335.0,17388322,17388365
17388365,41.8674038774,-87.6689332004,1302747337.0,17388343,17388399
17388399,41.8671988584,-87.6689329332,1302747340.0,17388365,None
