42824392,41.8673558965,-87.6470428304,1303921245.0,None,42824466
42824466,41.8672262992,-87.6472534319,1303921252.0,42824392,42824501
42824501,41.8672195995,-87.6475109937,1303921255.0,42824466,42824537
42824537,41.8672129357,-87.6478300482,1303921258.0,42824501,42824575
42824575,41.8672053483,-87.6481930731,1303921261.0,42824537,42824601
42824601,41.8672008312,-87.6484360708,1303921263.0,42824575,42824641
42824641,41.8671943923,-87.6487760152,1303921266.0,42824601,42824683
42824683,41.8671894385,-87.6491139707,1303921269.0,42824641,42824725
42824725,41.8671821263,-87.6494769268,1303921272.0,42824683,42824755
42824755,41.8671776605,-87.6497350501,1303921274.0,42824725,42824785
42824785,41.86717254,-87.6500000176,1303921276.0,42824755,42824815
42824815,41.8671681765,-87.650268023,1303921278.0,42824785,42824846
42824846,41.8671645807,-87.6505298001,1303921280.0,42824815,42824878
42824878,41.867160291,-87.650787976,1303921282.0,42824846,42824910
42824910,41.8671563547,-87.6510475489,1303921284.0,42824878,42824942
42824942,41.8671528276,-87.6513066146,1303921286.0,42824910,42824975
42824975,41.8671483728,-87.65157197,1303921288.0,42824942,42825008
42825008,41.8671423952,-87.6518255943,1303921290.0,42824975,42825041
42825041,41.8671365403,-87.6520683206,1303921292.0,42825008,42825092
42825092,41.8671289982,-87.6523993704,1303921295.0,42825041,42825146
42825146,41.8671243336,-87.6526453852,1303921298.0,42825092,42825217
42825217,41.8671198518,-87.6529533344,1303921302.0,42825146,42825262
42825262,41.867117825,-87.6532454018,1303921305.0,42825217,42825319
42825319,41.8671125915,-87.6535875045,1303921308.0,42825262,42825359
42825359,41.8671072343,-87.653838525,1303921310.0,42825319,42825395
42825395,41.8671029914,-87.654104364,1303921312.0,42825359,42825432
42825432,41.8670993848,-87.6543853741,1303921314.0,42825395,42825472
42825472,41.8670951684,-87.6546794473,1303921316.0,42825432,42825513
42825513,41.8670880389,-87.6549773642,1303921318.0,42825472,42825553
42825553,41.8670825251,-87.6552673093,1303921320.0,42825513,42825593
42825593,41.8670788358,-87.6555532708,1303921322.0,42825553,42825631
42825631,41.8670733955,-87.6558352642,1303921324.0,42825593,42825671
42825671,41.8670702174,-87.6561171817,1303921326.0,42825631,42825715
42825715,41.8670681676,-87.6564041169,1303921328.0,42825671,42825759
42825759,41.8670604761,-87.6566970637,1303921330.0,42825715,42825802
42825802,41.8670538744,-87.6569862687,1303921332.0,42825759,42825841
42825841,41.8670505135,-87.657273221,1303921334.0,42825802,42825883
42825883,41.8670467565,-87.6575712486,1303921336.0,42825841,42825927
42825927,41.8670422709,-87.6578772472,1303921338.0,42825883,42825974
42825974,41.8670344686,-87.6581902434,1303921340.0,42825927,42826017
42826017,41.867029555,-87.6585062407,1303921342.0,42825974,42826060
42826060,41.8670240441,-87.6588242117,1303921344.0,42826017,42826104
42826104,41.867019094,-87.6591412409,1303921346.0,42826060,42826149
42826149,41.867013967,-87.6594572351,1303921348.0,42826104,42826195
42826195,41.8670087717,-87.6597782077,1303921350.0,42826149,42826240
42826240,41.8670050247,-87.6600992118,1303921352.0,42826195,42826287
42826287,41.8670011537,-87.6604201719,1303921354.0,42826240,42826333
42826333,41.8669958867,-87.6607401539,1303921356.0,42826287,42826379
42826379,41.8669910818,-87.6610561895,1303921358.0,42826333,42826427
42826427,41.866988182,-87.661363201,1303921360.0,42826379,42826475
42826475,41.8669848477,-87.6616652182,1303921362.0,42826427,42826520
42826520,41.8669815361,-87.6619731284,1303921364.0,42826475,42826568
42826568,41.8669770046,-87.6622901329,1303921366.0,42826520,42826616
42826616,41.866972482,-87.6626101514,1303921368.0,42826568,42826664
42826664,41.8669674308,-87.6629261394,1303921370.0,42826616,42826706
42826706,41.8669604176,-87.6632392179,1303921372.0,42826664,42826745
42826745,41.8669551262,-87.6635511987,1303921374.0,42826706,42826777
42826777,41.86694933,-87.663856202,1303921376.0,42826745,42826805
42826805,41.866943625,-87.6641511889,1303921378.0,42826777,42826837
42826837,41.866940982,-87.6644331429,1303921380.0,42826805,42826857
42826857,41.8669363527,-87.6647031534,1303921382.0,42826837,42826899
42826899,41.8669318368,-87.6649511986,1303921384.0,42826857,42826967
42826967,41.8669249951,-87.6652502419,1303921387.0,42826899,42827060
42827060,41.8669229902,-87.6654942184,1303921391.0,42826967,42827587
42827587,41.8669194866,-87.6657861297,1303921412.0,42827060,42827697
42827697,41.8669184926,-87.6660610622,1303921416.0,42827587,42827779
42827779,41.8669181916,-87.6663052376,1303921419.0,42827697,42827861
42827861,41.8669195749,-87.6665891569,1303921422.0,42827779,42827941
42827941,41.8669194606,-87.6669170154,1303921425.0,42827861,42828020
42828020,41.8669189129,-87.6674110164,1303921429.0,42827941,42828077
42828077,41.866920458,-87.6676669165,1303921431.0,42828020,42828133
42828133,41.8669237494,-87.6679138731,1303921433.0,42828077,42828222
42828222,41.8669304851,-87.6682529068,1303921436.0,42828133,42828304
42828304,41.8669360428,-87.66850486,1303921439.0,42828222,42828815
42828815,41.8669418131,-87.66875702,1303921457.0,42828304,42828997
42828997,41.8671173422,-87.6689079821,1303921463.0,42828815,42829110
42829110,41.8673371206,-87.6689162222,1303921467.0,42828997,42829198
42829198,41.8675720178,-87.668925499,1303921470.0,42829110,42829291
42829291,41.8678440088,-87.6689328462,1303921473.0,42829198,42829352
42829352,41.8680360171,-87.668940302,1303921475.0,42829291,42829410
42829410,41.8682330033,-87.6689469291,1303921477.0,42829352,42829470
42829470,41.868436091,-87.6689557345,1303921479.0,42829410,42829530
42829530,41.8686360934,-87.6689641876,1303921481.0,42829470,42829591
42829591,41.8688231099,-87.6689708885,1303921483.0,42829530,42829680
42829680,41.8690343394,-87.6689746324,1303921486.0,42829591,42829888
42829888,41.8692191778,-87.6689961695,1303921493.0,42829680,42830052
42830052,41.8693161914,-87.6692747061,1303921498.0,42829888,42830146
42830146,41.869299826,-87.6695829642,1303921501.0,42830052,42830213
42830213,41.8692848301,-87.6698322836,1303921503.0,42830146,42830275
42830275,41.869277077,-87.6700998986,1303921505.0,42830213,42830331
42830331,41.8692799737,-87.6703649282,1303921507.0,42830275,42830384
42830384,41.8692769234,-87.6706140268,1303921509.0,42830331,42830486
42830486,41.8692550264,-87.6709183849,1303921512.0,42830384,42830659
42830659,41.8692508961,-87.6711722315,1303921517.0,42830486,42831447
42831447,41.869244487,-87.6714332342,1303921541.0,42830659,42831583
42831583,41.8692345795,-87.6717056828,1303921545.0,42831447,42831684
42831684,41.8692346645,-87.6719718123,1303921548.0,42831583,42831758
42831758,41.8692325229,-87.672226022,1303921550.0,42831684,42831831
42831831,41.86923469,-87.6725010725,1303921552.0,42831758,42831897
42831897,41.8692391514,-87.672765022,1303921554.0,42831831,42831962
42831962,41.8692290012,-87.6730084003,1303921556.0,42831897,42832054
42832054,41.8692220864,-87.6733179606,1303921559.0,42831962,42832183
42832183,41.8692345318,-87.6735589406,1303921563.0,42832054,42832445
42832445,41.8693940359,-87.6737442261,1303921570.0,42832183,42832586
42832586,41.8696261394,-87.6737707042,1303921574.0,42832445,42832686
42832686,41.8698420417,-87.6737740562,1303921577.0,42832586,42832786
42832786,41.8701049892,-87.6737884151,1303921580.0,42832686,42832860
42832860,41.8702889931,-87.6737887241,1303921582.0,42832786,42832969
42832969,41.8705470265,-87.6737823137,1303921585.0,42832860,42833084
42833084,41.8707759905,-87.6737872925,1303921588.0,42832969,42833192
42833192,41.870975131,-87.6738080121,1303921591.0,42833084,42833335
42833335,41.8711863375,-87.6738331603,1303921595.0,42833192,42833543
42833543,41.87137197,-87.673814442,1303921601.0,42833335,None
