22034486,41.8716400456,-87.6750457097,1303346547.0,None,22034607
22034607,41.8717699467,-87.6748269712,1303346551.0,22034486,22034728
22034728,41.8718011156,-87.6745379972,1303346555.0,22034607,22034813
22034813,41.8717858981,-87.6742639902,1303346558.0,22034728,22034913
22034913,41.8717706195,-87.6740050516,1303346561.0,22034813,22035068
22035068,41.8716966592,-87.6737538838,1303346566.0,22034913,22035392
22035392,41.8716695544,-87.6734675416,1303346578.0,22035068,22035405
22035405,41.8716915167,-87.6732077132,1303346581.0,22035392,22035422
22035422,41.8717132404,-87.6728487826,1303346584.0,22035405,22035435
22035435,41.8717205242,-87.6725679547,1303346586.0,22035422,22035449
22035449,41.8717163036,-87.6722980497,1303346588.0,22035435,22035473
22035473,41.8716911311,-87.6719660434,1303346591.0,22035449,22035634
22035634,41.8716433454,-87.6717320094,1303346607.0,22035473,22035785
22035785,41.8715610202,-87.6715027238,1303346619.0,22035634,22035855
22035855,41.8716223455,-87.6712336536,1303346624.0,22035785,22035896
22035896,41.8716572136,-87.6709167701,1303346627.0,22035855,22035926
22035926,41.8716565844,-87.6706739859,1303346629.0,22035896,22035971
22035971,41.8716397722,-87.6703260128,1303346632.0,22035926,22036019
22036019,41.8715906953,-87.6700064825,1303346635.0,22035971,22036323
22036323,41.8717209696,-87.6697955955,1303346653.0,22036019,22036558
22036558,41.871802333,-87.6695720392,1303346666.0,22036323,22036635
22036635,41.8716356299,-87.6694498609,1303346670.0,22036558,22036696
22036696,41.8713924225,-87.6693876612,1303346673.0,22036635,22036735
22036735,41.8711742249,-87.6693485985,1303346675.0,22036696,22036774
22036774,41.8709251361,-87.6692928677,1303346677.0,22036735,22036815
22036815,41.8706550905,-87.6692432932,1303346679.0,22036774,22036857
22036857,41.8703781362,-87.669199848,1303346681.0,22036815,22036901
22036901,41.87010015,-87.6691703156,1303346683.0,22036857,22036942
22036942,41.8698581402,-87.6691474742,1303346685.0,22036901,22036983
22036983,41.8696590464,-87.6691300667,1303346687.0,22036942,22037026
22037026,41.8694470024,-87.669109968,1303346690.0,22036983,22037179
22037179,41.8692454704,-87.669102549,1303346699.0,22037026,22037229
22037229,41.8690233881,-87.6690826302,1303346702.0,22037179,22037262
22037262,41.8688170522,-87.669064401,1303346704.0,22037229,22037279
22037279,41.8685927822,-87.669048442,1303346706.0,22037262,22037317
22037317,41.8683698051,-87.6690314433,1303346708.0,22037279,22037360
22037360,41.868147828,-87.6690191112,1303346710.0,22037317,22037404
22037404,41.8679198554,-87.669008553,1303346712.0,22037360,22037450
22037450,41.8677099069,-87.6689921632,1303346714.0,22037404,22037521
22037521,41.8674549118,-87.6689762675,1303346717.0,22037450,22037615
22037615,41.8672429076,-87.6689653864,1303346721.0,22037521,22037806
22037806,41.8670390566,-87.6689469058,1303346729.0,22037615,22037899
22037899,41.866823333,-87.6688908197,1303346733.0,22037806,22038020
22038020,41.8667405768,-87.6686327983,1303346738.0,22037899,22038093
22038093,41.8667644936,-87.6681330246,1303346742.0,22038020,22038136
22038136,41.8667757487,-87.6678440424,1303346744.0,22038093,22038191
22038191,41.866784204,-87.6675571039,1303346746.0,22038136,22038241
22038241,41.8667872135,-87.6672921294,1303346748.0,22038191,22038327
22038327,41.8667922797,-87.6669480542,1303346751.0,22038241,22038395
22038395,41.8667940456,-87.6666440689,1303346754.0,22038327,22038472
22038472,41.8668015527,-87.6663413074,1303346757.0,22038395,22038551
22038551,41.8668109944,-87.6659889913,1303346760.0,22038472,22038605
22038605,41.866818345,-87.6657109149,1303346762.0,22038551,22038661
22038661,41.8668261861,-87.6653928829,1303346764.0,22038605,22038711
22038711,41.8668326509,-87.6650438182,1303346766.0,22038661,22038764
22038764,41.8668408989,-87.6646767642,1303346768.0,22038711,22038818
22038818,41.866846597,-87.6642917752,1303346770.0,22038764,22038869
22038869,41.8668513738,-87.6639007634,1303346772.0,22038818,22038921
22038921,41.8668578869,-87.6635047601,1303346774.0,22038869,22038976
22038976,41.8668641982,-87.6631118008,1303346776.0,22038921,22039030
22039030,41.8668702902,-87.6627298248,1303346778.0,22038976,22039082
22039082,41.8668755377,-87.6623558237,1303346780.0,22039030,22039142
22039142,41.8668791985,-87.6619908631,1303346782.0,22039082,22039201
22039201,41.8668867545,-87.6616248895,1303346784.0,22039142,22039255
22039255,41.8668937184,-87.6612548588,1303346786.0,22039201,22039305
22039305,41.866900169,-87.6608828169,1303346788.0,22039255,22039359
22039359,41.8669061979,-87.6605107372,1303346790.0,22039305,22039414
22039414,41.8669129771,-87.6601427355,1303346792.0,22039359,22039466
22039466,41.8669184062,-87.659778786,1303346794.0,22039414,22039522
22039522,41.8669245124,-87.6594148268,1303346796.0,22039466,22039572
22039572,41.8669298606,-87.6590508288,1303346798.0,22039522,22039635
22039635,41.8669356106,-87.6586928325,1303346800.0,22039572,22039693
22039693,41.8669422262,-87.6583418376,1303346802.0,22039635,22039750
22039750,41.8669474266,-87.6579967838,1303346804.0,22039693,22039806
22039806,41.8669520519,-87.657667845,1303346806.0,22039750,22039866
22039866,41.8669573452,-87.6573508134,1303346808.0,22039806,22039921
22039921,41.8669616815,-87.6570518351,1303346810.0,22039866,22039974
22039974,41.8669649785,-87.6567598873,1303346812.0,22039921,22040027
22040027,41.8669678186,-87.6564692511,1303346814.0,22039974,22040088
22040088,41.8669715632,-87.656168797,1303346816.0,22040027,22040149
22040149,41.8669753052,-87.6558565519,1303346818.0,22040088,22040213
22040213,41.8669810888,-87.6555416471,1303346820.0,22040149,22040276
22040276,41.866985942,-87.6552256747,1303346822.0,22040213,22040338
22040338,41.8669894057,-87.6549145573,1303346824.0,22040276,22040399
22040399,41.8669916738,-87.6546166271,1303346826.0,22040338,22040457
22040457,41.8669947607,-87.6543667695,1303346828.0,22040399,22040539
22040539,41.8669964941,-87.6540439262,1303346831.0,22040457,22040624
22040624,41.8669977314,-87.6537869456,1303346834.0,22040539,22040753
22040753,41.8670077289,-87.6535389156,1303346838.0,22040624,22040849
22040849,41.8670162212,-87.6532608745,1303346841.0,22040753,22040912
22040912,41.8670203907,-87.6530098144,1303346843.0,22040849,22040975
22040975,41.8670228529,-87.6527348232,1303346845.0,22040912,22041037
22041037,41.8670239819,-87.6524578732,1303346847.0,22040975,22041096
22041096,41.8670287087,-87.6521948271,1303346849.0,22041037,22041185
22041185,41.8670315953,-87.6518540018,1303346852.0,22041096,22041284
22041284,41.8670341798,-87.651612448,1303346855.0,22041185,22041411
22041411,41.8670587039,-87.6513524844,1303346859.0,22041284,22042024
22042024,41.8670957475,-87.6510747245,1303346878.0,22041411,22042187
22042187,41.8673185327,-87.6509669288,1303346883.0,22042024,22042288
22042288,41.8675430684,-87.6509872589,1303346886.0,22042187,22042357
22042357,41.8677239666,-87.6510011428,1303346888.0,22042288,22042424
22042424,41.8679250024,-87.6510156059,1303346890.0,22042357,22042489
22042489,41.8681310122,-87.6510234244,1303346892.0,22042424,22042555
22042555,41.8683489714,-87.6510299718,1303346894.0,22042489,22042622
22042622,41.8685709564,-87.6510343638,1303346896.0,22042555,22042688
22042688,41.8687919144,-87.6510390194,1303346898.0,22042622,22042756
22042756,41.8690037872,-87.6510499098,1303346900.0,22042688,22042827
22042827,41.8691835601,-87.6510660819,1303346902.0,22042756,22042965
22042965,41.8693934425,-87.6510905453,1303346906.0,22042827,22043211
22043211,41.8695040975,-87.6508505669,1303346913.0,22042965,22043300
22043300,41.8695005499,-87.6505609607,1303346916.0,22043211,22043370
22043370,41.8695051884,-87.6503008776,1303346918.0,22043300,22043444
22043444,41.8695116751,-87.6500038254,1303346920.0,22043370,22043513
22043513,41.8695129564,-87.6496968745,1303346922.0,22043444,22043587
22043587,41.8695161051,-87.6493879114,1303346924.0,22043513,22043658
22043658,41.8695171835,-87.6490879115,1303346926.0,22043587,22043721
22043721,41.8695147635,-87.648809955,1303346928.0,22043658,22043826
22043826,41.8695094326,-87.6485040673,1303346931.0,22043721,None
