93074079,41.8743255881,-87.6576782256,1302891115.0,None,93074109
93074109,41.8743193494,-87.6579841418,1302891118.0,93074079,93074130
93074130,41.8743093129,-87.6582281392,1302891120.0,93074109,93074152
93074152,41.874296584,-87.6585061763,1302891122.0,93074130,93074174
93074174,41.8742847659,-87.6588101742,1302891124.0,93074152,93074198
93074198,41.874277161,-87.6591261788,1302891126.0,93074174,93074222
93074222,41.8742702979,-87.6594551684,1302891128.0,93074198,93074246
93074246,41.8742644556,-87.6597901836,1302891130.0,93074222,93074272
93074272,41.8742603634,-87.6601321703,1302891132.0,93074246,93074298
93074298,41.8742517868,-87.660480206,1302891134.0,93074272,93074324
93074324,41.8742458371,-87.6608262308,1302891136.0,93074298,93074352
93074352,41.8742407129,-87.6611652686,1302891138.0,93074324,93074380
93074380,41.8742356429,-87.6614902447,1302891140.0,93074352,93074408
93074408,41.874228548,-87.6618092215,1302891142.0,93074380,93074437
93074437,41.8742234119,-87.6621392423,1302891144.0,93074408,93074467
93074467,41.8742163864,-87.6624782214,1302891146.0,93074437,93074496
93074496,41.8742103491,-87.6628211897,1302891148.0,93074467,93074527
93074527,41.8742090994,-87.6631699833,1302891150.0,93074496,93074559
93074559,41.8742120584,-87.6635217809,1302891152.0,93074527,93074590
93074590,41.8742180041,-87.6638746899,1302891154.0,93074559,93074622
93074622,41.8742236446,-87.6642246882,1302891156.0,93074590,93074655
93074655,41.8742294496,-87.6645686763,1302891158.0,93074622,93074689
93074689,41.8742333451,-87.6649057232,1302891160.0,93074655,93074722
93074722,41.8742350068,-87.6652249052,1302891162.0,93074689,93074756
93074756,41.8742328006,-87.6655210607,1302891164.0,93074722,93074791
93074791,41.8742305805,-87.6658041897,1302891166.0,93074756,93074827
93074827,41.8742252762,-87.6660831913,1302891168.0,93074791,93074862
93074862,41.8742202037,-87.6663435609,1302891170.0,93074827,93074916
93074916,41.8742070537,-87.6666974737,1302891173.0,93074862,93074972
93074972,41.874203167,-87.6670112159,1302891176.0,93074916,93075026
93075026,41.8741963546,-87.6673379879,1302891179.0,93074972,93075083
93075083,41.8741792868,-87.6676268916,1302891182.0,93075026,93075180
93075180,41.8741739018,-87.6678820523,1302891187.0,93075083,93075276
93075276,41.8741380493,-87.6681911589,1302891192.0,93075180,93075337
93075337,41.8741460833,-87.6684980986,1302891195.0,93075276,93075394
93075394,41.8741640532,-87.6688268539,1302891198.0,93075337,93075501
93075501,41.8742190108,-87.669059142,1302891203.0,93075394,93075670
93075670,41.8740837216,-87.6688779595,1302891211.0,93075501,93075731
93075731,41.8738369438,-87.6688796215,1302891214.0,93075670,93075746
93075746,41.8734989537,-87.6689646573,1302891217.0,93075731,93075801
93075801,41.8733159392,-87.6689731602,1302891220.0,93075746,93075886
93075886,41.8731258278,-87.6690269341,1302891226.0,93075801,93075965
93075965,41.8729337374,-87.6690053415,1302891230.0,93075886,93076023
93076023,41.87270097,-87.6689403704,1302891233.0,93075965,93076061
93076061,41.8725030974,-87.6689523227,1302891235.0,93076023,93076103
93076103,41.872232952,-87.6690544333,1302891237.0,93076061,93076145
93076145,41.8720257771,-87.6691042784,1302891239.0,93076103,93076226
93076226,41.8718269504,-87.6691156548,1302891243.0,93076145,93076374
93076374,41.8716198706,-87.6691324633,1302891250.0,93076226,93076439
93076439,41.8714148507,-87.6691173794,1302891253.0,93076374,93076504
93076504,41.8711382963,-87.6691154395,1302891256.0,93076439,93076549
93076549,41.8709363285,-87.6691068176,1302891258.0,93076504,93076595
93076595,41.8707213555,-87.669095644,1302891260.0,93076549,93076629
93076629,41.8705071898,-87.6690829242,1302891262.0,93076595,93076669
93076669,41.8703040958,-87.6690718996,1302891264.0,93076629,93076715
93076715,41.8701100773,-87.6690685461,1302891266.0,93076669,93076760
93076760,41.8699200696,-87.6690651847,1302891268.0,93076715,93076830
93076830,41.8696750645,-87.6690705587,1302891271.0,93076760,93076918
93076918,41.8694678236,-87.6690729848,1302891275.0,93076830,93077086
93077086,41.8692675245,-87.6691624477,1302891282.0,93076918,93077181
93077181,41.8692415062,-87.6694118045,1302891286.0,93077086,93077275
93077275,41.8692490233,-87.6696940549,1302891290.0,93077181,93077373
93077373,41.8692800374,-87.6699365098,1302891294.0,93077275,93077476
93077476,41.8692745284,-87.6702660204,1302891298.0,93077373,93077553
93077553,41.8692678657,-87.6705328724,1302891301.0,93077476,93077628
93077628,41.8692647127,-87.6707873057,1302891304.0,93077553,93077757
93077757,41.8692551054,-87.6710504258,1302891309.0,93077628,93078128
93078128,41.8692441083,-87.6713157753,1302891324.0,93077757,93078254
93078254,41.8692546159,-87.6715632298,1302891329.0,93078128,93078371
93078371,41.8692764716,-87.6718846629,1302891333.0,93078254,93078424
93078424,41.8692747328,-87.6721570209,1302891335.0,93078371,93078477
93078477,41.8692814552,-87.6724281134,1302891337.0,93078424,93078532
93078532,41.8692901124,-87.6726719565,1302891339.0,93078477,93078611
93078611,41.8693046073,-87.6729899688,1302891342.0,93078532,93078757
93078757,41.8692744027,-87.6732493776,1302891347.0,93078611,93079329
93079329,41.869243781,-87.6735520599,1302891367.0,93078757,93079412
93079412,41.8692122658,-87.6738628439,1302891370.0,93079329,93079474
93079474,41.869199732,-87.6741170164,1302891372.0,93079412,93079537
93079537,41.8691930527,-87.6743980636,1302891374.0,93079474,93079598
93079598,41.8691832149,-87.6746411283,1302891376.0,93079537,93079674
93079674,41.8691733295,-87.6749741307,1302891379.0,93079598,93079767
93079767,41.8691665718,-87.6752271439,1302891382.0,93079674,93079966
93079966,41.869157183,-87.6754710913,1302891389.0,93079767,93080835
93080835,41.8691643724,-87.6757512419,1302891417.0,93079966,93080969
93080969,41.8691647786,-87.6760168068,1302891421.0,93080835,93081136
93081136,41.8692938015,-87.676223841,1302891426.0,93080969,93081235
93081235,41.8694810042,-87.6762073973,1302891429.0,93081136,93081323
93081323,41.869752005,-87.6761930103,1302891432.0,93081235,93081384
93081384,41.8699620496,-87.6761983647,1302891434.0,93081323,93081451
93081451,41.8701960445,-87.6762042253,1302891436.0,93081384,93081513
93081513,41.870444058,-87.6762161878,1302891438.0,93081451,93081582
93081582,41.8706849878,-87.6762316963,1302891440.0,93081513,93081648
93081648,41.8709020046,-87.6762395511,1302891442.0,93081582,93081717
93081717,41.8710920345,-87.6762413855,1302891444.0,93081648,93081815
93081815,41.8713026702,-87.6762424568,1302891447.0,93081717,93081981
93081981,41.8714323327,-87.6760663095,1302891452.0,93081815,93082117
93082117,41.8714089651,-87.6757601312,1302891456.0,93081981,93082224
93082224,41.8714135208,-87.6754760942,1302891459.0,93082117,93082389
93082389,41.8714372193,-87.6752253433,1302891464.0,93082224,93083156
93083156,41.8714385524,-87.674920149,1302891487.0,93082389,93083252
93083252,41.8714584747,-87.6746086996,1302891490.0,93083156,93083363
93083363,41.8714644396,-87.6742783226,1302891493.0,93083252,93083473
93083473,41.871461746,-87.6740300844,1302891496.0,93083363,93083676
93083676,41.87145472,-87.6737509341,1302891502.0,93083473,93083803
93083803,41.8714604684,-87.6735075265,1302891506.0,93083676,None
