106764619,41.871627708,-87.6694389644,1302399922.0,None,106764642
106764642,41.8716229846,-87.6691368637,1302399925.0,106764619,106764704
106764704,41.8714823504,-87.6689350598,1302399932.0,106764642,106764734
106764734,41.8712145926,-87.6689713093,1302399935.0,106764704,106764755
106764755,41.8710214565,-87.6689924993,1302399937.0,106764734,106764777
106764777,41.8707995502,-87.6690045305,1302399939.0,106764755,106764799
106764799,41.8705597287,-87.6689970056,1302399941.0,106764777,106764823
106764823,41.8703247676,-87.6689812874,1302399943.0,106764799,106764847
106764847,41.8701097516,-87.6689807975,1302399945.0,106764823,106764871
106764871,41.8699147621,-87.6689785254,1302399947.0,106764847,106764910
106764910,41.8696547663,-87.6689750802,1302399950.0,106764871,106764949
106764949,41.8694525162,-87.6689722458,1302399953.0,106764910,106765047
106765047,41.8692641173,-87.6689678012,1302399960.0,106764949,106765122
106765122,41.8691280103,-87.6687860786,1302399965.0,106765047,106765168
106765168,41.8691315419,-87.6685311563,1302399968.0,106765122,106765216
106765216,41.8691551766,-87.6681610255,1302399971.0,106765168,106765248
106765248,41.8691598906,-87.667903886,1302399973.0,106765216,106765280
106765280,41.8691646477,-87.6676489706,1302399975.0,106765248,106765314
106765314,41.8691697921,-87.6673759788,1302399977.0,106765280,106765348
106765348,41.8691732024,-87.6671037905,1302399979.0,106765314,106765382
106765382,41.8691698483,-87.6668429873,1302399981.0,106765348,106765416
106765416,41.8691681035,-87.6665951304,1302399983.0,106765382,106765470
106765470,41.8691789632,-87.6662682935,1302399986.0,106765416,106765521
106765521,41.8691947169,-87.6659442658,1302399989.0,106765470,106765576
106765576,41.8692025194,-87.6656161482,1302399992.0,106765521,106765634
106765634,41.8692112681,-87.665297032,1302399995.0,106765576,106765685
106765685,41.8692202131,-87.6649940567,1302399998.0,106765634,106765724
106765724,41.8692260545,-87.6647210379,1302400001.0,106765685,106765774
106765774,41.8692348152,-87.6644211488,1302400005.0,106765724,106765859
106765859,41.869254618,-87.6641762706,1302400012.0,106765774,106765998
106765998,41.8693013814,-87.6638811495,1302400019.0,106765859,106766057
106766057,41.8693179704,-87.6636279837,1302400022.0,106765998,106766117
106766117,41.8693307915,-87.6633709361,1302400025.0,106766057,106766183
106766183,41.8693358111,-87.6630889172,1302400028.0,106766117,106766251
106766251,41.8693381309,-87.6627969547,1302400031.0,106766183,106766311
106766311,41.8693432074,-87.6625449542,1302400034.0,106766251,106766399
106766399,41.869343174,-87.6622679892,1302400038.0,106766311,106766507
106766507,41.8693502943,-87.6619579581,1302400043.0,106766399,106766593
106766593,41.8693606382,-87.6616369004,1302400047.0,106766507,106766661
106766661,41.8693742663,-87.6613378939,1302400050.0,106766593,106766730
106766730,41.8693820026,-87.6610068729,1302400053.0,106766661,106766805
106766805,41.8693872339,-87.6606599145,1302400056.0,106766730,106766875
106766875,41.8693873915,-87.6603019179,1302400059.0,106766805,106766920
106766920,41.8693852778,-87.6600589164,1302400061.0,106766875,106766969
106766969,41.8693831589,-87.6598169198,1302400063.0,106766920,106767042
106767042,41.8693851424,-87.6594699017,1302400066.0,106766969,106767122
106767122,41.8693820957,-87.659127887,1302400069.0,106767042,106767190
106767190,41.8693829534,-87.6587918475,1302400072.0,106767122,106767261
106767261,41.8693899119,-87.6584428998,1302400075.0,106767190,106767338
106767338,41.869396372,-87.6580818989,1302400078.0,106767261,106767415
106767415,41.8693936589,-87.6577259009,1302400081.0,106767338,106767487
106767487,41.8694035973,-87.6573878415,1302400084.0,106767415,106767562
106767562,41.8694127409,-87.6570856856,1302400087.0,106767487,106767667
106767667,41.86943232,-87.6567808256,1302400091.0,106767562,106767796
106767796,41.8696474814,-87.6566913534,1302400096.0,106767667,106767858
106767858,41.8698644415,-87.6567214862,1302400099.0,106767796,106767935
106767935,41.8700867549,-87.6567412633,1302400102.0,106767858,106768050
106768050,41.8703018614,-87.6567498817,1302400106.0,106767935,106768132
106768132,41.8704858526,-87.6567514397,1302400109.0,106768050,106768200
106768200,41.8707298071,-87.6567618181,1302400112.0,106768132,106768252
106768252,41.8709347774,-87.6567678817,1302400114.0,106768200,106768305
106768305,41.8711547599,-87.656772204,1302400116.0,106768252,106768366
106768366,41.8713697807,-87.6567794497,1302400118.0,106768305,106768430
106768430,41.8715829967,-87.6567868063,1302400120.0,106768366,106768491
106768491,41.8717772802,-87.6567818972,1302400122.0,106768430,106768562
106768562,41.872014447,-87.6567709365,1302400125.0,106768491,106768694
106768694,41.8722194604,-87.6567540434,1302400130.0,106768562,106768811
106768811,41.8724654045,-87.6567424577,1302400134.0,106768694,106768903
106768903,41.8727414836,-87.6567281226,1302400137.0,106768811,106768959
106768959,41.8729386994,-87.6567184257,1302400139.0,106768903,106769014
106769014,41.8731305567,-87.6567026193,1302400141.0,106768959,106769073
106769073,41.8733261759,-87.6566937006,1302400143.0,106769014,106769134
106769134,41.8735149345,-87.6566828628,1302400145.0,106769073,106769196
106769196,41.873698941,-87.6566772362,1302400147.0,106769134,106769286
106769286,41.8739562704,-87.65667698,1302400150.0,106769196,106769377
106769377,41.8741745559,-87.6566633788,1302400153.0,106769286,106769460
106769460,41.8742908208,-87.6564614418,1302400158.0,106769377,106769478
106769478,41.8742561276,-87.6561727054,1302400162.0,106769460,106769496
106769496,41.8742537362,-87.6558945828,1302400165.0,106769478,106769517
106769517,41.8742528469,-87.6555337096,1302400168.0,106769496,106769533
106769533,41.8742540373,-87.6552678275,1302400170.0,106769517,106769549
106769549,41.8742536476,-87.6550059263,1302400172.0,106769533,106769567
106769567,41.8742546338,-87.6547449996,1302400174.0,106769549,106769585
106769585,41.8742576918,-87.6544790222,1302400176.0,106769567,106769601
106769601,41.8742600298,-87.6542100349,1302400178.0,106769585,106769622
106769622,41.8742636408,-87.6539350859,1302400180.0,106769601,106769641
106769641,41.8742674366,-87.6536571193,1302400182.0,106769622,106769665
106769665,41.8742737665,-87.6533821378,1302400184.0,106769641,106769686
106769686,41.8742787537,-87.6531171207,1302400186.0,106769665,106769709
106769709,41.8742838374,-87.6528520518,1302400188.0,106769686,106769735
106769735,41.8742892171,-87.6525919923,1302400190.0,106769709,106769770
106769770,41.8742924063,-87.6522810335,1302400193.0,106769735,106769823
106769823,41.8742886894,-87.6519842707,1302400197.0,106769770,106769863
106769863,41.8742944478,-87.6517253266,1302400200.0,106769823,106769906
106769906,41.8743055328,-87.6514083192,1302400203.0,106769863,106769934
106769934,41.8743122408,-87.65116026,1302400205.0,106769906,106769963
106769963,41.8743155127,-87.6508872284,1302400207.0,106769934,106769994
106769994,41.8743168468,-87.6506062051,1302400209.0,106769963,106770024
106770024,41.8743185505,-87.6503311832,1302400211.0,106769994,106770054
106770054,41.8743217661,-87.6500712618,1302400213.0,106770024,106770084
106770084,41.8743312162,-87.6498243795,1302400215.0,106770054,106770117
106770117,41.8743362859,-87.6495804721,1302400217.0,106770084,106770149
106770149,41.8743394548,-87.6493313632,1302400219.0,106770117,106770183
106770183,41.8743417155,-87.6490663005,1302400221.0,106770149,106770215
106770215,41.8743434829,-87.6487882637,1302400223.0,106770183,106770250
106770250,41.8743432808,-87.6485007271,1302400225.0,106770215,106770283
106770283,41.8743306092,-87.6482189795,1302400227.0,106770250,106770319
106770319,41.8743053112,-87.6479427783,1302400229.0,106770283,106770353
106770353,41.8742777256,-87.6476827255,1302400231.0,106770319,106770405
106770405,41.8742236424,-87.647355895,1302400234.0,106770353,106770459
106770459,41.8741103557,-87.6471709901,1302400237.0,106770405,106770535
106770535,41.8738817587,-87.6471583874,1302400241.0,106770459,106770590
106770590,41.8736237666,-87.6471745487,1302400244.0,106770535,106770628
106770628,41.8734107699,-87.6471729026,1302400246.0,106770590,106770670
106770670,41.8731808056,-87.6471681026,1302400248.0,106770628,106770709
106770709,41.8729379386,-87.6471642159,1302400250.0,106770670,106770745
106770745,41.8726940642,-87.6471582519,1302400252.0,106770709,106770786
106770786,41.8724530886,-87.6471548239,1302400254.0,106770745,106770828
106770828,41.87221617,-87.6471521068,1302400256.0,106770786,106770872
106770872,41.8719812355,-87.6471468723,1302400258.0,106770828,106770910
106770910,41.8717412018,-87.6471376135,1302400260.0,106770872,106770948
106770948,41.8714951666,-87.6471287469,1302400262.0,106770910,106770989
106770989,41.8712501462,-87.6471261371,1302400264.0,106770948,106771032
106771032,41.8710071562,-87.6471200708,1302400266.0,106770989,106771078
106771078,41.870767144,-87.6471171422,1302400268.0,106771032,106771120
106771120,41.870536196,-87.6471135555,1302400270.0,106771078,106771161
106771161,41.8703162557,-87.6471098459,1302400272.0,106771120,106771204
106771204,41.8701281602,-87.6471054114,1302400274.0,106771161,106771272
106771272,41.8699281513,-87.6471046431,1302400277.0,106771204,106771698
106771698,41.8697450462,-87.6471138457,1302400301.0,106771272,106771804
106771804,41.8695429051,-87.6471199212,1302400306.0,106771698,106771868
106771868,41.8693164548,-87.6470975514,1302400309.0,106771804,106771915
106771915,41.8691220677,-87.6470888876,1302400311.0,106771868,106771963
106771963,41.8688971484,-87.64707848,1302400313.0,106771915,106772005
106772005,41.868648198,-87.6470720354,1302400315.0,106771963,106772054
106772054,41.8684030974,-87.6470684825,1302400317.0,106772005,106772099
106772099,41.868170927,-87.647072861,1302400319.0,106772054,106772147
106772147,41.8679648966,-87.6470910333,1302400321.0,106772099,106772219
106772219,41.8677120795,-87.6471025828,1302400324.0,106772147,None
