38598837,41.8693407061,-87.6658782675,1303585532.0,None,38599190
38599190,41.8693365101,-87.6661341476,1303585549.0,38598837,38599230
38599230,41.8693332511,-87.6663920873,1303585552.0,38599190,38599284
38599284,41.8693233582,-87.6666909136,1303585555.0,38599230,38599318
38599318,41.8693101438,-87.6670137858,1303585558.0,38599284,38599364
38599364,41.8693012111,-87.6673439124,1303585561.0,38599318,38599417
38599417,41.8692997842,-87.6676759088,1303585564.0,38599364,38599483
38599483,41.8692960888,-87.6680048363,1303585567.0,38599417,38599558
38599558,41.8693006494,-87.6683081897,1303585570.0,38599483,38599630
38599630,41.8693014459,-87.668577093,1303585573.0,38599558,38599748
38599748,41.8692997438,-87.6688219286,1303585578.0,38599630,38599873
38599873,41.869276981,-87.6691118737,1303585583.0,38599748,38599944
38599944,41.8692696866,-87.6693697886,1303585586.0,38599873,38600016
38600016,41.8692567382,-87.669664855,1303585589.0,38599944,38600087
38600087,41.8692457129,-87.669982689,1303585592.0,38600016,38600165
38600165,41.8692398841,-87.6702890977,1303585595.0,38600087,38600237
38600237,41.869241338,-87.6705829428,1303585598.0,38600165,38600321
38600321,41.8692432906,-87.6708582226,1303585601.0,38600237,38600423
38600423,41.8692439208,-87.6711471566,1303585605.0,38600321,38600601
38600601,41.8692568013,-87.6714379631,1303585612.0,38600423,38600710
38600710,41.869290902,-87.6716892279,1303585616.0,38600601,38600793
38600793,41.8692756841,-87.6720167915,1303585619.0,38600710,38600875
38600875,41.869281559,-87.6723691178,1303585622.0,38600793,38600951
38600951,41.8692813263,-87.6727139383,1303585625.0,38600875,38601029
38601029,41.8692797696,-87.6730251363,1303585628.0,38600951,38601113
38601113,41.8692747808,-87.6732833712,1303585631.0,38601029,38601448
38601448,41.8692400538,-87.6735263575,1303585643.0,38601113,38601564
38601564,41.8692027123,-87.6737800296,1303585647.0,38601448,38601634
38601634,41.8691874491,-87.6740551181,1303585650.0,38601564,38601715
38601715,41.8691863671,-87.6743710941,1303585653.0,38601634,38601807
38601807,41.8691847165,-87.6746991357,1303585656.0,38601715,38601898
38601898,41.8691840598,-87.6750090797,1303585659.0,38601807,38601990
38601990,41.869189805,-87.6752711508,1303585662.0,38601898,38602117
38602117,41.8691858887,-87.6755283926,1303585667.0,38601990,38602668
38602668,41.869184173,-87.6758254157,1303585685.0,38602117,38602765
38602765,41.8691808871,-87.676080882,1303585688.0,38602668,38602853
38602853,41.8691683838,-87.6764029897,1303585691.0,38602765,38602946
38602946,41.8691525712,-87.6767599572,1303585694.0,38602853,38603006
38603006,41.8691456922,-87.677008959,1303585696.0,38602946,38603067
38603067,41.8691391359,-87.6772639659,1303585698.0,38603006,38603130
38603130,41.869135116,-87.6775229726,1303585700.0,38603067,38603198
38603198,41.8691320877,-87.6777809649,1303585702.0,38603130,38603261
38603261,41.8691290217,-87.6780389577,1303585704.0,38603198,38603288
38603288,41.8691239555,-87.6782959962,1303585706.0,38603261,38603295
38603295,41.8691182356,-87.6785530274,1303585708.0,38603288,38603304
38603304,41.8691162056,-87.6788049739,1303585710.0,38603295,38603315
38603315,41.8691138714,-87.6790499758,1303585712.0,38603304,38603334
38603334,41.8691098226,-87.679395018,1303585715.0,38603315,38603356
38603356,41.8691103521,-87.6797150347,1303585718.0,38603334,38603380
38603380,41.8691039174,-87.6799751767,1303585721.0,38603356,38603521
38603521,41.8691048523,-87.6802172958,1303585735.0,38603380,38603569
38603569,41.869104694,-87.6804751735,1303585739.0,38603521,38603606
38603606,41.8691029378,-87.6807571001,1303585742.0,38603569,38603645
38603645,41.8690964534,-87.6810720109,1303585745.0,38603606,38603685
38603685,41.8690865675,-87.6814099913,1303585748.0,38603645,38603727
38603727,41.8690768013,-87.6817549701,1303585751.0,38603685,38603769
38603769,41.8690675085,-87.6821009814,1303585754.0,38603727,38603813
38603813,41.869060325,-87.6824249924,1303585757.0,38603769,38603856
38603856,41.8690526015,-87.6827290048,1303585760.0,38603813,38603903
38603903,41.8690509901,-87.6830029728,1303585763.0,38603856,38603983
38603983,41.8690543226,-87.6832450139,1303585768.0,38603903,38604240
38604240,41.8690469514,-87.6835141368,1303585783.0,38603983,38604313
38604313,41.869038465,-87.6837730343,1303585788.0,38604240,38604367
38604367,41.8690347172,-87.6840186573,1303585791.0,38604313,38604424
38604424,41.8690282707,-87.6842928593,1303585794.0,38604367,38604502
38604502,41.8690216042,-87.6845900323,1303585798.0,38604424,38604641
38604641,41.8690114497,-87.6848759228,1303585805.0,38604502,38604718
38604718,41.8690124963,-87.6851709307,1303585809.0,38604641,38604792
38604792,41.8690130061,-87.6854630063,1303585813.0,38604718,38604921
38604921,41.8690185114,-87.6857110784,1303585819.0,38604792,38605136
38605136,41.869038964,-87.6859606978,1303585829.0,38604921,38605536
38605536,41.8692265571,-87.6860269652,1303585850.0,38605136,38605599
38605599,41.8694239954,-87.686036038,1303585854.0,38605536,38605661
38605661,41.8696418767,-87.6860475146,1303585857.0,38605599,38605735
38605735,41.8698848776,-87.6860601194,1303585860.0,38605661,38605808
38605808,41.8701268962,-87.6860746034,1303585863.0,38605735,38605870
38605870,41.8703559753,-87.6860862938,1303585866.0,38605808,38605933
38605933,41.8705670553,-87.6861000393,1303585869.0,38605870,38606008
38606008,41.8707781147,-87.6861145497,1303585872.0,38605933,38606085
38606085,41.8710191908,-87.6861165023,1303585875.0,38606008,38606162
38606162,41.8712829516,-87.6861173322,1303585878.0,38606085,38606233
38606233,41.8715499101,-87.6861298134,1303585881.0,38606162,38606281
38606281,41.87173391,-87.6861357286,1303585883.0,38606233,38606333
38606333,41.8719169349,-87.6861442525,1303585885.0,38606281,38606412
38606412,41.872181973,-87.6861555282,1303585888.0,38606333,38606493
38606493,41.8724399932,-87.6861606414,1303585891.0,38606412,38606565
38606565,41.8726959914,-87.6861678328,1303585894.0,38606493,38606640
38606640,41.8729609758,-87.6861683619,1303585897.0,38606565,38606719
38606719,41.8732099591,-87.6861719169,1303585900.0,38606640,38606796
38606796,41.8734109709,-87.6861783774,1303585903.0,38606719,38606962
38606962,41.8736010774,-87.6861807387,1303585909.0,38606796,38607404
38607404,41.8738161204,-87.6861546365,1303585925.0,38606962,38607449
38607449,41.8739005908,-87.6859269779,1303585929.0,38607404,38607467
38607467,41.8739038141,-87.6856119401,1303585933.0,38607449,38607485
38607485,41.8739156363,-87.6853229265,1303585936.0,38607467,38607506
38607506,41.8739352391,-87.6850058814,1303585939.0,38607485,38607530
38607530,41.8739514266,-87.6846928341,1303585942.0,38607506,38607556
38607556,41.8739677256,-87.6844108825,1303585945.0,38607530,38607594
38607594,41.8739744312,-87.6841137762,1303585949.0,38607556,38607885
38607885,41.8739500857,-87.6838588436,1303585973.0,38607594,38607942
38607942,41.8739418509,-87.6835518787,1303585977.0,38607885,38607987
38607987,41.8739386704,-87.6832469918,1303585980.0,38607942,38608032
38608032,41.8739383398,-87.6829140597,1303585983.0,38607987,38608080
38608080,41.8739456832,-87.6825680246,1303585986.0,38608032,38608128
38608128,41.8739487204,-87.6822230331,1303585989.0,38608080,38608177
38608177,41.8739499523,-87.681902116,1303585992.0,38608128,38608228
38608228,41.8739633076,-87.6816480446,1303585995.0,38608177,38608326
38608326,41.8739758419,-87.6813879016,1303586001.0,38608228,38608394
38608394,41.8739819075,-87.6810818915,1303586005.0,38608326,38608450
38608450,41.8739832349,-87.6807820003,1303586008.0,38608394,38608505
38608505,41.8739885052,-87.6804510373,1303586011.0,38608450,38608559
38608559,41.8739935266,-87.6801040553,1303586014.0,38608505,38608618
38608618,41.8739962606,-87.6797490175,1303586017.0,38608559,38608678
38608678,41.8740010144,-87.6793950345,1303586020.0,38608618,38608735
38608735,41.8740068423,-87.6790369912,1303586023.0,38608678,38608796
38608796,41.8740111666,-87.6786839923,1303586026.0,38608735,38608860
38608860,41.8740097977,-87.678339059,1303586029.0,38608796,38608920
38608920,41.8740074885,-87.6780030879,1303586032.0,38608860,38608975
38608975,41.8740091779,-87.6776760839,1303586035.0,38608920,38609041
38609041,41.8740155269,-87.6773651088,1303586038.0,38608975,38609105
38609105,41.8740220104,-87.6770808507,1303586041.0,38609041,38609166
38609166,41.8740075745,-87.6768314434,1303586044.0,38609105,38609256
38609256,41.8739558154,-87.6765803601,1303586048.0,38609166,38609349
38609349,41.8737211646,-87.6765018463,1303586052.0,38609256,38609410
38609410,41.8735251059,-87.6764857939,1303586055.0,38609349,38609482
38609482,41.873336116,-87.6764726056,1303586058.0,38609410,38609535
38609535,41.8731192227,-87.6764601106,1303586062.0,38609482,38610070
38610070,41.8729032282,-87.676449345,1303586087.0,38609535,38610141
38610141,41.8727181112,-87.6764355216,1303586090.0,38610070,38610220
38610220,41.8724870636,-87.676419569,1303586093.0,38610141,38610278
38610278,41.8722321304,-87.6764030264,1303586096.0,38610220,38610331
38610331,41.8720521127,-87.6763806708,1303586098.0,38610278,38610383
38610383,41.8718719264,-87.6763543685,1303586100.0,38610331,38610463
38610463,41.8716377254,-87.6763349452,1303586103.0,38610383,38610563
38610563,41.8714648093,-87.6762150867,1303586107.0,38610463,38610669
38610669,41.8714491191,-87.6758912516,1303586111.0,38610563,38610752
38610752,41.87145529,-87.6756139071,1303586114.0,38610669,38610838
38610838,41.8714554464,-87.6753490794,1303586117.0,38610752,38611189
38611189,41.8714648728,-87.675095557,1303586130.0,38610838,38611297
38611297,41.8714825214,-87.6748464586,1303586134.0,38611189,38611376
38611376,41.8714973701,-87.6745812584,1303586137.0,38611297,38611459
38611459,41.8715074194,-87.6743041638,1303586140.0,38611376,38611545
38611545,41.8715190223,-87.6740622761,1303586143.0,38611459,38611716
38611716,41.8715557751,-87.6738009495,1303586149.0,38611545,38611830
38611830,41.8715906426,-87.6735126712,1303586153.0,38611716,38611923
38611923,41.8716092243,-87.6732368063,1303586156.0,38611830,38612011
38612011,41.8716356837,-87.6729349396,1303586159.0,38611923,38612092
38612092,41.871663751,-87.6726208876,1303586162.0,38612011,38612185
38612185,41.8716671602,-87.6723099917,1303586165.0,38612092,38612275
38612275,41.8716688259,-87.6719969666,1303586168.0,38612185,38612367
38612367,41.871660042,-87.6716441168,1303586171.0,38612275,38612431
38612431,41.8716583608,-87.6713978334,1303586173.0,38612367,38612493
38612493,41.8716608196,-87.6711527645,1303586175.0,38612431,38612545
38612545,41.8716693009,-87.6708978272,1303586177.0,38612493,38612605
38612605,41.8716729931,-87.670637035,1303586179.0,38612545,38612661
38612661,41.8716632512,-87.6703840536,1303586181.0,38612605,38612746
38612746,41.8716635099,-87.670028607,1303586184.0,38612661,38612841
38612841,41.8717023083,-87.6697155932,1303586187.0,38612746,38612938
38612938,41.8717519925,-87.6694401625,1303586190.0,38612841,38613099
38613099,41.8717278449,-87.6691964688,1303586195.0,38612938,38613215
38613215,41.8715122913,-87.6690908275,1303586199.0,38613099,38613310
38613310,41.8712939009,-87.6690735993,1303586202.0,38613215,38613409
38613409,41.8710627911,-87.6690526368,1303586205.0,38613310,38613502
38613502,41.8708038141,-87.6690302482,1303586208.0,38613409,38613569
38613569,41.8706228555,-87.6690175316,1303586210.0,38613502,38613628
38613628,41.8704348471,-87.6690048652,1303586212.0,38613569,38613691
38613691,41.8702498264,-87.6689971321,1303586214.0,38613628,38613787
38613787,41.8699907674,-87.6689827134,1303586217.0,38613691,38613886
38613886,41.8697478027,-87.6689735431,1303586220.0,38613787,38613982
38613982,41.8695276332,-87.6689642364,1303586223.0,38613886,38614146
38614146,41.8693278054,-87.6689572245,1303586228.0,38613982,38614342
38614342,41.8692048768,-87.6686904216,1303586234.0,38614146,38614444
38614444,41.8692193356,-87.6684099096,1303586237.0,38614342,38614553
38614553,41.8692352714,-87.6680830072,1303586240.0,38614444,38614657
38614657,41.8692320359,-87.6677488598,1303586243.0,38614553,38614757
38614757,41.8692244251,-87.6674088122,1303586246.0,38614657,38614852
38614852,41.8692224468,-87.6670526528,1303586249.0,38614757,38614956
38614956,41.8692292594,-87.6666907531,1303586252.0,38614852,38615027
38615027,41.8692335641,-87.6664479428,1303586254.0,38614956,38615095
38615095,41.8692343975,-87.6662059611,1303586256.0,38615027,38615153
38615153,41.8692393196,-87.6659630348,1303586258.0,38615095,38615227
38615227,41.8692447855,-87.665719054,1303586260.0,38615153,38615299
38615299,41.8692471575,-87.6654739645,1303586262.0,38615227,38615408
38615408,41.8692514813,-87.6651299528,1303586265.0,38615299,38615509
38615509,41.8692591145,-87.6648139617,1303586268.0,38615408,38615601
38615601,41.8692674629,-87.6645379906,1303586271.0,38615509,38615767
38615767,41.869309465,-87.6642428418,1303586277.0,38615601,38615991
38615991,41.8693433004,-87.6639716765,1303586283.0,38615767,38616105
38616105,41.8693672687,-87.6637098164,1303586286.0,38615991,38616212
38616212,41.8693794579,-87.6634018839,1303586289.0,38616105,38616313
38616313,41.8693895963,-87.6630588951,1303586292.0,38616212,38616408
38616408,41.869397743,-87.6627199223,1303586295.0,38616313,38616516
38616516,41.8694027859,-87.662396914,1303586298.0,38616408,38616624
38616624,41.8694344407,-87.6621049992,1303586301.0,38616516,38617205
38617205,41.8694327327,-87.6618419707,1303586317.0,38616624,None
