51386472,41.8671224519,-87.6531672619,1303181487.0,None,51386627
51386627,41.8671182892,-87.6534563068,1303181493.0,51386472,51386714
51386714,41.8671160353,-87.6536993442,1303181496.0,51386627,51386789
51386789,41.8671120935,-87.6539721803,1303181499.0,51386714,51386863
51386863,41.8671086205,-87.6542691146,1303181502.0,51386789,51386942
51386942,41.8671022389,-87.6545791749,1303181505.0,51386863,51387024
51387024,41.8670925517,-87.6548962555,1303181508.0,51386942,51387101
51387101,41.8670836648,-87.655221282,1303181511.0,51387024,51387185
51387185,41.8670795172,-87.6555372717,1303181514.0,51387101,51387265
51387265,41.8670729005,-87.6558472669,1303181517.0,51387185,51387350
51387350,41.8670660104,-87.6561342533,1303181520.0,51387265,51387459
51387459,41.8670712606,-87.6564331582,1303181524.0,51387350,51387703
51387703,41.8671451339,-87.6566763244,1303181533.0,51387459,51387824
51387824,41.8673501008,-87.6566886054,1303181537.0,51387703,51387901
51387901,41.8675461516,-87.6567011653,1303181540.0,51387824,51387983
51387983,41.8677560637,-87.6567147923,1303181543.0,51387901,51388070
51388070,41.86797109,-87.6567260657,1303181546.0,51387983,51388159
51388159,41.8681881121,-87.6567322981,1303181549.0,51388070,51388236
51388236,41.8684050953,-87.6567388091,1303181552.0,51388159,51388328
51388328,41.8686130712,-87.6567465297,1303181555.0,51388236,51388414
51388414,41.8688150081,-87.6567498918,1303181558.0,51388328,51388536
51388536,41.8690429585,-87.6567498245,1303181562.0,51388414,51388662
51388662,41.869228034,-87.656746101,1303181566.0,51388536,51389302
51389302,41.8694478012,-87.6567510442,1303181587.0,51388662,51389426
51389426,41.8696763892,-87.6567626862,1303181591.0,51389302,51389515
51389515,41.8698893964,-87.6567761261,1303181594.0,51389426,51389597
51389597,41.8701112694,-87.6567860339,1303181597.0,51389515,51389695
51389695,41.8703491365,-87.6567924486,1303181600.0,51389597,51389803
51389803,41.8705961196,-87.6567949194,1303181603.0,51389695,51389901
51389901,41.8708511287,-87.6567987165,1303181606.0,51389803,51389992
51389992,41.8711030813,-87.6568041532,1303181609.0,51389901,51390083
51390083,41.8713511222,-87.6568135598,1303181612.0,51389992,51390177
51390177,41.8715710532,-87.6568220434,1303181615.0,51390083,51390277
51390277,41.8717987486,-87.656822962,1303181618.0,51390177,51390376
51390376,41.8719906485,-87.6568156338,1303181621.0,51390277,51390612
51390612,41.8721875703,-87.6568152072,1303181628.0,51390376,51390740
51390740,41.8723716446,-87.656816443,1303181632.0,51390612,51390872
51390872,41.8725995594,-87.6568162139,1303181636.0,51390740,51390967
51390967,41.872789433,-87.6568145985,1303181639.0,51390872,51391036
51391036,41.8729762452,-87.6567905848,1303181642.0,51390967,51391177
51391177,41.873215632,-87.6567729176,1303181646.0,51391036,51391285
51391285,41.8734089593,-87.6567750304,1303181649.0,51391177,51391379
51391379,41.8736051036,-87.6567750928,1303181652.0,51391285,51391467
51391467,41.8737881426,-87.6567756914,1303181655.0,51391379,51391603
51391603,41.874004578,-87.6567762146,1303181659.0,51391467,51391780
51391780,41.8741736022,-87.6566387228,1303181664.0,51391603,51391928
51391928,41.8741821169,-87.6563531876,1303181668.0,51391780,51392032
51392032,41.8741962392,-87.6561122453,1303181671.0,51391928,51392134
51392134,41.874206217,-87.6558522583,1303181674.0,51392032,51392234
51392234,41.8742127966,-87.6555764236,1303181677.0,51392134,51392339
51392339,41.8742219065,-87.655299401,1303181680.0,51392234,51392448
51392448,41.8742284751,-87.6550183911,1303181683.0,51392339,51392557
51392557,41.874236057,-87.6547283506,1303181686.0,51392448,51392666
51392666,41.8742448381,-87.6544322647,1303181689.0,51392557,51392775
51392775,41.8742489328,-87.654139228,1303181692.0,51392666,51392883
51392883,41.8742538989,-87.6538623211,1303181695.0,51392775,51392995
51392995,41.8742583238,-87.6535823391,1303181698.0,51392883,51393111
51393111,41.8742634562,-87.6533073957,1303181701.0,51392995,51393219
51393219,41.8742682962,-87.6530502838,1303181704.0,51393111,51393305
51393305,41.874274276,-87.6527901511,1303181707.0,51393219,51393400
51393400,41.8742761192,-87.6525240525,1303181710.0,51393305,51393511
51393511,41.8742812426,-87.6522612733,1303181713.0,51393400,51393620
51393620,41.8742908787,-87.6520122061,1303181716.0,51393511,51393740
51393740,41.8742986919,-87.6517581585,1303181719.0,51393620,51393864
51393864,41.8743069833,-87.6514832372,1303181722.0,51393740,51393958
51393958,41.874317302,-87.6511990801,1303181725.0,51393864,51394057
51394057,41.8743226088,-87.6509080768,1303181728.0,51393958,51394162
51394162,41.8743291907,-87.6506120129,1303181731.0,51394057,51394274
51394274,41.8743332005,-87.6503189827,1303181734.0,51394162,51394386
51394386,41.8743374735,-87.6500280301,1303181737.0,51394274,51394493
51394493,41.874344286,-87.6497321922,1303181740.0,51394386,51394600
51394600,41.8743498275,-87.649439206,1303181743.0,51394493,51394689
51394689,41.8743559058,-87.6491511413,1303181746.0,51394600,51394788
51394788,41.8743609112,-87.6488690168,1303181749.0,51394689,51394898
51394898,41.8743659866,-87.6485980082,1303181752.0,51394788,51395004
51395004,41.8743633267,-87.6483374523,1303181755.0,51394898,51395111
51395111,41.8743454433,-87.6480965627,1303181758.0,51395004,51395244
51395244,41.8743169882,-87.6478156779,1303181762.0,51395111,51395391
51395391,41.8742958736,-87.6475560668,1303181766.0,51395244,51396117
51396117,41.874233123,-87.6473070303,1303181786.0,51395391,51396220
51396220,41.8740322069,-87.6472151503,1303181790.0,51396117,51396331
51396331,41.873832883,-87.6472013476,1303181793.0,51396220,51396445
51396445,41.8736148991,-87.6471923727,1303181796.0,51396331,51396564
51396564,41.8733819406,-87.647187784,1303181799.0,51396445,51396668
51396668,41.8731490569,-87.6471857559,1303181802.0,51396564,51396770
51396770,41.872921121,-87.6471763202,1303181805.0,51396668,51396872
51396872,41.8727110902,-87.6471607216,1303181808.0,51396770,51396979
51396979,41.8725290913,-87.6471545018,1303181811.0,51396872,51397130
51397130,41.8723419287,-87.6471409241,1303181815.0,51396979,51397718
51397718,41.8721418336,-87.647123317,1303181831.0,51397130,51397864
51397864,41.871958757,-87.647118262,1303181835.0,51397718,51398006
51398006,41.8717228455,-87.6471109434,1303181839.0,51397864,51398116
51398116,41.8715179804,-87.6471047816,1303181842.0,51398006,51398228
51398228,41.8712960144,-87.6471028741,1303181845.0,51398116,51398344
51398344,41.871070006,-87.6470994143,1303181848.0,51398228,51398453
51398453,41.8708439994,-87.647093153,1303181851.0,51398344,51398563
51398563,41.8706230167,-87.6470871756,1303181854.0,51398453,51398666
51398666,41.8704211369,-87.6470846106,1303181857.0,51398563,51398767
51398767,41.8702411312,-87.6470787445,1303181860.0,51398666,51398913
51398913,41.8700580427,-87.6470739037,1303181864.0,51398767,None
