49536542,41.8671912084,-87.6492588664,1302982194.0,None,49536810
49536810,41.8671863463,-87.6495188901,1302982203.0,49536542,49536901
49536901,41.8671831946,-87.6498069477,1302982206.0,49536810,49536991
49536991,41.8671797522,-87.6501579043,1302982209.0,49536901,49537083
49537083,41.8671761359,-87.6504987366,1302982212.0,49536991,49537169
49537169,41.8671735197,-87.6508011274,1302982215.0,49537083,49537306
49537306,41.8672854216,-87.6510123289,1302982219.0,49537169,49537404
49537404,41.8674742547,-87.6510148721,1302982222.0,49537306,49537501
49537501,41.8677171458,-87.6510184579,1302982225.0,49537404,49537581
49537581,41.8679770921,-87.6510257608,1302982228.0,49537501,49537665
49537665,41.8682450458,-87.6510328085,1302982231.0,49537581,49537730
49537730,41.8684270281,-87.6510381374,1302982233.0,49537665,49537800
49537800,41.8686140382,-87.6510428163,1302982235.0,49537730,49537870
49537870,41.8687939879,-87.6510456554,1302982237.0,49537800,49537973
49537973,41.8690408823,-87.6510581394,1302982240.0,49537870,49538093
49538093,41.8692541691,-87.6510940128,1302982244.0,49537973,49538742
49538742,41.8694466731,-87.6511375906,1302982264.0,49538093,49538870
49538870,41.8695426882,-87.6513623419,1302982268.0,49538742,49539352
49539352,41.8695198929,-87.6516211339,1302982282.0,49538870,49539480
49539480,41.8695051521,-87.6519231365,1302982286.0,49539352,49539590
49539590,41.8694959829,-87.6522320993,1302982289.0,49539480,49539691
49539691,41.8694922693,-87.652551054,1302982292.0,49539590,49539796
49539796,41.8694904823,-87.6528709635,1302982295.0,49539691,49539905
49539905,41.8694904146,-87.6531799193,1302982298.0,49539796,49540007
49540007,41.8694993828,-87.6534798823,1302982301.0,49539905,49540110
49540110,41.8694997387,-87.6537608859,1302982304.0,49540007,49540324
49540324,41.8694995935,-87.6540038743,1302982310.0,49540110,49540570
49540570,41.8694876507,-87.6542809516,1302982317.0,49540324,49540705
49540705,41.8694737938,-87.6546039027,1302982321.0,49540570,49540812
49540812,41.8694634953,-87.6549099353,1302982324.0,49540705,49540922
49540922,41.8694587367,-87.655223024,1302982327.0,49540812,49541041
49541041,41.8694530122,-87.6555359539,1302982330.0,49540922,49541148
49541148,41.8694444512,-87.6558569311,1302982333.0,49541041,49541248
49541248,41.8694448846,-87.656187887,1302982336.0,49541148,49541355
49541355,41.8694479589,-87.6565370019,1302982339.0,49541248,49541432
49541432,41.8694458323,-87.6567844785,1302982341.0,49541355,49541510
49541510,41.8694406979,-87.657036308,1302982343.0,49541432,49541542
49541542,41.8694348089,-87.6572901888,1302982345.0,49541510,49541549
49541549,41.8694326825,-87.6575391157,1302982347.0,49541542,49541558
49541558,41.8694304412,-87.6577880641,1302982349.0,49541549,49541569
49541569,41.8694274387,-87.6580380544,1302982351.0,49541558,49541581
49541581,41.8694205372,-87.6582950835,1302982353.0,49541569,49541595
49541595,41.8694164412,-87.6585600623,1302982355.0,49541581,49541610
49541610,41.8694114647,-87.6588320564,1302982357.0,49541595,49541626
49541626,41.8694092248,-87.6591050518,1302982359.0,49541610,49541643
49541643,41.8694051356,-87.6593720536,1302982361.0,49541626,49541661
49541661,41.8694002354,-87.659635033,1302982363.0,49541643,49541680
49541680,41.8693971187,-87.6598970402,1302982365.0,49541661,49541700
49541700,41.8693895246,-87.6601560498,1302982367.0,49541680,49541720
49541720,41.8693835549,-87.6604050435,1302982369.0,49541700,49541742
49541742,41.8693814116,-87.660647052,1302982371.0,49541720,49541764
49541764,41.8693793909,-87.6608920821,1302982373.0,49541742,49541787
49541787,41.8693778004,-87.6611381395,1302982375.0,49541764,49541811
49541811,41.8693779523,-87.6613841431,1302982377.0,49541787,49541835
49541835,41.8693742379,-87.6616341302,1302982379.0,49541811,49541860
49541860,41.8693672691,-87.6618770177,1302982381.0,49541835,49541899
49541899,41.8693517349,-87.6622279645,1302982384.0,49541860,49541939
49541939,41.8693436015,-87.6625610188,1302982387.0,49541899,49541981
49541981,41.8693376013,-87.6628510035,1302982390.0,49541939,49542023
49542023,41.8693260134,-87.6631120963,1302982393.0,49541981,49542068
49542068,41.8693203268,-87.6633631255,1302982396.0,49542023,49542125
49542125,41.8693133758,-87.6636100822,1302982400.0,49542068,49542236
49542236,41.8693104652,-87.6638710934,1302982407.0,49542125,49542422
49542422,41.8693094777,-87.664152114,1302982418.0,49542236,49542475
49542475,41.8693077527,-87.6644281116,1302982421.0,49542422,49542527
49542527,41.8693017416,-87.6647511069,1302982424.0,49542475,49542585
49542585,41.8692944138,-87.6651091217,1302982427.0,49542527,49542624
49542624,41.8692903841,-87.6653581192,1302982429.0,49542585,49542658
49542658,41.8692875718,-87.6656111708,1302982431.0,49542624,49542696
49542696,41.8692891118,-87.6658582777,1302982433.0,49542658,49542733
49542733,41.869290364,-87.6661093208,1302982435.0,49542696,49542773
49542773,41.8692889501,-87.6663752177,1302982437.0,49542733,49542813
49542813,41.8692850224,-87.6666382453,1302982439.0,49542773,49542852
49542852,41.8692768945,-87.6669002533,1302982441.0,49542813,49542893
49542893,41.8692640563,-87.6671641837,1302982443.0,49542852,49542932
49542932,41.869257723,-87.6674261151,1302982445.0,49542893,49542974
49542974,41.8692571323,-87.6676830861,1302982447.0,49542932,49543017
49543017,41.8692530321,-87.6679319432,1302982449.0,49542974,49543058
49543058,41.8692509599,-87.6681750341,1302982451.0,49543017,49543120
49543120,41.8692496147,-87.668508185,1302982454.0,49543058,49543205
49543205,41.8692465822,-87.6687694643,1302982458.0,49543120,49543359
49543359,41.8692409781,-87.6690796319,1302982465.0,49543205,49543427
49543427,41.8692414325,-87.6693496976,1302982468.0,49543359,49543481
49543481,41.8692408407,-87.6696402493,1302982471.0,49543427,49543526
49543526,41.869244005,-87.6699405849,1302982474.0,49543481,49543584
49543584,41.8692247002,-87.6702650398,1302982477.0,49543526,49543632
49543632,41.8692342323,-87.6706219597,1302982480.0,49543584,49543691
49543691,41.869238864,-87.6709490597,1302982483.0,49543632,49543777
49543777,41.8692460123,-87.671215814,1302982487.0,49543691,49543949
49543949,41.8692706198,-87.6714881587,1302982494.0,49543777,49544042
49544042,41.8692711524,-87.6717378777,1302982498.0,49543949,49544113
49544113,41.8692280266,-87.6720738542,1302982501.0,49544042,49544164
49544164,41.8692308559,-87.6723540911,1302982503.0,49544113,49544217
49544217,41.8692269718,-87.6726180237,1302982505.0,49544164,49544295
49544295,41.8692199145,-87.6729693628,1302982508.0,49544217,49544369
49544369,41.8692130963,-87.673264753,1302982511.0,49544295,49544493
49544493,41.8692251616,-87.6735054331,1302982516.0,49544369,49544600
49544600,41.8692155901,-87.673789751,1302982520.0,49544493,49544675
49544675,41.8692024868,-87.6740829923,1302982523.0,49544600,49544748
49544748,41.8691955447,-87.6744240467,1302982526.0,49544675,49544804
49544804,41.8691907011,-87.6746741042,1302982528.0,49544748,49544856
49544856,41.8691850591,-87.6749251292,1302982530.0,49544804,49544934
49544934,41.8691863335,-87.6752751476,1302982533.0,49544856,49545010
49545010,41.8691994639,-87.675559577,1302982536.0,49544934,49545563
49545563,41.8691920568,-87.6758244235,1302982556.0,49545010,49545705
49545705,41.8691716418,-87.6760908489,1302982561.0,49545563,49545784
49545784,41.8691571804,-87.6763631263,1302982564.0,49545705,49545869
49545869,41.8691459681,-87.6766780533,1302982567.0,49545784,49545959
49545959,41.8691352905,-87.6770320015,1302982570.0,49545869,49546017
49546017,41.8691312574,-87.6772829938,1302982572.0,49545959,49546074
49546074,41.8691271947,-87.6775459946,1302982574.0,49546017,49546133
49546133,41.8691231713,-87.6778159981,1302982576.0,49546074,49546191
49546191,41.8691182871,-87.6780869979,1302982578.0,49546133,49546250
49546250,41.869112404,-87.6783570344,1302982580.0,49546191,49546307
49546307,41.8691066851,-87.6786250626,1302982582.0,49546250,49546367
49546367,41.8691025759,-87.6788940135,1302982584.0,49546307,49546422
49546422,41.8691004184,-87.6791549921,1302982586.0,49546367,49546483
49546483,41.8690965086,-87.6794000515,1302982588.0,49546422,49546576
49546576,41.8690934601,-87.679743072,1302982591.0,49546483,49546668
49546668,41.8690942636,-87.6800582029,1302982594.0,49546576,49546754
49546754,41.8690980401,-87.6803012968,1302982597.0,49546668,49547338
49547338,41.869093011,-87.6805770727,1302982616.0,49546754,49547434
49547434,41.8690904652,-87.6809811308,1302982621.0,49547338,49547444
49547444,41.8690816628,-87.6812981382,1302982624.0,49547434,49547528
49547528,41.8690686084,-87.6816511271,1302982627.0,49547444,49547533
49547533,41.8690587824,-87.6818941527,1302982629.0,49547528,49547541
49547541,41.8690518152,-87.682142136,1302982631.0,49547533,49547551
49547551,41.8690482462,-87.6823891203,1302982633.0,49547541,49547569
49547569,41.8690428219,-87.6827380669,1302982636.0,49547551,49547589
49547589,41.8690453144,-87.6830539898,1302982639.0,49547569,49547613
49547613,41.8690444386,-87.6833110451,1302982642.0,49547589,49547786
49547786,41.8690339988,-87.6835963045,1302982659.0,49547613,49547834
49547834,41.8690148307,-87.6838969206,1302982663.0,49547786,49547873
49547873,41.8690045733,-87.6841990111,1302982666.0,49547834,49547912
49547912,41.8689949034,-87.6844942077,1302982669.0,49547873,49547968
49547968,41.8689845165,-87.684747221,1302982673.0,49547912,49548055
49548055,41.8689702505,-87.6850180133,1302982679.0,49547968,49548100
49548100,41.8689631387,-87.6852820291,1302982682.0,49548055,49548147
49548147,41.8689660352,-87.6855719563,1302982685.0,49548100,49548194
49548194,41.86896204,-87.685820328,1302982688.0,49548147,49548283
49548283,41.8690065189,-87.6860620456,1302982694.0,49548194,49548334
49548334,41.8691836503,-87.686087116,1302982697.0,49548283,49548389
49548389,41.8694361814,-87.6860745908,1302982700.0,49548334,49548420
49548420,41.8696201185,-87.6860771586,1302982702.0,49548389,49548455
49548455,41.8698111054,-87.686081417,1302982704.0,49548420,49548492
49548492,41.8700050592,-87.686090226,1302982706.0,49548455,49548512
49548512,41.8702000848,-87.6861007903,1302982708.0,49548492,49548550
49548550,41.8703980832,-87.6861044079,1302982710.0,49548512,49548585
49548585,41.8705991012,-87.6861115517,1302982712.0,49548550,49548623
49548623,41.8708021328,-87.6861189296,1302982714.0,49548585,49548661
49548661,41.8710072016,-87.6861206383,1302982716.0,49548623,49548701
49548701,41.8712129977,-87.6861198946,1302982718.0,49548661,49548740
49548740,41.8714219328,-87.6861249345,1302982720.0,49548701,49548779
49548779,41.8716329428,-87.6861349528,1302982722.0,49548740,49548817
49548817,41.8718449375,-87.6861426512,1302982724.0,49548779,49548857
49548857,41.8720539624,-87.6861498501,1302982726.0,49548817,49548899
49548899,41.8722609913,-87.6861587661,1302982728.0,49548857,49548939
49548939,41.8724690137,-87.6861641639,1302982730.0,49548899,49548983
49548983,41.8726720051,-87.6861689892,1302982732.0,49548939,49549024
49549024,41.8728689962,-87.6861722604,1302982734.0,49548983,49549065
49549065,41.8730590153,-87.686174141,1302982736.0,49549024,49549129
49549129,41.8733199596,-87.6861765294,1302982739.0,49549065,49549196
49549196,41.8735490185,-87.6861842946,1302982742.0,49549129,49549282
49549282,41.8737310495,-87.6862000342,1302982746.0,49549196,49549436
49549436,41.8738752275,-87.6860347339,1302982753.0,49549282,49549500
49549500,41.8739012327,-87.6857079536,1302982757.0,49549436,49549570
49549570,41.8739197681,-87.6852968833,1302982761.0,49549500,49549624
49549624,41.8739293897,-87.6849669332,1302982764.0,49549570,49549675
49549675,41.8739348024,-87.684625946,1302982767.0,49549624,49549736
49549736,41.8739397708,-87.6843049473,1302982770.0,49549675,49549803
49549803,41.8739277142,-87.6839889937,1302982773.0,49549736,49549870
49549870,41.8739328526,-87.6836319569,1302982776.0,49549803,49549917
49549917,41.8739398622,-87.6833700092,1302982778.0,49549870,49549963
49549963,41.8739447353,-87.6830969894,1302982780.0,49549917,49550016
49550016,41.8739518522,-87.6828249744,1302982782.0,49549963,49550070
49550070,41.8739564136,-87.6825679545,1302982784.0,49550016,49550121
49550121,41.8739616825,-87.6823229559,1302982786.0,49550070,49550192
49550192,41.8739646145,-87.681980025,1302982789.0,49550121,49550266
49550266,41.8739679212,-87.6816800279,1302982792.0,49550192,49550427
49550427,41.8739780698,-87.681403861,1302982798.0,49550266,None
