114271799,41.8689723558,-87.683732237,1303531816.0,None,114271805
114271805,41.8689715315,-87.6840100802,1303531819.0,114271799,114271809
114271809,41.8689734027,-87.6842521412,1303531821.0,114271805,114271815
114271815,41.8689722063,-87.6845902781,1303531824.0,114271809,114271829
114271829,41.868956979,-87.6848470889,1303531831.0,114271815,114271837
114271837,41.8689642744,-87.68514107,1303531835.0,114271829,114271843
114271843,41.8689907841,-87.6854529884,1303531838.0,114271837,114271849
114271849,41.8689945639,-87.685733967,1303531841.0,114271843,114271855
114271855,41.8689948506,-87.6860160544,1303531845.0,114271849,114271868
114271868,41.8691569726,-87.6861167626,1303531852.0,114271855,114271914
114271914,41.8693671896,-87.6861053613,1303531875.0,114271868,114271920
114271920,41.8696203148,-87.6861116533,1303531878.0,114271914,114271924
114271924,41.8698093079,-87.6861187146,1303531880.0,114271920,114271928
114271928,41.8700042913,-87.6861311946,1303531882.0,114271924,114271932
114271932,41.870204235,-87.6861346392,1303531884.0,114271928,114271936
114271936,41.8703991964,-87.6861366626,1303531886.0,114271932,114271940
114271940,41.8705911961,-87.6861369798,1303531888.0,114271936,114271946
114271946,41.8708431855,-87.6861285231,1303531891.0,114271940,114271952
114271952,41.8710532702,-87.6861371917,1303531894.0,114271946,114271958
114271958,41.8712702754,-87.6861477457,1303531897.0,114271952,114271964
114271964,41.8715132883,-87.6861581792,1303531900.0,114271958,114271970
114271970,41.871773247,-87.6861679369,1303531903.0,114271964,114271974
114271974,41.8719682037,-87.6861766668,1303531905.0,114271970,114271978
114271978,41.8721751598,-87.6861866009,1303531907.0,114271974,114271982
114271982,41.8723881566,-87.6861950443,1303531909.0,114271978,114271986
114271986,41.8726001525,-87.6861965993,1303531911.0,114271982,114271990
114271990,41.8728091152,-87.6862006495,1303531913.0,114271986,114271994
114271994,41.8730101544,-87.6862056667,1303531915.0,114271990,114271998
114271998,41.8731991376,-87.6862071745,1303531917.0,114271994,114272004
114272004,41.8734550716,-87.686214896,1303531920.0,114271998,114272010
114272010,41.8736369023,-87.686223536,1303531923.0,114272004,114272056
114272056,41.8738482684,-87.6861995222,1303531946.0,114272010,114272064
114272064,41.8739114924,-87.6859720562,1303531950.0,114272056,114272070
114272070,41.8739091709,-87.6856589088,1303531953.0,114272064,114272074
114272074,41.8739159374,-87.6854129184,1303531955.0,114272070,114272078
114272078,41.873925465,-87.6851299008,1303531957.0,114272074,114272082
114272082,41.8739323905,-87.6848369229,1303531959.0,114272078,114272086
114272086,41.873935078,-87.6845379381,1303531961.0,114272082,114272090
114272090,41.87394087,-87.6842388984,1303531963.0,114272086,114272094
114272094,41.8739586111,-87.6839438417,1303531965.0,114272090,114272098
114272098,41.8739612709,-87.6836467908,1303531967.0,114272094,114272102
114272102,41.8739625812,-87.6833378805,1303531969.0,114272098,114272106
114272106,41.873970839,-87.6830088245,1303531971.0,114272102,114272110
114272110,41.8739775006,-87.6826598723,1303531973.0,114272106,114272114
114272114,41.8739821699,-87.682302904,1303531975.0,114272110,114272118
114272118,41.8739825857,-87.6819659335,1303531977.0,114272114,114272122
114272122,41.8739808868,-87.6816819065,1303531979.0,114272118,114272128
114272128,41.8739772059,-87.6814218643,1303531982.0,114272122,114272136
114272136,41.8739833882,-87.6811198418,1303531986.0,114272128,114272142
114272142,41.8739880728,-87.6807439667,1303531989.0,114272136,114272146
114272146,41.8739965775,-87.6804319781,1303531991.0,114272142,114272150
114272150,41.8740072984,-87.6800799724,1303531993.0,114272146,114272154
114272154,41.8740124322,-87.6797019271,1303531995.0,114272150,114272158
114272158,41.8740182224,-87.6793219256,1303531997.0,114272154,114272162
114272162,41.8740233128,-87.6789388904,1303531999.0,114272158,114272166
114272166,41.8740291537,-87.6785558994,1303532001.0,114272162,114272170
114272170,41.8740310422,-87.6781759364,1303532003.0,114272166,114272174
114272174,41.87403132,-87.6778089441,1303532005.0,114272170,114272178
114272178,41.8740360849,-87.6774670288,1303532007.0,114272174,114272182
114272182,41.8740377392,-87.6771711549,1303532009.0,114272178,114272188
114272188,41.8740177015,-87.676829917,1303532012.0,114272182,114272198
114272198,41.8739821462,-87.6765692418,1303532017.0,114272188,114272206
114272206,41.8737754398,-87.676494983,1303532021.0,114272198,114272210
114272210,41.8735917853,-87.6764792471,1303532023.0,114272206,114272213
114272213,41.8733788887,-87.6764652025,1303532025.0,114272210,114272217
114272217,41.8731320907,-87.6764523538,1303532027.0,114272213,114272221
114272221,41.8728720937,-87.6764396235,1303532029.0,114272217,114272225
114272225,41.872605043,-87.6764254037,1303532031.0,114272221,114272229
114272229,41.8723320893,-87.6764097792,1303532033.0,114272225,114272233
114272233,41.8720721997,-87.676386349,1303532035.0,114272229,114272237
114272237,41.8718439887,-87.6763543173,1303532037.0,114272233,114272240
114272240,41.8716608521,-87.676339189,1303532039.0,114272237,114272248
114272248,41.8714682135,-87.6762465698,1303532043.0,114272240,114272256
114272256,41.8714563288,-87.6760081943,1303532047.0,114272248,114272262
114272262,41.871471655,-87.6756899171,1303532050.0,114272256,114272266
114272266,41.8714859603,-87.6754239342,1303532052.0,114272262,114272270
114272270,41.871510557,-87.675166202,1303532054.0,114272266,114272273
114272273,41.8715323106,-87.6749250865,1303532056.0,114272270,114272277
114272277,41.87152498,-87.6746695978,1303532058.0,114272273,114272281
114272281,41.8715303541,-87.6744117696,1303532060.0,114272277,114272285
114272285,41.8715431268,-87.6741681117,1303532062.0,114272281,114272291
114272291,41.8715547575,-87.6738480583,1303532065.0,114272285,114272297
114272297,41.8715668455,-87.6735078984,1303532068.0,114272291,114272301
114272301,41.8715774416,-87.6732358346,1303532070.0,114272297,114272305
114272305,41.8715966743,-87.6729269402,1303532072.0,114272301,114272309
114272309,41.8716087544,-87.6725806637,1303532074.0,114272305,114272313
114272313,41.8716153624,-87.6722228507,1303532076.0,114272309,114272317
114272317,41.871614338,-87.6718728976,1303532078.0,114272313,114272321
114272321,41.8715975224,-87.6715328143,1303532080.0,114272317,114272325
114272325,41.8715884454,-87.6712096239,1303532082.0,114272321,114272329
114272329,41.8715898732,-87.6708947332,1303532084.0,114272325,114272333
114272333,41.8715875947,-87.6705808875,1303532086.0,114272329,114272337
114272337,41.8715824247,-87.6702787753,1303532088.0,114272333,114272341
114272341,41.8715854098,-87.6699925157,1303532090.0,114272337,114272345
114272345,41.8715899509,-87.6697208369,1303532092.0,114272341,114272349
114272349,41.8715913707,-87.6694787561,1303532094.0,114272345,114272355
114272355,41.8716052325,-87.6692246391,1303532097.0,114272349,114272365
114272365,41.8715454907,-87.6689940335,1303532102.0,114272355,114272373
114272373,41.8713155119,-87.66899892,1303532106.0,114272365,114272379
114272379,41.8710684555,-87.6689944887,1303532109.0,114272373,114272383
114272383,41.8708684616,-87.6689850123,1303532111.0,114272379,114272387
114272387,41.8706365459,-87.6689711754,1303532113.0,114272383,114272391
114272391,41.8703946999,-87.6689618011,1303532115.0,114272387,114272395
114272395,41.8701547442,-87.6689628512,1303532117.0,114272391,114272399
114272399,41.8699177409,-87.6689645612,1303532119.0,114272395,114272403
114272403,41.8696997874,-87.6689643512,1303532121.0,114272399,114272409
114272409,41.8694544757,-87.6689610781,1303532124.0,114272403,114272423
114272423,41.8692476884,-87.668942834,1303532131.0,114272409,114272431
114272431,41.8689817228,-87.6689365924,1303532135.0,114272423,114272435
114272435,41.8687808336,-87.6689349493,1303532137.0,114272431,114272439
114272439,41.8685499429,-87.6689342229,1303532139.0,114272435,114272443
114272443,41.8682999523,-87.668930788,1303532141.0,114272439,114272447
114272447,41.8680399323,-87.6689284274,1303532143.0,114272443,114272451
114272451,41.8677839118,-87.6689225748,1303532145.0,114272447,114272455
114272455,41.867546868,-87.6689104175,1303532147.0,114272451,114272459
114272459,41.8673498898,-87.6688969765,1303532149.0,114272455,114272465
114272465,41.8671548425,-87.6688817207,1303532152.0,114272459,None
