38495983,41.8721302748,-87.647154059,1303581610.0,None,38496124
38496124,41.87193924,-87.6471462354,1303581620.0,38495983,38496154
38496154,41.8717441241,-87.6471314033,1303581623.0,38496124,38496210
38496210,41.8715111466,-87.6471243181,1303581626.0,38496154,38496256
38496256,41.87124912,-87.6471193202,1303581629.0,38496210,38496288
38496288,41.8710591151,-87.647114414,1303581631.0,38496256,38496324
38496324,41.8708631009,-87.6471078373,1303581633.0,38496288,38496361
38496361,41.8706591063,-87.6471026623,1303581635.0,38496324,38496394
38496394,41.8704532191,-87.6470998746,1303581637.0,38496361,38496430
38496430,41.8702502071,-87.6470951715,1303581639.0,38496394,38496466
38496466,41.8700460874,-87.6470922603,1303581641.0,38496430,38496504
38496504,41.8698491663,-87.6470852328,1303581643.0,38496466,38496542
38496542,41.8696556384,-87.6470781326,1303581645.0,38496504,38496579
38496579,41.8694568417,-87.6470695456,1303581647.0,38496542,38496615
38496615,41.8692610375,-87.6470595994,1303581649.0,38496579,38496653
38496653,41.8690638609,-87.6470536988,1303581651.0,38496615,38496691
38496691,41.8688619566,-87.6470510821,1303581653.0,38496653,38496731
38496731,41.8686590095,-87.6470468474,1303581655.0,38496691,38496769
38496769,41.8684609831,-87.6470430475,1303581657.0,38496731,38496809
38496809,41.8682690185,-87.6470443534,1303581659.0,38496769,38496850
38496850,41.8680821021,-87.647050078,1303581661.0,38496809,38496890
38496890,41.867899127,-87.6470586834,1303581663.0,38496850,38496951
38496951,41.8676441272,-87.6470587326,1303581666.0,38496890,38497015
38497015,41.8674134017,-87.6470556536,1303581669.0,38496951,38497097
38497097,41.8672169783,-87.6471754468,1303581673.0,38497015,38497183
38497183,41.8671883467,-87.6474943033,1303581677.0,38497097,38497249
38497249,41.8671867418,-87.6477901737,1303581680.0,38497183,38497316
38497316,41.8671805814,-87.6480672426,1303581683.0,38497249,38497367
38497367,41.8671786614,-87.6483392623,1303581686.0,38497316,38497429
38497429,41.8671748048,-87.6486412486,1303581689.0,38497367,38497482
38497482,41.8671741289,-87.6489561687,1303581692.0,38497429,38497528
38497528,41.8671714196,-87.6492971799,1303581695.0,38497482,38497578
38497578,41.8671669849,-87.6496471021,1303581698.0,38497528,38497640
38497640,41.8671636473,-87.6499951227,1303581701.0,38497578,38497701
38497701,41.8671608662,-87.6503390582,1303581704.0,38497640,38497769
38497769,41.86715991,-87.6506579675,1303581707.0,38497701,38497837
38497837,41.8671625769,-87.6509059502,1303581710.0,38497769,38497932
38497932,41.8672961685,-87.6510498972,1303581714.0,38497837,38498027
38498027,41.8675431797,-87.6510415648,1303581718.0,38497932,38498100
38498100,41.8677593061,-87.651045365,1303581721.0,38498027,38498171
38498171,41.867986279,-87.651054963,1303581724.0,38498100,38498247
38498247,41.8682152283,-87.6510560518,1303581727.0,38498171,38498308
38498308,41.8684601836,-87.6510586387,1303581730.0,38498247,38498384
38498384,41.868704203,-87.651065046,1303581733.0,38498308,38498455
38498455,41.8689352406,-87.6510711517,1303581736.0,38498384,38498529
38498529,41.8691254518,-87.6510858785,1303581739.0,38498455,38498702
38498702,41.8693081903,-87.6511114749,1303581746.0,38498529,38499281
38499281,41.8694795871,-87.6512169719,1303581768.0,38498702,38499396
38499396,41.869522235,-87.6515021093,1303581772.0,38499281,38499476
38499476,41.8695049511,-87.6517862267,1303581775.0,38499396,38499559
38499559,41.8694893877,-87.6521121966,1303581778.0,38499476,38499645
38499645,41.8694776465,-87.652447157,1303581781.0,38499559,38499712
38499712,41.8694613075,-87.6527851515,1303581784.0,38499645,38499797
38499797,41.8694559885,-87.6531131354,1303581787.0,38499712,38499887
38499887,41.8694526598,-87.6534191143,1303581790.0,38499797,38499976
38499976,41.8694466696,-87.6537011163,1303581793.0,38499887,38500085
38500085,41.8694329429,-87.653985018,1303581797.0,38499976,38500292
38500292,41.869413921,-87.6542420838,1303581804.0,38500085,38500412
38500412,41.8693967966,-87.6545720604,1303581808.0,38500292,38500499
38500499,41.8693833928,-87.6548760771,1303581811.0,38500412,38500583
38500583,41.8694020408,-87.6552220701,1303581814.0,38500499,38500679
38500679,41.8693958357,-87.6555310594,1303581817.0,38500583,38500768
38500768,41.8693957962,-87.6558181344,1303581820.0,38500679,38500863
38500863,41.8693936015,-87.6560630802,1303581823.0,38500768,38500955
38500955,41.8693872081,-87.6563869775,1303581827.0,38500863,38501051
38501051,41.8693919947,-87.6566524802,1303581830.0,38500955,38501181
38501181,41.8693872143,-87.656962306,1303581834.0,38501051,38501293
38501293,41.8693658625,-87.6572692057,1303581838.0,38501181,38501385
38501385,41.8693600015,-87.6575491397,1303581841.0,38501293,38501477
38501477,41.8693603017,-87.6578681,1303581844.0,38501385,38501576
38501576,41.8693574511,-87.6582161099,1303581847.0,38501477,38501641
38501641,41.8693596584,-87.6584581004,1303581849.0,38501576,38501737
38501737,41.8693608408,-87.6588231145,1303581852.0,38501641,38501803
38501803,41.8693599503,-87.6590721351,1303581854.0,38501737,38501867
38501867,41.8693549138,-87.6593161286,1303581856.0,38501803,38501925
38501925,41.869347874,-87.6595591013,1303581858.0,38501867,38501989
38501989,41.8693407888,-87.6598061281,1303581860.0,38501925,38502088
38502088,41.8693347566,-87.6601621116,1303581863.0,38501989,38502188
38502188,41.8693297092,-87.6604911128,1303581866.0,38502088,38502290
38502290,41.8693225236,-87.6607960937,1303581869.0,38502188,38502395
38502395,41.869317577,-87.6611200596,1303581872.0,38502290,38502484
38502484,41.8693092437,-87.6614771149,1303581875.0,38502395,38502547
38502547,41.8693052959,-87.6617211868,1303581877.0,38502484,38502614
38502614,41.8693014849,-87.6619671406,1303581879.0,38502547,38502681
38502681,41.8692953482,-87.6622111558,1303581881.0,38502614,38502782
38502782,41.869281952,-87.6625561088,1303581884.0,38502681,38502877
38502877,41.8692621428,-87.6628741089,1303581887.0,38502782,38502985
38502985,41.8692561163,-87.6631660156,1303581890.0,38502877,38503078
38503078,41.8692551323,-87.6634241263,1303581893.0,38502985,38503203
38503203,41.8692491871,-87.663691108,1303581897.0,38503078,38503686
38503686,41.8692595788,-87.6639540069,1303581911.0,38503203,38503852
38503852,41.8692451502,-87.6642260647,1303581916.0,38503686,38503993
38503993,41.8692476149,-87.6645450703,1303581920.0,38503852,38504104
38504104,41.8692477557,-87.6648141199,1303581923.0,38503993,38504212
38504212,41.8692550509,-87.6651011114,1303581926.0,38504104,38504310
38504310,41.8692591321,-87.6653940941,1303581929.0,38504212,38504419
38504419,41.8692554617,-87.6656850788,1303581932.0,38504310,38504518
38504518,41.8692445298,-87.6659871187,1303581935.0,38504419,38504633
38504633,41.8692525215,-87.6663281706,1303581938.0,38504518,38504745
38504745,41.8692570904,-87.6666872849,1303581941.0,38504633,38504859
38504859,41.8692452103,-87.6670513196,1303581944.0,38504745,38504919
38504919,41.8692386473,-87.6672972182,1303581946.0,38504859,38504991
38504991,41.8692364389,-87.6675431748,1303581948.0,38504919,38505092
38505092,41.8692202633,-87.6678950417,1303581951.0,38504991,38505198
38505198,41.8692064469,-87.668223052,1303581954.0,38505092,38505315
38505315,41.8692035239,-87.6685311066,1303581957.0,38505198,38505498
38505498,41.869188091,-87.6687937048,1303581962.0,38505315,38505715
38505715,41.8691982051,-87.6690918242,1303581968.0,38505498,38505819
38505819,41.8691882017,-87.6693585572,1303581971.0,38505715,38505931
38505931,41.8691847708,-87.6696625804,1303581974.0,38505819,38506035
38506035,41.86917226,-87.6699732186,1303581977.0,38505931,38506149
38506149,41.8691507328,-87.6702839909,1303581980.0,38506035,38506264
38506264,41.8691474036,-87.6705939491,1303581983.0,38506149,38506369
38506369,41.8691666241,-87.6709104138,1303581986.0,38506264,38506514
38506514,41.8691803986,-87.6711830206,1303581990.0,38506369,38507011
38507011,41.8692544188,-87.6714499792,1303582005.0,38506514,38507077
38507077,41.8692458691,-87.6717509299,1303582008.0,38507011,38507178
38507178,41.8692372286,-87.6720668244,1303582011.0,38507077,38507289
38507289,41.8692327353,-87.6723860845,1303582014.0,38507178,38507393
38507393,41.8692401321,-87.6726809909,1303582017.0,38507289,38507503
38507503,41.8692481995,-87.6729282475,1303582021.0,38507393,38507636
38507636,41.8692348832,-87.6732538357,1303582025.0,38507503,38507748
38507748,41.8692226409,-87.6736050839,1303582028.0,38507636,38507826
38507826,41.8692071454,-87.6738739434,1303582030.0,38507748,38507899
38507899,41.8691929418,-87.6741450763,1303582032.0,38507826,38507973
38507973,41.8691787111,-87.6744101479,1303582034.0,38507899,38508042
38508042,41.8691671809,-87.6746531921,1303582036.0,38507973,38508139
38508139,41.8691521449,-87.6749761899,1303582039.0,38508042,38508238
38508238,41.8691395513,-87.6752381567,1303582042.0,38508139,38508374
38508374,41.8691312522,-87.6755308367,1303582046.0,38508238,38508517
38508517,41.8691252511,-87.6757899231,1303582050.0,38508374,None
