73093192,41.8695766114,-87.6473195618,1303131583.0,None,73093735
73093735,41.8694342874,-87.6471292765,1303131601.0,73093192,73093862
73093862,41.8691860328,-87.647113236,1303131605.0,73093735,73093929
73093929,41.8689302226,-87.6471054375,1303131608.0,73093862,73093990
73093990,41.8687452754,-87.6470975017,1303131610.0,73093929,73094059
73094059,41.8685571772,-87.6470877592,1303131612.0,73093990,73094126
73094126,41.8683690708,-87.6470818027,1303131614.0,73094059,73094193
73094193,41.8681879006,-87.6470820776,1303131616.0,73094126,73094291
73094291,41.8679418924,-87.647095814,1303131619.0,73094193,73094374
73094374,41.8677520269,-87.6470875242,1303131622.0,73094291,73094955
73094955,41.8675712226,-87.6470901771,1303131640.0,73094374,73095233
73095233,41.8673805853,-87.6471208973,1303131649.0,73094955,73095400
73095400,41.8672759566,-87.6474263596,1303131654.0,73095233,73095510
73095510,41.8672529679,-87.6477118436,1303131657.0,73095400,73095608
73095608,41.867239997,-87.6480257858,1303131660.0,73095510,73095705
73095705,41.8672309581,-87.6483457337,1303131663.0,73095608,73095788
73095788,41.8672189175,-87.648644733,1303131666.0,73095705,73095928
73095928,41.8672063914,-87.6489197772,1303131670.0,73095788,73096169
73096169,41.8671960464,-87.649206796,1303131677.0,73095928,73096311
73096311,41.8671902596,-87.6495428566,1303131681.0,73096169,73096408
73096408,41.8671835725,-87.6498799089,1303131684.0,73096311,73096480
73096480,41.8671799555,-87.6501349238,1303131686.0,73096408,73096554
73096554,41.8671769638,-87.6503978508,1303131688.0,73096480,73096626
73096626,41.867174929,-87.650666872,1303131690.0,73096554,73096690
73096690,41.8671733968,-87.6509400096,1303131692.0,73096626,73096763
73096763,41.8671667581,-87.6512237073,1303131694.0,73096690,73096835
73096835,41.867161164,-87.6515125163,1303131696.0,73096763,73096910
73096910,41.8671543291,-87.6518152759,1303131698.0,73096835,73096976
73096976,41.867150873,-87.6521209292,1303131700.0,73096910,73097043
73097043,41.8671469516,-87.6524298701,1303131702.0,73096976,73097112
73097112,41.8671443669,-87.6527427866,1303131704.0,73097043,73097184
73097184,41.8671422738,-87.6530507731,1303131706.0,73097112,73097259
73097259,41.8671357923,-87.6533527524,1303131708.0,73097184,73097331
73097331,41.8671294396,-87.6536518001,1303131710.0,73097259,73097401
73097401,41.8671232216,-87.6539578001,1303131712.0,73097331,73097469
73097469,41.8671195658,-87.654269739,1303131714.0,73097401,73097544
73097544,41.86711937,-87.6545565351,1303131716.0,73097469,73097657
73097657,41.8671155535,-87.6548954214,1303131719.0,73097544,73097755
73097755,41.8671076952,-87.6553207018,1303131723.0,73097657,73097760
73097760,41.8671023107,-87.6555636636,1303131725.0,73097755,73097768
73097768,41.8670962747,-87.6558186282,1303131727.0,73097760,73097778
73097778,41.8670904415,-87.6560817512,1303131729.0,73097768,73097790
73097790,41.8670872512,-87.6563339143,1303131731.0,73097778,73097803
73097803,41.8670916817,-87.6565745827,1303131733.0,73097790,73097817
73097817,41.8670870142,-87.6568268034,1303131735.0,73097803,73097833
73097833,41.8670822829,-87.6570978616,1303131737.0,73097817,73097849
73097849,41.8670767106,-87.6573788372,1303131739.0,73097833,73097867
73097867,41.8670717176,-87.657664881,1303131741.0,73097849,73097885
73097885,41.8670666169,-87.6579558412,1303131743.0,73097867,73097905
73097905,41.8670645881,-87.6582578569,1303131745.0,73097885,73097925
73097925,41.86706046,-87.6585578566,1303131747.0,73097905,73097946
73097946,41.8670571332,-87.6588468294,1303131749.0,73097925,73097968
73097968,41.8670531194,-87.6591067855,1303131751.0,73097946,73098002
73098002,41.8670480245,-87.6594368197,1303131754.0,73097968,73098038
73098038,41.8670457486,-87.6597017796,1303131757.0,73098002,73098101
73098101,41.8670434478,-87.6599737685,1303131762.0,73098038,73098429
73098429,41.8670319978,-87.6602348205,1303131785.0,73098101,73098515
73098515,41.8670302839,-87.6605177491,1303131790.0,73098429,73098563
73098563,41.8670245919,-87.660783839,1303131793.0,73098515,73098616
73098616,41.8670166698,-87.6610749316,1303131796.0,73098563,73098670
73098670,41.8670103152,-87.6614059388,1303131799.0,73098616,73098722
73098722,41.8670039108,-87.6617679963,1303131802.0,73098670,73098759
73098759,41.86700011,-87.662023837,1303131804.0,73098722,73098798
73098798,41.8669937599,-87.662290883,1303131806.0,73098759,73098833
73098833,41.8669882573,-87.6625599401,1303131808.0,73098798,73098870
73098870,41.8669841767,-87.6628149338,1303131810.0,73098833,73098907
73098907,41.8669808968,-87.6630649318,1303131812.0,73098870,73098948
73098948,41.8669759549,-87.6633169328,1303131814.0,73098907,73098990
73098990,41.8669709356,-87.6635769339,1303131816.0,73098948,73099027
73099027,41.8669682791,-87.6638369286,1303131818.0,73098990,73099065
73099065,41.8669634458,-87.664084929,1303131820.0,73099027,73099125
73099125,41.8669583008,-87.664412938,1303131823.0,73099065,73099187
73099187,41.8669543923,-87.6646899263,1303131826.0,73099125,73099310
73099310,41.8669561616,-87.6649538919,1303131832.0,73099187,73099530
73099530,41.8669575006,-87.665248889,1303131861.0,73099310,73099565
73099565,41.8669551108,-87.6655159461,1303131864.0,73099530,73099601
73099601,41.8669519355,-87.6658129657,1303131867.0,73099565,73099639
73099639,41.8669507075,-87.6661210696,1303131870.0,73099601,73099678
73099678,41.8669479529,-87.6664405238,1303131873.0,73099639,73099719
73099719,41.8669463277,-87.6667589801,1303131876.0,73099678,73099761
73099761,41.8669492628,-87.6670189501,1303131879.0,73099719,73099834
73099834,41.8669498496,-87.6672730092,1303131884.0,73099761,73099908
73099908,41.8669546578,-87.6675671349,1303131889.0,73099834,73099970
73099970,41.8669620781,-87.6678762264,1303131893.0,73099908,73100036
73100036,41.8669686102,-87.6681422706,1303131897.0,73099970,73100102
73100102,41.8669740548,-87.6683872025,1303131901.0,73100036,73100173
73100173,41.8669787492,-87.6686681054,1303131905.0,73100102,73100261
73100261,41.8671013573,-87.6688873981,1303131910.0,73100173,73100334
73100334,41.8672911108,-87.6688926883,1303131914.0,73100261,73100380
73100380,41.8675129832,-87.6688982412,1303131917.0,73100334,73100438
73100438,41.8677669376,-87.6688967554,1303131920.0,73100380,73100497
73100497,41.868032883,-87.6688997359,1303131923.0,73100438,73100554
73100554,41.8683008547,-87.6689055601,1303131926.0,73100497,73100594
73100594,41.8684808214,-87.6689139953,1303131928.0,73100554,73100658
73100658,41.8687420404,-87.6689254399,1303131931.0,73100594,73100715
73100715,41.8689432017,-87.6689228126,1303131934.0,73100658,73100966
73100966,41.8691411098,-87.6689191926,1303131946.0,73100715,73101070
73101070,41.8692404368,-87.6691353359,1303131951.0,73100966,73101118
73101118,41.8692304051,-87.6694392382,1303131955.0,73101070,73101154
73101154,41.8692244642,-87.6697309356,1303131958.0,73101118,73101207
73101207,41.8692193226,-87.6700348754,1303131961.0,73101154,73101263
73101263,41.8692208945,-87.6703360689,1303131964.0,73101207,73101316
73101316,41.8692323119,-87.6706269616,1303131967.0,73101263,73101380
73101380,41.8692406999,-87.670872175,1303131970.0,73101316,73101497
73101497,41.8692487592,-87.6711333358,1303131975.0,73101380,73102196
73102196,41.8692633684,-87.6713812593,1303132004.0,73101497,73102347
73102347,41.8693991044,-87.6716127303,1303132010.0,73102196,73102424
73102424,41.869402008,-87.6719490013,1303132013.0,73102347,73102501
73102501,41.8693744016,-87.6723029243,1303132016.0,73102424,73102577
73102577,41.869353451,-87.6726561295,1303132019.0,73102501,73102653
73102653,41.8693341253,-87.6729620531,1303132022.0,73102577,73102758
73102758,41.8693232894,-87.6732228173,1303132026.0,73102653,73102998
73102998,41.8693075504,-87.6734863308,1303132035.0,73102758,73103162
73103162,41.8695158757,-87.6735430971,1303132041.0,73102998,73103301
73103301,41.86970895,-87.6735530781,1303132046.0,73103162,73103397
73103397,41.8698909519,-87.6735935193,1303132050.0,73103301,73103514
73103514,41.8701079679,-87.6736282299,1303132054.0,73103397,73103630
73103630,41.8703409799,-87.6736575813,1303132058.0,73103514,73103746
73103746,41.8705679934,-87.6737142883,1303132062.0,73103630,73103830
73103830,41.8707580089,-87.6737329275,1303132065.0,73103746,73103915
73103915,41.8709450607,-87.6737489828,1303132068.0,73103830,73104037
73104037,41.871132207,-87.6737807642,1303132072.0,73103915,73104264
73104264,41.8713266148,-87.673783859,1303132080.0,73104037,73104443
73104443,41.8714417734,-87.6735661709,1303132086.0,73104264,None
