77500349,41.8671217179,-87.6531402892,1303529150.0,None,77500625
77500625,41.8671223279,-87.6534341485,1303529159.0,77500349,77500724
77500724,41.8671195831,-87.653687177,1303529162.0,77500625,77500817
77500817,41.8671144696,-87.6540040622,1303529165.0,77500724,77500903
77500903,41.8671086632,-87.6543570402,1303529168.0,77500817,77500961
77500961,41.8671041712,-87.6545990412,1303529170.0,77500903,77501023
77501023,41.8671016663,-87.654844858,1303529172.0,77500961,77501084
77501084,41.8670979079,-87.6552028227,1303529175.0,77501023,77501189
77501189,41.8670940104,-87.6555298418,1303529178.0,77501084,77501263
77501263,41.8670882157,-87.6558248138,1303529181.0,77501189,77501394
77501394,41.8670848026,-87.6561238485,1303529185.0,77501263,77501557
77501557,41.8670817544,-87.6563661294,1303529190.0,77501394,77502397
77502397,41.8671064483,-87.6566176989,1303529216.0,77501557,77502571
77502571,41.8672903276,-87.6566896711,1303529221.0,77502397,77502715
77502715,41.8674901169,-87.656693968,1303529225.0,77502571,77502819
77502819,41.8676720034,-87.6567041058,1303529228.0,77502715,77502917
77502917,41.8678829842,-87.6567113469,1303529231.0,77502819,77502997
77502997,41.868108015,-87.6567181562,1303529234.0,77502917,77503109
77503109,41.8683260248,-87.6567274976,1303529237.0,77502997,77503218
77503218,41.8685369995,-87.6567339954,1303529240.0,77503109,77503321
77503321,41.8687309958,-87.6567402375,1303529243.0,77503218,77503446
77503446,41.8689559658,-87.65675221,1303529247.0,77503321,77503581
77503581,41.8691369792,-87.6567530048,1303529251.0,77503446,77504057
77504057,41.8693173631,-87.6567565011,1303529264.0,77503581,77504215
77504215,41.869529036,-87.6567597648,1303529269.0,77504057,77504322
77504322,41.8697466536,-87.656777678,1303529272.0,77504215,77504429
77504429,41.8699854553,-87.6567954917,1303529275.0,77504322,77504541
77504541,41.870233246,-87.6568081805,1303529278.0,77504429,77504649
77504649,41.8704811995,-87.656811229,1303529281.0,77504541,77504763
77504763,41.8707262643,-87.6568163605,1303529284.0,77504649,77504870
77504870,41.8709702989,-87.6568258579,1303529287.0,77504763,77504974
77504974,41.8712152452,-87.656830846,1303529290.0,77504870,77505079
77505079,41.8714591975,-87.6568320921,1303529293.0,77504974,77505189
77505189,41.8716998588,-87.656830149,1303529296.0,77505079,77505300
77505300,41.8719196889,-87.6568197097,1303529299.0,77505189,77505491
77505491,41.8721076834,-87.6568089215,1303529304.0,77505300,77505711
77505711,41.872300723,-87.6567959869,1303529310.0,77505491,77505824
77505824,41.8724987384,-87.6567867786,1303529313.0,77505711,77505930
77505930,41.8727167159,-87.6567747445,1303529316.0,77505824,77506038
77506038,41.8729196212,-87.6567630789,1303529319.0,77505930,77506181
77506181,41.8731547496,-87.6567451874,1303529323.0,77506038,77506334
77506334,41.8733528938,-87.6567507479,1303529327.0,77506181,77506492
77506492,41.8735470915,-87.6567524584,1303529331.0,77506334,77506638
77506638,41.8737651081,-87.6567514935,1303529335.0,77506492,77506782
77506782,41.8739499506,-87.6567533129,1303529339.0,77506638,77506975
77506975,41.8741414305,-87.6567576645,1303529345.0,77506782,77507392
77507392,41.8742213664,-87.6565300562,1303529358.0,77506975,77507643
77507643,41.8742103689,-87.6562660132,1303529366.0,77507392,77507810
77507810,41.874205737,-87.6559972178,1303529371.0,77507643,77507950
77507950,41.8742077488,-87.6557243958,1303529375.0,77507810,77508053
77508053,41.8742035587,-87.6554774448,1303529378.0,77507950,77508156
77508156,41.8742055404,-87.6552174465,1303529381.0,77508053,77508267
77508267,41.8742064094,-87.6549444712,1303529384.0,77508156,77508373
77508373,41.8742103665,-87.6546544171,1303529387.0,77508267,77508479
77508479,41.8742176222,-87.6543623581,1303529390.0,77508373,77508597
77508597,41.8742185938,-87.654077392,1303529393.0,77508479,77508704
77508704,41.8742070746,-87.6537764158,1303529396.0,77508597,77508820
77508820,41.8742040066,-87.6534953666,1303529399.0,77508704,77508934
77508934,41.8741995641,-87.6532303293,1303529402.0,77508820,77509039
77509039,41.8741917915,-87.6529411769,1303529405.0,77508934,77509133
77509133,41.8741972557,-87.6526531104,1303529408.0,77509039,77509235
77509235,41.8742132155,-87.6523750814,1303529411.0,77509133,77509378
77509378,41.8742209907,-87.6521104746,1303529415.0,77509235,77509525
77509525,41.8742206295,-87.6518384798,1303529419.0,77509378,77509639
77509639,41.874230043,-87.6515904428,1303529422.0,77509525,77509753
77509753,41.8742416944,-87.651305437,1303529425.0,77509639,77509867
77509867,41.8742441401,-87.6509933575,1303529428.0,77509753,77509980
77509980,41.874259474,-87.650655292,1303529431.0,77509867,77510074
77510074,41.8742679363,-87.6503152769,1303529434.0,77509980,77510183
77510183,41.8742741131,-87.6499883707,1303529437.0,77510074,77510295
77510295,41.8742864599,-87.6496614511,1303529440.0,77510183,77510412
77510412,41.8742951005,-87.6493433728,1303529443.0,77510295,77510519
77510519,41.8742922719,-87.6490223444,1303529446.0,77510412,77510630
77510630,41.8742927155,-87.6486882256,1303529449.0,77510519,77510743
77510743,41.8742980087,-87.6483429697,1303529452.0,77510630,77510849
77510849,41.8742778785,-87.6480220098,1303529455.0,77510743,77510961
77510961,41.8742512741,-87.647736039,1303529458.0,77510849,77511096
77511096,41.8742253999,-87.6474492116,1303529462.0,77510961,77511868
77511868,41.8741455567,-87.6472218968,1303529484.0,77511096,77512056
77512056,41.87395694,-87.6471864982,1303529489.0,77511868,77512207
77512207,41.873735781,-87.6471784006,1303529493.0,77512056,77512315
77512315,41.8735357509,-87.64717576,1303529496.0,77512207,77512418
77512418,41.8733138362,-87.6471736336,1303529499.0,77512315,77512529
77512529,41.8730719236,-87.6471699292,1303529502.0,77512418,77512644
77512644,41.8728230384,-87.6471640451,1303529505.0,77512529,77512749
77512749,41.8725880994,-87.647156226,1303529508.0,77512644,77512847
77512847,41.8723830997,-87.6471510787,1303529511.0,77512749,77513474
77513474,41.8722032085,-87.6471530871,1303529528.0,77512847,77513688
77513688,41.8720180791,-87.6471409696,1303529534.0,77513474,77513800
77513800,41.8718220513,-87.6471281163,1303529537.0,77513688,77513876
77513876,41.8716420811,-87.6471225783,1303529539.0,77513800,77513950
77513950,41.8714411069,-87.6471185038,1303529541.0,77513876,77514026
77514026,41.8712300904,-87.6471137075,1303529543.0,77513950,77514095
77514095,41.8710130894,-87.6471084431,1303529545.0,77514026,77514164
77514164,41.8708030668,-87.6471016503,1303529547.0,77514095,77514235
77514235,41.8706001025,-87.6470971019,1303529549.0,77514164,77514309
77514309,41.8704102027,-87.6470928553,1303529551.0,77514235,77514422
77514422,41.8701621088,-87.6470811068,1303529554.0,77514309,77514538
77514538,41.8699800356,-87.6470812468,1303529557.0,77514422,77514792
77514792,41.8697961005,-87.6470976047,1303529564.0,77514538,None
