103787560,41.867010037,-87.6714362531,1301922807.0,None,103788091
103788091,41.8668352159,-87.6713664935,1301922836.0,103787560,103788241
103788241,41.8667036945,-87.6711268915,1301922844.0,103788091,103788306
103788306,41.8667270015,-87.6708150567,1301922847.0,103788241,103788349
103788349,41.8667399797,-87.6705470631,1301922849.0,103788306,103788392
103788392,41.8667490905,-87.6702620614,1301922851.0,103788349,103788434
103788434,41.8667599652,-87.6699760428,1301922853.0,103788392,103788476
103788476,41.8667679292,-87.6696860215,1301922855.0,103788434,103788520
103788520,41.8667729574,-87.6693959826,1301922857.0,103788476,103788562
103788562,41.8667740352,-87.6691029235,1301922859.0,103788520,103788607
103788607,41.8667774097,-87.6688024136,1301922861.0,103788562,103788655
103788655,41.8667722922,-87.6685040284,1301922863.0,103788607,103788699
103788699,41.8667695172,-87.6682230112,1301922865.0,103788655,103788768
103788768,41.8667706738,-87.667937052,1301922868.0,103788699,103788880
103788880,41.866784669,-87.6676520807,1301922873.0,103788768,103788952
103788952,41.8667950768,-87.6673370647,1301922876.0,103788880,103788977
103788977,41.866801883,-87.667080025,1301922878.0,103788952,103788994
103788994,41.8668077773,-87.6668099688,1301922880.0,103788977,103789034
103789034,41.8668103067,-87.6665341537,1301922882.0,103788994,103789071
103789071,41.8668139385,-87.6662552111,1301922884.0,103789034,103789112
103789112,41.8668200094,-87.6659619147,1301922886.0,103789071,103789154
103789154,41.8668268431,-87.6656588332,1301922888.0,103789112,103789193
103789193,41.866832621,-87.6653577991,1301922890.0,103789154,103789239
103789239,41.8668347637,-87.6650577946,1301922892.0,103789193,103789289
103789289,41.8668398338,-87.6647507655,1301922894.0,103789239,103789334
103789334,41.8668431762,-87.664440805,1301922896.0,103789289,103789383
103789383,41.8668480065,-87.6641347605,1301922898.0,103789334,103789429
103789429,41.8668604389,-87.6638256777,1301922900.0,103789383,103789474
103789474,41.8668709361,-87.6635106015,1301922902.0,103789429,103789522
103789522,41.8668796349,-87.6631716158,1301922904.0,103789474,103789574
103789574,41.8668862935,-87.662815661,1301922906.0,103789522,103789622
103789622,41.8668966,-87.662458635,1301922908.0,103789574,103789671
103789671,41.8669070714,-87.6621126409,1301922910.0,103789622,103789726
103789726,41.8669166732,-87.6617876597,1301922912.0,103789671,103789772
103789772,41.866924809,-87.6614986077,1301922914.0,103789726,103789826
103789826,41.8669302934,-87.6612106906,1301922916.0,103789772,103789881
103789881,41.866937446,-87.6609046089,1301922918.0,103789826,103789931
103789931,41.8669454083,-87.6605775774,1301922920.0,103789881,103789982
103789982,41.8669472468,-87.6602425614,1301922922.0,103789931,103790020
103790020,41.8669501492,-87.6599095979,1301922924.0,103789982,103790073
103790073,41.8669530957,-87.6595835941,1301922926.0,103790020,103790121
103790121,41.8669544746,-87.6592515845,1301922928.0,103790073,103790173
103790173,41.8669568326,-87.6589146638,1301922930.0,103790121,103790227
103790227,41.8669654845,-87.6585756444,1301922932.0,103790173,103790285
103790285,41.8669753567,-87.6582536225,1301922934.0,103790227,103790331
103790331,41.8669813366,-87.6579635683,1301922936.0,103790285,103790382
103790382,41.866985325,-87.657720541,1301922938.0,103790331,103790462
103790462,41.866993396,-87.657475559,1301922941.0,103790382,103790896
103790896,41.8669925561,-87.6572275875,1301922957.0,103790462,103790985
103790985,41.8669928239,-87.6569516339,1301922960.0,103790896,103791070
103791070,41.8670012474,-87.656628001,1301922963.0,103790985,103791163
103791163,41.8670098369,-87.6562715852,1301922966.0,103791070,103791216
103791216,41.8670128665,-87.6560113772,1301922968.0,103791163,103791269
103791269,41.8670107649,-87.6557433631,1301922970.0,103791216,103791320
103791320,41.8670125642,-87.6554714746,1301922972.0,103791269,103791375
103791375,41.8670158439,-87.6551953722,1301922974.0,103791320,103791430
103791430,41.8670180692,-87.6549202042,1301922976.0,103791375,103791478
103791478,41.8670176849,-87.6546711204,1301922978.0,103791430,103791573
103791573,41.8670219651,-87.6544013694,1301922981.0,103791478,103791745
103791745,41.867032732,-87.65414747,1301922987.0,103791573,103792313
103792313,41.8670374514,-87.6538583294,1301923006.0,103791745,103792401
103792401,41.8670421022,-87.6535613774,1301923009.0,103792313,103792495
103792495,41.8670410265,-87.6532234971,1301923012.0,103792401,103792557
103792557,41.8670433209,-87.652963571,1301923014.0,103792495,103792616
103792616,41.8670453119,-87.6526806068,1301923016.0,103792557,103792685
103792685,41.8670473218,-87.6523856118,1301923018.0,103792616,103792744
103792744,41.8670494517,-87.6520876013,1301923020.0,103792685,103792805
103792805,41.8670534784,-87.6518046127,1301923022.0,103792744,103792868
103792868,41.8670674947,-87.6515614882,1301923024.0,103792805,103792965
103792965,41.8670953951,-87.6512897617,1301923027.0,103792868,103793422
103793422,41.8671372536,-87.6510244258,1301923042.0,103792965,103793589
103793589,41.8673608926,-87.6509796549,1301923047.0,103793422,103793677
103793677,41.8675619529,-87.6509765173,1301923050.0,103793589,103793744
103793744,41.8677867141,-87.6509712588,1301923053.0,103793677,103793840
103793840,41.8680107611,-87.6509824427,1301923056.0,103793744,103793944
103793944,41.8682177742,-87.6509900214,1301923059.0,103793840,103794033
103794033,41.868448782,-87.650997981,1301923062.0,103793944,103794136
103794136,41.8687007666,-87.6510105886,1301923065.0,103794033,103794222
103794222,41.8689387017,-87.651031377,1301923068.0,103794136,103794360
103794360,41.8691523715,-87.6510534342,1301923072.0,103794222,103794994
103794994,41.869328716,-87.6511075431,1301923091.0,103794360,103795111
103795111,41.8694916315,-87.6510203023,1301923095.0,103794994,103795230
103795230,41.8695250326,-87.6507190761,1301923099.0,103795111,103795318
103795318,41.8695290511,-87.6503739636,1301923102.0,103795230,103795323
103795323,41.8695348081,-87.6501097889,1301923104.0,103795318,103795331
103795331,41.8695386586,-87.6498298299,1301923106.0,103795323,103795341
103795341,41.8695415385,-87.6495438672,1301923108.0,103795331,103795353
103795353,41.8695443676,-87.6492569132,1301923110.0,103795341,103795366
103795366,41.8695490615,-87.64897094,1301923112.0,103795353,103795380
103795380,41.8695520825,-87.6486909319,1301923114.0,103795366,103795396
103795396,41.8695581931,-87.6484088475,1301923116.0,103795380,103795412
103795412,41.8695615617,-87.6481318578,1301923118.0,103795396,103795430
103795430,41.8695669122,-87.6478449856,1301923120.0,103795412,103795448
103795448,41.86957104,-87.647548936,1301923122.0,103795430,103795468
103795468,41.8695756439,-87.6472632313,1301923124.0,103795448,103795488
103795488,41.8695863341,-87.6469940831,1301923126.0,103795468,103795509
103795509,41.8695954709,-87.6467393473,1301923128.0,103795488,103795531
103795531,41.8696101164,-87.6464966286,1301923130.0,103795509,103795565
103795565,41.8696320235,-87.6461815751,1301923133.0,103795531,103795601
103795601,41.8696506993,-87.6459126739,1301923136.0,103795565,103795651
103795651,41.8696691102,-87.6456237648,1301923140.0,103795601,None
