96776800,41.8658140212,-87.6469824468,1303511999.0,None,96777400
96777400,41.8656143187,-87.6469374302,1303512023.0,96776800,96777476
96777476,41.8654010494,-87.6469078178,1303512026.0,96777400,96777552
96777552,41.8652089973,-87.6468893797,1303512029.0,96777476,96777657
96777657,41.8650060092,-87.6468856545,1303512033.0,96777552,96778196
96778196,41.8648241315,-87.6468956273,1303512053.0,96777657,96778296
96778296,41.8645931809,-87.6468891348,1303512057.0,96778196,96778390
96778390,41.8644130521,-87.6468794851,1303512060.0,96778296,96778502
96778502,41.8642118989,-87.6468693704,1303512064.0,96778390,96778761
96778761,41.8639980596,-87.6468640439,1303512074.0,96778502,96778864
96778864,41.8637671153,-87.6468559324,1303512077.0,96778761,96778927
96778927,41.863584108,-87.6468553486,1303512079.0,96778864,96778984
96778984,41.8633891186,-87.6468493201,1303512081.0,96778927,96779035
96779035,41.8631781404,-87.6468470067,1303512083.0,96778984,96779092
96779092,41.8629690891,-87.6468487845,1303512085.0,96779035,96779148
96779148,41.8627730206,-87.6468471861,1303512087.0,96779092,96779238
96779238,41.8625486387,-87.6468365982,1303512090.0,96779148,96779488
96779488,41.862350794,-87.6468622968,1303512098.0,96779238,96779635
96779635,41.8622967614,-87.64711297,1303512103.0,96779488,96779726
96779726,41.8623077801,-87.647392944,1303512106.0,96779635,96779825
96779825,41.8623173116,-87.6477330878,1303512109.0,96779726,96779915
96779915,41.8623226914,-87.6480811341,1303512112.0,96779825,96780007
96780007,41.8623251761,-87.6483851073,1303512115.0,96779915,96780129
96780129,41.8623326335,-87.6486730373,1303512119.0,96780007,96780291
96780291,41.8623394229,-87.6489160129,1303512124.0,96780129,96780381
96780381,41.8623388607,-87.6492058999,1303512127.0,96780291,96780471
96780471,41.8623382689,-87.6495369686,1303512130.0,96780381,96780537
96780537,41.8623386599,-87.6497889241,1303512132.0,96780471,96780600
96780600,41.8623352634,-87.6501849363,1303512135.0,96780537,96780704
96780704,41.8623331478,-87.6505228723,1303512138.0,96780600,96780866
96780866,41.8623376011,-87.6507791426,1303512143.0,96780704,96781394
96781394,41.8625152665,-87.6509093978,1303512159.0,96780866,96781535
96781535,41.862731088,-87.6509083974,1303512163.0,96781394,96781635
96781635,41.8629811045,-87.6509074412,1303512166.0,96781535,96781729
96781729,41.8631910743,-87.6509069882,1303512169.0,96781635,96781900
96781900,41.8633779391,-87.6509124306,1303512174.0,96781729,96782075
96782075,41.863579435,-87.6509162687,1303512180.0,96781900,96782169
96782169,41.8638109878,-87.6509249381,1303512183.0,96782075,96782247
96782247,41.8639919537,-87.6509308461,1303512185.0,96782169,96782359
96782359,41.8642509946,-87.6509371679,1303512188.0,96782247,96782467
96782467,41.8644590099,-87.6509407279,1303512191.0,96782359,96782803
96782803,41.8646519303,-87.6509417382,1303512201.0,96782467,96782980
96782980,41.864834968,-87.6509496261,1303512206.0,96782803,96783129
96783129,41.8650659375,-87.6509580438,1303512210.0,96782980,96783237
96783237,41.8652739593,-87.6509649642,1303512213.0,96783129,96783344
96783344,41.8654879532,-87.6509709638,1303512216.0,96783237,96783446
96783446,41.8657029586,-87.650974683,1303512219.0,96783344,96783541
96783541,41.8658969461,-87.6509791498,1303512222.0,96783446,96783647
96783647,41.8660779247,-87.650982531,1303512225.0,96783541,96783797
96783797,41.8662909022,-87.6509876598,1303512229.0,96783647,96784027
96784027,41.8665048449,-87.6509959075,1303512235.0,96783797,96784201
96784201,41.8666968754,-87.6510049735,1303512240.0,96784027,96784525
96784525,41.8668795784,-87.6510143581,1303512249.0,96784201,96785402
96785402,41.8670765347,-87.651034306,1303512274.0,96784525,96785627
96785627,41.8671507687,-87.6513232167,1303512280.0,96785402,96785698
96785698,41.8671483725,-87.6516807476,1303512283.0,96785627,96785746
96785746,41.8671449334,-87.6519741734,1303512285.0,96785698,96785824
96785824,41.8671419433,-87.6522821136,1303512287.0,96785746,96785888
96785888,41.8671377917,-87.6525950884,1303512289.0,96785824,96785958
96785958,41.8671335047,-87.6529120065,1303512291.0,96785888,96786019
96786019,41.8671297971,-87.6532309702,1303512293.0,96785958,96786081
96786081,41.8671241881,-87.6535450996,1303512295.0,96786019,96786147
96786147,41.8671173782,-87.6538621204,1303512297.0,96786081,96786215
96786215,41.8671119404,-87.6541880142,1303512299.0,96786147,96786282
96786282,41.8671094749,-87.6545378631,1303512301.0,96786215,96786347
96786347,41.8671072159,-87.6548926053,1303512303.0,96786282,96786414
96786414,41.8671027286,-87.6552337249,1303512305.0,96786347,96786490
96786490,41.8670991264,-87.6555717259,1303512307.0,96786414,96786561
96786561,41.8670953918,-87.6558846549,1303512309.0,96786490,96786639
96786639,41.8670925083,-87.6561617775,1303512311.0,96786561,96786749
96786749,41.8670906981,-87.6564722439,1303512314.0,96786639,96786894
96786894,41.867180363,-87.6566798687,1303512319.0,96786749,96787066
96787066,41.8673971317,-87.656694573,1303512324.0,96786894,96787185
96787185,41.8676201421,-87.6567079998,1303512327.0,96787066,96787302
96787302,41.8678490368,-87.656717168,1303512330.0,96787185,96787418
96787418,41.8680960127,-87.6567181305,1303512333.0,96787302,96787516
96787516,41.8683469911,-87.6567242933,1303512336.0,96787418,96787627
96787627,41.8685819603,-87.65673008,1303512339.0,96787516,96787735
96787735,41.8687969574,-87.6567326595,1303512342.0,96787627,96787847
96787847,41.8689770134,-87.6567306659,1303512345.0,96787735,96788033
96788033,41.8691760608,-87.6567196192,1303512350.0,96787847,96788524
96788524,41.8693571995,-87.6567215091,1303512364.0,96788033,96788702
96788702,41.8696038651,-87.6567341637,1303512369.0,96788524,96788813
96788813,41.8698309821,-87.6567529387,1303512372.0,96788702,96788918
96788918,41.8700800478,-87.6567685624,1303512375.0,96788813,96789038
96789038,41.8703389974,-87.6567742385,1303512378.0,96788918,96789112
96789112,41.8705189729,-87.6567769428,1303512380.0,96789038,96789185
96789185,41.8707009712,-87.6567814196,1303512382.0,96789112,96789260
96789260,41.8708909755,-87.6567876393,1303512384.0,96789185,96789329
96789329,41.8710879585,-87.6567938337,1303512386.0,96789260,96789399
96789399,41.8712899615,-87.6567982545,1303512388.0,96789329,96789471
96789471,41.8714869843,-87.6568026658,1303512390.0,96789399,96789546
96789546,41.8716720345,-87.6568012569,1303512392.0,96789471,96789651
96789651,41.871918156,-87.656792487,1303512395.0,96789546,96789794
96789794,41.8721163151,-87.6567754171,1303512399.0,96789651,96790020
96790020,41.8723422199,-87.6567668056,1303512405.0,96789794,96790135
96790135,41.8725940192,-87.6567642638,1303512408.0,96790020,96790207
96790207,41.8727820602,-87.6567560186,1303512410.0,96790135,96790283
96790283,41.8729701294,-87.6567425919,1303512412.0,96790207,96790357
96790357,41.8731611674,-87.656725462,1303512414.0,96790283,96790426
96790426,41.8733600358,-87.6567137797,1303512416.0,96790357,96790496
96790496,41.8735459515,-87.6567131902,1303512418.0,96790426,96790603
96790603,41.8737659755,-87.6567156945,1303512421.0,96790496,96790754
96790754,41.8739681206,-87.6567179805,1303512425.0,96790603,96790953
96790953,41.8741675871,-87.6567036518,1303512430.0,96790754,96791172
96791172,41.8742522006,-87.656480211,1303512436.0,96790953,96791273
96791273,41.8742529336,-87.6562107787,1303512439.0,96791172,96791349
96791349,41.874253521,-87.6559646,1303512441.0,96791273,96791418
96791418,41.8742538643,-87.6557015894,1303512443.0,96791349,96791490
96791490,41.8742593056,-87.6554286802,1303512445.0,96791418,96791563
96791563,41.8742629155,-87.6551506906,1303512447.0,96791490,96791640
96791640,41.8742652116,-87.6548707117,1303512449.0,96791563,96791723
96791723,41.874268983,-87.6545887304,1303512451.0,96791640,96791804
96791804,41.874273158,-87.6542887771,1303512453.0,96791723,96791879
96791879,41.8742761191,-87.6539797744,1303512455.0,96791804,96791943
96791943,41.8742818353,-87.6536727385,1303512457.0,96791879,96792011
96792011,41.8742877855,-87.6533717835,1303512459.0,96791943,96792079
96792079,41.8742889086,-87.6530838915,1303512461.0,96792011,96792148
96792148,41.8742838904,-87.6528320604,1303512463.0,96792079,96792258
96792258,41.8742787842,-87.6525060584,1303512466.0,96792148,96792407
96792407,41.8742813012,-87.6522492784,1303512470.0,96792258,96793347
96793347,41.8742876731,-87.6519223252,1303512496.0,96792407,96793457
96793457,41.8743007641,-87.6515493215,1303512499.0,96793347,96793534
96793534,41.8743066493,-87.6512783484,1303512501.0,96793457,96793610
96793610,41.8743145137,-87.6510042,1303512503.0,96793534,96793685
96793685,41.8743182148,-87.6507271791,1303512505.0,96793610,96793762
96793762,41.8743204593,-87.6504512047,1303512507.0,96793685,96793838
96793838,41.8743204645,-87.6501891902,1303512509.0,96793762,96793945
96793945,41.8743242176,-87.6498324762,1303512512.0,96793838,96794014
96794014,41.8743299167,-87.6495685578,1303512514.0,96793945,96794087
96794087,41.8743329602,-87.6492924201,1303512516.0,96794014,96794142
96794142,41.8743357079,-87.649014353,1303512518.0,96794087,96794197
96794197,41.8743420935,-87.6487392837,1303512520.0,96794142,96794202
96794202,41.8743445286,-87.6484716892,1303512522.0,96794197,96794210
96794210,41.8743336382,-87.6482131082,1303512524.0,96794202,96794226
96794226,41.8743003336,-87.6478669095,1303512527.0,96794210,96794245
96794245,41.8742718501,-87.6475977979,1303512530.0,96794226,96794337
96794337,41.8742101923,-87.6473383305,1303512541.0,96794245,96794388
96794388,41.874023902,-87.6472056209,1303512546.0,96794337,96794421
96794421,41.8737849317,-87.6472004039,1303512549.0,96794388,96794444
96794444,41.8735799346,-87.647195048,1303512551.0,96794421,96794468
96794468,41.8733439781,-87.6471879299,1303512553.0,96794444,96794492
96794492,41.8731069654,-87.6471752902,1303512555.0,96794468,96794517
96794517,41.8728700405,-87.6471669864,1303512557.0,96794492,96794543
96794543,41.8726531176,-87.6471627318,1303512559.0,96794517,96794569
96794569,41.8724541037,-87.6471553543,1303512561.0,96794543,96794596
96794596,41.8722710537,-87.6471516771,1303512563.0,96794569,96794638
96794638,41.8720610387,-87.6471411019,1303512566.0,96794596,96794680
96794680,41.8718549363,-87.647122342,1303512569.0,96794638,96794725
96794725,41.8715730792,-87.6471184186,1303512572.0,96794680,96794755
96794755,41.8713521237,-87.6471208201,1303512574.0,96794725,96794784
96794784,41.871119145,-87.647119292,1303512576.0,96794755,96794816
96794816,41.8708751357,-87.6471138011,1303512578.0,96794784,96794849
96794849,41.8706221354,-87.647105336,1303512580.0,96794816,96794880
96794880,41.8703672362,-87.6470972136,1303512582.0,96794849,96794912
96794912,41.8701211297,-87.6470915323,1303512584.0,96794880,96794946
96794946,41.8698931487,-87.6470883691,1303512586.0,96794912,96794981
96794981,41.8696848244,-87.6470890888,1303512588.0,96794946,96795014
96795014,41.869476582,-87.6470857432,1303512590.0,96794981,96795048
96795048,41.8692791388,-87.6470774916,1303512592.0,96795014,96795084
96795084,41.8690750443,-87.6470750174,1303512594.0,96795048,96795119
96795119,41.8688651028,-87.6470687937,1303512596.0,96795084,96795156
96795156,41.8686461518,-87.6470631546,1303512598.0,96795119,96795192
96795192,41.8684240509,-87.6470567566,1303512600.0,96795156,96795229
96795229,41.8682120097,-87.6470524598,1303512602.0,96795192,96795267
96795267,41.8680231396,-87.6470494608,1303512604.0,96795229,96795324
96795324,41.8677941075,-87.6470446254,1303512607.0,96795267,96795397
96795397,41.8675959652,-87.6470369119,1303512611.0,96795324,96795553
96795553,41.8674048192,-87.6470248504,1303512619.0,96795397,96795633
96795633,41.86722472,-87.647018031,1303512623.0,96795553,96795718
96795718,41.8669952007,-87.6470080602,1303512627.0,96795633,96795802
96795802,41.8667921813,-87.6469986076,1303512631.0,96795718,96795853
96795853,41.8666040989,-87.6469647077,1303512634.0,96795802,96795921
96795921,41.8663840684,-87.6469357999,1303512637.0,96795853,96795987
96795987,41.8661650597,-87.6469247499,1303512640.0,96795921,96796075
96796075,41.8659459365,-87.6469408096,1303512644.0,96795987,None
