53944995,41.8792310057,-87.6412570986,1303912991.0,None,53945235
53945235,41.8790199849,-87.6412291153,1303912998.0,53944995,53945335
53945335,41.878835,-87.6411800583,1303913001.0,53945235,53945429
53945429,41.8786459798,-87.6411490562,1303913004.0,53945335,53946463
53946463,41.8784459588,-87.6411470281,1303913033.0,53945429,53947002
53947002,41.8782430108,-87.6411212061,1303913048.0,53946463,53947107
53947107,41.8780119795,-87.641091012,1303913051.0,53947002,53947219
53947219,41.8777410011,-87.6410731526,1303913054.0,53947107,53947285
53947285,41.8775479954,-87.6410591511,1303913056.0,53947219,53947311
53947311,41.8773569789,-87.6410461321,1303913058.0,53947285,53947318
53947318,41.8771669956,-87.6410490491,1303913060.0,53947311,53947327
53947327,41.8769689936,-87.6410490529,1303913062.0,53947318,53947338
53947338,41.8767729969,-87.6410501178,1303913064.0,53947327,53947350
53947350,41.8765839897,-87.6410481671,1303913066.0,53947338,53947364
53947364,41.8763829865,-87.6410249767,1303913068.0,53947350,53947379
53947379,41.8761769766,-87.6410109608,1303913070.0,53947364,53947395
53947395,41.8759809906,-87.6409820846,1303913072.0,53947379,53947421
53947421,41.8757760122,-87.6409411376,1303913075.0,53947395,53947459
53947459,41.8755420057,-87.6409550994,1303913079.0,53947421,53947489
53947489,41.8752869855,-87.6409840619,1303913082.0,53947459,53947522
53947522,41.8750459654,-87.6409779314,1303913085.0,53947489,53947556
53947556,41.8748589929,-87.6409619347,1303913088.0,53947522,53947629
53947629,41.8746679883,-87.6409401283,1303913094.0,53947556,53947750
53947750,41.8744829417,-87.641044794,1303913103.0,53947629,53947807
53947807,41.8744797456,-87.6413259509,1303913107.0,53947750,53947846
53947846,41.8744597804,-87.6416430075,1303913110.0,53947807,53947893
53947893,41.8744467283,-87.6419940192,1303913113.0,53947846,53947941
53947941,41.874442847,-87.6423489511,1303913116.0,53947893,53947987
53947987,41.8744372502,-87.6426940106,1303913119.0,53947941,53948038
53948038,41.8744312896,-87.6430320173,1303913122.0,53947987,53948087
53948087,41.8744223369,-87.6433060303,1303913125.0,53948038,53948190
53948190,41.874410281,-87.6435530697,1303913131.0,53948087,53948699
53948699,41.8743954849,-87.643805035,1303913158.0,53948190,53948759
53948759,41.8743832244,-87.6440638156,1303913161.0,53948699,53948824
53948824,41.8743692631,-87.6443840448,1303913164.0,53948759,53948883
53948883,41.8743533788,-87.644719023,1303913167.0,53948824,53948917
53948917,41.8743503572,-87.6449700262,1303913169.0,53948883,53948959
53948959,41.8743414459,-87.6452430273,1303913171.0,53948917,53949006
53949006,41.8743356228,-87.6455220274,1303913173.0,53948959,53949050
53949050,41.8743346855,-87.645793043,1303913175.0,53949006,53949091
53949091,41.8743337702,-87.6460600033,1303913177.0,53949050,53949133
53949133,41.8743299221,-87.6463190663,1303913179.0,53949091,53949197
53949197,41.8743221638,-87.6466470369,1303913182.0,53949133,53949268
53949268,41.8743103539,-87.6469212177,1303913185.0,53949197,53949838
53949838,41.8742922195,-87.6471716566,1303913212.0,53949268,53949942
53949942,41.8741036171,-87.647217081,1303913217.0,53949838,53949990
53949990,41.8738788415,-87.6471982967,1303913220.0,53949942,53950039
53950039,41.8736948619,-87.6471911414,1303913222.0,53949990,53950086
53950086,41.8735008891,-87.6471895681,1303913224.0,53950039,53950132
53950132,41.8733059362,-87.6471818298,1303913226.0,53950086,53950202
53950202,41.8730569433,-87.6471702599,1303913229.0,53950132,53950274
53950274,41.8728239657,-87.6471596443,1303913232.0,53950202,53950345
53950345,41.8725590247,-87.6471489678,1303913235.0,53950274,53950417
53950417,41.8723049407,-87.6471463806,1303913238.0,53950345,53950493
53950493,41.8721170381,-87.6471347858,1303913241.0,53950417,53951091
53951091,41.8719048434,-87.647121358,1303913265.0,53950493,53951173
53951173,41.8716938674,-87.6471098129,1303913268.0,53951091,53951227
53951227,41.871512956,-87.6471013886,1303913270.0,53951173,53951282
53951282,41.8713119543,-87.6470942114,1303913272.0,53951227,53951333
53951333,41.8710968987,-87.647086676,1303913274.0,53951282,53951381
53951381,41.8708758857,-87.647079714,1303913276.0,53951333,53951433
53951433,41.8706529036,-87.6470721097,1303913278.0,53951381,53951490
53951490,41.8704319636,-87.6470633173,1303913280.0,53951433,53951538
53951538,41.8702229926,-87.6470572699,1303913282.0,53951490,53951597
53951597,41.8700359384,-87.647049559,1303913284.0,53951538,53951683
53951683,41.8698030832,-87.6470350137,1303913287.0,53951597,53951784
53951784,41.8696221597,-87.6471103022,1303913291.0,53951683,53951896
53951896,41.8696128264,-87.6474280897,1303913295.0,53951784,53951985
53951985,41.8696147676,-87.6477540926,1303913298.0,53951896,53952073
53952073,41.8696135036,-87.6481042197,1303913301.0,53951985,53952152
53952152,41.8696044221,-87.6484181021,1303913304.0,53952073,53952233
53952233,41.8696024095,-87.6487390263,1303913307.0,53952152,53952293
53952293,41.8696031356,-87.6489860082,1303913309.0,53952233,53952355
53952355,41.8696013416,-87.6492480153,1303913311.0,53952293,53952422
53952422,41.8695993166,-87.6495190556,1303913313.0,53952355,53952490
53952490,41.8695924878,-87.6497950547,1303913315.0,53952422,53952545
53952545,41.8695826818,-87.6500680888,1303913317.0,53952490,53952600
53952600,41.8695665901,-87.6503420149,1303913319.0,53952545,53952653
53952653,41.8695532288,-87.6506107431,1303913321.0,53952600,53952712
53952712,41.8695390698,-87.6508670137,1303913323.0,53952653,53952774
53952774,41.8695260091,-87.6511138321,1303913325.0,53952712,53952864
53952864,41.869516014,-87.6514740526,1303913328.0,53952774,53952934
53952934,41.8695113887,-87.6517332007,1303913330.0,53952864,53952993
53952993,41.8695082613,-87.6519960771,1303913332.0,53952934,53953051
53953051,41.8695010205,-87.6522610463,1303913334.0,53952993,53953106
53953106,41.8694949095,-87.6525290435,1303913336.0,53953051,53953166
53953166,41.8694838456,-87.6527980424,1303913338.0,53953106,53953229
53953229,41.8694759447,-87.6530610263,1303913340.0,53953166,53953290
53953290,41.869468253,-87.6533180606,1303913342.0,53953229,53953349
53953349,41.8694623887,-87.6535620635,1303913344.0,53953290,53953450
53953450,41.8694545614,-87.6538790371,1303913347.0,53953349,53953604
53953604,41.8694373543,-87.6541460166,1303913352.0,53953450,53953761
53953761,41.8694408571,-87.6544660657,1303913357.0,53953604,53953857
53953857,41.8694432385,-87.654772021,1303913360.0,53953761,53953956
53953956,41.8694382411,-87.6550980757,1303913363.0,53953857,53954033
53954033,41.8694307152,-87.6554180219,1303913366.0,53953956,53954155
53954155,41.8694322749,-87.6557010346,1303913370.0,53954033,53954291
53954291,41.8694197704,-87.6559500186,1303913374.0,53954155,53954428
53954428,41.8694200736,-87.6562348601,1303913378.0,53954291,53954812
53954812,41.8694086035,-87.6564929727,1303913390.0,53954428,53954956
53954956,41.8694086001,-87.6568070614,1303913394.0,53954812,53955060
53955060,41.8694080287,-87.6571193158,1303913397.0,53954956,53955167
53955167,41.8694031922,-87.6574571723,1303913400.0,53955060,53955264
53955264,41.8693942883,-87.6577971277,1303913403.0,53955167,53955359
53955359,41.8693834368,-87.6581561351,1303913406.0,53955264,53955430
53955430,41.8693795635,-87.6584051118,1303913408.0,53955359,53955499
53955499,41.8693767021,-87.6586551214,1303913410.0,53955430,53955569
53955569,41.86937656,-87.6589091121,1303913412.0,53955499,53955632
53955632,41.8693716941,-87.659159132,1303913414.0,53955569,53955706
53955706,41.8693688368,-87.6594091203,1303913416.0,53955632,53955775
53955775,41.86936567,-87.6596580969,1303913418.0,53955706,53955847
53955847,41.8693576923,-87.6599051244,1303913420.0,53955775,53955938
53955938,41.8693467906,-87.6602641345,1303913423.0,53955847,53956046
53956046,41.8693427855,-87.6606031124,1303913426.0,53955938,53956116
53956116,41.8693386811,-87.660946091,1303913429.0,53956046,53956218
53956218,41.8693348275,-87.6612830355,1303913432.0,53956116,53956329
53956329,41.8693328891,-87.6616232061,1303913435.0,53956218,53956438
53956438,41.8693247296,-87.661973154,1303913438.0,53956329,53956552
53956552,41.8693113462,-87.6623320967,1303913441.0,53956438,53956660
53956660,41.8693060053,-87.662684076,1303913444.0,53956552,53956764
53956764,41.8693036369,-87.6630060383,1303913447.0,53956660,53956872
53956872,41.8693213197,-87.6633071453,1303913450.0,53956764,53956967
53956967,41.8693190834,-87.6635990704,1303913453.0,53956872,53957114
53957114,41.8693155125,-87.6638981386,1303913457.0,53956967,53957340
53957340,41.869317333,-87.6641621571,1303913463.0,53957114,53957447
53957447,41.8693126584,-87.6644141031,1303913466.0,53957340,53957553
53957553,41.8693165357,-87.6646980812,1303913469.0,53957447,53957659
53957659,41.8693025313,-87.6649661279,1303913472.0,53957553,53957808
53957808,41.869293425,-87.6652731109,1303913476.0,53957659,53958062
53958062,41.8692834483,-87.6655251288,1303913483.0,53957808,53958492
53958492,41.869282002,-87.6657742425,1303913495.0,53958062,53958595
53958595,41.869281362,-87.6660362738,1303913498.0,53958492,53958706
53958706,41.8692759116,-87.6663352529,1303913501.0,53958595,53958816
53958816,41.8692729456,-87.6666473001,1303913504.0,53958706,53958916
53958916,41.8692685289,-87.6669682911,1303913507.0,53958816,53959017
53959017,41.8692542184,-87.6672901905,1303913510.0,53958916,53959128
53959128,41.8692469825,-87.6676071509,1303913513.0,53959017,53959241
53959241,41.8692486274,-87.6679049463,1303913516.0,53959128,53959356
53959356,41.8692434741,-87.6681950472,1303913519.0,53959241,53959502
53959502,41.8692428688,-87.6684871901,1303913523.0,53959356,53960309
53960309,41.8692419386,-87.6687288665,1303913548.0,53959502,53960653
53960653,41.8692379351,-87.6690169192,1303913559.0,53960309,53960749
53960749,41.8692441434,-87.669258832,1303913562.0,53960653,53960856
53960856,41.8692382968,-87.6695534289,1303913565.0,53960749,53960952
53960952,41.8692306558,-87.6698397347,1303913568.0,53960856,53961090
53961090,41.8692301099,-87.6701488902,1303913572.0,53960952,None
