14158369,41.8690296093,-87.6856811026,1302468233.0,None,14158956
14158956,41.8690788489,-87.6859222018,1302468250.0,14158369,14159775
14159775,41.8692479504,-87.6860273214,1302468278.0,14158956,14159801
14159801,41.8694559056,-87.6860250843,1302468283.0,14159775,14159821
14159821,41.8696508247,-87.6860367009,1302468286.0,14159801,14159844
14159844,41.8698838048,-87.6860460234,1302468289.0,14159821,14159869
14159869,41.8701308072,-87.6860542701,1302468292.0,14159844,14159896
14159896,41.8703748733,-87.6860562055,1302468295.0,14159869,14159926
14159926,41.8705989073,-87.6860669891,1302468298.0,14159896,14159957
14159957,41.8707899862,-87.6860786131,1302468301.0,14159926,14160001
14160001,41.8709870236,-87.6860962743,1302468305.0,14159957,14160061
14160061,41.8712019169,-87.68611163,1302468310.0,14160001,14160112
14160112,41.8714508871,-87.686122778,1302468314.0,14160061,14160151
14160151,41.871715907,-87.6861348087,1302468317.0,14160112,14160192
14160192,41.8719649073,-87.6861428276,1302468320.0,14160151,14160234
14160234,41.8722308857,-87.6861409042,1302468323.0,14160192,14160272
14160272,41.8724869106,-87.6861466348,1302468326.0,14160234,14160314
14160314,41.8727569152,-87.6861567054,1302468329.0,14160272,14160363
14160363,41.8730209781,-87.6861651827,1302468332.0,14160314,14160405
14160405,41.8732529444,-87.6861700897,1302468335.0,14160363,14160489
14160489,41.8734389586,-87.6861726574,1302468340.0,14160405,14160713
14160713,41.8736499828,-87.6861985315,1302468353.0,14160489,14160804
14160804,41.8737824208,-87.6860237016,1302468358.0,14160713,14160858
14160858,41.8738243364,-87.6857672454,1302468361.0,14160804,14160895
14160895,41.8738423143,-87.6855162874,1302468363.0,14160858,14160934
14160934,41.8738533368,-87.6852223068,1302468365.0,14160895,14160975
14160975,41.8738477792,-87.6849152123,1302468367.0,14160934,14161011
14161011,41.8738599212,-87.6846181906,1302468369.0,14160975,14161051
14161051,41.8738689473,-87.6843251612,1302468371.0,14161011,14161092
14161092,41.8738791039,-87.6840362306,1302468373.0,14161051,14161130
14161130,41.8738891422,-87.6837531395,1302468375.0,14161092,14161171
14161171,41.8738946294,-87.6834661656,1302468377.0,14161130,14161213
14161213,41.8738958265,-87.6831762576,1302468379.0,14161171,14161254
14161254,41.873898014,-87.6828832414,1302468381.0,14161213,14161298
14161298,41.873896998,-87.6825991852,1302468383.0,14161254,14161340
14161340,41.8739020594,-87.6823221184,1302468385.0,14161298,14161377
14161377,41.8739060012,-87.6820591089,1302468387.0,14161340,14161440
14161440,41.8739302823,-87.6817342304,1302468390.0,14161377,14161532
14161532,41.8739462154,-87.6814832087,1302468394.0,14161440,14161618
14161618,41.8739774128,-87.6812319017,1302468399.0,14161532,14161672
14161672,41.8740031943,-87.6809238035,1302468402.0,14161618,14161706
14161706,41.8740217931,-87.680646765,1302468404.0,14161672,14161735
14161735,41.8740287893,-87.6803248282,1302468406.0,14161706,14161765
14161765,41.8740312011,-87.6799838415,1302468408.0,14161735,14161797
14161797,41.8740344248,-87.6796458671,1302468410.0,14161765,14161834
14161834,41.8740410851,-87.6793248465,1302468412.0,14161797,14161874
14161874,41.8740507317,-87.6790098184,1302468414.0,14161834,14161908
14161908,41.8740557191,-87.6786918072,1302468416.0,14161874,14161956
14161956,41.8740549496,-87.6783738329,1302468418.0,14161908,14162003
14162003,41.874062663,-87.6780688375,1302468420.0,14161956,14162045
14162045,41.8740694844,-87.6777748477,1302468422.0,14162003,14162084
14162084,41.8740813331,-87.6774918892,1302468424.0,14162045,14162124
14162124,41.8740889182,-87.6772102204,1302468426.0,14162084,14162170
14162170,41.8740806708,-87.6769467428,1302468428.0,14162124,14162245
14162245,41.8740655853,-87.6766603223,1302468431.0,14162170,14162331
14162331,41.8738992572,-87.6764977732,1302468435.0,14162245,14162399
14162399,41.8736854731,-87.6764752138,1302468438.0,14162331,14162469
14162469,41.8734315069,-87.6764462466,1302468441.0,14162399,14162534
14162534,41.8732425259,-87.676428683,1302468444.0,14162469,14163237
14163237,41.8730336997,-87.676409503,1302468473.0,14162534,14163320
14163320,41.8728327451,-87.676407393,1302468476.0,14163237,14163375
14163375,41.8726437061,-87.6763932136,1302468478.0,14163320,14163425
14163425,41.8724316735,-87.6763796493,1302468480.0,14163375,14163473
14163473,41.8722143547,-87.67636192,1302468482.0,14163425,14163522
14163522,41.8720072866,-87.6763289036,1302468484.0,14163473,14163578
14163578,41.8718145314,-87.676305119,1302468486.0,14163522,14163660
14163660,41.8715955662,-87.6762874883,1302468489.0,14163578,14163794
14163794,41.8714440185,-87.676158094,1302468494.0,14163660,14163861
14163861,41.8714612746,-87.6759070878,1302468497.0,14163794,14163945
14163945,41.8714727589,-87.6755369718,1302468500.0,14163861,14163999
14163999,41.8714755542,-87.6752568967,1302468502.0,14163945,14164055
14164055,41.8714801457,-87.6749892307,1302468504.0,14163999,14164111
14164111,41.8714841442,-87.6747225884,1302468506.0,14164055,14164164
14164164,41.8714857972,-87.6744644201,1302468508.0,14164111,14164218
14164218,41.8714889192,-87.6742212086,1302468510.0,14164164,14164307
14164307,41.8714845536,-87.6739180865,1302468513.0,14164218,14164416
14164416,41.8714687125,-87.6736675194,1302468517.0,14164307,14164531
14164531,41.8714925939,-87.6733365949,1302468521.0,14164416,14164592
14164592,41.8715150353,-87.6730861766,1302468523.0,14164531,14164654
14164654,41.8715357923,-87.6727949252,1302468525.0,14164592,14164715
14164715,41.8715493599,-87.6725049162,1302468527.0,14164654,14164772
14164772,41.8715599185,-87.672218858,1302468529.0,14164715,14164825
14164825,41.871569423,-87.6719619579,1302468531.0,14164772,14164912
14164912,41.8715717156,-87.6716516889,1302468534.0,14164825,14165090
14165090,41.8715731643,-87.6713867116,1302468540.0,14164912,14165216
14165216,41.8715902503,-87.6710597061,1302468544.0,14165090,14165302
14165302,41.8716091697,-87.6707047678,1302468547.0,14165216,14165397
14165397,41.87160815,-87.6703779079,1302468550.0,14165302,14165490
14165490,41.8715827246,-87.6701245874,1302468553.0,14165397,14165968
14165968,41.871614606,-87.6698632898,1302468569.0,14165490,14166185
14166185,41.8717780571,-87.6696938941,1302468576.0,14165968,14166410
14166410,41.8716656168,-87.6694362459,1302468583.0,14166185,14166502
14166502,41.8714901879,-87.6693216816,1302468586.0,14166410,14166588
14166588,41.871224255,-87.66924774,1302468589.0,14166502,14166653
14166653,41.8709982181,-87.6692074456,1302468591.0,14166588,14166726
14166726,41.8707462294,-87.6691625968,1302468593.0,14166653,14166793
14166793,41.8704791323,-87.6691528396,1302468595.0,14166726,14166863
14166863,41.8702171431,-87.6691387561,1302468597.0,14166793,14166930
14166930,41.8699681507,-87.6691223181,1302468599.0,14166863,14166996
14166996,41.8697400369,-87.669121261,1302468601.0,14166930,14167060
14167060,41.8695531273,-87.6691041138,1302468603.0,14166996,14167169
14167169,41.8693471405,-87.669077885,1302468607.0,14167060,14167229
14167229,41.869236527,-87.668885749,1302468612.0,14167169,14167243
14167243,41.8692392403,-87.6685628665,1302468615.0,14167229,14167255
14167255,41.869244942,-87.6682908112,1302468617.0,14167243,14167268
14167268,41.8692263534,-87.6680090206,1302468619.0,14167255,14167282
14167282,41.8692253506,-87.6677068612,1302468621.0,14167268,14167298
14167298,41.8692302127,-87.6674487783,1302468623.0,14167282,14167323
14167323,41.8692218231,-87.6671716491,1302468626.0,14167298,14167539
14167539,41.8692061261,-87.6669127228,1302468646.0,14167323,14167591
14167591,41.8692366462,-87.6666587304,1302468650.0,14167539,14167647
14167647,41.8692728735,-87.6663786461,1302468654.0,14167591,14167688
14167688,41.8692950944,-87.6661037272,1302468657.0,14167647,14167725
14167725,41.8692901553,-87.6657806804,1302468660.0,14167688,14167772
14167772,41.8692846823,-87.6655008382,1302468663.0,14167725,14167848
14167848,41.8692728827,-87.6652548761,1302468668.0,14167772,14168135
14168135,41.8692822408,-87.664983878,1302468685.0,14167848,14168264
14168264,41.869286315,-87.6647158836,1302468692.0,14168135,14168535
14168535,41.8692996587,-87.6644459263,1302468706.0,14168264,14168739
14168739,41.8692994023,-87.664184889,1302468716.0,14168535,14168838
14168838,41.8693326403,-87.6638828724,1302468721.0,14168739,14168905
14168905,41.869334443,-87.6635789176,1302468724.0,14168838,14168946
14168946,41.8693405496,-87.6633289121,1302468726.0,14168905,14168984
14168984,41.8693465218,-87.6630818833,1302468728.0,14168946,14169007
14169007,41.8693496913,-87.6628399371,1302468730.0,14168984,14169078
14169078,41.8693508998,-87.6625109509,1302468733.0,14169007,14169134
14169134,41.8693469551,-87.6622279851,1302468736.0,14169078,14169210
14169210,41.8693267462,-87.6619859013,1302468741.0,14169134,14169360
14169360,41.8693637932,-87.6617149189,1302468748.0,14169210,14169451
14169451,41.8693842068,-87.6614458297,1302468752.0,14169360,14169523
14169523,41.869399033,-87.6611678278,1302468755.0,14169451,14169570
14169570,41.8694122031,-87.6609168434,1302468757.0,14169523,14169616
14169616,41.8694119397,-87.6606019014,1302468759.0,14169570,14169665
14169665,41.8694051775,-87.6602589159,1302468761.0,14169616,14169716
14169716,41.869408083,-87.659918905,1302468763.0,14169665,14169766
14169766,41.8694150922,-87.6595858973,1302468765.0,14169716,14169814
14169814,41.8694211626,-87.6592579111,1302468767.0,14169766,14169862
14169862,41.8694221917,-87.6589349176,1302468769.0,14169814,14169906
14169906,41.8694178987,-87.6586139181,1302468771.0,14169862,14169943
14169943,41.8694145459,-87.6582939186,1302468773.0,14169906,14169995
14169995,41.8694163684,-87.6579899255,1302468775.0,14169943,14170052
14170052,41.8694253137,-87.6576978853,1302468777.0,14169995,14170105
14170105,41.8694393676,-87.6574238087,1302468779.0,14170052,14170178
14170178,41.8694533104,-87.6571156519,1302468782.0,14170105,14170330
14170330,41.8694608796,-87.6568642566,1302468788.0,14170178,14170868
14170868,41.8696349766,-87.6567483693,1302468808.0,14170330,14171007
14171007,41.8698722744,-87.6567689136,1302468813.0,14170868,14171083
14171083,41.8701058415,-87.6567519328,1302468816.0,14171007,14171139
14171139,41.8703178477,-87.6567468544,1302468818.0,14171083,14171194
14171194,41.8705248432,-87.6567474737,1302468820.0,14171139,14171248
14171248,41.8707357723,-87.6567515213,1302468822.0,14171194,14171304
14171304,41.8709627416,-87.6567609099,1302468824.0,14171248,14171364
14171364,41.8711997663,-87.6567738709,1302468826.0,14171304,14171427
14171427,41.8714388283,-87.656782386,1302468828.0,14171364,14171482
14171482,41.8716300865,-87.6567817016,1302468830.0,14171427,14171553
14171553,41.8718414137,-87.6567736333,1302468833.0,14171482,14171700
14171700,41.8720354006,-87.6567741126,1302468838.0,14171553,14171851
14171851,41.8722650897,-87.6567777565,1302468843.0,14171700,14171942
14171942,41.8725240052,-87.6567688649,1302468846.0,14171851,14172002
14172002,41.8727429923,-87.6567589341,1302468848.0,14171942,14172063
14172063,41.8729720712,-87.6567443033,1302468850.0,14172002,14172120
14172120,41.8731889787,-87.6567328416,1302468852.0,14172063,14172179
14172179,41.8733919781,-87.6567284313,1302468854.0,14172120,14172238
14172238,41.8735860113,-87.6567265309,1302468856.0,14172179,14172327
14172327,41.8738319501,-87.6567278176,1302468859.0,14172238,14172449
14172449,41.8740502346,-87.6567052917,1302468863.0,14172327,14172613
14172613,41.8742161014,-87.6564996682,1302468868.0,14172449,14172732
14172732,41.8742395726,-87.6561548233,1302468872.0,14172613,14172823
14172823,41.874254086,-87.6557885718,1302468875.0,14172732,14172883
14172883,41.8742588144,-87.6555236304,1302468877.0,14172823,14172942
14172942,41.8742615812,-87.6552476912,1302468879.0,14172883,14173010
14173010,41.8742671971,-87.654957655,1302468881.0,14172942,14173077
14173077,41.8742715881,-87.6546576631,1302468883.0,14173010,14173144
14173144,41.8742746719,-87.6543527286,1302468885.0,14173077,14173206
14173206,41.8742780437,-87.6540506884,1302468887.0,14173144,14173229
14173229,41.8742829706,-87.6537626999,1302468889.0,14173206,14173236
14173236,41.8742874071,-87.6534757142,1302468891.0,14173229,14173245
14173245,41.8742937962,-87.6531977234,1302468893.0,14173236,14173256
14173256,41.8742949697,-87.6529298417,1302468895.0,14173245,14173268
14173268,41.8742960065,-87.6526668913,1302468897.0,14173256,14173282
14173282,41.8742979059,-87.6524229802,1302468899.0,14173268,14173305
14173305,41.8743027793,-87.6520717958,1302468902.0,14173282,14173330
14173330,41.8743126997,-87.6517177699,1302468905.0,14173305,14173348
14173348,41.8743199419,-87.6514638784,1302468907.0,14173330,14173367
14173367,41.8743271091,-87.6512017895,1302468909.0,14173348,14173387
14173387,41.8743311235,-87.650926864,1302468911.0,14173367,14173407
14173407,41.874335943,-87.6506498879,1302468913.0,14173387,14173429
14173429,41.8743415411,-87.6503748488,1302468915.0,14173407,14173451
14173451,41.8743439986,-87.6501128798,1302468917.0,14173429,14173486
14173486,41.8743440774,-87.6497671344,1302468920.0,14173451,14173534
14173534,41.8743392677,-87.6495153653,1302468924.0,14173486,14173826
14173826,41.8743676629,-87.6492509093,1302468945.0,14173534,14173873
14173873,41.8743805151,-87.648891736,1302468948.0,14173826,14173905
14173905,41.8743846469,-87.6486009661,1302468950.0,14173873,14173938
14173938,41.8743806538,-87.648320146,1302468952.0,14173905,14173972
14173972,41.8743666995,-87.6480530434,1302468954.0,14173938,14174005
14174005,41.8743420754,-87.6477982888,1302468956.0,14173972,14174056
14174056,41.8743129498,-87.6474958128,1302468959.0,14174005,14174144
14174144,41.8742840776,-87.6472404761,1302468964.0,14174056,None
