53540448,41.8671160595,-87.6531854497,1303874939.0,None,53540630
53540630,41.8671130788,-87.6534894887,1303874945.0,53540448,53540713
53540713,41.8671078664,-87.6537575257,1303874948.0,53540630,53540788
53540788,41.8671028839,-87.6540503444,1303874951.0,53540713,53540873
53540873,41.8670983147,-87.6543673838,1303874954.0,53540788,53540968
53540968,41.8670891316,-87.654689642,1303874957.0,53540873,53541067
53541067,41.8670774024,-87.6550285877,1303874960.0,53540968,53541155
53541155,41.8670708292,-87.6553784359,1303874963.0,53541067,53541233
53541233,41.8670642913,-87.6557144885,1303874966.0,53541155,53541323
53541323,41.8670530728,-87.6560254655,1303874969.0,53541233,53541413
53541413,41.8670417652,-87.6563173205,1303874972.0,53541323,53541538
53541538,41.8670445422,-87.6566008799,1303874976.0,53541413,53541719
53541719,41.8672437941,-87.656692826,1303874982.0,53541538,53541843
53541843,41.8674733007,-87.6567062305,1303874986.0,53541719,53541937
53541937,41.8676841455,-87.6567166909,1303874989.0,53541843,53542037
53542037,41.8679050958,-87.6567254909,1303874992.0,53541937,53542126
53542126,41.8681351242,-87.6567325221,1303874995.0,53542037,53542217
53542217,41.8684391499,-87.6567487125,1303874999.0,53542126,53542315
53542315,41.8686660925,-87.6567520333,1303875002.0,53542217,53542416
53542416,41.8688790061,-87.6567478974,1303875005.0,53542315,53542519
53542519,41.8690920249,-87.6567351168,1303875008.0,53542416,53542605
53542605,41.8692940691,-87.6567263543,1303875011.0,53542519,53542728
53542728,41.8695212171,-87.6567329828,1303875015.0,53542605,53543227
53543227,41.8697131798,-87.6567518401,1303875030.0,53542728,53543363
53543363,41.8699041506,-87.6567655295,1303875034.0,53543227,53543464
53543464,41.8700871387,-87.6567743138,1303875037.0,53543363,53543562
53543562,41.8702970644,-87.6567801044,1303875040.0,53543464,53543664
53543664,41.8705200606,-87.6567876378,1303875043.0,53543562,53543752
53543752,41.8707440751,-87.6567910298,1303875046.0,53543664,53543846
53543846,41.8709700361,-87.6567955533,1303875049.0,53543752,53543954
53543954,41.8711939801,-87.6568000634,1303875052.0,53543846,53544066
53544066,41.8714059692,-87.6568014995,1303875055.0,53543954,53544174
53544174,41.8716100279,-87.6568045035,1303875058.0,53544066,53544277
53544277,41.8717930346,-87.6568028469,1303875061.0,53544174,53544408
53544408,41.8720031184,-87.6567913118,1303875065.0,53544277,53544690
53544690,41.8722158967,-87.6567892071,1303875073.0,53544408,53544838
53544838,41.8724088783,-87.6567838755,1303875077.0,53544690,53544941
53544941,41.8725958453,-87.6567731562,1303875080.0,53544838,53545039
53545039,41.8727997609,-87.6567674057,1303875083.0,53544941,53545140
53545140,41.8730087869,-87.656750546,1303875086.0,53545039,53545245
53545245,41.8732169021,-87.6567358522,1303875089.0,53545140,53545358
53545358,41.8734259783,-87.6567300913,1303875092.0,53545245,53545475
53545475,41.8736270326,-87.6567325836,1303875095.0,53545358,53545606
53545606,41.8738360905,-87.6567630645,1303875099.0,53545475,53545725
53545725,41.8740323769,-87.6567732415,1303875103.0,53545606,53546033
53546033,41.8742044835,-87.6566934715,1303875111.0,53545725,53546174
53546174,41.8742220726,-87.6564435807,1303875115.0,53546033,53546309
53546309,41.8742230191,-87.6561200097,1303875119.0,53546174,53546408
53546408,41.8742280095,-87.6558549642,1303875122.0,53546309,53546512
53546512,41.8742279395,-87.6555852424,1303875125.0,53546408,53546628
53546628,41.8742301789,-87.6553183088,1303875128.0,53546512,53546744
53546744,41.8742336814,-87.6550443448,1303875131.0,53546628,53546863
53546863,41.8742380519,-87.6547603186,1303875134.0,53546744,53546965
53546965,41.8742409168,-87.65446931,1303875137.0,53546863,53547063
53547063,41.8742360174,-87.6541813067,1303875140.0,53546965,53547168
53547168,41.8742383422,-87.6538954288,1303875143.0,53547063,53547276
53547276,41.8742371556,-87.6536144749,1303875146.0,53547168,53547358
53547358,41.8742399004,-87.6533344985,1303875149.0,53547276,53547402
53547402,41.8742448478,-87.653066392,1303875152.0,53547358,53547471
53547471,41.874245897,-87.6528022513,1303875155.0,53547402,53547573
53547573,41.8742425992,-87.6525561426,1303875158.0,53547471,53547708
53547708,41.8742464303,-87.6522523493,1303875162.0,53547573,53548400
53548400,41.8742597149,-87.6520076287,1303875182.0,53547708,53548616
53548616,41.8742807302,-87.6517045724,1303875188.0,53548400,53548751
53548751,41.8742895902,-87.6513795653,1303875192.0,53548616,53548857
53548857,41.8742946608,-87.651113494,1303875195.0,53548751,53548964
53548964,41.8743071353,-87.6508403537,1303875198.0,53548857,53549075
53549075,41.8743118055,-87.6505602721,1303875201.0,53548964,53549188
53549188,41.8743174329,-87.650276186,1303875204.0,53549075,53549284
53549284,41.8743248052,-87.6499982681,1303875207.0,53549188,53549378
53549378,41.874333527,-87.649715482,1303875210.0,53549284,53549478
53549478,41.8743339114,-87.6494314447,1303875213.0,53549378,53549583
53549583,41.8743377165,-87.649132364,1303875216.0,53549478,53549690
53549690,41.8743469375,-87.6488362489,1303875219.0,53549583,53549800
53549800,41.874359743,-87.6485339108,1303875222.0,53549690,53549908
53549908,41.8743480285,-87.6482338603,1303875225.0,53549800,53550012
53550012,41.8743218378,-87.6479598024,1303875228.0,53549908,53550114
53550114,41.8742891844,-87.6477032122,1303875231.0,53550012,53550249
53550249,41.8742488758,-87.6473986159,1303875235.0,53550114,53550432
53550432,41.8740794579,-87.647205739,1303875240.0,53550249,53550536
53550536,41.8738828371,-87.6471975725,1303875243.0,53550432,53550640
53550640,41.8736638986,-87.6471939375,1303875246.0,53550536,53550746
53550746,41.8734369156,-87.6471882931,1303875249.0,53550640,53550858
53550858,41.8732019988,-87.6471827794,1303875252.0,53550746,53550960
53550960,41.8729640687,-87.647174483,1303875255.0,53550858,53551068
53551068,41.8727361687,-87.6471678658,1303875258.0,53550960,53551173
53551173,41.8725261332,-87.647158472,1303875261.0,53551068,53551276
53551276,41.8723430061,-87.647148336,1303875264.0,53551173,53551408
53551408,41.8721320577,-87.6471389518,1303875268.0,53551276,53551553
53551553,41.871897973,-87.6471275754,1303875272.0,53551408,53551662
53551662,41.8716980356,-87.6471220104,1303875275.0,53551553,53551750
53551750,41.8714901222,-87.6471196516,1303875278.0,53551662,53551849
53551849,41.8712830955,-87.6471154289,1303875281.0,53551750,53551955
53551955,41.8710730879,-87.6471103508,1303875284.0,53551849,53552067
53552067,41.870861075,-87.6471035596,1303875287.0,53551955,53552166
53552166,41.8706500829,-87.6470976053,1303875290.0,53552067,53552274
53552274,41.8704521876,-87.6470931971,1303875293.0,53552166,53552380
53552380,41.8702512026,-87.6470936329,1303875296.0,53552274,53552480
53552480,41.8700400812,-87.6470913626,1303875299.0,53552380,53552582
53552582,41.8698342334,-87.6470867359,1303875302.0,53552480,53552689
53552689,41.8696232819,-87.6470816547,1303875305.0,53552582,53552798
53552798,41.8694036428,-87.6470735848,1303875308.0,53552689,53552903
53552903,41.869188946,-87.647066824,1303875311.0,53552798,53553010
53553010,41.868972005,-87.6470611782,1303875314.0,53552903,53553107
53553107,41.868750063,-87.6470574682,1303875317.0,53553010,53553208
53553208,41.868527025,-87.6470485996,1303875320.0,53553107,53553312
53553312,41.8683090046,-87.6470436603,1303875323.0,53553208,53553415
53553415,41.8681071462,-87.6470413315,1303875326.0,53553312,53553523
53553523,41.8679181883,-87.6470361712,1303875329.0,53553415,53553663
53553663,41.8676930212,-87.6470289013,1303875333.0,53553523,53553800
53553800,41.8674948713,-87.6470235048,1303875337.0,53553663,53554100
53554100,41.8672922728,-87.6470059113,1303875345.0,53553800,53554228
53554228,41.8670789599,-87.646980092,1303875349.0,53554100,53554342
53554342,41.8667949853,-87.6469450725,1303875353.0,53554228,53554444
53554444,41.8665699909,-87.6469333693,1303875356.0,53554342,53554550
53554550,41.8663690568,-87.6469319572,1303875359.0,53554444,53554695
53554695,41.8661390251,-87.6469328997,1303875363.0,53554550,53554828
53554828,41.8659518954,-87.6469708626,1303875367.0,53554695,None
