16404127,41.8705750057,-87.6713744266,1302650982.0,None,16404827
16404827,41.870362002,-87.6712670015,1302651003.0,16404127,16404900
16404900,41.870133977,-87.6712220994,1302651006.0,16404827,16405002
16405002,41.8698779869,-87.6712071677,1302651009.0,16404900,16405091
16405091,41.8696760481,-87.6712163743,1302651012.0,16405002,16405246
16405246,41.8694955747,-87.6712639954,1302651017.0,16405091,16405482
16405482,41.8693571226,-87.6710471863,1302651024.0,16405246,16405590
16405590,41.8693681946,-87.6707088585,1302651027.0,16405482,16405668
16405668,41.8693712181,-87.6704400152,1302651029.0,16405590,16405732
16405732,41.8693770904,-87.6701590248,1302651031.0,16405668,16405798
16405798,41.8693909378,-87.6698920869,1302651033.0,16405732,16405871
16405871,41.8693974992,-87.6696341816,1302651035.0,16405798,16405985
16405985,41.8693815332,-87.6693119596,1302651038.0,16405871,16406203
16406203,41.869341231,-87.6690459888,1302651044.0,16405985,16406388
16406388,41.8693600687,-87.6687190947,1302651049.0,16406203,16406477
16406477,41.8693846551,-87.6684159524,1302651052.0,16406388,16406540
16406540,41.8693843905,-87.6680729762,1302651055.0,16406477,16406549
16406549,41.8693670071,-87.6677350155,1302651058.0,16406540,16406563
16406563,41.8693709579,-87.6674170134,1302651061.0,16406549,16406581
16406581,41.8693862639,-87.6671549883,1302651064.0,16406563,16406618
16406618,41.8693842811,-87.6668919968,1302651069.0,16406581,16406799
16406799,41.8693333164,-87.6666569213,1302651087.0,16406618,16406893
16406893,41.8693670197,-87.6664172549,1302651095.0,16406799,16406949
16406949,41.8695318776,-87.6663040366,1302651099.0,16406893,16406989
16406989,41.8697639908,-87.666310071,1302651102.0,16406949,16407019
16407019,41.8699819857,-87.6663189845,1302651104.0,16406989,16407049
16407049,41.8702219812,-87.6663201133,1302651106.0,16407019,16407077
16407077,41.8704689786,-87.6663330294,1302651108.0,16407049,16407107
16407107,41.8707219721,-87.6663361942,1302651110.0,16407077,16407139
16407139,41.8709539658,-87.6663461853,1302651112.0,16407107,16407171
16407171,41.8711619706,-87.6663591592,1302651114.0,16407139,16407201
16407201,41.8713589733,-87.6663788011,1302651116.0,16407171,16407251
16407251,41.8715950708,-87.66639667,1302651119.0,16407201,16407334
16407334,41.8717490029,-87.6662501227,1302651124.0,16407251,16407405
16407405,41.871743,-87.665956,1302651128.0,16407334,16407493
16407493,41.871748,-87.6657,1302651133.0,16407405,16407601
16407601,41.871742,-87.665415,1302651139.0,16407493,16407659
16407659,41.871734,-87.665125,1302651142.0,16407601,16407717
16407717,41.871723,-87.664847,1302651145.0,16407659,16407793
16407793,41.87172,-87.664582,1302651149.0,16407717,16407955
16407955,41.871874,-87.664427,1302651157.0,16407793,16408206
16408206,41.872032,-87.664306,1302651170.0,16407955,16408333
16408333,41.872227,-87.66429,1302651176.0,16408206,16408441
16408441,41.872457,-87.664268,1302651181.0,16408333,16408506
16408506,41.872644,-87.664248,1302651184.0,16408441,16408573
16408573,41.872866,-87.664218,1302651187.0,16408506,16408667
16408667,41.873053,-87.664198,1302651191.0,16408573,16408782
16408782,41.873165,-87.663974,1302651196.0,16408667,16408853
16408853,41.873221,-87.663678,1302651199.0,16408782,16408923
16408923,41.873248,-87.66331,1302651202.0,16408853,16408971
16408971,41.873267,-87.663035,1302651204.0,16408923,16409021
16409021,41.873304,-87.662757,1302651206.0,16408971,16409073
16409073,41.873331,-87.6625,1302651208.0,16409021,16409147
16409147,41.873358,-87.662213,1302651211.0,16409073,16409497
16409497,41.873199,-87.662062,1302651225.0,16409147,16409568
16409568,41.873005,-87.662039,1302651228.0,16409497,16409666
16409666,41.872812,-87.662015,1302651232.0,16409568,16409771
16409771,41.872601,-87.662,1302651236.0,16409666,16409857
16409857,41.87233,-87.661975,1302651239.0,16409771,16409909
16409909,41.872121,-87.66196,1302651241.0,16409857,16409961
16409961,41.871878,-87.661959,1302651243.0,16409909,16410018
16410018,41.871631,-87.661959,1302651245.0,16409961,16410072
16410072,41.871397,-87.661954,1302651247.0,16410018,16410125
16410125,41.871171,-87.661944,1302651249.0,16410072,16410177
16410177,41.870963,-87.661929,1302651251.0,16410125,16410231
16410231,41.870764,-87.661918,1302651253.0,16410177,16410286
16410286,41.870554,-87.661916,1302651255.0,16410231,16410343
16410343,41.870348,-87.661913,1302651257.0,16410286,16410427
16410427,41.870111,-87.661906,1302651260.0,16410343,16410521
16410521,41.869919,-87.661843,1302651264.0,16410427,16411291
16411291,41.869746,-87.661699,1302651291.0,16410521,16411412
16411412,41.8695320034,-87.661667003,1302651295.0,16411291,16411506
16411506,41.8693160106,-87.6616520171,1302651298.0,16411412,16411595
16411595,41.8691279919,-87.6616520054,1302651301.0,16411506,16411708
16411708,41.86891,-87.661644,1302651305.0,16411595,16411872
16411872,41.868706,-87.661648,1302651310.0,16411708,16411961
16411961,41.868451,-87.661629,1302651313.0,16411872,16412024
16412024,41.868224,-87.661618,1302651315.0,16411961,16412088
16412088,41.867962,-87.6616,1302651317.0,16412024,16412149
16412149,41.867674,-87.661586,1302651319.0,16412088,16412204
16412204,41.867401,-87.661585,1302651321.0,16412149,16412270
16412270,41.8671740094,-87.6615790004,1302651323.0,16412204,16412368
16412368,41.8669573099,-87.6614937473,1302651326.0,16412270,16412507
16412507,41.8669045243,-87.6611507756,1302651330.0,16412368,16412569
16412569,41.8669147086,-87.660882693,1302651332.0,16412507,16412634
16412634,41.8669317131,-87.6605615707,1302651334.0,16412569,16412693
16412693,41.8669453215,-87.6601925537,1302651336.0,16412634,16412744
16412744,41.866956074,-87.6598125887,1302651338.0,16412693,16412811
16412811,41.8669681065,-87.6594315995,1302651340.0,16412744,16412875
16412875,41.866973126,-87.6590126086,1302651342.0,16412811,16412941
16412941,41.8669845443,-87.658570634,1302651344.0,16412875,16413007
16413007,41.8669971109,-87.6581096096,1302651346.0,16412941,16413077
16413077,41.8670109,-87.6576615847,1302651348.0,16413007,16413147
16413147,41.867027838,-87.6570327107,1302651351.0,16413077,16413214
16413214,41.8670300053,-87.6566132068,1302651353.0,16413147,16413276
16413276,41.8670452797,-87.6561846474,1302651355.0,16413214,16413339
16413339,41.8670474062,-87.6557624984,1302651357.0,16413276,16413371
16413371,41.8670511346,-87.6553585595,1302651359.0,16413339,16413433
16413433,41.8670569957,-87.6549894266,1302651361.0,16413371,16413480
16413480,41.8670742656,-87.6546584526,1302651363.0,16413433,16413536
16413536,41.8670908966,-87.6543726887,1302651365.0,16413480,16413625
16413625,41.8671317969,-87.6540388519,1302651368.0,16413536,16413751
16413751,41.8671511991,-87.6537829218,1302651372.0,16413625,16414204
16414204,41.8671433317,-87.6535179227,1302651386.0,16413751,16414305
16414305,41.8671459083,-87.6532039937,1302651389.0,16414204,16414382
16414382,41.8671405481,-87.652920924,1302651391.0,16414305,16414444
16414444,41.8671511582,-87.6525879106,1302651393.0,16414382,16414520
16414520,41.8671609449,-87.6522589189,1302651395.0,16414444,16414592
16414592,41.8671618206,-87.651965892,1302651397.0,16414520,16414664
16414664,41.8671519934,-87.6516985257,1302651399.0,16414592,16414732
16414732,41.8671455084,-87.6514564611,1302651401.0,16414664,16414827
16414827,41.8671253856,-87.651206259,1302651404.0,16414732,16414958
16414958,41.8669620183,-87.6511285078,1302651408.0,16414827,16415064
16415064,41.8667336736,-87.6511264841,1302651411.0,16414958,16415141
16415141,41.8665297469,-87.6511088884,1302651413.0,16415064,16415218
16415218,41.8662858374,-87.6510901103,1302651415.0,16415141,16415294
16415294,41.8660088436,-87.6510802082,1302651417.0,16415218,16415365
16415365,41.8657098612,-87.6510680646,1302651419.0,16415294,16415438
16415438,41.8654168511,-87.6510561178,1302651421.0,16415365,16415501
16415501,41.8651798647,-87.6510541116,1302651423.0,16415438,16415607
16415607,41.864937897,-87.6510363118,1302651426.0,16415501,16415783
16415783,41.8647578401,-87.6510155331,1302651431.0,16415607,16415889
16415889,41.8645478834,-87.6509879662,1302651434.0,16415783,16415962
16415962,41.8643459366,-87.650977998,1302651436.0,16415889,16416042
16416042,41.8641088979,-87.6509717944,1302651438.0,16415962,16416120
16416120,41.8638859102,-87.6509626582,1302651440.0,16416042,16416229
16416229,41.8636827007,-87.6509474665,1302651443.0,16416120,16416450
16416450,41.8636037822,-87.650712367,1302651449.0,16416229,16416597
16416597,41.8636174091,-87.6504118728,1302651453.0,16416450,16416727
16416727,41.8636393941,-87.6501086089,1302651457.0,16416597,16417092
16417092,41.8637808305,-87.6499417424,1302651467.0,16416727,None
