34315854,41.869220521,-87.6759466685,1302437377.0,None,34316725
34316725,41.8691946675,-87.6762328548,1302437401.0,34315854,34316829
34316829,41.8691836249,-87.6764967578,1302437404.0,34316725,34316930
34316930,41.8691690898,-87.6768198384,1302437407.0,34316829,34317040
34317040,41.8691613437,-87.6771798923,1302437410.0,34316930,34317114
34317114,41.8691592825,-87.6774359079,1302437412.0,34317040,34317194
34317194,41.8691544993,-87.6776979124,1302437414.0,34317114,34317267
34317267,41.869149649,-87.6779589005,1302437416.0,34317194,34317340
34317340,41.8691439919,-87.6782229304,1302437418.0,34317267,34317410
34317410,41.8691390856,-87.6784889637,1302437420.0,34317340,34317462
34317462,41.8691349494,-87.6787569312,1302437422.0,34317410,34317534
34317534,41.8691345883,-87.6790219096,1302437424.0,34317462,34317604
34317604,41.8691335063,-87.6792749382,1302437426.0,34317534,34317682
34317682,41.8691341893,-87.6795189284,1302437428.0,34317604,34317797
34317797,41.8691395575,-87.6798620556,1302437431.0,34317682,34317912
34317912,41.8691368556,-87.68018021,1302437434.0,34317797,34318017
34318017,41.8691306808,-87.6804490326,1302437437.0,34317912,34318675
34318675,41.8691136619,-87.6807091135,1302437455.0,34318017,34318722
34318722,41.8691041902,-87.6811409153,1302437461.0,34318675,34318838
34318838,41.869090278,-87.6814509139,1302437464.0,34318722,34318943
34318943,41.8690741792,-87.6817879896,1302437467.0,34318838,34319049
34319049,41.869072169,-87.6821329288,1302437470.0,34318943,34319151
34319151,41.8690706834,-87.682486874,1302437473.0,34319049,34319255
34319255,41.8690661168,-87.6828248881,1302437476.0,34319151,34319352
34319352,41.8690606391,-87.6831369767,1302437479.0,34319255,34319469
34319469,41.8690537351,-87.6833979761,1302437482.0,34319352,34319724
34319724,41.8690450532,-87.6836910694,1302437489.0,34319469,34319851
34319851,41.8690292927,-87.6839887078,1302437493.0,34319724,34319955
34319955,41.8690235435,-87.6842768845,1302437496.0,34319851,34320062
34320062,41.8690151549,-87.6845510955,1302437499.0,34319955,34320290
34320290,41.8690066092,-87.6848180671,1302437505.0,34320062,34320478
34320478,41.8690051217,-87.6851138932,1302437510.0,34320290,34320578
34320578,41.8689883288,-87.6853869931,1302437513.0,34320478,34320680
34320680,41.8689846617,-87.6856449964,1302437516.0,34320578,34320825
34320825,41.8689944111,-87.685903422,1302437520.0,34320680,34321124
34321124,41.8691719901,-87.6860538001,1302437528.0,34320825,34321254
34321254,41.8694110749,-87.6860462017,1302437532.0,34321124,34321358
34321358,41.8696288825,-87.6860491052,1302437535.0,34321254,34321471
34321471,41.8698698488,-87.6860543803,1302437538.0,34321358,34321590
34321590,41.8701248338,-87.6860636004,1302437541.0,34321471,34321698
34321698,41.8703889216,-87.6860708635,1302437544.0,34321590,34321804
34321804,41.8706549737,-87.6860829758,1302437547.0,34321698,34321909
34321909,41.8709210589,-87.6860922301,1302437550.0,34321804,34322004
34322004,41.8711868782,-87.6861046332,1302437553.0,34321909,34322109
34322109,41.871452754,-87.6861117336,1302437556.0,34322004,34322185
34322185,41.8716327737,-87.6861182918,1302437558.0,34322109,34322265
34322265,41.8718147431,-87.6861225318,1302437560.0,34322185,34322345
34322345,41.8719958302,-87.6861332824,1302437562.0,34322265,34322424
34322424,41.8721768807,-87.6861397394,1302437564.0,34322345,34322494
34322494,41.872362909,-87.6861464774,1302437566.0,34322424,34322560
34322560,41.8725459275,-87.6861519097,1302437568.0,34322494,34322663
34322663,41.8728089221,-87.6861549116,1302437571.0,34322560,34322769
34322769,41.8730649311,-87.686158466,1302437574.0,34322663,34322882
34322882,41.8733028977,-87.6861605743,1302437577.0,34322769,34322991
34322991,41.873526931,-87.6861609504,1302437580.0,34322882,34323095
34323095,41.8737277831,-87.6861638468,1302437583.0,34322991,34323266
34323266,41.8738848081,-87.6859640876,1302437588.0,34323095,34323404
34323404,41.8738934844,-87.6856609904,1302437592.0,34323266,34323514
34323514,41.8739008248,-87.6853930805,1302437595.0,34323404,34323625
34323625,41.8739095187,-87.6851070715,1302437598.0,34323514,34323734
34323734,41.873909665,-87.6848131117,1302437601.0,34323625,34323837
34323837,41.8739146373,-87.684530064,1302437604.0,34323734,34323936
34323936,41.8739208969,-87.6842749738,1302437607.0,34323837,34324086
34324086,41.8739268335,-87.684026938,1302437611.0,34323936,34324413
34324413,41.873915409,-87.683784989,1302437623.0,34324086,34324505
34324505,41.8739178777,-87.6835240524,1302437626.0,34324413,34324594
34324594,41.8739212288,-87.6832051347,1302437629.0,34324505,34324693
34324693,41.873929774,-87.6828511357,1302437632.0,34324594,34324759
34324759,41.8739344979,-87.6826040914,1302437634.0,34324693,34324832
34324832,41.8739398589,-87.6823570498,1302437636.0,34324759,34324938
34324938,41.8739459394,-87.6820041002,1302437639.0,34324832,34325040
34325040,41.8739519794,-87.6817001775,1302437642.0,34324938,34325250
34325250,41.8739691972,-87.6814379545,1302437648.0,34325040,34325394
34325394,41.8739744799,-87.6811769337,1302437652.0,34325250,34325496
34325496,41.8739779128,-87.6808979861,1302437655.0,34325394,34325596
34325596,41.8739801602,-87.6805710805,1302437658.0,34325496,34325709
34325709,41.873986102,-87.680215084,1302437661.0,34325596,34325781
34325781,41.8739883475,-87.6799690884,1302437663.0,34325709,34325855
34325855,41.8739930716,-87.6797180295,1302437665.0,34325781,34325923
34325923,41.8739961254,-87.679466045,1302437667.0,34325855,34325994
34325994,41.8739967332,-87.6792080642,1302437669.0,34325923,34326067
34326067,41.8739998961,-87.6789520441,1302437671.0,34325994,34326138
34326138,41.8740032075,-87.6786980511,1302437673.0,34326067,34326206
34326206,41.8740054909,-87.6784420736,1302437675.0,34326138,34326275
34326275,41.8740094044,-87.6781910609,1302437677.0,34326206,34326343
34326343,41.8740149976,-87.6779460393,1302437679.0,34326275,34326445
34326445,41.874022281,-87.6776010977,1302437682.0,34326343,34326549
34326549,41.8740268208,-87.677288101,1302437685.0,34326445,34326663
34326663,41.8740156606,-87.6770098003,1302437688.0,34326549,34326839
34326839,41.8739989236,-87.676748656,1302437693.0,34326663,34327424
34327424,41.8738477411,-87.6765393432,1302437710.0,34326839,34327531
34327531,41.8736605159,-87.6765161085,1302437713.0,34327424,34327645
34327645,41.8734344003,-87.676495713,1302437716.0,34327531,34327757
34327757,41.8731804061,-87.6764783982,1302437719.0,34327645,34327853
34327853,41.8729093528,-87.6764628211,1302437722.0,34327757,34327901
34327901,41.8727202577,-87.6764486854,1302437724.0,34327853,34327969
34327969,41.8725242297,-87.6764372387,1302437726.0,34327901,34328042
34328042,41.8723293389,-87.6764255814,1302437728.0,34327969,34328117
34328117,41.87214045,-87.6764053344,1302437730.0,34328042,34328233
34328233,41.8718792907,-87.6763732453,1302437733.0,34328117,34328342
34328342,41.8716556233,-87.6763636153,1302437736.0,34328233,34328485
34328485,41.8714837509,-87.6762583875,1302437740.0,34328342,34328571
34328571,41.871453121,-87.6760191971,1302437743.0,34328485,34328676
34328676,41.8714597129,-87.6757238804,1302437746.0,34328571,34328786
34328786,41.8714670826,-87.675401946,1302437749.0,34328676,34328894
34328894,41.8714779525,-87.675060069,1302437752.0,34328786,34329004
34329004,41.871486323,-87.6747225242,1302437755.0,34328894,34329096
34329096,41.8715000389,-87.6744011925,1302437758.0,34329004,34329191
34329191,41.8715030354,-87.6741272456,1302437761.0,34329096,34329419
34329419,41.8715235224,-87.6738721176,1302437767.0,34329191,34329600
34329600,41.8715152555,-87.6735630096,1302437772.0,34329419,34329693
34329693,41.8715252532,-87.6732711673,1302437775.0,34329600,34329793
34329793,41.8715205479,-87.672938042,1302437778.0,34329693,34329897
34329897,41.8715233901,-87.6726020941,1302437781.0,34329793,34330009
34330009,41.8715290189,-87.6722769582,1302437784.0,34329897,34330125
34330125,41.8715299367,-87.6719829464,1302437787.0,34330009,34330260
34330260,41.8715224099,-87.6716996646,1302437791.0,34330125,34330393
34330393,41.8715293476,-87.6714218322,1302437795.0,34330260,34330490
34330490,41.8715399402,-87.671140985,1302437798.0,34330393,34330588
34330588,41.8715438022,-87.6708281213,1302437801.0,34330490,34330665
34330665,41.871554507,-87.6705079805,1302437804.0,34330588,34330676
34330676,41.8715599258,-87.6701967001,1302437807.0,34330665,34330692
34330692,41.8715668396,-87.6698810764,1302437810.0,34330676,34330711
34330711,41.8715738621,-87.6695597533,1302437813.0,34330692,34330733
34330733,41.8715707201,-87.6693024155,1302437816.0,34330711,34330793
34330793,41.8714777305,-87.6690613474,1302437823.0,34330733,34330823
34330823,41.871291631,-87.6690519424,1302437826.0,34330793,34330854
34330854,41.8710846087,-87.6690393622,1302437829.0,34330823,34330887
34330887,41.8708586707,-87.6690225797,1302437832.0,34330854,34330922
34330922,41.8706126977,-87.6690008314,1302437835.0,34330887,34330958
34330958,41.8703667664,-87.6689855311,1302437838.0,34330922,34330996
34330996,41.8701207543,-87.6689847346,1302437841.0,34330958,34331035
34331035,41.8698777955,-87.6689881904,1302437844.0,34330996,34331076
34331076,41.8696528007,-87.6689818501,1302437847.0,34331035,34331118
34331118,41.8694565519,-87.6689744162,1302437850.0,34331076,34331200
34331200,41.869269972,-87.6689549118,1302437856.0,34331118,34331278
34331278,41.8691775134,-87.6686820745,1302437861.0,34331200,34331325
34331325,41.8691879762,-87.6684301514,1302437864.0,34331278,34331376
34331376,41.8692017268,-87.668141011,1302437867.0,34331325,34331423
34331423,41.8691598466,-87.6678708975,1302437870.0,34331376,34331476
34331476,41.8691657544,-87.6675449762,1302437873.0,34331423,34331529
34331529,41.8691736304,-87.6672418758,1302437876.0,34331476,34331580
34331580,41.8691752115,-87.666965873,1302437879.0,34331529,34331672
34331672,41.8691783253,-87.6667230136,1302437884.0,34331580,None
