48235756,41.8787129975,-87.6409620449,1302868966.0,None,48236409
48236409,41.8785270014,-87.6410560208,1302868984.0,48235756,48236543
48236543,41.8783290069,-87.6411789052,1302868988.0,48236409,48236653
48236653,41.8781520066,-87.6412288355,1302868991.0,48236543,48236771
48236771,41.8779360009,-87.6412799458,1302868994.0,48236653,48236882
48236882,41.8776790304,-87.6412048854,1302868997.0,48236771,48236955
48236955,41.8774910029,-87.6411798385,1302868999.0,48236882,48237022
48237022,41.877301018,-87.6411828716,1302869001.0,48236955,48237089
48237089,41.8771140087,-87.6411558298,1302869003.0,48237022,48237159
48237159,41.8769279989,-87.6411338133,1302869005.0,48237089,48237231
48237231,41.8767329923,-87.6411217737,1302869007.0,48237159,48237303
48237303,41.8765230108,-87.6410957958,1302869009.0,48237231,48237377
48237377,41.8763039985,-87.6410697991,1302869011.0,48237303,48237449
48237449,41.8760910067,-87.6410636773,1302869013.0,48237377,48237526
48237526,41.8758790113,-87.6410317141,1302869015.0,48237449,48237598
48237598,41.875674006,-87.6410009709,1302869017.0,48237526,48237666
48237666,41.8754730077,-87.6409770516,1302869019.0,48237598,48237732
48237732,41.8752849852,-87.6409780776,1302869021.0,48237666,48237828
48237828,41.8750319651,-87.6409819056,1302869024.0,48237732,48237938
48237938,41.8747820049,-87.6409738543,1302869027.0,48237828,48238046
48238046,41.8745450039,-87.6409561404,1302869030.0,48237938,48238196
48238196,41.8743320324,-87.6409470659,1302869034.0,48238046,48238576
48238576,41.8741710126,-87.6410980081,1302869045.0,48238196,48238663
48238663,41.8741810788,-87.6413889912,1302869048.0,48238576,48238776
48238776,41.8741920884,-87.6417490032,1302869051.0,48238663,48238853
48238853,41.8742302138,-87.6420489931,1302869053.0,48238776,48238932
48238932,41.8742702192,-87.6423350318,1302869055.0,48238853,48239007
48239007,41.8742971672,-87.6426210041,1302869057.0,48238932,48239082
48239082,41.8743171874,-87.6429140253,1302869059.0,48239007,48239148
48239148,41.8743210781,-87.6432079821,1302869061.0,48239082,48239221
48239221,41.8743231186,-87.6435130002,1302869063.0,48239148,48239290
48239290,41.8743261999,-87.6438260486,1302869065.0,48239221,48239353
48239353,41.8743254191,-87.6441399878,1302869067.0,48239290,48239412
48239412,41.874330432,-87.6444530267,1302869069.0,48239353,48239488
48239488,41.8743295198,-87.6447620237,1302869071.0,48239412,48239565
48239565,41.8743226034,-87.6450790218,1302869073.0,48239488,48239639
48239639,41.8743196952,-87.6454020257,1302869075.0,48239565,48239713
48239713,41.8743148789,-87.6457140308,1302869077.0,48239639,48239785
48239785,41.8743130265,-87.646015009,1302869079.0,48239713,48239855
48239855,41.874308098,-87.646310044,1302869081.0,48239785,48239890
48239890,41.8738080471,-87.6472517554,1302869097.0,48239855,48239994
48239994,41.8735390901,-87.6472246099,1302869100.0,48239890,48240067
48240067,41.8733411262,-87.6472169949,1302869102.0,48239994,48240141
48240141,41.8731322206,-87.6472063269,1302869104.0,48240067,48240214
48240214,41.8729232903,-87.6472011209,1302869106.0,48240141,48240271
48240271,41.8727233187,-87.6471962178,1302869108.0,48240214,48240347
48240347,41.8725372323,-87.6471891423,1302869110.0,48240271,48240462
48240462,41.8723072271,-87.647174384,1302869113.0,48240347,48240603
48240603,41.8721143482,-87.647158941,1302869117.0,48240462,48241025
48241025,41.8718781971,-87.6471410589,1302869129.0,48240603,48241138
48241138,41.8716421869,-87.6471328171,1302869132.0,48241025,48241208
48241208,41.8714511607,-87.6471284166,1302869134.0,48241138,48241254
48241254,41.8712401405,-87.6471245475,1302869136.0,48241208,48241302
48241302,41.8710141457,-87.6471178306,1302869138.0,48241254,48241360
48241360,41.8707841115,-87.6471101657,1302869140.0,48241302,48241421
48241421,41.8705511379,-87.6470982732,1302869142.0,48241360,48241478
48241478,41.8703222152,-87.6470900534,1302869144.0,48241421,48241541
48241541,41.8701121142,-87.647086134,1302869146.0,48241478,48241603
48241603,41.8699320647,-87.647078735,1302869148.0,48241541,48241696
48241696,41.8697296055,-87.6470733607,1302869151.0,48241603,48241862
48241862,41.8696108674,-87.647261576,1302869156.0,48241696,48241977
48241977,41.8696145566,-87.6475110931,1302869159.0,48241862,48242083
48242083,41.8696119671,-87.6478421766,1302869162.0,48241977,48242157
48242157,41.869608866,-87.6480952241,1302869164.0,48242083,48242229
48242229,41.8696072982,-87.6483691766,1302869166.0,48242157,48242309
48242309,41.8696062025,-87.6486549931,1302869168.0,48242229,48242376
48242376,41.8696059837,-87.6489410351,1302869170.0,48242309,48242445
48242445,41.8696013445,-87.6492340156,1302869172.0,48242376,48242513
48242513,41.8695947277,-87.6495350662,1302869174.0,48242445,48242586
48242586,41.8695906515,-87.6498350627,1302869176.0,48242513,48242658
48242658,41.8695815949,-87.6501340732,1302869178.0,48242586,48242732
48242732,41.8695693304,-87.6504329162,1302869180.0,48242658,48242789
48242789,41.8695549716,-87.6507328373,1302869182.0,48242732,48242862
48242862,41.8695388273,-87.6510429096,1302869184.0,48242789,48242942
48242942,41.8695247996,-87.6513459264,1302869186.0,48242862,48243017
48243017,41.8695171011,-87.6516521679,1302869188.0,48242942,48243092
48243092,41.8695101362,-87.6519600736,1302869190.0,48243017,48243163
48243163,41.8695018588,-87.6522650364,1302869192.0,48243092,48243231
48243231,41.8694964736,-87.6525700175,1302869194.0,48243163,48243295
48243295,41.8694913305,-87.6528619607,1302869196.0,48243231,48243364
48243364,41.869488736,-87.653135962,1302869198.0,48243295,48243470
48243470,41.8694835168,-87.6534859761,1302869201.0,48243364,48243578
48243578,41.8694897756,-87.6537849094,1302869204.0,48243470,48243689
48243689,41.8694885878,-87.6540288633,1302869207.0,48243578,48243950
48243950,41.8694708398,-87.6543249937,1302869214.0,48243689,48244059
48244059,41.8694515267,-87.6546059947,1302869217.0,48243950,48244163
48244163,41.8694401349,-87.6549690451,1302869220.0,48244059,48244227
48244227,41.8694372226,-87.6552540558,1302869222.0,48244163,48244299
48244299,41.869436049,-87.6555419731,1302869224.0,48244227,48244368
48244368,41.8694337688,-87.6558340015,1302869226.0,48244299,48244440
48244440,41.8694312749,-87.6561169146,1302869228.0,48244368,48244513
48244513,41.8694274366,-87.6563908708,1302869230.0,48244440,48244586
48244586,41.8694257375,-87.6566674229,1302869232.0,48244513,48244658
48244658,41.8694263993,-87.6569463762,1302869234.0,48244586,48244733
48244733,41.8694235686,-87.6572072716,1302869236.0,48244658,48244831
48244831,41.8694117846,-87.6575491428,1302869239.0,48244733,48244947
48244947,41.8694079889,-87.6578650873,1302869242.0,48244831,48245053
48245053,41.869404809,-87.6581221078,1302869245.0,48244947,48245161
48245161,41.8693998426,-87.6583751046,1302869248.0,48245053,48245258
48245258,41.8693967684,-87.6586821124,1302869251.0,48245161,48245365
48245365,41.8693945897,-87.6590400927,1302869254.0,48245258,48245477
48245477,41.8693895006,-87.6593880915,1302869257.0,48245365,48245593
48245593,41.8693845402,-87.6597330769,1302869260.0,48245477,48245706
48245706,41.8693804061,-87.6600750808,1302869263.0,48245593,48245812
48245812,41.8693733301,-87.6604040737,1302869266.0,48245706,48245914
48245914,41.8693664924,-87.6607460643,1302869269.0,48245812,48245988
48245988,41.8693674122,-87.6610031095,1302869271.0,48245914,48246057
48246057,41.8693668095,-87.6612750778,1302869273.0,48245988,48246127
48246127,41.8693650595,-87.6615621689,1302869275.0,48246057,48246197
48246197,41.8693578643,-87.6618520543,1302869277.0,48246127,48246274
48246274,41.8693520328,-87.6621309466,1302869279.0,48246197,48246349
48246349,41.8693495568,-87.6623769659,1302869281.0,48246274,48246460
48246460,41.8693434719,-87.6626270033,1302869284.0,48246349,48246633
48246633,41.8693395124,-87.6628720039,1302869289.0,48246460,48246812
48246812,41.8693173842,-87.6631150902,1302869294.0,48246633,48246957
48246957,41.8693039406,-87.663421137,1302869299.0,48246812,48247172
48247172,41.8693075794,-87.6636640777,1302869305.0,48246957,48247603
48247603,41.8693222838,-87.6639251702,1302869317.0,48247172,48247814
48247814,41.8693185501,-87.6642181948,1302869323.0,48247603,48247919
48247919,41.8693176155,-87.6645200705,1302869326.0,48247814,48247993
48247993,41.8693174491,-87.6647661064,1302869328.0,48247919,48248070
48248070,41.8693180446,-87.6650251048,1302869330.0,48247993,48248139
48248139,41.8693185806,-87.6652740864,1302869332.0,48248070,48248251
48248251,41.869315528,-87.6656071959,1302869335.0,48248139,48248354
48248354,41.8693135076,-87.6658853169,1302869338.0,48248251,None
