80518652,41.8657831346,-87.6469622287,1301667551.0,None,80519679
80519679,41.865601369,-87.6469629141,1301667579.0,80518652,80519782
80519782,41.8653810968,-87.6469617959,1301667582.0,80519679,80519882
80519882,41.8651171071,-87.6469467837,1301667585.0,80519782,80519996
80519996,41.8648701241,-87.6469376463,1301667588.0,80519882,80520096
80520096,41.8646782445,-87.6469162582,1301667591.0,80519996,80520215
80520215,41.8644811202,-87.646903259,1301667594.0,80520096,80520336
80520336,41.8642618828,-87.646906681,1301667597.0,80520215,80520442
80520442,41.8640290819,-87.6468921758,1301667600.0,80520336,80520494
80520494,41.8638400997,-87.6468717301,1301667602.0,80520442,80520506
80520506,41.8636381021,-87.6468592603,1301667604.0,80520494,80520565
80520565,41.8634350999,-87.6468502534,1301667606.0,80520506,80520619
80520619,41.8632280935,-87.6468333939,1301667608.0,80520565,80520678
80520678,41.8630221071,-87.646819245,1301667610.0,80520619,80520743
80520743,41.8628340586,-87.6468111592,1301667612.0,80520678,80520843
80520843,41.8626118936,-87.6467888449,1301667615.0,80520743,80520976
80520976,41.8624194771,-87.6468111987,1301667619.0,80520843,80521160
80521160,41.8623288947,-87.6470185037,1301667624.0,80520976,80521262
80521262,41.862335888,-87.6472668945,1301667627.0,80521160,80521366
80521366,41.8623239756,-87.6475980297,1301667630.0,80521262,80521477
80521477,41.8623106115,-87.6479501321,1301667633.0,80521366,80521591
80521591,41.8623078036,-87.6483061533,1301667636.0,80521477,80521701
80521701,41.8623020468,-87.6485731279,1301667639.0,80521591,80521913
80521913,41.8622963978,-87.6488840661,1301667645.0,80521701,80522022
80522022,41.8622942263,-87.6491710807,1301667648.0,80521913,80522131
80522131,41.8622892423,-87.6495020915,1301667651.0,80522022,80522237
80522237,41.8622832578,-87.6498511267,1301667654.0,80522131,80522353
80522353,41.8622820797,-87.6501971018,1301667657.0,80522237,80522458
80522458,41.8622898782,-87.6504890338,1301667660.0,80522353,80522779
80522779,41.8623030246,-87.65076377,1301667669.0,80522458,80522931
80522931,41.8624873697,-87.6508341413,1301667673.0,80522779,80523050
80523050,41.8627129673,-87.6508366723,1301667676.0,80522931,80523150
80523150,41.8629659966,-87.650856666,1301667679.0,80523050,80523256
80523256,41.8632198996,-87.6508824328,1301667682.0,80523150,80523362
80523362,41.8634300402,-87.650923461,1301667686.0,80523256,80523543
80523543,41.8636780714,-87.6509245532,1301667691.0,80523362,80523655
80523655,41.8639389444,-87.6509247439,1301667694.0,80523543,80523737
80523737,41.8641409331,-87.6509242208,1301667696.0,80523655,80523815
80523815,41.8643409857,-87.6509290707,1301667698.0,80523737,80523920
80523920,41.8646250648,-87.6509641817,1301667702.0,80523815,80524138
80524138,41.8648289415,-87.6509393737,1301667708.0,80523920,80524245
80524245,41.8650758821,-87.6509212969,1301667711.0,80524138,80524318
80524318,41.8652868823,-87.6509214528,1301667713.0,80524245,80524395
80524395,41.8655088871,-87.6509193571,1301667715.0,80524318,80524474
80524474,41.8657288845,-87.6509264855,1301667717.0,80524395,80524550
80524550,41.8659418711,-87.650934638,1301667719.0,80524474,80524620
80524620,41.8661329048,-87.6509101296,1301667721.0,80524550,80524692
80524692,41.8663339119,-87.6509031004,1301667723.0,80524620,80524763
80524763,41.8665298764,-87.6509046426,1301667725.0,80524692,80524834
80524834,41.8667218125,-87.6509232226,1301667727.0,80524763,80524950
80524950,41.8669207093,-87.6509312177,1301667730.0,80524834,80525132
80525132,41.8670615997,-87.651093614,1301667735.0,80524950,80525246
80525246,41.8671043748,-87.6513767026,1301667738.0,80525132,80525352
80525352,41.8671032211,-87.6517178235,1301667741.0,80525246,80525462
80525462,41.8670961265,-87.6520704574,1301667744.0,80525352,80525536
80525536,41.8670988091,-87.6523134466,1301667746.0,80525462,80525609
80525609,41.8670992025,-87.6525554986,1301667748.0,80525536,80525687
80525687,41.8671005113,-87.6528164771,1301667750.0,80525609,80525762
80525762,41.8671004197,-87.6530944691,1301667752.0,80525687,80525834
80525834,41.8671012923,-87.653378565,1301667754.0,80525762,80525909
80525909,41.8670975226,-87.653666719,1301667756.0,80525834,80525974
80525974,41.8670916834,-87.6539655749,1301667758.0,80525909,80526040
80526040,41.8670889981,-87.6542785193,1301667760.0,80525974,80526115
80526115,41.8670835921,-87.6545967407,1301667762.0,80526040,80526193
80526193,41.8670796416,-87.6549186492,1301667764.0,80526115,80526267
80526267,41.8670746587,-87.6552454486,1301667766.0,80526193,80526342
80526342,41.8670718699,-87.6555724258,1301667768.0,80526267,80526418
80526418,41.8670697056,-87.6558833512,1301667770.0,80526342,80526492
80526492,41.8670679832,-87.6561652211,1301667772.0,80526418,80526601
80526601,41.8670646651,-87.6564765724,1301667775.0,80526492,80526786
80526786,41.8671935309,-87.6566412796,1301667781.0,80526601,80526900
80526900,41.8674447402,-87.6566601798,1301667785.0,80526786,80526978
80526978,41.8676277581,-87.6566794532,1301667787.0,80526900,80527059
80527059,41.8678258279,-87.6566850975,1301667789.0,80526978,80527142
80527142,41.8680308592,-87.6566900815,1301667791.0,80527059,80527214
80527214,41.8682428414,-87.6566993938,1301667793.0,80527142,80527287
80527287,41.8684648768,-87.656713451,1301667795.0,80527214,80527358
80527358,41.8686899452,-87.6567261129,1301667797.0,80527287,80527417
80527417,41.868899008,-87.6567351176,1301667799.0,80527358,80527517
80527517,41.869132082,-87.6567256247,1301667802.0,80527417,80527630
80527630,41.8693231432,-87.6567223055,1301667805.0,80527517,80527742
80527742,41.8695082328,-87.6567394205,1301667808.0,80527630,80527857
80527857,41.8697382156,-87.6567550979,1301667811.0,80527742,80527956
80527956,41.8700021305,-87.6567712103,1301667814.0,80527857,80528028
80528028,41.8701920478,-87.6567734323,1301667816.0,80527956,80528105
80528105,41.8703980316,-87.6567803834,1301667818.0,80528028,80528145
80528145,41.8706090459,-87.6567867361,1301667820.0,80528105,80528217
80528217,41.8708179964,-87.6567862269,1301667822.0,80528145,80528292
80528292,41.8710289901,-87.6567934557,1301667824.0,80528217,80528363
80528363,41.8712369947,-87.6568023857,1301667826.0,80528292,80528428
80528428,41.8714430873,-87.6568133753,1301667828.0,80528363,80528502
80528502,41.8716449123,-87.6568346848,1301667830.0,80528428,80528575
80528575,41.8718316047,-87.656844,1301667832.0,80528502,80528677
80528677,41.8720605566,-87.6568215843,1301667835.0,80528575,80528908
80528908,41.8722577485,-87.6567940106,1301667841.0,80528677,80529091
80529091,41.8724838114,-87.6567826799,1301667846.0,80528908,80529181
80529181,41.8727038344,-87.6567683041,1301667849.0,80529091,80529256
80529256,41.8728889986,-87.6567522038,1301667851.0,80529181,80529329
80529329,41.8731022316,-87.656728119,1301667853.0,80529256,80529399
80529399,41.8733320991,-87.6567093658,1301667855.0,80529329,80529475
80529475,41.8735589074,-87.6566848092,1301667857.0,80529399,80529554
80529554,41.8737609486,-87.6566680729,1301667859.0,80529475,80529674
80529674,41.8739986216,-87.6566836497,1301667862.0,80529554,80529780
80529780,41.87418528,-87.6566718494,1301667865.0,80529674,80529954
80529954,41.8742684992,-87.6564476005,1301667870.0,80529780,80530089
80530089,41.8742619507,-87.6561125969,1301667874.0,80529954,80530199
80530199,41.8742615283,-87.6558125548,1301667877.0,80530089,80530312
80530312,41.8742625259,-87.6555075959,1301667880.0,80530199,80530428
80530428,41.874265335,-87.6552126396,1301667883.0,80530312,80530540
80530540,41.874270278,-87.6549286233,1301667886.0,80530428,80530653
80530653,41.8742717668,-87.6546516655,1301667889.0,80530540,80530751
80530751,41.8742714082,-87.6543797671,1301667892.0,80530653,80530862
80530862,41.8742694555,-87.6541228442,1301667895.0,80530751,80531000
80531000,41.8742798165,-87.653799762,1301667899.0,80530862,80531114
80531114,41.8742906678,-87.6535516241,1301667902.0,80531000,80531231
80531231,41.8743057542,-87.6533055098,1301667905.0,80531114,80531347
80531347,41.8743172216,-87.6530585751,1301667908.0,80531231,80531460
80531460,41.8743212539,-87.6528136853,1301667911.0,80531347,80531597
80531597,41.8743069966,-87.6525138868,1301667915.0,80531460,80531769
80531769,41.8743013202,-87.6522318441,1301667920.0,80531597,80532354
80532354,41.874314208,-87.6519875418,1301667938.0,80531769,None
