51824448,41.8768459945,-87.6407320678,1303221813.0,None,51825168
51825168,41.8766530034,-87.6408390531,1303221833.0,51824448,51825280
51825280,41.8764849926,-87.640927999,1303221836.0,51825168,51825393
51825393,41.8762470033,-87.6409500178,1303221839.0,51825280,51825462
51825462,41.876030987,-87.6409522086,1303221841.0,51825393,51825572
51825572,41.8757680116,-87.6409201376,1303221844.0,51825462,51825684
51825684,41.8755399911,-87.6409000382,1303221847.0,51825572,51825800
51825800,41.8753159914,-87.6409040986,1303221850.0,51825684,51825873
51825873,41.875117955,-87.6409059835,1303221852.0,51825800,51825945
51825945,41.8748899956,-87.6409311631,1303221854.0,51825873,51826021
51826021,41.8746989951,-87.6409341579,1303221856.0,51825945,51826120
51826120,41.8744979737,-87.6409819365,1303221859.0,51826021,51826326
51826326,41.8743298931,-87.6411269034,1303221865.0,51826120,51826484
51826484,41.8743180182,-87.6414490182,1303221869.0,51826326,51826584
51826584,41.8742831074,-87.6417849942,1303221872.0,51826484,51826628
51826628,41.8742880552,-87.6420980125,1303221875.0,51826584,51827583
51827583,41.8743190948,-87.6423690486,1303221904.0,51826628,51827688
51827688,41.8743041297,-87.6426210122,1303221907.0,51827583,51827785
51827785,41.874290302,-87.6429720244,1303221910.0,51827688,51827850
51827850,41.8742743048,-87.6432270254,1303221912.0,51827785,51827957
51827957,41.8742633518,-87.6435629853,1303221915.0,51827850,51828788
51828788,41.8743032452,-87.6438300405,1303221939.0,51827957,51828940
51828940,41.874303741,-87.6441600364,1303221943.0,51828788,51829039
51829039,41.8742967648,-87.6444990045,1303221946.0,51828940,51829109
51829109,41.8742957956,-87.6447530066,1303221948.0,51829039,51829181
51829181,41.8742998465,-87.6450350163,1303221950.0,51829109,51829240
51829240,41.8742989042,-87.6453380177,1303221952.0,51829181,51829308
51829308,41.8743009411,-87.6456330195,1303221954.0,51829240,51829375
51829375,41.8743090245,-87.6459230302,1303221956.0,51829308,51829451
51829451,41.8743111014,-87.6462020565,1303221958.0,51829375,51829553
51829553,41.8743082873,-87.6465310098,1303221961.0,51829451,51829659
51829659,41.8743004348,-87.6467780591,1303221964.0,51829553,51830117
51830117,41.8743089237,-87.6470202368,1303221977.0,51829659,51830393
51830393,41.8741386143,-87.6472129469,1303221985.0,51830117,51830497
51830497,41.8739208689,-87.647191019,1303221988.0,51830393,51830602
51830602,41.8736438087,-87.6471805424,1303221991.0,51830497,51830676
51830676,41.8734307759,-87.6471747571,1303221993.0,51830602,51830747
51830747,41.8732038194,-87.6471695301,1303221995.0,51830676,51830817
51830817,41.8729758953,-87.6471630325,1303221997.0,51830747,51830891
51830891,41.8727540352,-87.6471591351,1303221999.0,51830817,51830953
51830953,41.8725540867,-87.6471541031,1303222001.0,51830891,51831058
51831058,41.8723280958,-87.6471522482,1303222004.0,51830953,51831972
51831972,41.8721471553,-87.6471409306,1303222030.0,51831058,51832155
51832155,41.8719049137,-87.647125148,1303222035.0,51831972,51832253
51832253,41.8716619412,-87.6471125716,1303222038.0,51832155,51832323
51832323,41.8714750173,-87.647105672,1303222040.0,51832253,51832394
51832394,41.8712789894,-87.6470986229,1303222042.0,51832323,51832462
51832462,41.8710729522,-87.6470926834,1303222044.0,51832394,51832535
51832535,41.8708579566,-87.6470878362,1303222046.0,51832462,51832604
51832604,41.8706379657,-87.6470810749,1303222048.0,51832535,51832677
51832677,41.870415065,-87.6470739685,1303222050.0,51832604,51832745
51832745,41.8702010569,-87.6470658537,1303222052.0,51832677,51832808
51832808,41.8700039575,-87.6470603895,1303222054.0,51832745,51832908
51832908,41.8697932458,-87.6470582763,1303222057.0,51832808,51833125
51833125,41.8696430481,-87.64718576,1303222063.0,51832908,51833269
51833269,41.86963606,-87.6474910462,1303222067.0,51833125,51833362
51833362,41.8696351563,-87.6478261457,1303222070.0,51833269,51833429
51833429,41.8696311215,-87.6480741496,1303222072.0,51833362,51833528
51833528,41.8696293776,-87.6484320474,1303222075.0,51833429,51833636
51833636,41.8696241142,-87.6487990007,1303222078.0,51833528,51833711
51833711,41.8696185296,-87.6490669998,1303222080.0,51833636,51833785
51833785,41.8696111421,-87.6493450111,1303222082.0,51833711,51833858
51833858,41.8696019104,-87.6496190373,1303222084.0,51833785,51833931
51833931,41.869586822,-87.6498770773,1303222086.0,51833858,51833996
51833996,41.8695705562,-87.6501261238,1303222088.0,51833931,51834097
51834097,41.8695514177,-87.6504668932,1303222091.0,51833996,51834199
51834199,41.8695332784,-87.6507991482,1303222094.0,51834097,51834308
51834308,41.8695184,-87.6511310018,1303222097.0,51834199,51834417
51834417,41.8695088119,-87.6514609725,1303222100.0,51834308,51834525
51834525,41.8694957737,-87.651824281,1303222103.0,51834417,51834599
51834599,41.8694876893,-87.6520782149,1303222105.0,51834525,51834672
51834672,41.8694788144,-87.6523361725,1303222107.0,51834599,51834738
51834738,41.8694718746,-87.6526011556,1303222109.0,51834672,51834809
51834809,41.8694505767,-87.6528631596,1303222111.0,51834738,51834877
51834877,41.8694252144,-87.6531171635,1303222113.0,51834809,51834976
51834976,41.869397277,-87.6534681297,1303222116.0,51834877,51835080
51835080,41.8693880288,-87.6537570963,1303222119.0,51834976,51835231
51835231,41.869369227,-87.6540260974,1303222123.0,51835080,51835474
51835474,41.8693996768,-87.6543090812,1303222130.0,51835231,51835571
51835571,41.8694039547,-87.6545830606,1303222133.0,51835474,51835676
51835676,41.8693886493,-87.6549510961,1303222136.0,51835571,51835749
51835749,41.8693888297,-87.6552260658,1303222138.0,51835676,51835812
51835812,41.869385704,-87.6554880708,1303222140.0,51835749,51835880
51835880,41.869377463,-87.6557381224,1303222142.0,51835812,51835951
51835951,41.8693527217,-87.6559810824,1303222144.0,51835880,51836055
51836055,41.8693329813,-87.6562840965,1303222147.0,51835951,51836234
51836234,41.8693378046,-87.6565321483,1303222152.0,51836055,51837012
51837012,41.8693866383,-87.6567798127,1303222178.0,51836234,51837088
51837088,41.8693727657,-87.6570272195,1303222181.0,51837012,51837171
51837171,41.8693742301,-87.6573322162,1303222184.0,51837088,51837258
51837258,41.8693734579,-87.6576611336,1303222187.0,51837171,51837359
51837359,41.8693673998,-87.658003091,1303222190.0,51837258,51837458
51837458,41.8693666554,-87.6583601041,1303222193.0,51837359,51837521
51837521,41.8693667626,-87.6586241154,1303222195.0,51837458,51837579
51837579,41.8693618552,-87.6588951146,1303222197.0,51837521,51837642
51837642,41.869358891,-87.6591641298,1303222199.0,51837579,51837701
51837701,41.8693568975,-87.6594311217,1303222201.0,51837642,51837770
51837770,41.8693508395,-87.6597001109,1303222203.0,51837701,51837841
51837841,41.8693468067,-87.6599591241,1303222205.0,51837770,51837917
51837917,41.869342791,-87.6602081236,1303222207.0,51837841,51838023
51838023,41.8693407939,-87.6605611096,1303222210.0,51837917,51838123
51838123,41.8693377042,-87.6608650869,1303222213.0,51838023,51838252
51838252,41.8693347746,-87.6611350624,1303222217.0,51838123,51838378
51838378,41.8693216493,-87.6613850852,1303222221.0,51838252,51838507
51838507,41.8693177127,-87.661689207,1303222225.0,51838378,51838615
51838615,41.8693167085,-87.6619571508,1303222228.0,51838507,51838716
51838716,41.8693074887,-87.6622411398,1303222231.0,51838615,51838819
51838819,41.8692952399,-87.6625371023,1303222234.0,51838716,51838921
51838921,41.8692849002,-87.6628260953,1303222237.0,51838819,51839014
51839014,41.8692664763,-87.6631030295,1303222240.0,51838921,51839114
51839114,41.869253149,-87.6633801133,1303222243.0,51839014,51839250
51839250,41.8692491901,-87.6636831103,1303222247.0,51839114,51839496
51839496,41.869243123,-87.6639420018,1303222254.0,51839250,51839695
51839695,41.8692472477,-87.6642430666,1303222260.0,51839496,51839796
51839796,41.8692444477,-87.6645220604,1303222263.0,51839695,51839887
51839887,41.8692395201,-87.6648201145,1303222266.0,51839796,51839977
51839977,41.8692374171,-87.6651201087,1303222269.0,51839887,51840085
51840085,41.8692356212,-87.6654070723,1303222272.0,51839977,51840227
51840227,41.8692461837,-87.6657020548,1303222276.0,51840085,51840548
51840548,41.8692641598,-87.6659541746,1303222286.0,51840227,51840705
51840705,41.8692632632,-87.6662522905,1303222291.0,51840548,51840812
51840812,41.8692622043,-87.6665062398,1303222294.0,51840705,51840879
51840879,41.8692540715,-87.6667982999,1303222297.0,51840812,51840985
51840985,41.8692409144,-87.6671103471,1303222300.0,51840879,51841088
51841088,41.8692366671,-87.6674271639,1303222303.0,51840985,51841188
51841188,41.8692344429,-87.6677551275,1303222306.0,51841088,51841288
51841288,41.8692238697,-87.6680690059,1303222309.0,51841188,51841387
51841387,41.8692188458,-87.6683381067,1303222312.0,51841288,51841516
51841516,41.8692067665,-87.6685919672,1303222316.0,51841387,51842027
51842027,41.8692284401,-87.6688308947,1303222331.0,51841516,51842355
51842355,41.8692389308,-87.6690804639,1303222341.0,51842027,51842457
51842457,41.8692382998,-87.6693428867,1303222344.0,51842355,51842559
51842559,41.8692167005,-87.6696411755,1303222347.0,51842457,51842666
51842666,41.869198637,-87.6699661263,1303222350.0,51842559,51842768
51842768,41.8691988321,-87.6702510256,1303222353.0,51842666,None
