79895588,41.8713241469,-87.6714655848,1303824794.0,None,79895643
79895643,41.8715541262,-87.6714806355,1303824799.0,79895588,79895679
79895679,41.8717770576,-87.671491653,1303824802.0,79895643,79895715
79895715,41.8720479948,-87.671495903,1303824805.0,79895679,79895741
79895741,41.8722399855,-87.6714989828,1303824807.0,79895715,79895767
79895767,41.8724429851,-87.6714893492,1303824809.0,79895741,79895793
79895793,41.8726579871,-87.6714727149,1303824811.0,79895767,79895820
79895820,41.8728589787,-87.6714825888,1303824813.0,79895793,79895848
79895848,41.8730579855,-87.6714815551,1303824815.0,79895820,79895876
79895876,41.8732639996,-87.6714874206,1303824817.0,79895848,79895905
79895905,41.8734629872,-87.671489333,1303824819.0,79895876,79895934
79895934,41.8736439794,-87.6714882687,1303824821.0,79895905,79895978
79895978,41.8738701194,-87.671496231,1303824824.0,79895934,79896072
79896072,41.8740416867,-87.6713714836,1303824830.0,79895978,79896138
79896138,41.8740437567,-87.671089107,1303824834.0,79896072,79896188
79896188,41.8740165512,-87.6707770348,1303824837.0,79896138,79896239
79896239,41.8739775103,-87.6705009312,1303824840.0,79896188,79896293
79896293,41.873985395,-87.6702400182,1303824843.0,79896239,79896346
79896346,41.8740032209,-87.6699749671,1303824846.0,79896293,79896382
79896382,41.8740482329,-87.6696711202,1303824849.0,79896346,79896438
79896438,41.8740942087,-87.6693710284,1303824852.0,79896382,79896496
79896496,41.8741093939,-87.6690276532,1303824855.0,79896438,79896532
79896532,41.8741883451,-87.6687730519,1303824857.0,79896496,79896568
79896568,41.8741593949,-87.6685011493,1303824859.0,79896532,79896609
79896609,41.8741474107,-87.668213973,1303824861.0,79896568,79896648
79896648,41.8741402459,-87.6679317528,1303824863.0,79896609,79896686
79896686,41.8741704553,-87.667652726,1303824865.0,79896648,79896725
79896725,41.874204434,-87.6673738649,1303824867.0,79896686,79896763
79896763,41.8742459744,-87.6671020397,1303824869.0,79896725,79896807
79896807,41.8742379612,-87.6668368499,1303824871.0,79896763,79896846
79896846,41.874224136,-87.6665917756,1303824873.0,79896807,79896909
79896909,41.8742267981,-87.6662407843,1303824876.0,79896846,79896951
79896951,41.8742339311,-87.6659908398,1303824878.0,79896909,79896981
79896981,41.8742320568,-87.6657338645,1303824880.0,79896951,79897027
79897027,41.8742294428,-87.6654639443,1303824882.0,79896981,79897071
79897071,41.8742273908,-87.6651861019,1303824884.0,79897027,79897111
79897111,41.8742042416,-87.6649002278,1303824886.0,79897071,79897155
79897155,41.8741951454,-87.6646162665,1303824888.0,79897111,79897194
79897194,41.8741869477,-87.6643362453,1303824890.0,79897155,79897238
79897238,41.8741797899,-87.6640642333,1303824892.0,79897194,79897285
79897285,41.8741756046,-87.6637972278,1303824894.0,79897238,79897328
79897328,41.874172454,-87.6635311503,1303824896.0,79897285,79897376
79897376,41.8741713646,-87.6632760396,1303824898.0,79897328,79897402
79897402,41.874169352,-87.6630289115,1303824900.0,79897376,79897452
79897452,41.8741705723,-87.6626817686,1303824903.0,79897402,79897501
79897501,41.8741637446,-87.6623887996,1303824906.0,79897452,79897577
79897577,41.8741659733,-87.6621378092,1303824910.0,79897501,79897803
79897803,41.8741605379,-87.6618797969,1303824922.0,79897577,79897879
79897879,41.8741620853,-87.6616038504,1303824925.0,79897803,79897958
79897958,41.8741646768,-87.6612398773,1303824928.0,79897879,79897996
79897996,41.8741678897,-87.6609708717,1303824930.0,79897958,79898043
79898043,41.8741735397,-87.6606928814,1303824932.0,79897996,79898093
79898093,41.8741799528,-87.6604088859,1303824934.0,79898043,79898147
79898147,41.8741888912,-87.6601228817,1303824936.0,79898093,79898194
79898194,41.8741937168,-87.6598408763,1303824938.0,79898147,79898246
79898246,41.8741958292,-87.6595598701,1303824940.0,79898194,79898297
79898297,41.8742032572,-87.6592718352,1303824942.0,79898246,79898352
79898352,41.8742080934,-87.6589878386,1303824944.0,79898297,79898405
79898405,41.8742128625,-87.658712834,1303824946.0,79898352,79898459
79898459,41.8742083199,-87.6584548727,1303824948.0,79898405,79898509
79898509,41.8742096504,-87.658209869,1303824950.0,79898459,79898582
79898582,41.8742156116,-87.6578599,1303824953.0,79898509,79898659
79898659,41.8742154676,-87.6575680098,1303824956.0,79898582,79898773
79898773,41.8742087381,-87.6573240348,1303824960.0,79898659,79899295
79899295,41.8742179133,-87.6570398832,1303824979.0,79898773,79899375
79899375,41.8742190534,-87.6567534011,1303824982.0,79899295,79899457
79899457,41.8742303848,-87.6564101775,1303824985.0,79899375,79899516
79899516,41.8742318219,-87.6561519122,1303824987.0,79899457,79899581
79899581,41.8742337987,-87.6558888487,1303824989.0,79899516,79899639
79899639,41.8742370429,-87.6556150109,1303824991.0,79899581,79899696
79899696,41.8742398117,-87.6553281389,1303824993.0,79899639,79899749
79899749,41.8742440437,-87.6550471513,1303824995.0,79899696,79899807
79899807,41.8742498072,-87.654760104,1303824997.0,79899749,79899866
79899866,41.8742559921,-87.6544760612,1303824999.0,79899807,79899925
79899925,41.8742667699,-87.6541919044,1303825001.0,79899866,79899988
79899988,41.8742763816,-87.6539207947,1303825003.0,79899925,79900052
79900052,41.8742835407,-87.6536696981,1303825005.0,79899988,79900139
79900139,41.8742935711,-87.6533126703,1303825008.0,79900052,79900225
79900225,41.8743041158,-87.6529627036,1303825011.0,79900139,79900317
79900317,41.8743205686,-87.6526247376,1303825014.0,79900225,79900412
79900412,41.8743239942,-87.6523257073,1303825017.0,79900317,79900528
79900528,41.8743224862,-87.6520403524,1303825021.0,79900412,79900770
79900770,41.8743232197,-87.651745457,1303825029.0,79900528,79900865
79900865,41.8743394426,-87.6514284661,1303825032.0,79900770,79900931
79900931,41.8743436707,-87.651171548,1303825034.0,79900865,79900988
79900988,41.8743449678,-87.6508996462,1303825036.0,79900931,79901043
79901043,41.8743488986,-87.6506237125,1303825038.0,79900988,79901100
79901100,41.8743527777,-87.6503487295,1303825040.0,79901043,79901172
79901172,41.8743556639,-87.6500787186,1303825042.0,79901100,79901237
79901237,41.8743560846,-87.6498166439,1303825044.0,79901172,79901299
79901299,41.8743628652,-87.6495519621,1303825046.0,79901237,79901366
79901366,41.8743730138,-87.6492908081,1303825048.0,79901299,79901428
79901428,41.8743846892,-87.6490347082,1303825050.0,79901366,79901494
79901494,41.8743966386,-87.6487876489,1303825052.0,79901428,79901583
79901583,41.8743952363,-87.6484427191,1303825055.0,79901494,79901679
79901679,41.874380622,-87.6481320756,1303825058.0,79901583,79901812
79901812,41.8743492151,-87.6478801745,1303825062.0,79901679,79902229
79902229,41.8743233129,-87.647579243,1303825075.0,79901812,79902331
79902331,41.8743113996,-87.6473143765,1303825078.0,79902229,79902430
79902430,41.8743116292,-87.6469897922,1303825081.0,79902331,79902541
79902541,41.8743146976,-87.646636953,1303825084.0,79902430,79902606
79902606,41.874311799,-87.6463949585,1303825086.0,79902541,79902671
79902671,41.8743138871,-87.646151943,1303825088.0,79902606,79902740
79902740,41.8743162043,-87.6458969763,1303825090.0,79902671,79902803
79902803,41.8743211973,-87.64563997,1303825092.0,79902740,79902865
79902865,41.8743242858,-87.6453769815,1303825094.0,79902803,79902930
79902930,41.8743262729,-87.6451219876,1303825096.0,79902865,79902995
79902995,41.8743292281,-87.6448729944,1303825098.0,79902930,79903103
79903103,41.8743332083,-87.6445189713,1303825101.0,79902995,79903204
79903204,41.8743314401,-87.6441830114,1303825104.0,79903103,79903318
79903318,41.8743358924,-87.6438389768,1303825107.0,79903204,79903415
79903415,41.8743479025,-87.6434760063,1303825110.0,79903318,79903486
79903486,41.8743529595,-87.6432310122,1303825112.0,79903415,79903581
79903581,41.8743510311,-87.6428869916,1303825115.0,79903486,79903686
79903686,41.8743787671,-87.6426239345,1303825118.0,79903581,79903862
79903862,41.8744919782,-87.6424169249,1303825123.0,79903686,79904031
79904031,41.8746969962,-87.6424177492,1303825128.0,79903862,79904219
79904219,41.8749069925,-87.6424328158,1303825133.0,79904031,79904438
79904438,41.8751039979,-87.6424260677,1303825139.0,79904219,None
