39477322,41.8692838523,-87.6662083776,1303675867.0,None,39478067
39478067,41.8692960251,-87.6664822072,1303675890.0,39477322,39478164
39478164,41.8692887664,-87.6667461093,1303675893.0,39478067,39478260
39478260,41.869275276,-87.6670870727,1303675896.0,39478164,39478332
39478332,41.8692633582,-87.6673500896,1303675898.0,39478260,39478403
39478403,41.8692591152,-87.6676320917,1303675900.0,39478332,39478476
39478476,41.8692532499,-87.6679149185,1303675902.0,39478403,39478540
39478540,41.8692500358,-87.6681870484,1303675904.0,39478476,39478605
39478605,41.869248432,-87.6684342022,1303675906.0,39478540,39478700
39478700,41.8692480205,-87.66871393,1303675909.0,39478605,39478931
39478931,41.8692388471,-87.6689972807,1303675916.0,39478700,39478964
39478964,41.8692403187,-87.6693237253,1303675920.0,39478931,39478978
39478978,41.8692249045,-87.6696569417,1303675923.0,39478964,39478990
39478990,41.8692123551,-87.6699070273,1303675925.0,39478978,39479003
39479003,41.8692051111,-87.6701570154,1303675927.0,39478990,39479025
39479025,41.869203094,-87.6706239181,1303675931.0,39479003,39479051
39479051,41.8692146322,-87.670926594,1303675934.0,39479025,39479088
39479088,41.8692266575,-87.671193738,1303675938.0,39479051,39479243
39479243,41.8693348987,-87.671382482,1303675952.0,39479088,39479290
39479290,41.8694150259,-87.6716139569,1303675956.0,39479243,39479310
39479310,41.8694039924,-87.6718779284,1303675958.0,39479290,39479338
39479338,41.8693354438,-87.6722789412,1303675960.0,39479310,39479365
39479365,41.8692824035,-87.6726399534,1303675962.0,39479338,39479393
39479393,41.8692605717,-87.6729502361,1303675964.0,39479365,39479437
39479437,41.8692469945,-87.6732608101,1303675967.0,39479393,39479523
39479523,41.8692453004,-87.6735096996,1303675973.0,39479437,39479588
39479588,41.8692296426,-87.6737824371,1303675977.0,39479523,39479634
39479634,41.8692065973,-87.67409897,1303675980.0,39479588,39479669
39479669,41.8691991841,-87.6743430376,1303675982.0,39479634,39479704
39479704,41.86918994,-87.6746150989,1303675984.0,39479669,39479736
39479736,41.8691826314,-87.6748921429,1303675986.0,39479704,39479769
39479769,41.8691771506,-87.6751721065,1303675988.0,39479736,39479803
39479803,41.8691713441,-87.6754611985,1303675990.0,39479769,39479841
39479841,41.8691709544,-87.675763342,1303675992.0,39479803,39479874
39479874,41.8691664119,-87.6760741062,1303675994.0,39479841,39479909
39479909,41.8691509844,-87.6763971885,1303675996.0,39479874,39479947
39479947,41.8691371464,-87.676728123,1303675998.0,39479909,39479984
39479984,41.8691264965,-87.6770710283,1303676000.0,39479947,39480022
39480022,41.8691204263,-87.6774250552,1303676002.0,39479984,39480058
39480058,41.869122389,-87.6777829954,1303676004.0,39480022,39480096
39480096,41.8691183696,-87.6781390213,1303676006.0,39480058,39480136
39480136,41.8691130664,-87.6784890467,1303676008.0,39480096,39480175
39480175,41.8691115696,-87.6788289777,1303676010.0,39480136,39480204
39480204,41.8691092829,-87.6791559725,1303676012.0,39480175,39480243
39480243,41.8691053463,-87.6794700303,1303676014.0,39480204,39480284
39480284,41.8690978308,-87.679759067,1303676016.0,39480243,39480325
39480325,41.8690935372,-87.6800051681,1303676018.0,39480284,39480385
39480385,41.8690946468,-87.6802652848,1303676021.0,39480325,39480492
39480492,41.8690906569,-87.681289021,1303676046.0,39480385,39480536
39480536,41.8690815478,-87.6815469752,1303676048.0,39480492,39480562
39480562,41.8690747275,-87.6818229699,1303676050.0,39480536,39480603
39480603,41.869068284,-87.6821069782,1303676052.0,39480562,39480643
39480643,41.8690628541,-87.6823819774,1303676054.0,39480603,39480663
39480663,41.8690546086,-87.6826429975,1303676056.0,39480643,39480696
39480696,41.8690497085,-87.6828919884,1303676058.0,39480663,39480750
39480750,41.8690436022,-87.6832240372,1303676061.0,39480696,39480833
39480833,41.8690373872,-87.6834902349,1303676065.0,39480750,39481006
39481006,41.8690329615,-87.6837870421,1303676072.0,39480833,39481075
39481075,41.8690281784,-87.6840637258,1303676075.0,39481006,39481145
39481145,41.8690232044,-87.6843549511,1303676078.0,39481075,39481220
39481220,41.8690180109,-87.6846050461,1303676081.0,39481145,39481376
39481376,41.869021069,-87.6848569534,1303676087.0,39481220,39481478
39481478,41.8690157682,-87.6851618957,1303676091.0,39481376,39481552
39481552,41.8690121945,-87.6854560066,1303676094.0,39481478,39481635
39481635,41.8690084872,-87.6857310354,1303676097.0,39481552,39481738
39481738,41.8690313261,-87.6860095506,1303676101.0,39481635,39482323
39482323,41.8692024551,-87.6860715074,1303676123.0,39481738,39482464
39482464,41.8694152261,-87.6860813737,1303676128.0,39482323,39482540
39482540,41.8696312261,-87.6860906232,1303676131.0,39482464,39482624
39482624,41.8699021762,-87.6860948782,1303676134.0,39482540,39482681
39482681,41.8700931308,-87.6861020181,1303676136.0,39482624,39482744
39482744,41.8702751266,-87.6861087789,1303676138.0,39482681,39482824
39482824,41.8705341392,-87.6861147588,1303676141.0,39482744,39482911
39482911,41.8707981421,-87.6861210884,1303676144.0,39482824,39482968
39482968,41.8709832386,-87.6861261984,1303676146.0,39482911,39483022
39483022,41.8711821959,-87.6861300192,1303676148.0,39482968,39483076
39483076,41.8713891073,-87.6861356952,1303676150.0,39483022,39483136
39483136,41.8716040823,-87.686144392,1303676152.0,39483076,39483198
39483198,41.8718231077,-87.6861556067,1303676154.0,39483136,39483257
39483257,41.8720410793,-87.686163496,1303676156.0,39483198,39483324
39483324,41.8722490718,-87.6861721178,1303676158.0,39483257,39483392
39483392,41.8724530906,-87.6861767987,1303676160.0,39483324,39483454
39483454,41.8726510945,-87.686183115,1303676162.0,39483392,39483507
39483507,41.872854059,-87.6861850408,1303676164.0,39483454,39483561
39483561,41.8730580601,-87.6861821177,1303676166.0,39483507,39483618
39483618,41.8732470231,-87.6861841047,1303676168.0,39483561,39483709
39483709,41.8734949713,-87.6861840063,1303676171.0,39483618,39484052
39484052,41.8736875908,-87.6861628504,1303676182.0,39483709,39484296
39484296,41.8738740978,-87.6861297272,1303676190.0,39484052,39484448
39484448,41.8739192167,-87.6858337322,1303676195.0,39484296,39484537
39484537,41.8739271951,-87.6855517646,1303676198.0,39484448,39484643
39484643,41.8739336668,-87.6852028028,1303676201.0,39484537,39484704
39484704,41.873936329,-87.6849388928,1303676203.0,39484643,39484773
39484773,41.8739381,-87.6846589231,1303676205.0,39484704,39484839
39484839,41.873941394,-87.6843639456,1303676207.0,39484773,39484899
39484899,41.8739479374,-87.6840557688,1303676209.0,39484839,39484960
39484960,41.8739552275,-87.6837348079,1303676211.0,39484899,39485020
39485020,41.8739607383,-87.6834068866,1303676213.0,39484960,39485087
39485087,41.8739673421,-87.6830678283,1303676215.0,39485020,39485155
39485155,41.8739730956,-87.6827298634,1303676217.0,39485087,39485228
39485228,41.873975171,-87.6824108993,1303676219.0,39485155,39485293
39485293,41.8739747374,-87.6821089579,1303676221.0,39485228,39485366
39485366,41.8739761536,-87.681833966,1303676223.0,39485293,39485465
39485465,41.8739807193,-87.6815318242,1303676226.0,39485366,39485655
39485655,41.8739819874,-87.6812878573,1303676232.0,39485465,39485787
39485787,41.8739856423,-87.6809709158,1303676236.0,39485655,39485893
39485893,41.8739885372,-87.6806389812,1303676239.0,39485787,39485965
39485965,41.873994293,-87.6803799963,1303676241.0,39485893,39486032
39486032,41.8740015456,-87.6800940023,1303676243.0,39485965,39486098
39486098,41.8740097928,-87.679789934,1303676245.0,39486032,39486163
39486163,41.874013727,-87.6794719542,1303676247.0,39486098,39486234
39486234,41.8740170252,-87.6791449291,1303676249.0,39486163,39486303
39486303,41.8740203813,-87.6788109144,1303676251.0,39486234,39486361
39486361,41.8740237696,-87.678471957,1303676253.0,39486303,39486429
39486429,41.8740294675,-87.6781429419,1303676255.0,39486361,39486499
39486499,41.8740344813,-87.6778229264,1303676257.0,39486429,39486572
39486572,41.8740383491,-87.6775160129,1303676259.0,39486499,39486644
39486644,41.8740403898,-87.6772351646,1303676261.0,39486572,39486745
39486745,41.8740251349,-87.6769301479,1303676264.0,39486644,39487312
39487312,41.8740157588,-87.6766873126,1303676280.0,39486745,39487669
39487669,41.8738247127,-87.6765360943,1303676290.0,39487312,39487776
39487776,41.8736132723,-87.6765004816,1303676293.0,39487669,39487891
39487891,41.8733462395,-87.6764810757,1303676296.0,39487776,39487965
39487965,41.873138302,-87.6764713493,1303676298.0,39487891,39488031
39488031,41.8729153504,-87.6764628835,1303676300.0,39487965,39488097
39488097,41.8726792717,-87.6764523358,1303676302.0,39488031,39488165
39488165,41.8724342847,-87.6764355144,1303676304.0,39488097,39488235
39488235,41.872186506,-87.6764150329,1303676306.0,39488165,39488309
39488309,41.8719485076,-87.6763877761,1303676308.0,39488235,39488388
39488388,41.8717483211,-87.6763725085,1303676310.0,39488309,39488502
39488502,41.8715585647,-87.6763489633,1303676313.0,39488388,39488681
39488681,41.8714548792,-87.6760756639,1303676318.0,39488502,39488788
39488788,41.8714615767,-87.6757719331,1303676321.0,39488681,39488884
39488884,41.8714651848,-87.675410938,1303676324.0,39488788,39488954
39488954,41.8714704237,-87.6751559593,1303676326.0,39488884,39489027
39489027,41.8714840018,-87.674896328,1303676328.0,39488954,39489101
39489101,41.8714944817,-87.6746453639,1303676330.0,39489027,39489215
39489215,41.8715090357,-87.6743021572,1303676333.0,39489101,39489327
39489327,41.8715190882,-87.6740413456,1303676336.0,39489215,39489552
39489552,41.8715257369,-87.6737818878,1303676342.0,39489327,39489692
39489692,41.8715332149,-87.6734573844,1303676346.0,39489552,39489749
39489749,41.8715480715,-87.6731209204,1303676349.0,39489692,39489777
39489777,41.8715488052,-87.672864841,1303676351.0,39489749,39489851
39489851,41.8715494258,-87.6726048541,1303676353.0,39489777,39489917
39489917,41.8715587067,-87.6723548119,1303676355.0,39489851,39490000
39490000,41.8715594836,-87.6720099673,1303676358.0,39489917,39490140
39490140,41.8715587528,-87.6717216402,1303676362.0,39490000,39490382
39490382,41.8715585403,-87.6714536693,1303676369.0,39490140,39490489
39490489,41.8715642589,-87.6712027049,1303676372.0,39490382,39490596
39490596,41.8715759698,-87.6708788186,1303676375.0,39490489,39490707
39490707,41.8715842002,-87.6705559291,1303676378.0,39490596,39490813
39490813,41.8715770149,-87.6702737837,1303676381.0,39490707,39490960
39490960,41.8715665745,-87.6700156331,1303676385.0,39490813,39491574
39491574,41.8715888197,-87.6697580435,1303676402.0,39490960,39491725
39491725,41.8716286885,-87.6695156581,1303676406.0,39491574,39491952
39491952,41.8716288401,-87.6692546968,1303676412.0,39491725,39492084
39492084,41.8714842712,-87.6691095337,1303676416.0,39491952,39492221
39492221,41.8712366624,-87.6690565009,1303676420.0,39492084,39492333
39492333,41.8709787412,-87.6690393881,1303676423.0,39492221,39492411
39492411,41.870780772,-87.6690242238,1303676425.0,39492333,39492476
39492476,41.8705658363,-87.6690090745,1303676427.0,39492411,39492553
39492553,41.8703458331,-87.6689998497,1303676429.0,39492476,39492629
39492629,41.8701287852,-87.6689928859,1303676431.0,39492553,39492708
39492708,41.869916778,-87.6689846156,1303676433.0,39492629,39492782
39492782,41.8697148081,-87.6689756233,1303676435.0,39492708,39492892
39492892,41.8694725074,-87.6689594015,1303676438.0,39492782,39493104
39493104,41.8692926709,-87.6689148514,1303676444.0,39492892,39493244
39493244,41.8692231277,-87.6686592898,1303676448.0,39493104,39493356
39493356,41.8692222598,-87.6683768983,1303676451.0,39493244,39493464
39493464,41.8692244623,-87.668038015,1303676454.0,39493356,39493581
39493581,41.8692320729,-87.6676878472,1303676457.0,39493464,39493693
39493693,41.8692310911,-87.6673578029,1303676460.0,39493581,39493786
39493786,41.8692352475,-87.6670636914,1303676463.0,39493693,39493928
39493928,41.8692316626,-87.6668096852,1303676467.0,39493786,39494099
39494099,41.8692359508,-87.6665028589,1303676472.0,39493928,39494215
39494215,41.8692441025,-87.6662118965,1303676475.0,39494099,39494324
39494324,41.8692630248,-87.6658628534,1303676478.0,39494215,39494397
39494397,41.8692732633,-87.6656068531,1303676480.0,39494324,39494470
39494470,41.8692810448,-87.6653548695,1303676482.0,39494397,39494577
39494577,41.8692860545,-87.6650008738,1303676485.0,39494470,39494693
39494693,41.8692919491,-87.6646778852,1303676488.0,39494577,39494789
39494789,41.8692940859,-87.6644099435,1303676491.0,39494693,39495041
39495041,41.8693138224,-87.6641358132,1303676498.0,39494789,39495183
39495183,41.8693428221,-87.6638268801,1303676502.0,39495041,39495290
39495290,41.8693562021,-87.6635029036,1303676505.0,39495183,39495360
39495360,41.8693673682,-87.6632569228,1303676507.0,39495290,39495430
39495430,41.869375322,-87.6630138976,1303676509.0,39495360,39495501
39495501,41.8693814189,-87.6627698942,1303676511.0,39495430,39495578
39495578,41.8693895759,-87.6625249122,1303676513.0,39495501,39495656
39495656,41.8694007774,-87.6621750156,1303676516.0,39495578,39495767
39495767,41.8693994891,-87.6618170076,1303676519.0,39495656,39495832
39495832,41.8694026697,-87.6615668499,1303676521.0,39495767,39495906
39495906,41.8694081635,-87.6613007964,1303676523.0,39495832,39495979
39495979,41.869418202,-87.6610198568,1303676525.0,39495906,39496054
39496054,41.8694231348,-87.6607238901,1303676527.0,39495979,39496107
39496107,41.8694260738,-87.6604179178,1303676529.0,39496054,39496176
39496176,41.8694268879,-87.660100909,1303676531.0,39496107,39496241
39496241,41.8694339095,-87.6597768843,1303676533.0,39496176,39496319
39496319,41.8694377954,-87.6594468942,1303676535.0,39496241,39496399
39496399,41.8694380484,-87.6591209009,1303676537.0,39496319,39496473
39496473,41.8694417504,-87.6587939516,1303676539.0,39496399,39496546
39496546,41.8694449356,-87.658471971,1303676541.0,39496473,39496612
39496612,41.8694496351,-87.6581619384,1303676543.0,39496546,39496674
39496674,41.8694576382,-87.6578639221,1303676545.0,39496612,39496744
39496744,41.8694657667,-87.657576867,1303676547.0,39496674,39496811
39496811,41.869472421,-87.657322739,1303676549.0,39496744,39496913
39496913,41.8694824251,-87.6570485796,1303676552.0,39496811,39497132
39497132,41.8695355819,-87.6567889301,1303676558.0,39496913,39497507
39497507,41.8697562558,-87.6567573459,1303676569.0,39497132,39497612
39497612,41.8699681533,-87.6567705597,1303676572.0,39497507,39497723
39497723,41.8702391213,-87.6567830427,1303676575.0,39497612,39497800
39497800,41.8704400942,-87.6567886981,1303676577.0,39497723,39497865
39497865,41.8706491056,-87.6567941501,1303676579.0,39497800,39497927
39497927,41.8708631405,-87.6568000627,1303676581.0,39497865,39498003
39498003,41.871079131,-87.6568073921,1303676583.0,39497927,39498073
39498073,41.8712961105,-87.6568123901,1303676585.0,39498003,39498134
39498134,41.8715090648,-87.6568157806,1303676587.0,39498073,39498206
39498206,41.8717109202,-87.6568159903,1303676589.0,39498134,39498318
39498318,41.8719687567,-87.6568094172,1303676592.0,39498206,39498462
39498462,41.8721577612,-87.6568018822,1303676596.0,39498318,39498639
39498639,41.8723687825,-87.6567930802,1303676601.0,39498462,39498747
39498747,41.8725877133,-87.65678227,1303676604.0,39498639,39498853
39498853,41.8728576529,-87.6567678699,1303676607.0,39498747,39498926
39498926,41.8730496146,-87.6567535391,1303676609.0,39498853,39498994
39498994,41.8732478281,-87.6567417363,1303676611.0,39498926,39499070
39499070,41.8734529807,-87.656736916,1303676613.0,39498994,39499147
39499147,41.8736560632,-87.6567382098,1303676615.0,39499070,39499225
39499225,41.8738369789,-87.656740565,1303676617.0,39499147,39499335
39499335,41.8740315072,-87.6567427138,1303676620.0,39499225,39499791
39499791,41.8742083923,-87.6567083807,1303676633.0,39499335,39499979
39499979,41.8742346625,-87.656428149,1303676638.0,39499791,39500084
39500084,41.8742260381,-87.656162982,1303676641.0,39499979,39500219
39500219,41.8742250078,-87.6558949976,1303676645.0,39500084,39500807
39500807,41.8742396363,-87.6555799798,1303676663.0,39500219,39500899
39500899,41.8742446714,-87.655294048,1303676666.0,39500807,39501003
39501003,41.8742524538,-87.6549419734,1303676669.0,39500899,39501073
39501073,41.8742579287,-87.6546709475,1303676671.0,39501003,39501150
39501150,41.8742629282,-87.6543769284,1303676673.0,39501073,39501230
39501230,41.8742676813,-87.6540729031,1303676675.0,39501150,39501296
39501296,41.8742738759,-87.6537609149,1303676677.0,39501230,39501363
39501363,41.8742834526,-87.6534588284,1303676679.0,39501296,39501431
39501431,41.874294077,-87.6531647381,1303676681.0,39501363,39501498
39501498,41.8742975034,-87.6528718009,1303676683.0,39501431,39501561
39501561,41.8742992063,-87.6526168664,1303676685.0,39501498,39501662
39501662,41.8742984068,-87.6523539663,1303676688.0,39501561,39502165
39502165,41.8743057588,-87.6520736955,1303676703.0,39501662,39502269
39502269,41.8743103466,-87.6518276879,1303676706.0,39502165,39502381
39502381,41.8743125913,-87.6515000548,1303676709.0,39502269,39502454
39502454,41.8743168324,-87.6512460818,1303676711.0,39502381,39502517
39502517,41.8743227591,-87.6509730315,1303676713.0,39502454,39502585
39502585,41.8743317554,-87.6506839513,1303676715.0,39502517,39502656
39502656,41.8743408994,-87.6503838523,1303676717.0,39502585,39502721
39502721,41.8743477171,-87.6500868241,1303676719.0,39502656,39502794
39502794,41.8743563855,-87.6497906631,1303676721.0,39502721,39502861
39502861,41.8743666844,-87.6494898324,1303676723.0,39502794,39502928
39502928,41.874368656,-87.6491929311,1303676725.0,39502861,39502996
39502996,41.8743732741,-87.6488898266,1303676727.0,39502928,39503068
39503068,41.8743738641,-87.6485949915,1303676729.0,39502996,39503143
39503143,41.8743612288,-87.6483014898,1303676731.0,39503068,39503217
39503217,41.8743333532,-87.6480083114,1303676733.0,39503143,39503286
39503286,41.8743045784,-87.6477461482,1303676735.0,39503217,39503389
39503389,41.874264074,-87.6474507379,1303676738.0,39503286,39503507
39503507,41.8741181949,-87.6472377026,1303676742.0,39503389,39503611
39503611,41.8739050179,-87.6472211164,1303676745.0,39503507,39503710
39503710,41.8736550332,-87.6472208244,1303676748.0,39503611,39503782
39503782,41.8733631075,-87.6472117921,1303676751.0,39503710,39503862
39503862,41.8731481813,-87.6471999819,1303676753.0,39503782,39503937
39503937,41.8729212742,-87.647196191,1303676755.0,39503862,39504009
39504009,41.872702321,-87.6471935524,1303676757.0,39503937,39504081
39504081,41.8725092112,-87.6471963748,1303676759.0,39504009,39504191
39504191,41.8723122883,-87.6472026352,1303676762.0,39504081,39504770
39504770,41.8721022828,-87.6471567128,1303676779.0,39504191,None
