69190264,41.8796780194,-87.6406971822,1302645654.0,None,69190554
69190554,41.8794800015,-87.6407669716,1302645668.0,69190264,69190658
69190658,41.8793149639,-87.6408729864,1302645674.0,69190554,69190824
69190824,41.8793178613,-87.6411649364,1302645684.0,69190658,69190905
69190905,41.8793459183,-87.6414850129,1302645688.0,69190824,69190977
69190977,41.8793388866,-87.6417800173,1302645691.0,69190905,69191070
69191070,41.8793379434,-87.6420790235,1302645695.0,69190977,69191377
69191377,41.8793049264,-87.6423170222,1302645708.0,69191070,69191610
69191610,41.8792790762,-87.6425690124,1302645718.0,69191377,69191683
69191683,41.8792709647,-87.6428610204,1302645721.0,69191610,69191758
69191758,41.8792621418,-87.6432010355,1302645724.0,69191683,69191830
69191830,41.8792532539,-87.6435550018,1302645727.0,69191758,69191886
69191886,41.8792513314,-87.6438050383,1302645729.0,69191830,69191938
69191938,41.8792453633,-87.644063039,1302645731.0,69191886,69191987
69191987,41.8792381781,-87.6443279456,1302645733.0,69191938,69192040
69192040,41.8792301881,-87.6446069997,1302645735.0,69191987,69192093
69192093,41.8792271694,-87.6448960083,1302645737.0,69192040,69192145
69192145,41.8792211627,-87.6451890086,1302645739.0,69192093,69192196
69192196,41.879214176,-87.6454730143,1302645741.0,69192145,69192252
69192252,41.8792082158,-87.6457510063,1302645743.0,69192196,69192302
69192302,41.8792032388,-87.646035011,1302645745.0,69192252,69192353
69192353,41.8792003196,-87.6463210135,1302645747.0,69192302,69192407
69192407,41.8791943414,-87.6466060156,1302645749.0,69192353,69192466
69192466,41.8791873838,-87.6468770174,1302645751.0,69192407,69192519
69192519,41.8791824701,-87.6471260151,1302645753.0,69192466,69192606
69192606,41.8791794219,-87.6474799832,1302645756.0,69192519,69192680
69192680,41.8791775429,-87.6478429627,1302645759.0,69192606,69192759
69192759,41.8791724976,-87.6481970021,1302645762.0,69192680,69192843
69192843,41.8791665055,-87.6485020141,1302645765.0,69192759,69192929
69192929,41.8791625217,-87.648790014,1302645768.0,69192843,69193016
69193016,41.8791595278,-87.649057018,1302645771.0,69192929,69193117
69193117,41.8791595982,-87.6493580071,1302645775.0,69193016,69193551
69193551,41.8791585748,-87.6496090058,1302645790.0,69193117,69193665
69193665,41.8791546513,-87.6498710271,1302645794.0,69193551,69193747
69193747,41.8791446754,-87.6501150331,1302645797.0,69193665,69193841
69193841,41.8791427189,-87.650360047,1302645800.0,69193747,69194026
69194026,41.8791407782,-87.6506060527,1302645806.0,69193841,69194475
69194475,41.8791337936,-87.6509030181,1302645821.0,69194026,69194564
69194564,41.879117716,-87.6511830268,1302645824.0,69194475,69194655
69194655,41.8791077607,-87.6515060266,1302645827.0,69194564,69194744
69194744,41.879094739,-87.6518439986,1302645830.0,69194655,69194842
69194842,41.8790876732,-87.6521980243,1302645833.0,69194744,69194909
69194909,41.8790807287,-87.6524450115,1302645835.0,69194842,69194974
69194974,41.8790726957,-87.6526990127,1302645837.0,69194909,69195038
69195038,41.8790636387,-87.6529570098,1302645839.0,69194974,69195100
69195100,41.8790616678,-87.6532140192,1302645841.0,69195038,69195164
69195164,41.879054631,-87.6534700201,1302645843.0,69195100,69195229
69195229,41.8790496273,-87.6537220238,1302645845.0,69195164,69195330
69195330,41.8790426278,-87.6540600288,1302645848.0,69195229,69195432
69195432,41.8790325537,-87.6543050049,1302645851.0,69195330,69195683
69195683,41.8790284923,-87.6545519925,1302645859.0,69195432,69195817
69195817,41.8790214453,-87.6548360127,1302645863.0,69195683,69195947
69195947,41.8790144321,-87.6551500141,1302645867.0,69195817,69196053
69196053,41.8790064009,-87.6554460116,1302645870.0,69195947,69196160
69196160,41.8789933264,-87.6557580141,1302645873.0,69196053,69196258
69196258,41.8789812694,-87.6560760058,1302645876.0,69196160,69196357
69196357,41.8789692006,-87.6563690094,1302645879.0,69196258,69196486
69196486,41.8789611884,-87.6566190105,1302645883.0,69196357,69196922
69196922,41.8789662855,-87.6568800168,1302645896.0,69196486,69197031
69197031,41.8789652769,-87.6571349781,1302645899.0,69196922,69197133
69197133,41.8789592796,-87.657456011,1302645902.0,69197031,69197195
69197195,41.8789462154,-87.6577020084,1302645904.0,69197133,69197264
69197264,41.8789371756,-87.6579650026,1302645906.0,69197195,69197335
69197335,41.8789261402,-87.6582310034,1302645908.0,69197264,69197400
69197400,41.8789181236,-87.6584860034,1302645910.0,69197335,69197507
69197507,41.8789020683,-87.6588010002,1302645913.0,69197400,69197653
69197653,41.8788960566,-87.6590990007,1302645917.0,69197507,69197939
69197939,41.8788930574,-87.6593450021,1302645925.0,69197653,69198111
69198111,41.8788960855,-87.6596800035,1302645930.0,69197939,69198218
69198218,41.8789011517,-87.6600260079,1302645933.0,69198111,69198295
69198295,41.8788931391,-87.6602810046,1302645935.0,69198218,69198370
69198370,41.8788911595,-87.6605420054,1302645937.0,69198295,69198437
69198437,41.8788901836,-87.660795006,1302645939.0,69198370,69198536
69198536,41.8788923122,-87.6611170124,1302645942.0,69198437,69198686
69198686,41.8789043732,-87.6613650166,1302645946.0,69198536,69199341
69199341,41.8788520868,-87.6616440019,1302645964.0,69198686,69199453
69199453,41.8788470911,-87.6619250043,1302645967.0,69199341,69199571
69199571,41.878838084,-87.6622760025,1302645970.0,69199453,69199643
69199643,41.8788300738,-87.6625250019,1302645972.0,69199571,69199720
69199720,41.8788240681,-87.6627840016,1302645974.0,69199643,69199789
69199789,41.8788190634,-87.6630440005,1302645976.0,69199720,69199860
69199860,41.8788120667,-87.6632960008,1302645978.0,69199789,69199961
69199961,41.8788060467,-87.6636310011,1302645981.0,69199860,69200074
69200074,41.8788010451,-87.6638890014,1302645984.0,69199961,69200229
69200229,41.8787970445,-87.6641310014,1302645988.0,69200074,69200460
69200460,41.8787940568,-87.6644500035,1302645996.0,69200229,69200547
69200547,41.8787860582,-87.6647680021,1302645999.0,69200460,69200610
69200610,41.8787830689,-87.6650200038,1302646001.0,69200547,69200669
69200669,41.8787830934,-87.6652760038,1302646003.0,69200610,69200732
69200732,41.8787791053,-87.6655300056,1302646005.0,69200669,69200795
69200795,41.8787731107,-87.6657760038,1302646007.0,69200732,69200902
69200902,41.8787670972,-87.6660690003,1302646010.0,69200795,69201478
69201478,41.8787701327,-87.6663250061,1302646027.0,69200902,69201663
69201663,41.878765318,-87.6666202531,1302646032.0,69201478,69201831
69201831,41.878629017,-87.666779859,1302646037.0,69201663,69201972
69201972,41.878398975,-87.6667639051,1302646041.0,69201831,69202084
69202084,41.8781369775,-87.6667598614,1302646044.0,69201972,69202155
69202155,41.8779519875,-87.6667548579,1302646046.0,69202084,69202216
69202216,41.8777699938,-87.666751851,1302646048.0,69202155,69202324
69202324,41.8775129936,-87.6667468929,1302646051.0,69202216,69202437
69202437,41.8773229929,-87.6667449113,1302646054.0,69202324,None
