52248110,41.8657980657,-87.6469732248,1303774822.0,None,52248404
52248404,41.8655952602,-87.6469402346,1303774839.0,52248110,52248496
52248496,41.8653880867,-87.6469337898,1303774844.0,52248404,52248593
52248593,41.8652010528,-87.6469201647,1303774849.0,52248496,52248792
52248792,41.8650030433,-87.6468944595,1303774859.0,52248593,52248892
52248892,41.8647891883,-87.6468926981,1303774864.0,52248792,52248994
52248994,41.8645811763,-87.6468870071,1303774869.0,52248892,52249102
52249102,41.8643540341,-87.6468800103,1303774874.0,52248994,52249172
52249172,41.8641260196,-87.6468725196,1303774878.0,52249102,52249217
52249217,41.863924084,-87.6468673058,1303774881.0,52249172,52249269
52249269,41.8637001301,-87.6468631169,1303774884.0,52249217,52249304
52249304,41.8634650997,-87.6468579235,1303774887.0,52249269,52249350
52249350,41.8632311132,-87.6468499845,1303774890.0,52249304,52249404
52249404,41.863005098,-87.6468487389,1303774893.0,52249350,52249472
52249472,41.8627960658,-87.6468519991,1303774896.0,52249404,52249567
52249567,41.8626068678,-87.6468472924,1303774900.0,52249472,52249995
52249995,41.8624214994,-87.6468467001,1303774919.0,52249567,52250110
52250110,41.8623362147,-87.6471159775,1303774924.0,52249995,52250192
52250192,41.8623449224,-87.6473659237,1303774927.0,52250110,52250267
52250267,41.8623449126,-87.6476440003,1303774930.0,52250192,52250343
52250343,41.8623444718,-87.6479270637,1303774933.0,52250267,52250410
52250410,41.8623440379,-87.6482200795,1303774936.0,52250343,52250488
52250488,41.8623422991,-87.6485739947,1303774940.0,52250410,52250652
52250652,41.8623402892,-87.648822029,1303774946.0,52250488,52250780
52250780,41.8623363971,-87.6491339952,1303774951.0,52250652,52250857
52250857,41.862334191,-87.6493889468,1303774954.0,52250780,52250941
52250941,41.8623319232,-87.6496609833,1303774957.0,52250857,52251021
52251021,41.8623277151,-87.6499409417,1303774960.0,52250941,52251103
52251103,41.8623255226,-87.6501989769,1303774963.0,52251021,52251209
52251209,41.862324106,-87.6505168895,1303774967.0,52251103,52251321
52251321,41.8623243061,-87.6507687548,1303774971.0,52251209,52251502
52251502,41.8624495151,-87.6509455739,1303774978.0,52251321,52251615
52251615,41.8626370886,-87.6509284548,1303774982.0,52251502,52251743
52251743,41.862858132,-87.6509310543,1303774986.0,52251615,52251851
52251851,41.8630831889,-87.6509359433,1303774990.0,52251743,52251956
52251956,41.8632790757,-87.6509402278,1303774994.0,52251851,52252178
52252178,41.8634651281,-87.6509427466,1303775001.0,52251956,52252299
52252299,41.863656553,-87.6509540035,1303775005.0,52252178,52252406
52252406,41.8638881123,-87.6509621157,1303775009.0,52252299,52252530
52252530,41.8641181184,-87.6509742014,1303775013.0,52252406,52252663
52252663,41.8643260811,-87.6509782382,1303775017.0,52252530,52252841
52252841,41.8645170703,-87.6509762961,1303775023.0,52252663,52252996
52252996,41.8647301571,-87.650986906,1303775028.0,52252841,52253118
52253118,41.8649730698,-87.6509923609,1303775032.0,52252996,52253216
52253216,41.8651730995,-87.6509992751,1303775035.0,52253118,52253305
52253305,41.8653751078,-87.6510053426,1303775038.0,52253216,52253392
52253392,41.8655751173,-87.6510114061,1303775041.0,52253305,52253488
52253488,41.865768105,-87.6510148924,1303775044.0,52253392,52253588
52253588,41.8659500963,-87.6510191383,1303775047.0,52253488,52253714
52253714,41.8661690834,-87.6510262349,1303775051.0,52253588,52254459
52254459,41.8663631442,-87.6510416222,1303775074.0,52253714,52254621
52254621,41.8665852065,-87.651058712,1303775079.0,52254459,52254761
52254761,41.866778146,-87.6510676245,1303775083.0,52254621,52254889
52254889,41.8669834593,-87.6512318822,1303775087.0,52254761,52254960
52254960,41.8670529794,-87.6514810062,1303775090.0,52254889,52254971
52254971,41.8670854023,-87.6517706235,1303775093.0,52254960,52254987
52254987,41.8670971588,-87.6520854513,1303775096.0,52254971,52255006
52255006,41.8671031886,-87.6524134966,1303775099.0,52254987,52255028
52255028,41.8671014563,-87.6527465048,1303775102.0,52255006,52255052
52255052,41.8671004742,-87.6530864763,1303775105.0,52255028,52255079
52255079,41.8671005245,-87.6534355915,1303775108.0,52255052,52255108
52255108,41.8670972744,-87.6537766604,1303775111.0,52255079,52255138
52255138,41.8670943258,-87.6541214693,1303775114.0,52255108,52255171
52255171,41.8670865929,-87.6544665962,1303775117.0,52255138,52255205
52255205,41.8670740997,-87.6548038259,1303775120.0,52255171,52255241
52255241,41.8670717671,-87.65515457,1303775123.0,52255205,52255278
52255278,41.8670736058,-87.655502408,1303775126.0,52255241,52255317
52255317,41.8670706251,-87.6558293353,1303775129.0,52255278,52255357
52255357,41.8670701675,-87.6561401991,1303775132.0,52255317,52255399
52255399,41.8670708894,-87.6564270759,1303775135.0,52255357,52255471
52255471,41.8671369671,-87.6566717961,1303775140.0,52255399,52255541
52255541,41.8673580242,-87.6566854864,1303775145.0,52255471,52255589
52255589,41.8675441519,-87.656701185,1303775148.0,52255541,52255636
52255636,41.867751048,-87.6567126647,1303775151.0,52255589,52255685
52255685,41.86797303,-87.6567176766,1303775154.0,52255636,52255736
52255736,41.868199022,-87.6567219476,1303775157.0,52255685,52255786
52255786,41.8684100035,-87.6567284022,1303775160.0,52255736,52255840
52255840,41.868607024,-87.6567385532,1303775163.0,52255786,52255912
52255912,41.8688279853,-87.6567428151,1303775167.0,52255840,52256000
52256000,41.8690310194,-87.6567318773,1303775172.0,52255912,52256078
52256078,41.8692150258,-87.6567261237,1303775176.0,52256000,52256154
52256154,41.8694575516,-87.6567309398,1303775180.0,52256078,52256209
52256209,41.8696649118,-87.6567420394,1303775183.0,52256154,52256270
52256270,41.8698849805,-87.6567574717,1303775186.0,52256209,52256330
52256330,41.8701120077,-87.6567660488,1303775189.0,52256270,52256391
52256391,41.8703489555,-87.6567690886,1303775192.0,52256330,52256452
52256452,41.8705939125,-87.6567709266,1303775195.0,52256391,52256511
52256511,41.8708379044,-87.6567795927,1303775198.0,52256452,52256566
52256566,41.87107988,-87.6567858557,1303775201.0,52256511,52256626
52256626,41.8713319891,-87.6568004809,1303775204.0,52256566,52256695
52256695,41.8715640251,-87.6568050369,1303775207.0,52256626,52256752
52256752,41.8717491352,-87.6567947032,1303775210.0,52256695,52256865
52256865,41.8719423852,-87.6567788764,1303775217.0,52256752,52256970
52256970,41.8721724072,-87.6567644052,1303775222.0,52256865,52257038
52257038,41.8723683979,-87.6567483087,1303775225.0,52256970,52257109
52257109,41.8725834008,-87.6567380753,1303775228.0,52257038,52257180
52257180,41.8727896043,-87.6567165883,1303775231.0,52257109,52257245
52257245,41.8729868051,-87.6566949043,1303775234.0,52257180,52257312
52257312,41.8731724802,-87.656695501,1303775237.0,52257245,52257409
52257409,41.8733780614,-87.6566974447,1303775241.0,52257312,52257978
52257978,41.8735820124,-87.6567258179,1303775264.0,52257409,52258108
52258108,41.8738009058,-87.6566950097,1303775269.0,52257978,52258208
52258208,41.8739020195,-87.6564791302,1303775273.0,52258108,52258320
52258320,41.8740021008,-87.6562309756,1303775277.0,52258208,52258430
52258430,41.8740988871,-87.6559561314,1303775281.0,52258320,52258503
52258503,41.87410925,-87.6556751168,1303775284.0,52258430,52258586
52258586,41.8741321767,-87.6553711577,1303775287.0,52258503,52258666
52258666,41.8741451215,-87.655072203,1303775290.0,52258586,52258748
52258748,41.8741558618,-87.654770204,1303775293.0,52258666,52258834
52258834,41.8741655567,-87.6544672424,1303775296.0,52258748,52258920
52258920,41.8741895546,-87.6541762936,1303775299.0,52258834,52259013
52259013,41.8742162188,-87.6538914338,1303775302.0,52258920,52259094
52259094,41.8742350453,-87.6536084645,1303775305.0,52259013,52259169
52259169,41.8742369451,-87.6533115034,1303775308.0,52259094,52259254
52259254,41.8742354398,-87.6530053499,1303775311.0,52259169,52259344
52259344,41.8742447115,-87.6527252174,1303775314.0,52259254,52259425
52259425,41.8742539082,-87.6524791121,1303775317.0,52259344,52259542
52259542,41.87426432,-87.6522363731,1303775321.0,52259425,52260281
52260281,41.8742868706,-87.6519962826,1303775346.0,52259542,None
