8696988,41.8671528215,-87.6509285585,1301855475.0,None,8697908
8697908,41.8673104671,-87.6510709227,1301855503.0,8696988,8698012
8698012,41.8675121242,-87.6510582023,1301855506.0,8697908,8698113
8698113,41.8677643411,-87.6510765089,1301855509.0,8698012,8698185
8698185,41.8679572913,-87.6510864646,1301855511.0,8698113,8698261
8698261,41.8681642967,-87.6510859752,1301855513.0,8698185,8698326
8698326,41.8683722791,-87.6510948618,1301855515.0,8698261,8698391
8698391,41.8685842695,-87.6511028205,1301855517.0,8698326,8698462
8698462,41.8687973243,-87.6511036415,1301855519.0,8698391,8698532
8698532,41.8690025684,-87.6511048874,1301855521.0,8698462,8698607
8698607,41.8691868684,-87.6511130428,1301855523.0,8698532,8698712
8698712,41.8694065354,-87.6511398114,1301855526.0,8698607,8698849
8698849,41.8695223545,-87.651362874,1301855530.0,8698712,8698957
8698957,41.8695249367,-87.6516450698,1301855533.0,8698849,8699065
8699065,41.8695091684,-87.6519810759,1301855536.0,8698957,8699144
8699144,41.8695002386,-87.6522430599,1301855538.0,8699065,8699215
8699215,41.8694941138,-87.6525110566,1301855540.0,8699144,8699291
8699291,41.8694889988,-87.6527830044,1301855542.0,8699215,8699365
8699365,41.8694761062,-87.6530350477,1301855544.0,8699291,8699467
8699467,41.8694699501,-87.6533740352,1301855547.0,8699365,8699572
8699572,41.8694673492,-87.6536610211,1301855550.0,8699467,8699681
8699681,41.8694624597,-87.6539119716,1301855553.0,8699572,8699907
8699907,41.8694611517,-87.654157993,1301855559.0,8699681,8700136
8700136,41.8694633204,-87.6544849747,1301855565.0,8699907,8700248
8700248,41.8694752469,-87.6547949107,1301855568.0,8700136,8700353
8700353,41.8694850425,-87.6551399598,1301855571.0,8700248,8700463
8700463,41.8694764042,-87.6555019308,1301855574.0,8700353,8700536
8700536,41.8694819297,-87.6557438754,1301855576.0,8700463,8700639
8700639,41.8694927498,-87.6560409087,1301855579.0,8700536,8701409
8701409,41.8695780846,-87.6562620294,1301855600.0,8700639,8702030
8702030,41.8695316556,-87.6565349168,1301855617.0,8701409,8702143
8702143,41.869528943,-87.6567940025,1301855620.0,8702030,8702248
8702248,41.8695173074,-87.6571470049,1301855623.0,8702143,8702316
8702316,41.8695084165,-87.6576810149,1301855627.0,8702248,8702378
8702378,41.8695084726,-87.6579679959,1301855629.0,8702316,8702453
8702453,41.869509542,-87.6582769551,1301855631.0,8702378,8702530
8702530,41.8694996027,-87.6585809306,1301855633.0,8702453,8702606
8702606,41.8694763827,-87.6588868987,1301855635.0,8702530,8702684
8702684,41.8694703099,-87.6591849371,1301855637.0,8702606,8702759
8702759,41.8694622717,-87.6594879512,1301855639.0,8702684,8702834
8702834,41.8694532559,-87.659777966,1301855641.0,8702759,8702901
8702901,41.8694462385,-87.660045941,1301855643.0,8702834,8702975
8702975,41.8694294616,-87.6603089396,1301855645.0,8702901,8703051
8703051,41.869417703,-87.6605569899,1301855647.0,8702975,8703154
8703154,41.8694098934,-87.6609020785,1301855650.0,8703051,8703266
8703266,41.8693997139,-87.6611651668,1301855653.0,8703154,8703383
8703383,41.8693825662,-87.6614401689,1301855657.0,8703266,8703493
8703493,41.8693814207,-87.6616901137,1301855660.0,8703383,8703604
8703604,41.8693844985,-87.6619988467,1301855663.0,8703493,8703718
8703718,41.8693915203,-87.6623428623,1301855666.0,8703604,8703815
8703815,41.8694118983,-87.6626759627,1301855669.0,8703718,8703912
8703912,41.8694406152,-87.6629999959,1301855672.0,8703815,8704017
8704017,41.8694487193,-87.6632930251,1301855675.0,8703912,8704133
8704133,41.8694446931,-87.6635520153,1301855678.0,8704017,8704360
8704360,41.869441339,-87.6637950683,1301855684.0,8704133,8704512
8704512,41.8694449814,-87.6640841209,1301855688.0,8704360,8704617
8704617,41.8694562917,-87.6643509596,1301855691.0,8704512,8704722
8704722,41.8694797585,-87.664634944,1301855694.0,8704617,8704830
8704830,41.8695048923,-87.6649089549,1301855697.0,8704722,8704926
8704926,41.8695159998,-87.6652159541,1301855700.0,8704830,8705036
8705036,41.8694958383,-87.6655530711,1301855703.0,8704926,8705153
8705153,41.8694866576,-87.6658799926,1301855706.0,8705036,8705265
8705265,41.8694642591,-87.6662161235,1301855709.0,8705153,8705373
8705373,41.8694390133,-87.6665810059,1301855712.0,8705265,8705443
8705443,41.8694248843,-87.6668398321,1301855714.0,8705373,8705511
8705511,41.869424213,-87.6671059334,1301855716.0,8705443,8705585
8705585,41.8694274258,-87.6673889669,1301855718.0,8705511,8705654
8705654,41.8694487008,-87.6676480632,1301855720.0,8705585,8705723
8705723,41.8694637298,-87.6678989568,1301855722.0,8705654,8705829
8705829,41.8694566744,-87.6682179692,1301855725.0,8705723,8705975
8705975,41.8693920058,-87.6684539732,1301855729.0,8705829,8706187
8706187,41.8693461245,-87.6687138129,1301855735.0,8705975,8706288
8706288,41.8693115654,-87.669058336,1301855739.0,8706187,8706372
8706372,41.8692942994,-87.6694138717,1301855742.0,8706288,8706433
8706433,41.8693279014,-87.6696624548,1301855744.0,8706372,8706503
8706503,41.8693411796,-87.6699157513,1301855746.0,8706433,8706568
8706568,41.8693346384,-87.6701749253,1301855748.0,8706503,8706668
8706668,41.869334303,-87.6705160021,1301855751.0,8706568,8706752
8706752,41.8693208342,-87.6707931298,1301855754.0,8706668,8706900
8706900,41.8693090696,-87.6710867501,1301855758.0,8706752,8707100
8707100,41.8692527291,-87.6713481359,1301855764.0,8706900,8707210
8707210,41.8690273561,-87.671527231,1301855767.0,8707100,8707284
8707284,41.8688400924,-87.6716398244,1301855769.0,8707210,8707354
8707354,41.8686580757,-87.671793047,1301855771.0,8707284,8707458
8707458,41.868675007,-87.6721239963,1301855774.0,8707354,8707536
8707536,41.8686549709,-87.6723740141,1301855776.0,8707458,8707638
8707638,41.8686629848,-87.672729014,1301855779.0,8707536,8707747
8707747,41.8687170795,-87.6729949407,1301855782.0,8707638,8707858
8707858,41.8688821354,-87.6731799674,1301855785.0,8707747,8708002
8708002,41.8688980803,-87.6734459222,1301855789.0,8707858,8708110
8708110,41.86892104,-87.6738009879,1301855792.0,8708002,8708180
8708180,41.868933002,-87.6740819996,1301855794.0,8708110,8708247
8708247,41.8689732308,-87.6743860007,1301855796.0,8708180,8708312
8708312,41.868990485,-87.6746680052,1301855798.0,8708247,8708386
8708386,41.8690172135,-87.6749420172,1301855800.0,8708312,8708459
8708459,41.869089007,-87.6752350746,1301855802.0,8708386,8708535
8708535,41.8691029052,-87.6755238383,1301855804.0,8708459,8708606
8708606,41.8690986609,-87.675811875,1301855806.0,8708535,8708680
8708680,41.8691026993,-87.6761109869,1301855808.0,8708606,8708754
8708754,41.8690951225,-87.6764143563,1301855810.0,8708680,8708828
8708828,41.8690894565,-87.6767182731,1301855812.0,8708754,8708895
8708895,41.8690783897,-87.6770221734,1301855814.0,8708828,8708963
8708963,41.8690714064,-87.6773091532,1301855816.0,8708895,8709034
8709034,41.8690713493,-87.6775871365,1301855818.0,8708963,8709108
8709108,41.8690683436,-87.6778711373,1301855820.0,8709034,8709180
8709180,41.8690633318,-87.6781551469,1301855822.0,8709108,8709251
8709251,41.869055323,-87.6784291649,1301855824.0,8709180,8709329
8709329,41.8690431756,-87.6786911562,1301855826.0,8709251,8709404
8709404,41.8690171196,-87.6789680957,1301855828.0,8709329,8709475
8709475,41.8690046679,-87.6792400953,1301855830.0,8709404,8709548
8709548,41.8690017166,-87.6795130701,1301855832.0,8709475,8709618
8709618,41.8690017768,-87.6797770244,1301855834.0,8709548,8709686
8709686,41.8690018568,-87.6800299814,1301855836.0,8709618,8709794
8709794,41.8690114585,-87.6803630347,1301855839.0,8709686,8710248
8710248,41.8690107429,-87.6806099961,1301855852.0,8709794,8710537
8710537,41.8690196521,-87.6808550943,1301855860.0,8710248,8710637
8710637,41.8690297807,-87.6811363018,1301855863.0,8710537,8710740
8710740,41.8690467729,-87.6814814149,1301855866.0,8710637,8710816
8710816,41.8690434366,-87.6817273899,1301855868.0,8710740,8710889
8710889,41.8690415245,-87.6819742972,1301855870.0,8710816,8710955
8710955,41.8690415219,-87.6822212088,1301855872.0,8710889,8711026
8711026,41.8690406123,-87.682465161,1301855874.0,8710955,8711128
8711128,41.8690319844,-87.6828141025,1301855877.0,8711026,8711240
8711240,41.86902297,-87.6831120326,1301855880.0,8711128,8711794
8711794,41.8690178692,-87.6833611342,1301855896.0,8711240,8711987
8711987,41.8690149588,-87.6836044422,1301855902.0,8711794,8712095
8712095,41.8690074192,-87.6838570595,1301855905.0,8711987,8712201
8712201,41.8690113694,-87.6841799405,1301855908.0,8712095,8712303
8712303,41.8690419819,-87.6844668527,1301855911.0,8712201,8712546
8712546,41.8690433362,-87.6847328206,1301855918.0,8712303,8712691
8712691,41.8690183533,-87.6850068119,1301855922.0,8712546,8712836
8712836,41.8690269654,-87.6853099588,1301855926.0,8712691,8712967
8712967,41.8690467445,-87.6856080759,1301855930.0,8712836,8713200
8713200,41.8691375822,-87.6858238555,1301855937.0,8712967,8713348
8713348,41.8693487917,-87.6858827542,1301855941.0,8713200,8713454
8713454,41.8695738521,-87.6859304648,1301855944.0,8713348,8713569
8713569,41.8698317908,-87.6859725064,1301855947.0,8713454,8713633
8713633,41.8700148025,-87.6859862737,1301855949.0,8713569,8713703
8713703,41.870200859,-87.685977922,1301855951.0,8713633,8713773
8713773,41.8703848721,-87.685984036,1301855953.0,8713703,8713844
8713844,41.8705668692,-87.6859882352,1301855955.0,8713773,8713918
8713918,41.8707518899,-87.686000251,1301855957.0,8713844,8713996
8713996,41.8709407964,-87.6860078296,1301855959.0,8713918,8714067
8714067,41.8711347603,-87.6860188206,1301855961.0,8713996,8714143
8714143,41.8713247018,-87.6860327188,1301855963.0,8714067,8714213
8714213,41.871522673,-87.68604735,1301855965.0,8714143,8714279
8714279,41.8717447279,-87.6860594729,1301855967.0,8714213,8714346
8714346,41.871977863,-87.6860317181,1301855969.0,8714279,8714416
8714416,41.872194909,-87.6860343059,1301855971.0,8714346,8714491
8714491,41.8723949461,-87.6860245321,1301855973.0,8714416,8714564
8714564,41.8725799609,-87.686014142,1301855975.0,8714491,8714636
8714636,41.8727649527,-87.6860105179,1301855977.0,8714564,8714745
8714745,41.8730279451,-87.686003583,1301855980.0,8714636,8714852
8714852,41.873253944,-87.6860270461,1301855983.0,8714745,8714980
8714980,41.8734379552,-87.686068826,1301855989.0,8714852,8715072
8715072,41.8736233264,-87.6860892879,1301856004.0,8714980,8715138
8715138,41.8737868628,-87.6859536641,1301856011.0,8715072,8715180
8715180,41.8737823256,-87.6856701447,1301856015.0,8715138,8715213
8715213,41.8737872716,-87.6853691265,1301856018.0,8715180,8715249
8715249,41.8737879457,-87.6850080699,1301856021.0,8715213,8715273
8715273,41.8737866234,-87.6847380685,1301856023.0,8715249,8715298
8715298,41.8737832304,-87.6844430297,1301856025.0,8715273,8715324
8715324,41.8737924566,-87.6841310142,1301856027.0,8715298,8715350
8715350,41.8738110388,-87.6837991376,1301856029.0,8715324,8715377
8715377,41.8738138446,-87.6834841245,1301856031.0,8715350,8715405
8715405,41.8738156077,-87.6831591072,1301856033.0,8715377,8715433
8715433,41.8738058006,-87.6828510558,1301856035.0,8715405,8715461
8715461,41.8737942055,-87.6825480258,1301856037.0,8715433,8715491
8715491,41.8737961931,-87.682260013,1301856039.0,8715461,8715521
8715521,41.8738044244,-87.6819930166,1301856041.0,8715491,8715566
8715566,41.8738178981,-87.6817030223,1301856044.0,8715521,8715662
8715662,41.8738668731,-87.6814052422,1301856050.0,8715566,8715711
8715711,41.873889075,-87.6811323409,1301856053.0,8715662,8715762
8715762,41.8739133261,-87.6807913241,1301856056.0,8715711,8715796
8715796,41.8739119206,-87.6805372817,1301856058.0,8715762,8715829
8715829,41.873904953,-87.6802722017,1301856060.0,8715796,8715866
8715866,41.8739122798,-87.6800131884,1301856062.0,8715829,8715902
8715902,41.8739217097,-87.6797631718,1301856064.0,8715866,8715938
8715938,41.8739289809,-87.679506153,1301856066.0,8715902,8715973
8715973,41.8739298189,-87.6792421607,1301856068.0,8715938,8716010
8716010,41.8739370055,-87.6789711971,1301856070.0,8715973,8716048
8716048,41.8739452287,-87.678696216,1301856072.0,8716010,8716086
8716086,41.8739492359,-87.6784201923,1301856074.0,8716048,8716123
8716123,41.8739521498,-87.6781411865,1301856076.0,8716086,8716161
8716161,41.8739643296,-87.6778711778,1301856078.0,8716123,8716201
8716201,41.8739713788,-87.6776161538,1301856080.0,8716161,8716257
8716257,41.8739824652,-87.6772749256,1301856083.0,8716201,8716318
8716318,41.8739733325,-87.6770002691,1301856086.0,8716257,8716440
8716440,41.8739601943,-87.6767520735,1301856092.0,8716318,8716976
8716976,41.8738248855,-87.6765591584,1301856117.0,8716440,8717040
8717040,41.8736366865,-87.6765430863,1301856120.0,8716976,8717104
8717104,41.8733614945,-87.6765290557,1301856123.0,8717040,8717154
8717154,41.8731354081,-87.6765180835,1301856125.0,8717104,8717200
8717200,41.8729043863,-87.6765037871,1301856127.0,8717154,8717249
8717249,41.8726833822,-87.6764862501,1301856129.0,8717200,8717296
8717296,41.8724683817,-87.6764722453,1301856131.0,8717249,8717343
8717343,41.8722526426,-87.6764554388,1301856133.0,8717296,8717389
8717389,41.8720368263,-87.6764336565,1301856135.0,8717343,8717438
8717438,41.8718305381,-87.6764107018,1301856137.0,8717389,8717485
8717485,41.871650844,-87.6763938359,1301856139.0,8717438,8717562
8717562,41.8714659979,-87.6763431352,1301856142.0,8717485,8717655
8717655,41.8713893508,-87.6761040846,1301856146.0,8717562,8717732
8717732,41.8714142514,-87.6758563328,1301856149.0,8717655,8717805
8717805,41.8714081999,-87.6756021116,1301856152.0,8717732,8717984
8717984,41.8713648828,-87.6753530668,1301856159.0,8717805,8718541
8718541,41.8713340844,-87.6751111507,1301856180.0,8717984,8718678
8718678,41.8713913726,-87.6748525886,1301856185.0,8718541,8718791
8718791,41.871459283,-87.6745345678,1301856189.0,8718678,8718867
8718867,41.8714846475,-87.6742642818,1301856192.0,8718791,8719012
8719012,41.8715086311,-87.673954306,1301856198.0,8718867,8719166
8719166,41.8715613038,-87.6736424948,1301856203.0,8719012,8719250
8719250,41.871561274,-87.6733148922,1301856206.0,8719166,8719305
8719305,41.8715491119,-87.6730599482,1301856208.0,8719250,8719361
8719361,41.871540757,-87.6728128621,1301856210.0,8719305,8719430
8719430,41.8715474948,-87.6724579382,1301856213.0,8719361,8719518
8719518,41.8715565105,-87.6721358431,1301856216.0,8719430,8719614
8719614,41.8715520893,-87.6718798788,1301856219.0,8719518,8719853
8719853,41.8714992063,-87.6716400564,1301856227.0,8719614,8720218
8720218,41.871496928,-87.6713283001,1301856239.0,8719853,8720305
8720305,41.8715202026,-87.6710712697,1301856242.0,8720218,8720427
8720427,41.8715650181,-87.6707629494,1301856246.0,8720305,8720549
8720549,41.8715751312,-87.6705159482,1301856250.0,8720427,8720792
8720792,41.8715904357,-87.6702567955,1301856259.0,8720549,8720970
8720970,41.871548834,-87.6700049395,1301856266.0,8720792,8721145
8721145,41.8716427279,-87.6697702392,1301856273.0,8720970,8721342
8721342,41.8716139966,-87.6695123181,1301856280.0,8721145,8721469
8721469,41.8714369681,-87.669434604,1301856284.0,8721342,8721564
8721564,41.8712492639,-87.6693975141,1301856287.0,8721469,8721663
8721663,41.8709981017,-87.6693762053,1301856290.0,8721564,8721728
8721728,41.8708020995,-87.6693389579,1301856292.0,8721663,8721792
8721792,41.8705951197,-87.6693033866,1301856294.0,8721728,8721855
8721855,41.8703910995,-87.6692798971,1301856296.0,8721792,8721922
8721922,41.870201052,-87.6692636318,1301856298.0,8721855,8721992
8721992,41.8700170844,-87.6692347173,1301856300.0,8721922,8722084
8722084,41.8697860676,-87.6691808094,1301856303.0,8721992,8722256
8722256,41.8695920451,-87.6690898519,1301856308.0,8722084,8722476
8722476,41.8694065134,-87.6689769155,1301856315.0,8722256,8722599
8722599,41.8693271288,-87.6687197017,1301856319.0,8722476,8722708
8722708,41.8692914052,-87.6684577482,1301856322.0,8722599,8722820
8722820,41.8692887358,-87.6681229616,1301856325.0,8722708,8722928
8722928,41.8692541649,-87.6677799112,1301856328.0,8722820,8723024
8723024,41.8692550202,-87.6674658349,1301856331.0,8722928,8723153
8723153,41.8692441798,-87.6671667389,1301856335.0,8723024,None
