114366822,41.8678511068,-87.6470616759,1303774215.0,None,114366852
114366852,41.8676312167,-87.647100095,1303774230.0,114366822,114366860
114366860,41.8674111267,-87.6471432033,1303774234.0,114366852,114366876
114366876,41.8672368471,-87.6472644917,1303774242.0,114366860,114366882
114366882,41.8672268259,-87.6475159186,1303774245.0,114366876,114366886
114366886,41.8672256095,-87.647766962,1303774247.0,114366882,114366890
114366890,41.8672200352,-87.6480639208,1303774249.0,114366886,114366894
114366894,41.8672140704,-87.6483778981,1303774251.0,114366890,114366898
114366898,41.8672082541,-87.6486798366,1303774253.0,114366894,114366902
114366902,41.8671987799,-87.6489458651,1303774255.0,114366898,114366908
114366908,41.8671824041,-87.6491870525,1303774258.0,114366902,114366944
114366944,41.8671712614,-87.649473095,1303774276.0,114366908,114366950
114366950,41.8671679338,-87.6498131264,1303774279.0,114366944,114366954
114366954,41.8671639232,-87.6500850913,1303774281.0,114366950,114366958
114366958,41.8671587125,-87.6503550694,1303774283.0,114366954,114366964
114366964,41.86715222,-87.6506710051,1303774286.0,114366958,114366974
114366974,41.8671583092,-87.6509132204,1303774291.0,114366964,114367000
114367000,41.8671591768,-87.6511863866,1303774304.0,114366974,114367006
114367006,41.8671593725,-87.6515235594,1303774307.0,114367000,114367010
114367010,41.8671552617,-87.6518242223,1303774309.0,114367006,114367014
114367014,41.8671510774,-87.6521379017,1303774311.0,114367010,114367018
114367018,41.8671450055,-87.6524289319,1303774313.0,114367014,114367022
114367022,41.8671371206,-87.6526750768,1303774315.0,114367018,114367028
114367028,41.8671280569,-87.652938156,1303774318.0,114367022,114367063
114367063,41.8671283761,-87.6531870369,1303774336.0,114367028,114367069
114367069,41.867126526,-87.6534760035,1303774339.0,114367063,114367073
114367073,41.8671208026,-87.6537340648,1303774341.0,114367069,114367077
114367077,41.8671141256,-87.6540360164,1303774343.0,114367073,114367081
114367081,41.8671075221,-87.6543820835,1303774345.0,114367077,114367085
114367085,41.8670996371,-87.6547590714,1303774347.0,114367081,114367089
114367089,41.8670909007,-87.6551630646,1303774349.0,114367085,114367093
114367093,41.8670829845,-87.6555841263,1303774351.0,114367089,114367097
114367097,41.8670731847,-87.6559911831,1303774353.0,114367093,114367101
114367101,41.8670661023,-87.6563821926,1303774355.0,114367097,114367105
114367105,41.8670596653,-87.6567810158,1303774357.0,114367101,114367109
114367109,41.8670543542,-87.6571851903,1303774359.0,114367105,114367113
114367113,41.8670486275,-87.6576072267,1303774361.0,114367109,114367117
114367117,41.8670439396,-87.6580501369,1303774363.0,114367113,114367121
114367121,41.8670369838,-87.6585071481,1303774365.0,114367117,114367125
114367125,41.8670301581,-87.658961131,1303774367.0,114367121,114367129
114367129,41.8670230126,-87.659403123,1303774369.0,114367125,114367133
114367133,41.8670159543,-87.659836084,1303774371.0,114367129,114367137
114367137,41.8670081478,-87.660255119,1303774373.0,114367133,114367141
114367141,41.8670011166,-87.6606621074,1303774375.0,114367137,114367145
114367145,41.8669965056,-87.6610561336,1303774377.0,114367141,114367149
114367149,41.8669932218,-87.6614421179,1303774379.0,114367145,114367153
114367153,41.8669874799,-87.6618231263,1303774381.0,114367149,114367157
114367157,41.8669820797,-87.6622050617,1303774383.0,114367153,114367161
114367161,41.8669764635,-87.6625910948,1303774385.0,114367157,114367165
114367165,41.8669711913,-87.6629760839,1303774387.0,114367161,114367169
114367169,41.8669630044,-87.6633501382,1303774389.0,114367165,114367173
114367173,41.8669560054,-87.6637181368,1303774391.0,114367169,114367177
114367177,41.8669505184,-87.6640971082,1303774393.0,114367173,114367181
114367181,41.8669439908,-87.6644840999,1303774395.0,114367177,114367185
114367185,41.8669388049,-87.6648761362,1303774397.0,114367181,114367189
114367189,41.8669342204,-87.6652671306,1303774399.0,114367185,114367193
114367193,41.866931124,-87.6656551047,1303774401.0,114367189,114367197
114367197,41.8669295513,-87.6660330468,1303774403.0,114367193,114367201
114367201,41.8669286478,-87.6664013708,1303774405.0,114367197,114367205
114367205,41.8669274256,-87.6667680008,1303774407.0,114367201,114367209
114367209,41.8669259208,-87.6671470558,1303774409.0,114367205,114367213
114367213,41.8669271397,-87.6675360025,1303774411.0,114367209,114367217
114367217,41.8669321543,-87.6679199677,1303774413.0,114367213,114367221
114367221,41.8669382685,-87.6682710064,1303774415.0,114367217,114367225
114367225,41.8669413709,-87.6685438482,1303774417.0,114367221,114367233
114367233,41.8669544262,-87.6687877735,1303774421.0,114367225,114367247
114367247,41.8670870168,-87.6689759081,1303774428.0,114367233,114367253
114367253,41.8672770849,-87.6689677982,1303774431.0,114367247,114367256
114367256,41.8674631371,-87.6689637811,1303774433.0,114367253,114367260
114367260,41.8676841518,-87.6689672719,1303774435.0,114367256,114367264
114367264,41.8679351651,-87.6689690358,1303774437.0,114367260,114367268
114367268,41.8681991884,-87.6689754831,1303774439.0,114367264,114367272
114367272,41.8684563065,-87.6689842557,1303774441.0,114367268,114367276
114367276,41.8686942303,-87.6689925866,1303774443.0,114367272,114367280
114367280,41.8688951779,-87.668993059,1303774445.0,114367276,114367286
114367286,41.8691035577,-87.6689908487,1303774448.0,114367280,114367300
114367300,41.8692720405,-87.6691558346,1303774455.0,114367286,114367306
114367306,41.8692848615,-87.6694077274,1303774458.0,114367300,114367312
114367312,41.8692865706,-87.6696687737,1303774461.0,114367306,114367318
114367318,41.8692847412,-87.6699265181,1303774464.0,114367312,114367324
114367324,41.8692689837,-87.6701759207,1303774467.0,114367318,114367330
114367330,41.8692634361,-87.6704379128,1303774470.0,114367324,114367336
114367336,41.8692620255,-87.6707362569,1303774473.0,114367330,114367342
114367342,41.869269301,-87.6710046167,1303774476.0,114367336,114367390
114367390,41.8692541999,-87.671251432,1303774500.0,114367342,114367402
114367402,41.8692405247,-87.671499423,1303774506.0,114367390,114367410
114367410,41.8693643362,-87.671695001,1303774510.0,114367402,114367414
114367414,41.8693887209,-87.6719819453,1303774512.0,114367410,114367418
114367418,41.869373325,-87.6723229421,1303774514.0,114367414,114367422
114367422,41.8693588448,-87.6726441668,1303774516.0,114367418,114367426
114367426,41.8693506893,-87.6729169605,1303774518.0,114367422,114367434
114367434,41.8693296809,-87.6731738654,1303774522.0,114367426,114367462
114367462,41.8692852409,-87.6734253744,1303774536.0,114367434,114367467
114367467,41.8692554498,-87.6737174104,1303774539.0,114367462,114367471
114367471,41.8692494579,-87.6739736765,1303774541.0,114367467,114367475
114367475,41.8692485366,-87.6742579213,1303774543.0,114367471,114367479
114367479,41.869238475,-87.6745619662,1303774545.0,114367475,114367483
114367483,41.8692281962,-87.6748519485,1303774547.0,114367479,114367488
114367488,41.8692048051,-87.6752020723,1303774550.0,114367483,114367543
114367543,41.8691887951,-87.6754753257,1303774578.0,114367488,114367553
114367553,41.8691994678,-87.6757754339,1303774583.0,114367543,114367579
114367579,41.8691788017,-87.6760170039,1303774596.0,114367553,114367585
114367585,41.8691566025,-87.6763251502,1303774599.0,114367579,114367589
114367589,41.8691384939,-87.6765991499,1303774601.0,114367585,114367593
114367593,41.8691251093,-87.6769221122,1303774603.0,114367589,114367597
114367597,41.8691163113,-87.677276063,1303774605.0,114367593,114367601
114367601,41.8691102315,-87.6776390429,1303774607.0,114367597,114367605
114367605,41.8691042036,-87.6780040535,1303774609.0,114367601,114367609
114367609,41.8690989971,-87.6783650959,1303774611.0,114367605,114367613
114367613,41.8690967559,-87.678700084,1303774613.0,114367609,114367617
114367617,41.8690925627,-87.6790040505,1303774615.0,114367613,114367621
114367621,41.8690877284,-87.6792940461,1303774617.0,114367617,114367625
114367625,41.8690837779,-87.679547082,1303774619.0,114367621,114367631
114367631,41.869079119,-87.6798240881,1303774622.0,114367625,114367639
114367639,41.8690813916,-87.6801321691,1303774626.0,114367631,114367645
114367645,41.869090477,-87.680401246,1303774629.0,114367639,114367651
114367651,41.8690930304,-87.6807131141,1303774632.0,114367645,114367657
114367657,41.8690784435,-87.6813021877,1303774637.0,114367651,114367663
114367663,41.8690628105,-87.6816602093,1303774640.0,114367657,114367666
114367666,41.8690444755,-87.6819043105,1303774642.0,114367663,114367670
114367670,41.8690276098,-87.6821473009,1303774644.0,114367666,114367676
114367676,41.8690251568,-87.6824842624,1303774647.0,114367670,114367682
114367682,41.8690252677,-87.682786156,1303774650.0,114367676,114367688
114367688,41.8690247921,-87.6830550275,1303774653.0,114367682,114367696
114367696,41.8690373207,-87.6833340653,1303774657.0,114367688,114367732
114367732,41.8690351124,-87.6836602085,1303774676.0,114367696,114367744
114367744,41.869023085,-87.6839178717,1303774682.0,114367732,114367752
114367752,41.869025443,-87.6841728172,1303774686.0,114367744,114367758
114367758,41.8690254197,-87.6844539733,1303774689.0,114367752,114367764
114367764,41.869017549,-87.6846989804,1303774692.0,114367758,114367776
114367776,41.8690209209,-87.6849418352,1303774698.0,114367764,114367784
114367784,41.8690303089,-87.6852849256,1303774702.0,114367776,114367790
114367790,41.8690253572,-87.6855670442,1303774705.0,114367784,None
