69228423,41.8692361567,-87.6700458128,1302646820.0,None,69228549
69228549,41.869209376,-87.6703200043,1302646829.0,69228423,69228606
69228606,41.8692186002,-87.6705979058,1302646833.0,69228549,69228664
69228664,41.8692207521,-87.6708977073,1302646837.0,69228606,69228759
69228759,41.8692316075,-87.6711539148,1302646843.0,69228664,69229224
69229224,41.8692967792,-87.6713726561,1302646869.0,69228759,69229401
69229401,41.8695067321,-87.6714032409,1302646878.0,69229224,69229485
69229485,41.869751895,-87.6714560625,1302646882.0,69229401,69229544
69229544,41.8699659771,-87.6715012537,1302646885.0,69229485,69229606
69229606,41.8701509413,-87.6715347908,1302646888.0,69229544,69229977
69229977,41.8703578553,-87.671500415,1302646905.0,69229606,69230068
69230068,41.8705760355,-87.6715112489,1302646909.0,69229977,69230135
69230135,41.8707860629,-87.6715254298,1302646912.0,69230068,69230184
69230184,41.8709750185,-87.6715502095,1302646915.0,69230135,69230249
69230249,41.8711630223,-87.6715462549,1302646920.0,69230184,69230475
69230475,41.8713541759,-87.6715178328,1302646931.0,69230249,69230540
69230540,41.8715667727,-87.67151052,1302646934.0,69230475,69230609
69230609,41.8718330013,-87.6715109362,1302646937.0,69230540,69230655
69230655,41.8720230025,-87.6715112173,1302646939.0,69230609,69230708
69230708,41.8722179896,-87.6715095411,1302646941.0,69230655,69230754
69230754,41.872414992,-87.6715048589,1302646943.0,69230708,69230791
69230791,41.8726129886,-87.671507862,1302646945.0,69230754,69230841
69230841,41.8728069882,-87.6715089682,1302646947.0,69230791,69230887
69230887,41.8729949817,-87.6715051647,1302646949.0,69230841,69230959
69230959,41.8732230012,-87.6714864404,1302646952.0,69230887,69231054
69231054,41.8734639905,-87.6714754355,1302646956.0,69230959,69231129
69231129,41.8736479792,-87.6714743799,1302646959.0,69231054,69231233
69231233,41.8738420551,-87.6714550852,1302646963.0,69231129,69231436
69231436,41.8739070699,-87.6712270236,1302646971.0,69231233,69231591
69231591,41.8740712027,-87.671086047,1302646977.0,69231436,69231706
69231706,41.8742889242,-87.6710159583,1302646981.0,69231591,69231811
69231811,41.8744109862,-87.6707999939,1302646985.0,69231706,69231879
69231879,41.8743739032,-87.6704699863,1302646988.0,69231811,69231958
69231958,41.8743358829,-87.6701100135,1302646991.0,69231879,69232015
69232015,41.8743349009,-87.6698650011,1302646993.0,69231958,69232074
69232074,41.8743199003,-87.6696129798,1302646995.0,69232015,69232134
69232134,41.8742396334,-87.6692509503,1302646997.0,69232074,69232189
69232189,41.8742354591,-87.6689768659,1302646999.0,69232134,69232239
69232239,41.8742288475,-87.6687010533,1302647001.0,69232189,69232293
69232293,41.8741948281,-87.668396079,1302647003.0,69232239,69232347
69232347,41.8741652419,-87.6680849389,1302647005.0,69232293,69232403
69232403,41.8741516462,-87.6678197457,1302647007.0,69232347,69232491
69232491,41.8741192349,-87.6675197149,1302647010.0,69232403,69232582
69232582,41.8740593627,-87.6672789367,1302647013.0,69232491,69232810
69232810,41.8740530122,-87.667036956,1302647021.0,69232582,69233422
69233422,41.8741595604,-87.6668005177,1302647042.0,69232810,69233509
69233509,41.8741709047,-87.6665465828,1302647045.0,69233422,69233604
69233604,41.8741812799,-87.6662669892,1302647048.0,69233509,69233695
69233695,41.8741790913,-87.665970814,1302647051.0,69233604,69233789
69233789,41.8741769717,-87.6656288077,1302647054.0,69233695,69233819
69233819,41.8741769491,-87.6653688975,1302647056.0,69233789,69233883
69233883,41.874172041,-87.6650869598,1302647058.0,69233819,69233937
69233937,41.8741642054,-87.6647930323,1302647060.0,69233883,69233982
69233982,41.8741571444,-87.6644940318,1302647062.0,69233937,69233987
69233987,41.8741501672,-87.664193028,1302647064.0,69233982,69233995
69233995,41.8741423349,-87.6638890363,1302647066.0,69233987,69234005
69234005,41.8741363245,-87.6635820276,1302647068.0,69233995,69234017
69234017,41.8741325245,-87.6632759789,1302647070.0,69234005,69234030
69234030,41.8741325101,-87.6629679487,1302647072.0,69234017,69234044
69234044,41.8741331223,-87.6626598946,1302647074.0,69234030,69234060
69234060,41.8741355138,-87.6623509182,1302647076.0,69234044,69234076
69234076,41.8741414155,-87.6620449067,1302647078.0,69234060,69234094
69234094,41.8741507798,-87.6617409049,1302647080.0,69234076,69234112
69234112,41.8741582978,-87.6614358987,1302647082.0,69234094,69234132
69234132,41.8741666478,-87.6611278709,1302647084.0,69234112,69234152
69234152,41.8741723995,-87.6608158662,1302647086.0,69234132,69234173
69234173,41.8741755878,-87.6605018922,1302647088.0,69234152,69234195
69234195,41.8741795518,-87.6601949116,1302647090.0,69234173,69234217
69234217,41.8741835485,-87.6599039173,1302647092.0,69234195,69234241
69234241,41.8741881737,-87.6596239051,1302647094.0,69234217,69234265
69234265,41.874192137,-87.6593438966,1302647096.0,69234241,69234289
69234289,41.8741978198,-87.6590668797,1302647098.0,69234265,69234315
69234315,41.8742009032,-87.6587928706,1302647100.0,69234289,69234341
69234341,41.8742014293,-87.6585248955,1302647102.0,69234315,69234367
69234367,41.8742010646,-87.6582759115,1302647104.0,69234341,69234409
69234409,41.8742136847,-87.6579268959,1302647107.0,69234367,69234451
69234451,41.8742240539,-87.6575899812,1302647110.0,69234409,69234495
69234495,41.8742302956,-87.6572659029,1302647113.0,69234451,69234540
69234540,41.8742375088,-87.6569438042,1302647116.0,69234495,69234586
69234586,41.8742376601,-87.6566083729,1302647119.0,69234540,69234634
69234634,41.874247145,-87.6562698857,1302647122.0,69234586,69234674
69234674,41.8742621815,-87.6559155701,1302647125.0,69234634,69234725
69234725,41.8742692953,-87.6555555162,1302647128.0,69234674,69234760
69234760,41.8742732829,-87.6553105695,1302647130.0,69234725,69234793
69234793,41.8742781951,-87.6550605353,1302647132.0,69234760,69234827
69234827,41.874283881,-87.6548075513,1302647134.0,69234793,69234863
69234863,41.874290355,-87.6545625299,1302647136.0,69234827,69234899
69234899,41.8742950451,-87.6543165939,1302647138.0,69234863,69234934
69234934,41.8742953699,-87.6540645241,1302647140.0,69234899,69234969
69234969,41.8743001277,-87.6538154991,1302647142.0,69234934,69235006
69235006,41.8743056942,-87.653564485,1302647144.0,69234969,69235045
69235045,41.8743124597,-87.653314463,1302647146.0,69235006,69235082
69235082,41.8743155723,-87.6530715652,1302647148.0,69235045,69235138
69235138,41.874316134,-87.652736727,1302647151.0,69235082,69235197
69235197,41.874315898,-87.6524658388,1302647154.0,69235138,69235276
69235276,41.8743171532,-87.6522105958,1302647158.0,69235197,69235798
69235798,41.8743222342,-87.6519654093,1302647183.0,69235276,69235887
69235887,41.8743284636,-87.6517004219,1302647187.0,69235798,69235932
69235932,41.8743355451,-87.651450541,1302647190.0,69235887,69235995
69235995,41.8743399053,-87.651170589,1302647193.0,69235932,69236042
69236042,41.8743450874,-87.6508796309,1302647196.0,69235995,69236105
69236105,41.8743505434,-87.6506077025,1302647199.0,69236042,69236180
69236180,41.874349949,-87.6503267582,1302647203.0,69236105,69236368
69236368,41.8743564916,-87.6500657085,1302647211.0,69236180,69236515
69236515,41.8743642715,-87.6497635401,1302647217.0,69236368,69236639
69236639,41.8743709949,-87.6495037644,1302647222.0,69236515,69236772
69236772,41.8743845662,-87.6492107053,1302647228.0,69236639,69236879
69236879,41.8743851711,-87.6489067003,1302647232.0,69236772,69236961
69236961,41.8743815475,-87.6486379287,1302647235.0,69236879,69237032
69237032,41.8743703282,-87.6483526474,1302647238.0,69236961,69237109
69237109,41.8743532981,-87.648083237,1302647241.0,69237032,69237245
69237245,41.8743197321,-87.6478159134,1302647246.0,69237109,None
