40067196,41.8692988622,-87.6661513017,1303699039.0,None,40067320
40067320,41.8693072326,-87.6664040911,1303699045.0,40067196,40067402
40067402,41.8693172265,-87.6666809411,1303699049.0,40067320,40067767
40067767,41.8693237946,-87.6669298149,1303699067.0,40067402,40067855
40067855,41.8693179375,-87.6672317177,1303699072.0,40067767,40067914
40067914,41.869309204,-87.6675378699,1303699075.0,40067855,40067976
40067976,41.8692914831,-87.6678838595,1303699078.0,40067914,40068036
40068036,41.8692861718,-87.668229105,1303699081.0,40067976,40068104
40068104,41.8692844661,-87.6685351919,1303699084.0,40068036,40068228
40068228,41.8692575716,-87.668785489,1303699089.0,40068104,40068341
40068341,41.8692442412,-87.6690845872,1303699094.0,40068228,40068410
40068410,41.8692407348,-87.6693678486,1303699097.0,40068341,40068489
40068489,41.8692261382,-87.6697139114,1303699100.0,40068410,40068539
40068539,41.86922016,-87.6699618792,1303699102.0,40068489,40068589
40068589,41.8692137804,-87.6702079727,1303699104.0,40068539,40068662
40068662,41.8692064297,-87.6705669727,1303699107.0,40068589,40068734
40068734,41.869199244,-87.6709024236,1303699110.0,40068662,40068813
40068813,41.8691976558,-87.671166941,1303699113.0,40068734,40069195
40069195,41.8692736207,-87.6714099967,1303699128.0,40068813,40069281
40069281,41.8692663309,-87.6717327946,1303699131.0,40069195,40069367
40069367,41.8692660467,-87.6720839475,1303699134.0,40069281,40069446
40069446,41.8692563558,-87.6724410998,1303699137.0,40069367,40069517
40069517,41.8692307068,-87.6727710515,1303699140.0,40069446,40069594
40069594,41.8692067357,-87.6730751985,1303699143.0,40069517,40069705
40069705,41.8692174363,-87.673334992,1303699147.0,40069594,40069813
40069813,41.8692181513,-87.6736228903,1303699151.0,40069705,40069899
40069899,41.8692101986,-87.6739258521,1303699154.0,40069813,40069953
40069953,41.8692074571,-87.6741699904,1303699156.0,40069899,40070007
40070007,41.8691989806,-87.6744490257,1303699158.0,40069953,40070067
40070067,41.8691966666,-87.674717086,1303699160.0,40070007,40070126
40070126,41.8691934875,-87.6749750671,1303699162.0,40070067,40070182
40070182,41.8691872268,-87.6752191033,1303699164.0,40070126,40070266
40070266,41.8691824766,-87.6755002957,1303699167.0,40070182,40070726
40070726,41.8691634442,-87.675752254,1303699183.0,40070266,40070896
40070896,41.8691518895,-87.6760157438,1303699189.0,40070726,40070991
40070991,41.8691306732,-87.6762653296,1303699192.0,40070896,40071092
40071092,41.8691149893,-87.6765873224,1303699195.0,40070991,40071152
40071152,41.8691080427,-87.6768362228,1303699197.0,40071092,40071209
40071209,41.8691039231,-87.6771001268,1303699199.0,40071152,40071262
40071262,41.8690941143,-87.6773701372,1303699201.0,40071209,40071319
40071319,41.8690871218,-87.6776471135,1303699203.0,40071262,40071384
40071384,41.8690839521,-87.6779221232,1303699205.0,40071319,40071452
40071452,41.869081767,-87.6781841421,1303699207.0,40071384,40071548
40071548,41.8690804529,-87.6785431284,1303699210.0,40071452,40071646
40071646,41.86905223,-87.6788841516,1303699213.0,40071548,40071707
40071707,41.8690619348,-87.6791290905,1303699215.0,40071646,40071762
40071762,41.8690606874,-87.6793870982,1303699217.0,40071707,40071819
40071819,41.869059759,-87.6796291052,1303699219.0,40071762,40071919
40071919,41.869060938,-87.6799670639,1303699222.0,40071819,40072007
40072007,41.8690614671,-87.6802451418,1303699225.0,40071919,40072179
40072179,41.8690658255,-87.6805181496,1303699230.0,40072007,40072484
40072484,41.8690586806,-87.6812213402,1303699247.0,40072179,40072561
40072561,41.8690474873,-87.6815884011,1303699250.0,40072484,40072628
40072628,41.8690366185,-87.6818503813,1303699252.0,40072561,40072691
40072691,41.8690210332,-87.6821073221,1303699254.0,40072628,40072759
40072759,41.8690112821,-87.6823562981,1303699256.0,40072691,40072852
40072852,41.8690052051,-87.682705263,1303699259.0,40072759,40072952
40072952,41.8690029397,-87.6830300871,1303699262.0,40072852,40073055
40073055,41.8690029978,-87.6833130538,1303699265.0,40072952,40073296
40073296,41.8690042018,-87.6835654147,1303699272.0,40073055,40073476
40073476,41.8690020174,-87.6838780508,1303699277.0,40073296,40073576
40073576,41.8689938561,-87.6841470657,1303699280.0,40073476,40073682
40073682,41.8689896236,-87.684421179,1303699283.0,40073576,40073813
40073813,41.868992609,-87.6846632127,1303699287.0,40073682,40074034
40074034,41.8689998699,-87.6849199691,1303699293.0,40073813,40074141
40074141,41.8690019053,-87.6851679703,1303699296.0,40074034,40074250
40074250,41.8689941205,-87.6854179513,1303699299.0,40074141,40074391
40074391,41.8690045943,-87.6857230084,1303699303.0,40074250,40074561
40074561,41.8690706238,-87.6859840585,1303699308.0,40074391,40074814
40074814,41.8692520794,-87.6860396489,1303699316.0,40074561,40075437
40075437,41.869436034,-87.6860487532,1303699333.0,40074814,40075551
40075551,41.8696239801,-87.6860619125,1303699336.0,40075437,40075656
40075656,41.8698690008,-87.6860741826,1303699339.0,40075551,40075732
40075732,41.8700519764,-87.6860834302,1303699341.0,40075656,40075807
40075807,41.8702350102,-87.686090314,1303699343.0,40075732,40075912
40075912,41.8704980329,-87.6860959726,1303699346.0,40075807,40076023
40076023,41.8707430441,-87.6861025727,1303699349.0,40075912,40076138
40076138,41.8709971365,-87.686110289,1303699352.0,40076023,40076257
40076257,41.8712670304,-87.6861238232,1303699355.0,40076138,40076324
40076324,41.8714570159,-87.686132067,1303699357.0,40076257,40076393
40076393,41.8716530066,-87.6861404975,1303699359.0,40076324,40076464
40076464,41.8718549839,-87.6861468543,1303699361.0,40076393,40076538
40076538,41.8720569942,-87.6861537289,1303699363.0,40076464,40076610
40076610,41.8722579842,-87.6861581769,1303699365.0,40076538,40076686
40076686,41.8724580024,-87.686162099,1303699367.0,40076610,40076764
40076764,41.8726549847,-87.6861655583,1303699369.0,40076686,40076836
40076836,41.8728429843,-87.686170112,1303699371.0,40076764,40076946
40076946,41.8731050112,-87.6861764279,1303699374.0,40076836,40077053
40077053,41.8733449849,-87.6861826591,1303699377.0,40076946,40077155
40077155,41.8735630284,-87.6861850578,1303699380.0,40077053,40077331
40077331,41.8737501609,-87.6861821302,1303699385.0,40077155,40077627
40077627,41.873888413,-87.6859833213,1303699396.0,40077331,40077647
40077647,41.8738845929,-87.6856840257,1303699400.0,40077627,40077666
40077666,41.8738921946,-87.6853841681,1303699403.0,40077647,40077688
40077688,41.8738993948,-87.6850181635,1303699406.0,40077666,40077704
40077704,41.8739066623,-87.6847421162,1303699408.0,40077688,40077721
40077721,41.8739131791,-87.6844490728,1303699410.0,40077704,40077739
40077739,41.8739179651,-87.6841409819,1303699412.0,40077721,40077758
40077758,41.8739250468,-87.6838359092,1303699414.0,40077739,40077778
40077778,41.873928425,-87.6835329738,1303699416.0,40077758,40077798
40077798,41.8739308508,-87.6832320608,1303699418.0,40077778,40077820
40077820,41.8739359053,-87.6829390763,1303699420.0,40077798,40077842
40077842,41.8739392244,-87.6826540703,1303699422.0,40077820,40077865
40077865,41.8739413962,-87.6823810464,1303699424.0,40077842,40077889
40077889,41.8739426057,-87.6821310844,1303699426.0,40077865,40077925
40077925,41.8739453785,-87.6818361575,1303699429.0,40077889,40077990
40077990,41.8739492706,-87.6815711849,1303699434.0,40077925,40078073
40078073,41.8739553093,-87.681279137,1303699440.0,40077990,40078116
40078116,41.8739589475,-87.6809911321,1303699443.0,40078073,40078155
40078155,41.8739653258,-87.6806292064,1303699446.0,40078116,40078188
40078188,41.8739695539,-87.6803611709,1303699448.0,40078155,40078217
40078217,41.8739709526,-87.6800841709,1303699450.0,40078188,40078246
40078246,41.8739723528,-87.6798051518,1303699452.0,40078217,40078280
40078280,41.8739763212,-87.6795331183,1303699454.0,40078246,40078314
40078314,41.8739792442,-87.6792641454,1303699456.0,40078280,40078345
40078345,41.873984069,-87.6789971381,1303699458.0,40078314,40078377
40078377,41.8739881619,-87.6787281432,1303699460.0,40078345,40078412
40078412,41.8739913502,-87.6784561472,1303699462.0,40078377,40078449
40078449,41.8739952771,-87.6781791431,1303699464.0,40078412,40078482
40078482,41.8740019022,-87.6779141227,1303699466.0,40078449,40078516
40078516,41.8740058395,-87.677665108,1303699468.0,40078482,40078571
40078571,41.874008903,-87.6773120637,1303699471.0,40078516,40078627
40078627,41.8739973517,-87.6770054483,1303699474.0,40078571,40078700
40078700,41.8739859813,-87.6767443503,1303699478.0,40078627,40079245
40079245,41.8738563891,-87.6765185216,1303699505.0,40078700,40079329
40079329,41.8736046486,-87.6764741949,1303699509.0,40079245,40079388
40079388,41.8733458977,-87.6764625662,1303699512.0,40079329,40079431
40079431,41.8731510959,-87.6764548594,1303699514.0,40079388,40079477
40079477,41.8729502206,-87.6764500761,1303699516.0,40079431,40079522
40079522,41.8727501918,-87.6764440433,1303699518.0,40079477,40079564
40079564,41.8725521642,-87.676434835,1303699520.0,40079522,40079610
40079610,41.8723552557,-87.6764237877,1303699522.0,40079564,40079658
40079658,41.8721574572,-87.6764081328,1303699524.0,40079610,40079705
40079705,41.8719625331,-87.6763905357,1303699526.0,40079658,40079739
40079739,41.8717823525,-87.6763776367,1303699528.0,40079705,40079781
40079781,41.871582954,-87.6763631249,1303699531.0,40079739,40079851
40079851,41.8714330298,-87.6761893021,1303699536.0,40079781,40079918
40079918,41.8714256188,-87.6759329208,1303699540.0,40079851,40080009
40080009,41.8714237767,-87.6756360359,1303699544.0,40079918,40080081
40080081,41.8714328241,-87.6753831363,1303699547.0,40080009,40080153
40080153,41.8714351147,-87.6751121173,1303699550.0,40080081,40080225
40080225,41.8714452069,-87.6748290068,1303699553.0,40080153,40080299
40080299,41.8714495669,-87.6745736505,1303699556.0,40080225,40080397
40080397,41.8714430801,-87.6742572281,1303699560.0,40080299,40080511
40080511,41.8714476421,-87.6740030087,1303699565.0,40080397,40080663
40080663,41.8714485661,-87.6736936328,1303699571.0,40080511,40080735
40080735,41.87145464,-87.6734145901,1303699574.0,40080663,40080789
40080789,41.8714592013,-87.6730864581,1303699577.0,40080735,40080873
40080873,41.8714671605,-87.6727283002,1303699580.0,40080789,40080930
40080930,41.8714701642,-87.6724862694,1303699582.0,40080873,40080979
40080979,41.8714731802,-87.6722441261,1303699584.0,40080930,40081051
40081051,41.8714753952,-87.6718888923,1303699587.0,40080979,40081128
40081128,41.8714782723,-87.6715542128,1303699590.0,40081051,40081216
40081216,41.8714778903,-87.6711154057,1303699594.0,40081128,40081297
40081297,41.8714796985,-87.6707782384,1303699597.0,40081216,40081382
40081382,41.8714816502,-87.6704540467,1303699600.0,40081297,40081460
40081460,41.8714910414,-87.6701551254,1303699603.0,40081382,40081542
40081542,41.8714923791,-87.6698888177,1303699606.0,40081460,40081655
40081655,41.8714894236,-87.6695802065,1303699610.0,40081542,40081819
40081819,41.871502339,-87.6693109127,1303699616.0,40081655,40081991
40081991,41.8713791107,-87.6690988741,1303699622.0,40081819,40082103
40082103,41.8711788363,-87.6690660592,1303699626.0,40081991,40082186
40082186,41.8709896323,-87.6690311365,1303699629.0,40082103,40082238
40082238,41.8707505824,-87.6690048353,1303699632.0,40082186,40082324
40082324,41.8704907207,-87.6689871513,1303699635.0,40082238,40082419
40082419,41.8702397753,-87.6689779361,1303699638.0,40082324,40082510
40082510,41.8700147329,-87.66895453,1303699641.0,40082419,40082594
40082594,41.8698047679,-87.6689401111,1303699644.0,40082510,40082680
40082680,41.8696236379,-87.6689303609,1303699647.0,40082594,40082799
40082799,41.8694272442,-87.6689212754,1303699651.0,40082680,40083071
40083071,41.869245839,-87.6688466819,1303699660.0,40082799,40083223
40083223,41.869193735,-87.66853508,1303699665.0,40083071,40083315
40083315,41.8691858473,-87.6682691009,1303699668.0,40083223,40083404
40083404,41.8691801,-87.6679558926,1303699671.0,40083315,40083497
40083497,41.8691827402,-87.6676079288,1303699674.0,40083404,40083588
40083588,41.8691862831,-87.6672577752,1303699677.0,40083497,40083683
40083683,41.869185148,-87.666949831,1303699680.0,40083588,40083850
40083850,41.8691846748,-87.6666900193,1303699685.0,40083683,None
