107716420,41.8657652714,-87.6469998899,1302646816.0,None,107716897
107716897,41.8655722802,-87.6469627874,1302646829.0,107716420,107717031
107717031,41.8653620646,-87.6469657305,1302646833.0,107716897,107717190
107717190,41.8651631162,-87.6469599523,1302646837.0,107717031,107717482
107717482,41.8649650927,-87.6469226876,1302646845.0,107717190,107717633
107717633,41.8647831898,-87.6468917283,1302646849.0,107717482,107717774
107717774,41.8645690407,-87.6468526784,1302646853.0,107717633,107717889
107717889,41.864361963,-87.6468271099,1302646856.0,107717774,107718003
107718003,41.864128767,-87.6467932272,1302646859.0,107717889,107718114
107718114,41.863872891,-87.6467782857,1302646862.0,107718003,107718190
107718190,41.8636869083,-87.6467712822,1302646864.0,107718114,107718297
107718297,41.8634159039,-87.6467495252,1302646867.0,107718190,107718375
107718375,41.8632358993,-87.6467374867,1302646869.0,107718297,107718444
107718444,41.8630539054,-87.6467232453,1302646871.0,107718375,107718515
107718515,41.8628639907,-87.6467194765,1302646873.0,107718444,107718630
107718630,41.862632981,-87.6467346965,1302646876.0,107718515,107719201
107719201,41.8624383403,-87.6468032039,1302646892.0,107718630,107719348
107719348,41.8623785067,-87.6470413594,1302646897.0,107719201,107719447
107719447,41.8623932694,-87.6472841387,1302646900.0,107719348,107719538
107719538,41.8623927779,-87.6475929724,1302646903.0,107719447,107719635
107719635,41.8623850024,-87.6479409511,1302646906.0,107719538,107719735
107719735,41.862379525,-87.6482899092,1302646909.0,107719635,107719838
107719838,41.8623782286,-87.6485738991,1302646912.0,107719735,107720018
107720018,41.8623759379,-87.6488559414,1302646917.0,107719838,107720166
107720166,41.8623766207,-87.6491807965,1302646921.0,107720018,107720265
107720265,41.8623735981,-87.6494908712,1302646924.0,107720166,107720379
107720379,41.8623725919,-87.6498368425,1302646927.0,107720265,107720450
107720450,41.8623697466,-87.6500838721,1302646929.0,107720379,107720561
107720561,41.8623688693,-87.6504329054,1302646932.0,107720450,107720673
107720673,41.8623605285,-87.6506797233,1302646935.0,107720561,107720892
107720892,41.8624787036,-87.6508876982,1302646941.0,107720673,107721050
107721050,41.8626870856,-87.6508867278,1302646945.0,107720892,107721151
107721151,41.8629120288,-87.6508892567,1302646948.0,107721050,107721256
107721256,41.8631469874,-87.6508897172,1302646951.0,107721151,107721366
107721366,41.8633469365,-87.6509021622,1302646954.0,107721256,107721559
107721559,41.8635615571,-87.6509324991,1302646960.0,107721366,107721675
107721675,41.8637451357,-87.6509507834,1302646963.0,107721559,107721790
107721790,41.8639990549,-87.6509515948,1302646966.0,107721675,107721902
107721902,41.8642480293,-87.6509507902,1302646969.0,107721790,107722010
107722010,41.8644560139,-87.6509430648,1302646972.0,107721902,107722175
107722175,41.8646508719,-87.6509253691,1302646977.0,107722010,107722325
107722325,41.864880947,-87.6509438847,1302646981.0,107722175,107722438
107722438,41.8651409186,-87.6509525046,1302646984.0,107722325,107722517
107722517,41.8653419286,-87.6509559381,1302646986.0,107722438,107722594
107722594,41.8655559278,-87.650960279,1302646988.0,107722517,107722670
107722670,41.8657729281,-87.6509655813,1302646990.0,107722594,107722737
107722737,41.865980894,-87.650969066,1302646992.0,107722670,107722802
107722802,41.8661828792,-87.650967861,1302646994.0,107722737,107722870
107722870,41.8663698727,-87.6509681309,1302646996.0,107722802,107722978
107722978,41.8665907991,-87.6509800657,1302646999.0,107722870,107723124
107723124,41.8667747399,-87.650987075,1302647003.0,107722978,107723528
107723528,41.8669591512,-87.6510021963,1302647015.0,107723124,107723710
107723710,41.8671352234,-87.6511258548,1302647020.0,107723528,107723859
107723859,41.8671644681,-87.6514515381,1302647024.0,107723710,107723974
107723974,41.8671659459,-87.6518009293,1302647027.0,107723859,107724073
107724073,41.8671778995,-87.6521375679,1302647030.0,107723974,107724174
107724174,41.8671840167,-87.6524745649,1302647033.0,107724073,107724284
107724284,41.8671889162,-87.6527305819,1302647036.0,107724174,107724808
107724808,41.8672083628,-87.652998721,1302647050.0,107724284,107724909
107724909,41.8672072057,-87.6532457134,1302647053.0,107724808,107725013
107725013,41.8671963876,-87.6535996738,1302647056.0,107724909,107725087
107725087,41.8671891614,-87.653867602,1302647058.0,107725013,107725156
107725156,41.8671792002,-87.6541546736,1302647060.0,107725087,107725227
107725227,41.8671671857,-87.6544455478,1302647062.0,107725156,107725296
107725296,41.8671590626,-87.6547493614,1302647064.0,107725227,107725378
107725378,41.8671557521,-87.6550635594,1302647066.0,107725296,107725456
107725456,41.8671520177,-87.6553976552,1302647068.0,107725378,107725533
107725533,41.8671514812,-87.6557455899,1302647070.0,107725456,107725609
107725609,41.8671487889,-87.6560906335,1302647072.0,107725533,107725681
107725681,41.8671356271,-87.6563702945,1302647074.0,107725609,107725782
107725782,41.8671519459,-87.6566241791,1302647077.0,107725681,107726007
107726007,41.8673470783,-87.6566872774,1302647083.0,107725782,107726116
107726116,41.867571229,-87.6567093438,1302647086.0,107726007,107726190
107726190,41.8677560891,-87.6567175857,1302647088.0,107726116,107726266
107726266,41.867953076,-87.6567237417,1302647090.0,107726190,107726339
107726339,41.8681590854,-87.6567277596,1302647092.0,107726266,107726413
107726413,41.8683680513,-87.6567320163,1302647094.0,107726339,107726483
107726483,41.8685739928,-87.6567341803,1302647096.0,107726413,107726555
107726555,41.8687769686,-87.6567335868,1302647098.0,107726483,107726631
107726631,41.8689810143,-87.6567299353,1302647100.0,107726555,107726708
107726708,41.8691770528,-87.656724727,1302647102.0,107726631,107726776
107726776,41.8693580723,-87.6567192947,1302647104.0,107726708,107726879
107726879,41.8696008133,-87.6567229097,1302647107.0,107726776,107726986
107726986,41.8698447297,-87.6567435166,1302647110.0,107726879,107727092
107727092,41.8701099242,-87.6567600721,1302647113.0,107726986,107727170
107727170,41.8702949577,-87.6567674533,1302647115.0,107727092,107727252
107727252,41.8704789381,-87.6567712074,1302647117.0,107727170,107727319
107727319,41.8706588987,-87.6567720856,1302647119.0,107727252,107727395
107727395,41.8708418691,-87.6567758157,1302647121.0,107727319,107727469
107727469,41.8710248368,-87.6567783155,1302647123.0,107727395,107727536
107727536,41.8712068037,-87.6567819222,1302647125.0,107727469,107727607
107727607,41.8713898861,-87.6567927732,1302647127.0,107727536,107727715
107727715,41.8716460227,-87.6568059776,1302647130.0,107727607,107727821
107727821,41.8718481533,-87.6567949555,1302647133.0,107727715,107727967
107727967,41.8720660981,-87.6567891141,1302647137.0,107727821,107728378
107728378,41.8722782225,-87.6567710937,1302647148.0,107727967,107728483
107728483,41.8724731587,-87.65676436,1302647151.0,107728378,107728588
107728588,41.8727321781,-87.6567510119,1302647154.0,107728483,107728658
107728658,41.8729263113,-87.6567394539,1302647156.0,107728588,107728727
107728727,41.8731231318,-87.656729674,1302647158.0,107728658,107728799
107728799,41.8733170095,-87.6567235937,1302647160.0,107728727,107728875
107728875,41.8735059974,-87.6567216764,1302647162.0,107728799,107728984
107728984,41.8737640409,-87.6567289317,1302647165.0,107728875,107729096
107729096,41.8739859239,-87.6567420622,1302647168.0,107728984,107729275
107729275,41.8741643071,-87.6567395181,1302647173.0,107729096,None
