9663660,41.8690754849,-87.6834777153,1302048595.0,None,9663785
9663785,41.8690534386,-87.6837838728,1302048599.0,9663660,9663790
9663790,41.8690443554,-87.6840316199,1302048601.0,9663785,9663798
9663798,41.8690405369,-87.6843008224,1302048603.0,9663790,9663814
9663814,41.8690303991,-87.6846369471,1302048606.0,9663798,9663855
9663855,41.8690153928,-87.6848778962,1302048612.0,9663814,9663876
9663876,41.8690189292,-87.6851298379,1302048615.0,9663855,9663894
9663894,41.8690212344,-87.6853759503,1302048617.0,9663876,9663912
9663912,41.8690096165,-87.6856230499,1302048619.0,9663894,9663941
9663941,41.8690139098,-87.6858914498,1302048622.0,9663912,9663991
9663991,41.8691457635,-87.6860650921,1302048627.0,9663941,9664026
9664026,41.8693372478,-87.6860827225,1302048630.0,9663991,9664061
9664061,41.8695863214,-87.686112574,1302048633.0,9664026,9664086
9664086,41.869806313,-87.6861205169,1302048635.0,9664061,9664112
9664112,41.8700802732,-87.686135032,1302048637.0,9664086,9664137
9664137,41.8703661993,-87.686138393,1302048639.0,9664112,9664164
9664164,41.8706301739,-87.6861379455,1302048641.0,9664137,9664192
9664192,41.8708471901,-87.6861340584,1302048643.0,9664164,9664232
9664232,41.8710432383,-87.6861279672,1302048646.0,9664192,9664316
9664316,41.8712581737,-87.6861351008,1302048652.0,9664232,9664362
9664362,41.871504159,-87.6861448936,1302048655.0,9664316,9664395
9664395,41.8717210993,-87.6861507672,1302048657.0,9664362,9664425
9664425,41.8719420576,-87.6861570558,1302048659.0,9664395,9664457
9664457,41.8721660376,-87.6861639584,1302048661.0,9664425,9664490
9664490,41.8723860025,-87.6861636006,1302048663.0,9664457,9664525
9664525,41.8726039964,-87.6861651675,1302048665.0,9664490,9664557
9664557,41.8728279655,-87.6861660352,1302048667.0,9664525,9664591
9664591,41.87305097,-87.6861654152,1302048669.0,9664557,9664626
9664626,41.8732729314,-87.686167467,1302048671.0,9664591,9664662
9664662,41.8734869584,-87.6861704532,1302048673.0,9664626,9664696
9664696,41.873684181,-87.686177562,1302048675.0,9664662,9664751
9664751,41.8739132221,-87.686167837,1302048678.0,9664696,9664825
9664825,41.8740721865,-87.686032825,1302048682.0,9664751,9664881
9664881,41.8740504183,-87.6857809684,1302048685.0,9664825,9664939
9664939,41.8740227061,-87.685411873,1302048688.0,9664881,9664975
9664975,41.874017739,-87.6851138575,1302048690.0,9664939,9665013
9665013,41.874018282,-87.68481787,1302048692.0,9664975,9665052
9665052,41.8740114566,-87.6845418869,1302048694.0,9665013,9665093
9665093,41.8740039109,-87.6842889265,1302048696.0,9665052,9665153
9665153,41.8739830049,-87.6839948247,1302048699.0,9665093,9665637
9665637,41.8739665936,-87.6837357961,1302048727.0,9665153,9665697
9665697,41.8739757208,-87.6834498344,1302048730.0,9665637,9665736
9665736,41.873976961,-87.6831738176,1302048732.0,9665697,9665778
9665778,41.8739772851,-87.6828558417,1302048734.0,9665736,9665819
9665819,41.8739785322,-87.6825198737,1302048736.0,9665778,9665860
9665860,41.8739753699,-87.6822029298,1302048738.0,9665819,9665906
9665906,41.8739720671,-87.6819139976,1302048740.0,9665860,9665967
9665967,41.8739803725,-87.681586827,1302048743.0,9665906,9666092
9666092,41.873996915,-87.6812927217,1302048749.0,9665967,9666159
9666159,41.8740083347,-87.6809757736,1302048752.0,9666092,9666204
9666204,41.8740169944,-87.6806887691,1302048754.0,9666159,9666251
9666251,41.8740231469,-87.6803568416,1302048756.0,9666204,9666297
9666297,41.874030255,-87.6799928472,1302048758.0,9666251,9666337
9666337,41.8740390865,-87.6796268769,1302048760.0,9666297,9666382
9666382,41.8740440052,-87.6792718501,1302048762.0,9666337,9666430
9666430,41.874047051,-87.6789288163,1302048764.0,9666382,9666478
9666478,41.8740482455,-87.6785918233,1302048766.0,9666430,9666517
9666517,41.8740560089,-87.6782438331,1302048768.0,9666478,9666559
9666559,41.8740591758,-87.6779168316,1302048770.0,9666517,9666607
9666607,41.8740565058,-87.6776149362,1302048772.0,9666559,9666659
9666659,41.8740622637,-87.6773409821,1302048774.0,9666607,9666735
9666735,41.8740629204,-87.6770196426,1302048777.0,9666659,9667221
9667221,41.8740543393,-87.6767642222,1302048797.0,9666735,9667406
9667406,41.8739163583,-87.6765388507,1302048804.0,9667221,9667483
9667483,41.8736572304,-87.6765009507,1302048807.0,9667406,9667536
9667536,41.8734301172,-87.6764793492,1302048809.0,9667483,9667591
9667591,41.8731791599,-87.6764592786,1302048811.0,9667536,9667645
9667645,41.872912154,-87.6764436184,1302048813.0,9667591,9667699
9667699,41.8726360439,-87.6764280597,1302048815.0,9667645,9667753
9667753,41.8723551454,-87.6764158749,1302048817.0,9667699,9667808
9667808,41.8720852071,-87.6763882178,1302048819.0,9667753,9667861
9667861,41.8718450951,-87.6763600971,1302048821.0,9667808,9667915
9667915,41.8716563985,-87.6763535474,1302048823.0,9667861,9668018
9668018,41.8714657413,-87.6762700342,1302048827.0,9667915,9668130
9668130,41.8714528626,-87.6759647338,1302048831.0,9668018,9668217
9668217,41.8714585671,-87.6756109022,1302048834.0,9668130,9668298
9668298,41.8714600153,-87.6752851134,1302048837.0,9668217,9668760
9668760,41.8714561622,-87.6750361476,1302048853.0,9668298,9668844
9668844,41.8714695083,-87.6747868801,1302048856.0,9668760,9668932
9668932,41.8714875331,-87.6744453821,1302048859.0,9668844,9669019
9669019,41.871491946,-87.674116246,1302048862.0,9668932,9669169
9669169,41.8714908351,-87.6738507617,1302048867.0,9669019,9669290
9669290,41.8714940258,-87.673574244,1302048871.0,9669169,9669376
9669376,41.8715097938,-87.6732403578,1302048874.0,9669290,9669435
9669435,41.8715247418,-87.6729720466,1302048876.0,9669376,9669494
9669494,41.8715351376,-87.67269499,1302048878.0,9669435,9669559
9669559,41.8715468305,-87.6724089161,1302048880.0,9669494,9669620
9669620,41.871554722,-87.6721368463,1302048882.0,9669559,9669710
9669710,41.8715589991,-87.6718228081,1302048885.0,9669620,9670085
9670085,41.8715628917,-87.6715186186,1302048897.0,9669710,9670183
9670183,41.8715769724,-87.6712326672,1302048900.0,9670085,9670243
9670243,41.8715875489,-87.6709897562,1302048902.0,9670183,9670302
9670302,41.8715930595,-87.6707477926,1302048904.0,9670243,9670389
9670389,41.871598851,-87.6703978494,1302048907.0,9670302,9670488
9670488,41.871610912,-87.6700464833,1302048910.0,9670389,9670591
9670591,41.8716287646,-87.6696966277,1302048913.0,9670488,9670694
9670694,41.871636963,-87.669431045,1302048916.0,9670591,9670845
9670845,41.871653803,-87.6691873344,1302048921.0,9670694,9671006
9671006,41.871497268,-87.6690742487,1302048926.0,9670845,9671110
9671110,41.8712437816,-87.6690670823,1302048929.0,9671006,9671177
9671177,41.8710298605,-87.6690550603,1302048931.0,9671110,9671246
9671246,41.8707839632,-87.6690380289,1302048933.0,9671177,9671313
9671313,41.8705169825,-87.6690232571,1302048935.0,9671246,9671365
9671365,41.8702588971,-87.6690140564,1302048937.0,9671313,9671429
9671429,41.8700148762,-87.6690076999,1302048939.0,9671365,9671498
9671498,41.8697908432,-87.6690006405,1302048941.0,9671429,9671571
9671571,41.8696058456,-87.6689961128,1302048943.0,9671498,9671703
9671703,41.8694226567,-87.6689921267,1302048947.0,9671571,9672215
9672215,41.8692063424,-87.6689805084,1302048962.0,9671703,9672327
9672327,41.8689678049,-87.6689699678,1302048965.0,9672215,9672393
9672393,41.8687589123,-87.6689596259,1302048967.0,9672327,9672463
9672463,41.8685169648,-87.6689485545,1302048969.0,9672393,9672531
9672531,41.8682589721,-87.6689405391,1302048971.0,9672463,9672594
9672594,41.8679869255,-87.6689386079,1302048973.0,9672531,9672664
9672664,41.8677279024,-87.6689399163,1302048975.0,9672594,9672740
9672740,41.867501881,-87.6689365083,1302048977.0,9672664,9672809
9672809,41.867316898,-87.6689329492,1302048979.0,9672740,9672912
9672912,41.8671363229,-87.6689360389,1302048982.0,9672809,None
