72793163,41.8670764445,-87.6565219965,1302923074.0,None,72793236
72793236,41.8670769737,-87.656804852,1302923077.0,72793163,72793303
72793303,41.8670692321,-87.6571529856,1302923080.0,72793236,72793349
72793349,41.8670637701,-87.6574259939,1302923082.0,72793303,72793399
72793399,41.8670581226,-87.6577000642,1302923084.0,72793349,72793446
72793446,41.8670524502,-87.6579720238,1302923086.0,72793399,72793493
72793493,41.8670482337,-87.6582500412,1302923088.0,72793446,72793536
72793536,41.8670454566,-87.6585430254,1302923090.0,72793493,72793586
72793586,41.8670412872,-87.6588349991,1302923092.0,72793536,72793633
72793633,41.8670363503,-87.6591369775,1302923094.0,72793586,72793686
72793686,41.8670300294,-87.6594380156,1302923096.0,72793633,72793736
72793736,41.8670211493,-87.6597340356,1302923098.0,72793686,72793784
72793784,41.8670169622,-87.6600140515,1302923100.0,72793736,72793834
72793834,41.8670128218,-87.6602670508,1302923102.0,72793784,72793913
72793913,41.8670071118,-87.6605530249,1302923105.0,72793834,72794012
72794012,41.8670092565,-87.660795987,1302923109.0,72793913,72794739
72794739,41.8669993223,-87.6610451131,1302923137.0,72794012,72794900
72794900,41.8669974988,-87.6613441031,1302923143.0,72794739,72794976
72794976,41.8669953192,-87.6616741072,1302923146.0,72794900,72795026
72795026,41.8669915698,-87.6619419922,1302923148.0,72794976,72795031
72795031,41.8669852652,-87.6622250062,1302923150.0,72795026,72795039
72795039,41.8669810099,-87.6625030368,1302923152.0,72795031,72795049
72795049,41.8669755625,-87.6627810632,1302923154.0,72795039,72795061
72795061,41.8669713956,-87.6630580669,1302923156.0,72795049,72795074
72795074,41.8669670539,-87.6633350754,1302923158.0,72795061,72795088
72795088,41.8669606877,-87.6636090926,1302923160.0,72795074,72795104
72795104,41.8669564953,-87.6638710867,1302923162.0,72795088,72795120
72795120,41.8669523305,-87.6641230728,1302923164.0,72795104,72795147
72795147,41.8669466004,-87.6644840674,1302923167.0,72795120,72795166
72795166,41.8669420548,-87.664742073,1302923169.0,72795147,72795186
72795186,41.866936784,-87.6650051317,1302923171.0,72795166,72795206
72795206,41.8669336682,-87.6652591408,1302923173.0,72795186,72795239
72795239,41.8669292679,-87.6656061059,1302923176.0,72795206,72795273
72795273,41.8669253859,-87.6658620652,1302923179.0,72795239,72795565
72795565,41.8669229596,-87.6661330881,1302923201.0,72795273,72795622
72795622,41.8669243277,-87.666428366,1302923205.0,72795565,72795667
72795667,41.8669274588,-87.6667789935,1302923208.0,72795622,72795698
72795698,41.8669266621,-87.6670600274,1302923210.0,72795667,72795732
72795732,41.8669263477,-87.6673710362,1302923212.0,72795698,72795767
72795767,41.8669268931,-87.6677039573,1302923214.0,72795732,72795799
72795799,41.8669301764,-87.6680329228,1302923216.0,72795767,72795832
72795832,41.8669334389,-87.6683299453,1302923218.0,72795799,72795868
72795868,41.8669344562,-87.6685786058,1302923220.0,72795832,72795922
72795922,41.8669418207,-87.6688463549,1302923223.0,72795868,72795991
72795991,41.8670842108,-87.6690174232,1302923227.0,72795922,72796046
72796046,41.8672729521,-87.6690074448,1302923230.0,72795991,72796102
72796102,41.8675501826,-87.6689937767,1302923233.0,72796046,72796137
72796137,41.8677712134,-87.6689939358,1302923235.0,72796102,72796177
72796177,41.8680122368,-87.6689973579,1302923237.0,72796137,72796216
72796216,41.8682502523,-87.6689939215,1302923239.0,72796177,72796254
72796254,41.8684803588,-87.6689964937,1302923241.0,72796216,72796293
72796293,41.8686952533,-87.6690037928,1302923243.0,72796254,72796331
72796331,41.8688791675,-87.6690049437,1302923245.0,72796293,72796395
72796395,41.8690827336,-87.6689974145,1302923248.0,72796331,72796635
72796635,41.8692607467,-87.6690871647,1302923260.0,72796395,72796715
72796715,41.8692777161,-87.6693259279,1302923264.0,72796635,72796771
72796771,41.8692690947,-87.669639648,1302923267.0,72796715,72796819
72796819,41.8692553018,-87.6699014136,1302923269.0,72796771,72796858
72796858,41.8692812417,-87.6701859967,1302923271.0,72796819,72796862
72796862,41.8692837679,-87.6704859345,1302923273.0,72796858,72796893
72796893,41.8692866138,-87.6707763113,1302923275.0,72796862,72796926
72796926,41.869291095,-87.6710366222,1302923277.0,72796893,72796984
72796984,41.8692868938,-87.6713036573,1302923280.0,72796926,72797091
72797091,41.8692783306,-87.671569342,1302923285.0,72796984,72797231
72797231,41.8693239221,-87.6718447643,1302923291.0,72797091,72797276
72797276,41.8693168283,-87.6721549544,1302923293.0,72797231,72797324
72797324,41.8693123195,-87.6724570386,1302923295.0,72797276,72797373
72797373,41.8693016737,-87.6727289845,1302923297.0,72797324,72797859
72797859,41.8692984251,-87.6730240788,1302923318.0,72797373,72797971
72797971,41.8692984118,-87.6732790494,1302923322.0,72797859,72798047
72798047,41.869293494,-87.673545855,1302923325.0,72797971,72798122
72798122,41.8692856964,-87.673926841,1302923328.0,72798047,72798168
72798168,41.8692747586,-87.6742569566,1302923330.0,72798122,72798221
72798221,41.8692591064,-87.6746209375,1302923332.0,72798168,72798279
72798279,41.8692475443,-87.6749659208,1302923334.0,72798221,72798333
72798333,41.8692426394,-87.6752880562,1302923336.0,72798279,72798384
72798384,41.8692337673,-87.6755865616,1302923338.0,72798333,72798433
72798433,41.8692201329,-87.6758691957,1302923340.0,72798384,72798481
72798481,41.8692093647,-87.6761283472,1302923342.0,72798433,72798530
72798530,41.8691941865,-87.6764017488,1302923344.0,72798481,72798579
72798579,41.8691822222,-87.6767087683,1302923346.0,72798530,72798636
72798636,41.8691705594,-87.6770538862,1302923348.0,72798579,72798689
72798689,41.8691629496,-87.6774279013,1302923350.0,72798636,72798743
72798743,41.8691589775,-87.6778279076,1302923352.0,72798689,72798805
72798805,41.8691522126,-87.6782409028,1302923354.0,72798743,72798864
72798864,41.8691414965,-87.6786629381,1302923356.0,72798805,72798914
72798914,41.8691318162,-87.6790799346,1302923358.0,72798864,72798970
72798970,41.8691223724,-87.6794779621,1302923360.0,72798914,72799025
72799025,41.8691220111,-87.6798300736,1302923362.0,72798970,72799075
72799075,41.8691223771,-87.6801292139,1302923364.0,72799025,72799149
72799149,41.8691208936,-87.6804531357,1302923367.0,72799075,72799455
72799455,41.8691119894,-87.6807071161,1302923391.0,72799149,72799492
72799492,41.8691129259,-87.680991937,1302923395.0,72799455,72799522
72799522,41.8691071488,-87.6813477526,1302923398.0,72799492,72799543
72799543,41.8691023533,-87.6816356578,1302923400.0,72799522,72799565
72799565,41.8690940865,-87.6819487154,1302923402.0,72799543,72799587
72799587,41.8690868349,-87.6822748097,1302923404.0,72799565,72799611
72799611,41.869079683,-87.6826047901,1302923406.0,72799587,72799635
72799635,41.8690710778,-87.6829058902,1302923408.0,72799611,72799659
72799659,41.8690622616,-87.6831759777,1302923410.0,72799635,72799698
72799698,41.8690574286,-87.6834819346,1302923413.0,72799659,72799793
72799793,41.8690471881,-87.683742964,1302923420.0,72799698,72799850
72799850,41.8690427196,-87.6840126206,1302923424.0,72799793,72799895
72799895,41.8690491078,-87.6843318181,1302923427.0,72799850,72799932
72799932,41.8690429438,-87.6846488204,1302923430.0,72799895,72799997
72799997,41.8690386966,-87.6848947862,1302923434.0,72799932,72800059
72800059,41.8690514299,-87.6851487643,1302923438.0,72799997,72800111
72800111,41.8690436889,-87.6854730272,1302923441.0,72800059,72800158
72800158,41.8690444645,-87.6858041857,1302923444.0,72800111,72800247
72800247,41.8690840928,-87.6860687386,1302923449.0,72800158,72800318
72800318,41.8692721173,-87.6861436521,1302923453.0,72800247,72800373
72800373,41.8695212973,-87.6861152019,1302923456.0,72800318,72800412
72800412,41.8697233021,-87.6861194115,1302923458.0,72800373,72800449
72800449,41.8699562828,-87.6861255444,1302923460.0,72800412,72800487
72800487,41.8702062128,-87.6861249678,1302923462.0,72800449,72800525
72800525,41.8704571312,-87.6861121067,1302923464.0,72800487,72800564
72800564,41.870702069,-87.6861042899,1302923466.0,72800525,72800605
72800605,41.8709321495,-87.6861057541,1302923468.0,72800564,72800643
72800643,41.8711510492,-87.6861156317,1302923470.0,72800605,72800683
72800683,41.8713710445,-87.6861293397,1302923472.0,72800643,72800723
72800723,41.8715951019,-87.6861457002,1302923474.0,72800683,72800766
72800766,41.871836141,-87.6861591981,1302923476.0,72800723,72800809
72800809,41.8720890846,-87.6861666569,1302923478.0,72800766,72800829
72800829,41.8723340453,-87.6861692324,1302923480.0,72800809,72800873
72800873,41.8725630466,-87.6861714811,1302923482.0,72800829,72800915
72800915,41.8727729858,-87.686169693,1302923484.0,72800873,72800950
72800950,41.8729659949,-87.6861694742,1302923486.0,72800915,72801012
72801012,41.8732129964,-87.6861784873,1302923489.0,72800950,72801078
72801078,41.8734319947,-87.6861851638,1302923492.0,72801012,72801136
72801136,41.873623079,-87.6861899613,1302923495.0,72801078,72801217
72801217,41.8738103018,-87.6861857012,1302923501.0,72801136,72801374
72801374,41.8739120541,-87.6859323785,1302923510.0,72801217,72801444
72801444,41.8738982512,-87.6856159893,1302923513.0,72801374,72801493
72801493,41.8738964375,-87.6853481507,1302923515.0,72801444,72801541
72801541,41.8738959458,-87.6850441884,1302923517.0,72801493,72801578
72801578,41.8738983792,-87.6847191676,1302923519.0,72801541,72801621
72801621,41.8738998444,-87.6844281182,1302923521.0,72801578,72801690
72801690,41.8738904614,-87.6841291824,1302923524.0,72801621,None
