78118703,41.8694277841,-87.6615501047,1303608899.0,None,78118842
78118842,41.869425737,-87.6617929281,1303608903.0,78118703,78118945
78118945,41.8694133269,-87.6621098163,1303608906.0,78118842,78119016
78119016,41.8694107407,-87.6623598897,1303608908.0,78118945,78119086
78119086,41.8694060285,-87.6626089666,1303608910.0,78119016,78119161
78119161,41.8694010854,-87.662950007,1303608913.0,78119086,78119256
78119256,41.8693891597,-87.6632010376,1303608916.0,78119161,78119396
78119396,41.8693765418,-87.6634480154,1303608920.0,78119256,78119527
78119527,41.8693764228,-87.6637361804,1303608924.0,78119396,78119791
78119791,41.8693743793,-87.6640113928,1303608932.0,78119527,78119971
78119971,41.8693704571,-87.664302099,1303608937.0,78119791,78120160
78120160,41.86936648,-87.6645469701,1303608942.0,78119971,78120339
78120339,41.8693579441,-87.6648110135,1303608947.0,78120160,78120473
78120473,41.8693530826,-87.6651000007,1303608951.0,78120339,78120581
78120581,41.869345433,-87.6653430053,1303608954.0,78120473,78120650
78120650,41.8693411541,-87.665661194,1303608958.0,78120581,78120668
78120668,41.8693405269,-87.6659332408,1303608962.0,78120650,78120928
78120928,41.8693397059,-87.6662091438,1303608990.0,78120668,78120977
78120977,41.8693420596,-87.6665139882,1303608994.0,78120928,78121016
78121016,41.8693341611,-87.6668048738,1303608997.0,78120977,78121057
78121057,41.8693187706,-87.667128643,1303609000.0,78121016,78121099
78121099,41.8693119659,-87.6674668596,1303609003.0,78121057,78121143
78121143,41.8693116795,-87.6678148858,1303609006.0,78121099,78121186
78121186,41.8693090265,-87.668144021,1303609009.0,78121143,78121233
78121233,41.8693088244,-87.6684372276,1303609012.0,78121186,78121295
78121295,41.8693117419,-87.6686984483,1303609016.0,78121233,78121411
78121411,41.8693067247,-87.668947368,1303609023.0,78121295,78121479
78121479,41.8692862598,-87.6692829962,1303609027.0,78121411,78121532
78121532,41.8692705471,-87.6696146287,1303609030.0,78121479,78121584
78121584,41.8692601888,-87.6699355043,1303609033.0,78121532,78121639
78121639,41.8692589928,-87.6702700545,1303609036.0,78121584,78121696
78121696,41.8692601775,-87.6705979948,1303609039.0,78121639,78121749
78121749,41.8692707107,-87.6708905796,1303609042.0,78121696,78121826
78121826,41.8692878061,-87.6711599191,1303609046.0,78121749,78122295
78122295,41.8692798638,-87.6714440491,1303609070.0,78121826,78122387
78122387,41.8693151946,-87.6717007183,1303609074.0,78122295,78122450
78122450,41.8693435466,-87.6720318649,1303609077.0,78122387,78122485
78122485,41.8693275035,-87.6723229508,1303609079.0,78122450,78122492
78122492,41.8693033711,-87.6726010713,1303609081.0,78122485,78122531
78122531,41.8692921805,-87.672862019,1303609083.0,78122492,78122587
78122587,41.8692726861,-87.6731973091,1303609086.0,78122531,78122679
78122679,41.8692496997,-87.6734608107,1303609091.0,78122587,78122774
78122774,41.8692294512,-87.6737340067,1303609096.0,78122679,78122845
78122845,41.8692248658,-87.6740708225,1303609099.0,78122774,78122889
78122889,41.869219868,-87.6743449569,1303609101.0,78122845,78122938
78122938,41.8692167333,-87.6746429825,1303609103.0,78122889,78122984
78122984,41.8692060439,-87.6749370274,1303609105.0,78122938,78123034
78123034,41.8692012183,-87.6752290874,1303609107.0,78122984,78123083
78123083,41.8691940495,-87.67551142,1303609109.0,78123034,78123127
78123127,41.8691913523,-87.6758014454,1303609111.0,78123083,78123172
78123172,41.8691866471,-87.6760906877,1303609113.0,78123127,78123220
78123220,41.8691779408,-87.6763948793,1303609115.0,78123172,78123269
78123269,41.8691703238,-87.6767208324,1303609117.0,78123220,78123317
78123317,41.8691641534,-87.6770648949,1303609119.0,78123269,78123367
78123367,41.8691574888,-87.6774179104,1303609121.0,78123317,78123417
78123417,41.8691544319,-87.6777799131,1303609123.0,78123367,78123453
78123453,41.8691532468,-87.6781469255,1303609125.0,78123417,78123487
78123487,41.8691481785,-87.6785099487,1303609127.0,78123453,78123492
78123492,41.8691421333,-87.678867887,1303609129.0,78123487,78123500
78123500,41.8691390988,-87.679217929,1303609131.0,78123492,78123510
78123510,41.8691379178,-87.6795549283,1303609133.0,78123500,78123522
78123522,41.8691386243,-87.6798680588,1303609135.0,78123510,78123535
78123535,41.8691370275,-87.6801331623,1303609137.0,78123522,78123557
78123557,41.8691398948,-87.6804150334,1303609140.0,78123535,78123647
78123647,41.8691180567,-87.6807021078,1303609150.0,78123557,78123689
78123689,41.8690974101,-87.681055019,1303609154.0,78123647,78123711
78123711,41.8690911651,-87.6813199928,1303609156.0,78123689,78123734
78123734,41.8690833702,-87.6816149062,1303609158.0,78123711,78123758
78123758,41.8690782244,-87.6819138795,1303609160.0,78123734,78123782
78123782,41.8690726689,-87.6822039213,1303609162.0,78123758,78123807
78123807,41.8690707109,-87.6824798746,1303609164.0,78123782,78123833
78123833,41.869068067,-87.682738885,1303609166.0,78123807,78123872
78123872,41.8690632254,-87.683045931,1303609169.0,78123833,78123928
78123928,41.8690732796,-87.6832949526,1303609173.0,78123872,78124216
78124216,41.8690636358,-87.6835619289,1303609192.0,78123928,78124279
78124279,41.8690538904,-87.683858799,1303609196.0,78124216,78124333
78124333,41.869056943,-87.6841846876,1303609199.0,78124279,78124388
78124388,41.8690576633,-87.6844767683,1303609202.0,78124333,78124455
78124455,41.8690495977,-87.6847327806,1303609206.0,78124388,78124587
78124587,41.8690429724,-87.6850217602,1303609213.0,78124455,78124642
78124642,41.8690419468,-87.6853359315,1303609216.0,78124587,78124703
78124703,41.8690410473,-87.6856631411,1303609219.0,78124642,78124761
78124761,41.8690418674,-87.6859149483,1303609222.0,78124703,78124882
78124882,41.8692219621,-87.686046188,1303609228.0,78124761,78124963
78124963,41.8694809276,-87.6860421264,1303609232.0,78124882,78124992
78124992,41.8696648625,-87.6860460798,1303609234.0,78124963,78125036
78125036,41.8698638615,-87.6860550429,1303609236.0,78124992,78125084
78125084,41.8700638372,-87.6860632337,1303609238.0,78125036,78125128
78125128,41.8702608798,-87.6860643561,1303609240.0,78125084,78125169
78125169,41.8704469072,-87.6860695232,1303609242.0,78125128,78125226
78125226,41.8706960025,-87.6860907486,1303609245.0,78125169,78125293
78125293,41.8709261234,-87.6861014808,1303609248.0,78125226,78125366
78125366,41.8711741795,-87.6861270539,1303609251.0,78125293,78125389
78125389,41.8713611423,-87.6861365197,1303609253.0,78125366,78125428
78125428,41.8715591244,-87.6861450472,1303609255.0,78125389,78125466
78125466,41.8717610942,-87.6861520096,1303609257.0,78125428,78125487
78125487,41.8719610852,-87.6861599526,1303609259.0,78125466,78125517
78125517,41.8721580699,-87.6861685343,1303609261.0,78125487,78125554
78125554,41.8723610235,-87.6861666873,1303609263.0,78125517,78125589
78125589,41.8725670248,-87.68616885,1303609265.0,78125554,78125626
78125626,41.8727690204,-87.6861763053,1303609267.0,78125589,78125671
78125671,41.8729670495,-87.6861795395,1303609269.0,78125626,78125723
78125723,41.8731540455,-87.6861840848,1303609271.0,78125671,78125792
78125792,41.8734129887,-87.6861823908,1303609274.0,78125723,78125862
78125862,41.8736070948,-87.6861829187,1303609277.0,78125792,78126400
78126400,41.8738163685,-87.6861869385,1303609299.0,78125862,78126581
78126581,41.8739400988,-87.6859923213,1303609306.0,78126400,78126664
78126664,41.8739381074,-87.685750861,1303609309.0,78126581,78126742
78126742,41.8739377242,-87.6853967528,1303609312.0,78126664,78126792
78126792,41.8739411476,-87.6851437876,1303609314.0,78126742,78126844
78126844,41.8739437549,-87.6848828641,1303609316.0,78126792,78126894
78126894,41.8739442408,-87.6846198879,1303609318.0,78126844,78126947
78126947,41.8739466723,-87.6843589324,1303609320.0,78126894,78127002
78127002,41.8739513571,-87.6840997399,1303609322.0,78126947,78127058
78127058,41.8739568988,-87.6838398317,1303609324.0,78127002,78127114
78127114,41.8739579751,-87.6835687838,1303609326.0,78127058,78127168
78127168,41.873961045,-87.6832799016,1303609328.0,78127114,78127220
78127220,41.8739625273,-87.6829788831,1303609330.0,78127168,78127275
78127275,41.8739657398,-87.6826759015,1303609332.0,78127220,78127322
78127322,41.8739670171,-87.6823779282,1303609334.0,78127275,78127378
78127378,41.873969177,-87.6820949789,1303609336.0,78127322,78127435
78127435,41.8739745231,-87.6818419776,1303609338.0,78127378,78127528
78127528,41.8739854695,-87.6815798011,1303609341.0,78127435,78127687
78127687,41.8739842894,-87.68130184,1303609347.0,78127528,78127771
78127771,41.8739854148,-87.6810179169,1303609350.0,78127687,78127832
78127832,41.8739887556,-87.6807699493,1303609352.0,78127771,78127896
78127896,41.8739931776,-87.6804879982,1303609354.0,78127832,78127948
78127948,41.8739948098,-87.6801930341,1303609356.0,78127896,78128005
78128005,41.8739981377,-87.6798940051,1303609358.0,78127948,78128064
78128064,41.8740021365,-87.6795949911,1303609360.0,78128005,78128119
78128119,41.8740061751,-87.6792960056,1303609362.0,78128064,78128177
78128177,41.8740109555,-87.6789999616,1303609364.0,78128119,78128237
78128237,41.8740142719,-87.6787089631,1303609366.0,78128177,78128299
78128299,41.8740175302,-87.6784200006,1303609368.0,78128237,78128344
78128344,41.8740215592,-87.678127997,1303609370.0,78128299,78128406
78128406,41.8740248696,-87.6778439925,1303609372.0,78128344,78128465
78128465,41.8740280136,-87.6775720718,1303609374.0,78128406,78128527
78128527,41.8740307916,-87.6773140793,1303609376.0,78128465,78128625
78128625,41.8740263928,-87.676986145,1303609379.0,78128527,78128751
78128751,41.8740194133,-87.6767347341,1303609383.0,78128625,78128923
78128923,41.8739119312,-87.6765255963,1303609389.0,78128751,78129016
78129016,41.8737105469,-87.6764852252,1303609392.0,78128923,78129117
78129117,41.8734848293,-87.6764703657,1303609395.0,78129016,78129219
78129219,41.8732769954,-87.676460882,1303609398.0,78129117,78129312
78129312,41.8730660869,-87.6764491973,1303609401.0,78129219,78129406
78129406,41.8728180962,-87.6764393883,1303609404.0,78129312,78129472
78129472,41.8726370891,-87.676431464,1303609406.0,78129406,78129526
78129526,41.8724401359,-87.6764215656,1303609408.0,78129472,78129571
78129571,41.872233302,-87.6764109245,1303609410.0,78129526,78129633
78129633,41.8720274213,-87.6763899562,1303609412.0,78129571,78129702
78129702,41.8718342278,-87.6763678551,1303609414.0,78129633,78129809
78129809,41.8716091226,-87.6763502732,1303609417.0,78129702,78129947
78129947,41.8714443494,-87.6762570188,1303609421.0,78129809,78130060
78130060,41.8714285721,-87.6759471584,1303609425.0,78129947,78130136
78130136,41.8714341509,-87.675625967,1303609428.0,78130060,78130235
78130235,41.8714312992,-87.6753291666,1303609431.0,78130136,78130813
78130813,41.871452018,-87.6750531628,1303609448.0,78130235,78130914
78130914,41.8714625063,-87.6748089448,1303609451.0,78130813,78131022
78131022,41.8714705618,-87.6744645177,1303609454.0,78130914,78131132
78131132,41.8714767818,-87.6741411796,1303609457.0,78131022,78131298
78131298,41.8714896967,-87.673827621,1303609463.0,78131132,78131427
78131427,41.8714986828,-87.673491492,1303609467.0,78131298,78131499
78131499,41.8715039099,-87.6732464504,1303609469.0,78131427,78131570
78131570,41.8715085265,-87.6729721521,1303609471.0,78131499,78131642
78131642,41.871511775,-87.672699179,1303609473.0,78131570,78131712
78131712,41.8715186778,-87.6724371561,1303609475.0,78131642,78131811
78131811,41.8715255712,-87.6721059712,1303609478.0,78131712,78131947
78131947,41.8715217097,-87.6718076517,1303609482.0,78131811,78132084
78132084,41.8715315442,-87.6715178707,1303609486.0,78131947,78132201
78132201,41.8715388118,-87.6711899133,1303609489.0,78132084,78132277
78132277,41.8715450749,-87.6709260843,1303609491.0,78132201,78132349
78132349,41.8715468356,-87.6706650044,1303609493.0,78132277,78132452
78132452,41.8715444579,-87.6703349028,1303609496.0,78132349,78132589
78132589,41.8715437413,-87.6700699158,1303609500.0,78132452,78133255
78133255,41.8715757029,-87.6697481975,1303609519.0,78132589,78133361
78133361,41.8715803933,-87.669447536,1303609522.0,78133255,78133513
78133513,41.8715848274,-87.6692002892,1303609526.0,78133361,78133771
78133771,41.8714486905,-87.6690314168,1303609533.0,78133513,78133863
78133863,41.8712585684,-87.6690433832,1303609536.0,78133771,78133970
78133970,41.870988866,-87.6690502433,1303609539.0,78133863,78134047
78134047,41.8707680893,-87.6690457223,1303609541.0,78133970,78134128
78134128,41.8705431096,-87.6690401421,1303609543.0,78134047,78134203
78134203,41.8703219819,-87.6690326017,1303609545.0,78134128,78134279
78134279,41.8701099482,-87.6690262268,1303609547.0,78134203,78134347
78134347,41.8699059489,-87.6690219097,1303609549.0,78134279,78134416
78134416,41.8697139689,-87.6690171861,1303609551.0,78134347,78134506
78134506,41.8694666934,-87.669010434,1303609554.0,78134416,78134698
78134698,41.8692678531,-87.6690048902,1303609560.0,78134506,78134804
78134804,41.8691619513,-87.6688097615,1303609564.0,78134698,78134901
78134901,41.8691512365,-87.668497256,1303609567.0,78134804,78134963
78134963,41.8691665327,-87.6682380775,1303609569.0,78134901,78135021
78135021,41.8691719162,-87.6679628548,1303609571.0,78134963,78135078
78135078,41.8691783273,-87.6676859311,1303609573.0,78135021,78135139
78135139,41.8691912738,-87.6674239009,1303609575.0,78135078,78135229
78135229,41.8692006036,-87.6671116481,1303609578.0,78135139,78135827
78135827,41.8692055285,-87.6668547983,1303609596.0,78135229,None
