71870199,41.8714818167,-87.6733767641,1302876562.0,None,71870334
71870334,41.8715079947,-87.6730722095,1302876569.0,71870199,71870403
71870403,41.871521785,-87.6728100192,1302876572.0,71870334,71870470
71870470,41.8715393351,-87.6725379823,1302876575.0,71870403,71870505
71870505,41.8715492884,-87.6722708665,1302876578.0,71870470,71870532
71870532,41.871550284,-87.6719659712,1302876582.0,71870505,71871010
71871010,41.8714932581,-87.671703952,1302876604.0,71870532,71871106
71871106,41.8714860974,-87.6714151536,1302876608.0,71871010,71871179
71871179,41.8715013841,-87.671113379,1302876611.0,71871106,71871249
71871249,41.8715102638,-87.6707902493,1302876614.0,71871179,71871325
71871325,41.8715104335,-87.6704860183,1302876617.0,71871249,71871402
71871402,41.8715151679,-87.6702379642,1302876620.0,71871325,71871937
71871937,41.8715408909,-87.6699663177,1302876641.0,71871402,71872121
71872121,41.8716155554,-87.6697435037,1302876648.0,71871937,71872328
71872328,41.8716074807,-87.6694945832,1302876656.0,71872121,71872549
71872549,41.871596581,-87.6692401444,1302876664.0,71872328,71872683
71872683,41.8714219789,-87.6691855592,1302876669.0,71872549,71872761
71872761,41.8712133117,-87.6691818377,1302876672.0,71872683,71872814
71872814,41.8710313041,-87.6691723352,1302876674.0,71872761,71872872
71872872,41.8708252657,-87.6691634065,1302876676.0,71872814,71872932
71872932,41.8706081713,-87.6691524454,1302876678.0,71872872,71872976
71872976,41.8704001391,-87.6691344999,1302876680.0,71872932,71873033
71873033,41.870207127,-87.6691204697,1302876682.0,71872976,71873122
71873122,41.8699541346,-87.6690984733,1302876685.0,71873033,71873211
71873211,41.869725023,-87.6690795817,1302876688.0,71873122,71873294
71873294,41.8695220571,-87.6690836564,1302876691.0,71873211,71873434
71873434,41.8693330037,-87.669074987,1302876696.0,71873294,71873607
71873607,41.8691249635,-87.6690699031,1302876702.0,71873434,71873700
71873700,41.8688840933,-87.6690616541,1302876705.0,71873607,71873760
71873760,41.8686798961,-87.6690568071,1302876707.0,71873700,71873817
71873817,41.8684577821,-87.6690526934,1302876709.0,71873760,71873874
71873874,41.8682298301,-87.6690477707,1302876711.0,71873817,71873937
71873937,41.8680078623,-87.6690440145,1302876713.0,71873874,71873994
71873994,41.8677998943,-87.6690445111,1302876715.0,71873937,71874052
71874052,41.8676149353,-87.6690418244,1302876717.0,71873994,71874146
71874146,41.8673909801,-87.6690331505,1302876720.0,71874052,71874276
71874276,41.8671898752,-87.6690312433,1302876724.0,71874146,71874393
71874393,41.8670039843,-87.6690140293,1302876728.0,71874276,71874513
71874513,41.8668295512,-87.6689448278,1302876732.0,71874393,71874627
71874627,41.8667902671,-87.6686832954,1302876736.0,71874513,71874728
71874728,41.8667861155,-87.6684009634,1302876739.0,71874627,71874831
71874831,41.8667861959,-87.668088002,1302876742.0,71874728,71874929
71874929,41.8667865478,-87.6677879995,1302876745.0,71874831,71875044
71875044,41.8667858224,-87.6675150994,1302876749.0,71874929,71875508
71875508,41.8667857942,-87.6672541375,1302876763.0,71875044,71875631
71875631,41.8667914683,-87.6669780628,1302876767.0,71875508,71875724
71875724,41.8667918032,-87.6666480691,1302876770.0,71875631,71875794
71875794,41.8667914209,-87.6664042577,1302876772.0,71875724,71875866
71875866,41.866790289,-87.6661571212,1302876774.0,71875794,71875936
71875936,41.8667915427,-87.6659071395,1302876776.0,71875866,71876001
71876001,41.866794691,-87.6656541668,1302876778.0,71875936,71876069
71876069,41.8667970488,-87.6653811891,1302876780.0,71876001,71876135
71876135,41.8668010925,-87.6650971462,1302876782.0,71876069,71876193
71876193,41.8668035086,-87.6648061239,1302876784.0,71876135,71876258
71876258,41.8668067412,-87.66451411,1302876786.0,71876193,71876330
71876330,41.8668124832,-87.664219105,1302876788.0,71876258,71876406
71876406,41.8668183829,-87.6639221423,1302876790.0,71876330,71876468
71876468,41.8668232769,-87.6636261443,1302876792.0,71876406,71876540
71876540,41.8668291566,-87.6633191361,1302876794.0,71876468,71876610
71876610,41.8668341983,-87.6629831237,1302876796.0,71876540,71876675
71876675,41.8668400142,-87.6626360957,1302876798.0,71876610,71876741
71876741,41.8668473836,-87.6622950631,1302876800.0,71876675,71876805
71876805,41.8668529669,-87.6619560875,1302876802.0,71876741,71876879
71876879,41.8668613884,-87.6616211688,1302876804.0,71876805,71876951
71876951,41.8668681482,-87.6612900786,1302876806.0,71876879,71877023
71877023,41.8668706509,-87.6609650921,1302876808.0,71876951,71877094
71877094,41.8668747844,-87.6606420626,1302876810.0,71877023,71877168
71877168,41.8668790775,-87.6603260687,1302876812.0,71877094,71877242
71877242,41.8668842347,-87.6600240717,1302876814.0,71877168,71877314
71877314,41.8668917634,-87.6597320762,1302876816.0,71877242,71877382
71877382,41.8668966891,-87.6594490873,1302876818.0,71877314,71877444
71877444,41.8669023484,-87.6591840453,1302876820.0,71877382,71877510
71877510,41.8669063028,-87.6589320474,1302876822.0,71877444,71877617
71877617,41.866910362,-87.6585850688,1302876825.0,71877510,71877730
71877730,41.8669136482,-87.6582640872,1302876828.0,71877617,71877841
71877841,41.8669203077,-87.6579560559,1302876831.0,71877730,71877950
71877950,41.8669278307,-87.6576370956,1302876834.0,71877841,71878054
71878054,41.8669327803,-87.6573490691,1302876837.0,71877950,71878202
71878202,41.8669379453,-87.6570500674,1302876841.0,71878054,71878342
71878342,41.8669427816,-87.6567300472,1302876845.0,71878202,71878455
71878455,41.8669472408,-87.6564411888,1302876848.0,71878342,71878561
71878561,41.8669530516,-87.6560808624,1302876851.0,71878455,71878622
71878622,41.8669579233,-87.6558268223,1302876853.0,71878561,71878627
71878627,41.8669606651,-87.6555809163,1302876855.0,71878622,71878640
71878640,41.8669624333,-87.6552589573,1302876858.0,71878627,71878657
71878657,41.866965145,-87.6549649498,1302876861.0,71878640,71878677
71878677,41.86697103,-87.6547219024,1302876864.0,71878657,71878716
71878716,41.8669792555,-87.6544649247,1302876869.0,71878677,71879007
71879007,41.8669901578,-87.6542179145,1302876895.0,71878716,71879077
71879077,41.8669976387,-87.6539568858,1302876900.0,71879007,71879135
71879135,41.8670040922,-87.6536859339,1302876904.0,71879077,71879176
71879176,41.8670081772,-87.6534409212,1302876907.0,71879135,71879223
71879223,41.867005135,-87.6531859415,1302876910.0,71879176,71879269
71879269,41.8670014703,-87.6528919523,1302876913.0,71879223,71879318
71879318,41.8669996312,-87.6525770168,1302876916.0,71879269,71879368
71879368,41.8670028963,-87.652241018,1302876919.0,71879318,71879400
71879400,41.8670068874,-87.6519959953,1302876921.0,71879368,71879432
71879432,41.867010013,-87.6517543678,1302876923.0,71879400,71879486
71879486,41.8670267596,-87.6514158738,1302876926.0,71879432,71879539
71879539,41.8670391989,-87.6511640638,1302876929.0,71879486,71879779
71879779,41.8671327936,-87.6509590976,1302876942.0,71879539,71879857
71879857,41.8673425973,-87.6509442076,1302876946.0,71879779,71879916
71879916,41.8675668655,-87.650958951,1302876949.0,71879857,71879973
71879973,41.8678157566,-87.650979487,1302876952.0,71879916,71880014
71880014,41.8680007907,-87.6509894011,1302876954.0,71879973,71880053
71880053,41.8682028003,-87.6509975653,1302876956.0,71880014,71880093
71880093,41.8684158055,-87.6510056287,1302876958.0,71880053,71880137
71880137,41.868625808,-87.6510126836,1302876960.0,71880093,71880180
71880180,41.8688377383,-87.6510199548,1302876962.0,71880137,71880222
71880222,41.8690543595,-87.6510276374,1302876964.0,71880180,71880263
71880263,41.8692422201,-87.6510476375,1302876966.0,71880222,71880329
71880329,41.8694337467,-87.6510602829,1302876969.0,71880263,71880461
71880461,41.8695354701,-87.6508097978,1302876975.0,71880329,71880519
71880519,41.8695125487,-87.6505540611,1302876978.0,71880461,71880560
71880560,41.8695001156,-87.6502218617,1302876981.0,71880519,71880595
71880595,41.8694958537,-87.6498979204,1302876984.0,71880560,71880638
71880638,41.869492486,-87.6495960012,1302876987.0,71880595,71880697
71880697,41.8694897542,-87.6493099941,1302876990.0,71880638,71880769
71880769,41.8694860331,-87.649037,1302876993.0,71880697,71880848
71880848,41.8694854898,-87.6487630173,1302876996.0,71880769,71880938
71880938,41.8694789591,-87.6484710843,1302877000.0,71880848,71881375
71881375,41.8694803081,-87.6481852822,1302877018.0,71880938,71881455
71881455,41.8694764,-87.6478961579,1302877022.0,71881375,71881537
71881537,41.8694830235,-87.6475871364,1302877025.0,71881455,71881618
71881618,41.8694952348,-87.6473057472,1302877028.0,71881537,71881719
71881719,41.8694490613,-87.6470470874,1302877032.0,71881618,71881813
71881813,41.8692428497,-87.6470099242,1302877036.0,71881719,71881897
71881897,41.869002763,-87.6470207749,1302877039.0,71881813,71881955
71881955,41.8688007165,-87.6470183169,1302877041.0,71881897,71882010
71882010,41.8685688201,-87.6470169056,1302877043.0,71881955,71882066
71882066,41.8683289511,-87.6470128504,1302877045.0,71882010,71882117
71882117,41.8681042143,-87.6470150865,1302877047.0,71882066,71882165
71882165,41.8679031664,-87.6470194105,1302877049.0,71882117,71882245
71882245,41.8676759502,-87.6470198628,1302877052.0,71882165,None
