101220941,41.8743674764,-87.6566252226,1304080860.0,None,101221357
101221357,41.8743489764,-87.6569451206,1304080875.0,101220941,101221448
101221448,41.8743458578,-87.6572520592,1304080878.0,101221357,101221541
101221541,41.8743417538,-87.657587127,1304080881.0,101221448,101221622
101221622,41.87433731,-87.6579559615,1304080884.0,101221541,101221680
101221680,41.8743304541,-87.6582259375,1304080886.0,101221622,101221741
101221741,41.8743145907,-87.6585120399,1304080888.0,101221680,101221803
101221803,41.874302309,-87.6588100785,1304080890.0,101221741,101221867
101221867,41.8742956714,-87.659125088,1304080892.0,101221803,101221930
101221930,41.8742914797,-87.659452068,1304080894.0,101221867,101221991
101221991,41.8742873018,-87.6597900763,1304080896.0,101221930,101222059
101222059,41.8742806331,-87.6601350748,1304080898.0,101221991,101222115
101222115,41.8742764118,-87.6604810853,1304080900.0,101222059,101222171
101222171,41.8742722855,-87.6608160975,1304080902.0,101222115,101222235
101222235,41.8742655071,-87.6611321203,1304080904.0,101222171,101222299
101222299,41.8742596101,-87.6614231145,1304080906.0,101222235,101222366
101222366,41.8742578166,-87.661713019,1304080908.0,101222299,101222428
101222428,41.874255099,-87.6620160661,1304080910.0,101222366,101222493
101222493,41.8742492707,-87.662333067,1304080912.0,101222428,101222552
101222552,41.874243343,-87.6626610413,1304080914.0,101222493,101222614
101222614,41.8742407341,-87.6629979956,1304080916.0,101222552,101222679
101222679,41.8742405802,-87.6633449281,1304080918.0,101222614,101222745
101222745,41.8742470025,-87.6637018883,1304080920.0,101222679,101222811
101222811,41.8742562414,-87.6640488843,1304080922.0,101222745,101222878
101222878,41.874265683,-87.6643898949,1304080924.0,101222811,101222939
101222939,41.87427352,-87.6647209146,1304080926.0,101222878,101223003
101223003,41.8742796715,-87.6650489164,1304080928.0,101222939,101223073
101223073,41.8742806322,-87.6653639291,1304080930.0,101223003,101223137
101223137,41.8742759788,-87.6656428747,1304080932.0,101223073,101223237
101223237,41.8742697955,-87.665973907,1304080935.0,101223137,101223758
101223758,41.8742569231,-87.6662392472,1304080951.0,101223237,101223871
101223871,41.8742581129,-87.6665281303,1304080955.0,101223758,101223979
101223979,41.8742489514,-87.6668229109,1304080958.0,101223871,101224090
101224090,41.8741497464,-87.6671013461,1304080961.0,101223979,101224167
101224167,41.8740814898,-87.6673460947,1304080963.0,101224090,101224228
101224228,41.8739672874,-87.6676151536,1304080965.0,101224167,101224292
101224292,41.8738601034,-87.6678580156,1304080967.0,101224228,101224356
101224356,41.8738390379,-87.6681080279,1304080969.0,101224292,101224450
101224450,41.8738640612,-87.6684229837,1304080972.0,101224356,101224627
101224627,41.8738559943,-87.6686678281,1304080977.0,101224450,101225152
101225152,41.8740216048,-87.6688096994,1304080992.0,101224627,101225289
101225289,41.8741130914,-87.6690308507,1304080996.0,101225152,101225593
101225593,41.8739282013,-87.6690316271,1304081004.0,101225289,101225705
101225705,41.8737130235,-87.6690532725,1304081007.0,101225593,101225772
101225772,41.8735239579,-87.6690561213,1304081009.0,101225705,101225840
101225840,41.8732758447,-87.6690440014,1304081012.0,101225772,101225873
101225873,41.8730958741,-87.6690178434,1304081019.0,101225840,101225959
101225959,41.8729097004,-87.6688903326,1304081030.0,101225873,101225978
101225978,41.8727070872,-87.6688881373,1304081032.0,101225959,101225998
101225998,41.8724720524,-87.6689039653,1304081034.0,101225978,101226018
101226018,41.8722050098,-87.6689077141,1304081036.0,101225998,101226051
101226051,41.8719930131,-87.668961955,1304081039.0,101226018,101226109
101226109,41.8717872941,-87.6690539498,1304081045.0,101226051,101226161
101226161,41.8715841865,-87.669057515,1304081049.0,101226109,101226199
101226199,41.871317747,-87.6690549599,1304081052.0,101226161,101226227
101226227,41.8711017654,-87.6690532562,1304081054.0,101226199,101226254
101226254,41.8708680251,-87.6690509698,1304081056.0,101226227,101226281
101226281,41.8706191471,-87.6690452385,1304081058.0,101226254,101226311
101226311,41.8703780631,-87.6690434818,1304081060.0,101226281,101226341
101226341,41.8701310062,-87.6690450839,1304081062.0,101226311,101226364
101226364,41.8699110339,-87.6690458682,1304081064.0,101226341,101226395
101226395,41.8697260185,-87.6690477429,1304081066.0,101226364,101226445
101226445,41.8695269253,-87.6690277727,1304081069.0,101226395,101226538
101226538,41.8693357223,-87.6690528659,1304081075.0,101226445,101226620
101226620,41.8692808364,-87.6693189029,1304081080.0,101226538,101226670
101226670,41.8692655168,-87.6697168607,1304081084.0,101226620,101226709
101226709,41.8692676359,-87.6699635422,1304081086.0,101226670,101226744
101226744,41.8692729182,-87.6702220018,1304081088.0,101226709,101226779
101226779,41.86927425,-87.6704849195,1304081090.0,101226744,101226814
101226814,41.8692725267,-87.6707372918,1304081092.0,101226779,101226869
101226869,41.8692718289,-87.6710326116,1304081095.0,101226814,101226966
101226966,41.869271382,-87.6712913891,1304081100.0,101226869,101227101
101227101,41.8692636526,-87.6715433048,1304081107.0,101226966,101227182
101227182,41.8693347292,-87.6718277998,1304081111.0,101227101,101227221
101227221,41.8693377775,-87.6720888731,1304081113.0,101227182,101227263
101227263,41.8693212246,-87.6723929684,1304081115.0,101227221,101227305
101227305,41.8693122825,-87.6726910788,1304081117.0,101227263,101227346
101227346,41.869307632,-87.6729499948,1304081119.0,101227305,101227401
101227401,41.8692936011,-87.6732651391,1304081122.0,101227346,101227818
101227818,41.869254394,-87.6735284246,1304081141.0,101227401,101227933
101227933,41.8692108315,-87.6738318862,1304081146.0,101227818,101228008
101228008,41.8691996479,-87.6741430238,1304081149.0,101227933,101228061
101228061,41.8691877059,-87.674503109,1304081152.0,101228008,101228104
101228104,41.8691837527,-87.6747641365,1304081154.0,101228061,101228127
101228127,41.8691797835,-87.6750311085,1304081156.0,101228104,101228170
101228170,41.8691779152,-87.6752901777,1304081158.0,101228127,101228207
101228207,41.8691897872,-87.6756376414,1304081161.0,101228170,101228268
101228268,41.8691991837,-87.6758864997,1304081164.0,101228207,101228492
101228492,41.8692049191,-87.676141897,1304081174.0,101228268,101228652
101228652,41.8694169583,-87.676208476,1304081180.0,101228492,101228747
101228747,41.8696089996,-87.6762000456,1304081184.0,101228652,101228853
101228853,41.8698120148,-87.6761947779,1304081188.0,101228747,101228959
101228959,41.8700130511,-87.6761994396,1304081192.0,101228853,101229066
101229066,41.8702460667,-87.6762117288,1304081196.0,101228959,101229141
101229141,41.8704960584,-87.6762181094,1304081199.0,101229066,101229197
101229197,41.8706869776,-87.6762195857,1304081201.0,101229141,101229250
101229250,41.8708799819,-87.6762205461,1304081203.0,101229197,101229329
101229329,41.8711390101,-87.6762217338,1304081206.0,101229250,101229447
101229447,41.8713523534,-87.6762314512,1304081210.0,101229329,101229666
101229666,41.8714734045,-87.6760484419,1304081218.0,101229447,101229777
101229777,41.8714630462,-87.675734878,1304081222.0,101229666,101229869
101229869,41.8714621309,-87.6754709359,1304081225.0,101229777,101229985
101229985,41.8714654557,-87.6752121179,1304081229.0,101229869,None
