34100598,41.8675150163,-87.6470461878,1302371928.0,None,34101166
34101166,41.8673238671,-87.647049865,1302371957.0,34100598,34101432
34101432,41.8671883434,-87.6472622165,1302371968.0,34101166,34101500
34101500,41.8671884425,-87.6475032794,1302371971.0,34101432,34101581
34101581,41.8671881009,-87.6478211689,1302371974.0,34101500,34101656
34101656,41.8671860689,-87.6481762438,1302371977.0,34101581,34101720
34101720,41.867183824,-87.6485212492,1302371980.0,34101656,34101795
34101795,41.8671798389,-87.6488301789,1302371983.0,34101720,34101903
34101903,41.8671729672,-87.649086191,1302371987.0,34101795,34102661
34102661,41.8671725368,-87.6493771512,1302372016.0,34101903,34102746
34102746,41.8671727118,-87.6496390627,1302372019.0,34102661,34102829
34102829,41.8671680026,-87.6499570798,1302372022.0,34102746,34102907
34102907,41.8671639376,-87.6502970433,1302372025.0,34102829,34102993
34102993,41.8671622476,-87.650619913,1302372028.0,34102907,34103078
34103078,41.8671623346,-87.6508869605,1302372031.0,34102993,34103195
34103195,41.8673041319,-87.6510290953,1302372035.0,34103078,34103281
34103281,41.8674922352,-87.651017925,1302372038.0,34103195,34103361
34103361,41.8677151578,-87.6510198628,1302372041.0,34103281,34103454
34103454,41.8679601121,-87.6510276177,1302372044.0,34103361,34103536
34103536,41.8682190823,-87.6510358631,1302372047.0,34103454,34103627
34103627,41.8684790383,-87.6510406871,1302372050.0,34103536,34103692
34103692,41.8689069725,-87.6510506892,1302372055.0,34103627,34103767
34103767,41.8691459787,-87.6510731459,1302372058.0,34103692,34103860
34103860,41.8693276355,-87.6510999146,1302372061.0,34103767,34104011
34104011,41.8695046991,-87.6512447011,1302372066.0,34103860,34104103
34104103,41.8695230185,-87.651487088,1302372069.0,34104011,34104195
34104195,41.8695119655,-87.6517881527,1302372072.0,34104103,34104287
34104287,41.8694963405,-87.6521431239,1302372075.0,34104195,34104351
34104351,41.8694868269,-87.6523931253,1302372077.0,34104287,34104409
34104409,41.8694780654,-87.652647112,1302372079.0,34104351,34104477
34104477,41.8694764889,-87.6529020476,1302372081.0,34104409,34104544
34104544,41.8694757146,-87.6531520322,1302372083.0,34104477,34104630
34104630,41.8694713251,-87.6535060401,1302372086.0,34104544,34104721
34104721,41.8694697285,-87.6538239992,1302372089.0,34104630,34104840
34104840,41.869475258,-87.6540748967,1302372093.0,34104721,34105036
34105036,41.8694850224,-87.6543179614,1302372099.0,34104840,34105160
34105160,41.8694901099,-87.6546478865,1302372103.0,34105036,34105252
34105252,41.8694833549,-87.6549509275,1302372106.0,34105160,34105356
34105356,41.8694729775,-87.6552599754,1302372109.0,34105252,34105462
34105462,41.8694681729,-87.6555499382,1302372112.0,34105356,34105561
34105561,41.8694560962,-87.6558498851,1302372115.0,34105462,34105655
34105655,41.8694511218,-87.6561368901,1302372118.0,34105561,34105750
34105750,41.8694597949,-87.6564249113,1302372121.0,34105655,34105847
34105847,41.8694673723,-87.6567463008,1302372124.0,34105750,34105949
34105949,41.8694545579,-87.6570932264,1302372127.0,34105847,34106046
34106046,41.8694318247,-87.6574511306,1302372130.0,34105949,34106148
34106148,41.8694230264,-87.6578080808,1302372133.0,34106046,34106249
34106249,41.8694160814,-87.6581730998,1302372136.0,34106148,34106316
34106316,41.8694036706,-87.6584280962,1302372138.0,34106249,34106383
34106383,41.8693958176,-87.6586871129,1302372140.0,34106316,34106448
34106448,41.8693928004,-87.6589480859,1302372142.0,34106383,34106518
34106518,41.8693896854,-87.6592051023,1302372144.0,34106448,34106568
34106568,41.8693875639,-87.6594590817,1302372146.0,34106518,34106617
34106617,41.8693836275,-87.6597140772,1302372148.0,34106568,34106682
34106682,41.8693814669,-87.6599750766,1302372150.0,34106617,34106745
34106745,41.8693745989,-87.6602340899,1302372152.0,34106682,34106818
34106818,41.869370477,-87.6604870707,1302372154.0,34106745,34106883
34106883,41.869366499,-87.6607290591,1302372156.0,34106818,34106991
34106991,41.8693721201,-87.6610721043,1302372159.0,34106883,34107087
34107087,41.869377137,-87.6614111478,1302372162.0,34106991,34107198
34107198,41.8693666889,-87.6617551166,1302372165.0,34107087,34107297
34107297,41.8693407376,-87.6621070346,1302372168.0,34107198,34107366
34107366,41.8693248302,-87.6623480683,1302372170.0,34107297,34107443
34107443,41.869317785,-87.6625930638,1302372172.0,34107366,34107543
34107543,41.8693086941,-87.6629480462,1302372175.0,34107443,34107646
34107646,41.8693050287,-87.6632761226,1302372178.0,34107543,34107760
34107760,41.8693038976,-87.6635791085,1302372181.0,34107646,34107869
34107869,41.8693006924,-87.6638290825,1302372184.0,34107760,34108080
34108080,41.8693109643,-87.6640741449,1302372190.0,34107869,34108225
34108225,41.8693338282,-87.6643811004,1302372194.0,34108080,34108331
34108331,41.8693298208,-87.6646770643,1302372197.0,34108225,34108437
34108437,41.8693227819,-87.6649811,1302372200.0,34108331,34108548
34108548,41.8693169031,-87.66526107,1302372203.0,34108437,34108655
34108655,41.8693051693,-87.66551314,1302372206.0,34108548,34108703
34108703,41.8693005058,-87.6657702874,1302372216.0,34108655,34108741
34108741,41.8693016272,-87.6660243713,1302372221.0,34108703,34108767
34108767,41.8693013654,-87.6662853227,1302372224.0,34108741,34108795
34108795,41.8692957266,-87.6666031962,1302372227.0,34108767,34108825
34108825,41.8692838011,-87.6669561609,1302372230.0,34108795,34108846
34108846,41.8692738318,-87.6672010713,1302372232.0,34108825,34108868
34108868,41.8692657858,-87.667454087,1302372234.0,34108846,34108890
34108890,41.869259831,-87.6676990841,1302372236.0,34108868,34108926
34108926,41.8692502117,-87.6680458853,1302372239.0,34108890,34108962
34108962,41.8692530043,-87.6683661911,1302372242.0,34108926,34109014
34109014,41.8692593811,-87.668658504,1302372246.0,34108962,34109124
34109124,41.8692576007,-87.6689591542,1302372254.0,34109014,34109178
34109178,41.8692511914,-87.669257602,1302372258.0,34109124,34109226
34109226,41.8692510727,-87.6695498831,1302372261.0,34109178,34109269
34109269,41.8692635552,-87.6698713884,1302372264.0,34109226,34109317
34109317,41.8692716668,-87.6702050144,1302372267.0,34109269,34109367
34109367,41.869293899,-87.6705309,1302372270.0,34109317,34109415
34109415,41.8692825199,-87.670844414,1302372273.0,34109367,34109459
34109459,41.8692652682,-87.6711087465,1302372276.0,34109415,34109618
34109618,41.8692653246,-87.671386048,1302372285.0,34109459,34109676
34109676,41.8692926864,-87.6716329548,1302372288.0,34109618,34109731
34109731,41.869384607,-87.6719799823,1302372291.0,34109676,34109767
34109767,41.8694735032,-87.6722489322,1302372293.0,34109731,34109825
34109825,41.8694687315,-87.6726030551,1302372296.0,34109767,34109887
34109887,41.8694842142,-87.6729198825,1302372299.0,34109825,34109944
34109944,41.8694967776,-87.6732020117,1302372302.0,34109887,34110022
34110022,41.8694745431,-87.6734640055,1302372306.0,34109944,34110124
34110124,41.8693809265,-87.6736964373,1302372311.0,34110022,34110187
34110187,41.8693479415,-87.6739440043,1302372314.0,34110124,34110243
34110243,41.8693124173,-87.6742509888,1302372317.0,34110187,34110309
34110309,41.8692790809,-87.6745959385,1302372320.0,34110243,34110353
34110353,41.8692558947,-87.6748399296,1302372322.0,34110309,34110394
34110394,41.8692390527,-87.6750939955,1302372324.0,34110353,34110439
34110439,41.8692207507,-87.6753562002,1302372326.0,34110394,34110484
34110484,41.8692075779,-87.6756076599,1302372328.0,34110439,34110546
34110546,41.8691889579,-87.6758674664,1302372331.0,34110484,None
