44024723,41.8673401256,-87.6470140999,1304006747.0,None,44024803
44024803,41.867236738,-87.6472162355,1304006754.0,44024723,44024839
44024839,41.8672260957,-87.6474928496,1304006757.0,44024803,44024878
44024878,41.8672199637,-87.6478249746,1304006760.0,44024839,44024904
44024904,41.867215549,-87.6480769675,1304006762.0,44024878,44024931
44024931,41.867210651,-87.6483549646,1304006764.0,44024904,44024959
44024959,41.867203586,-87.6486549098,1304006766.0,44024931,44024987
44024987,41.8671980643,-87.6489668709,1304006768.0,44024959,44025015
44025015,41.8671917984,-87.6492688601,1304006770.0,44024987,44025045
44025045,41.8671862594,-87.6495549085,1304006772.0,44025015,44025075
44025075,41.8671819956,-87.6498109615,1304006774.0,44025045,44025120
44025120,41.8671751547,-87.6501569505,1304006777.0,44025075,44025152
44025152,41.8671697241,-87.6504058843,1304006779.0,44025120,44025184
44025184,41.867163342,-87.6506719415,1304006781.0,44025152,44025214
44025214,41.8671600939,-87.6509441244,1304006783.0,44025184,44025246
44025246,41.8671551883,-87.6512266163,1304006785.0,44025214,44025280
44025280,41.8671531512,-87.6515018027,1304006787.0,44025246,44025314
44025314,41.867149159,-87.6517545822,1304006789.0,44025280,44025365
44025365,41.8671439835,-87.652070137,1304006792.0,44025314,44025418
44025418,41.8671388065,-87.6523661643,1304006795.0,44025365,44025490
44025490,41.8671328806,-87.6526712135,1304006799.0,44025418,44025563
44025563,41.8671276382,-87.6529931733,1304006803.0,44025490,44025618
44025618,41.8671234291,-87.6532952358,1304006806.0,44025563,44025675
44025675,41.8671161288,-87.6536453806,1304006809.0,44025618,44025734
44025734,41.8671105059,-87.6539482847,1304006812.0,44025675,44025851
44025851,41.8671081838,-87.6542111406,1304006818.0,44025734,44026067
44026067,41.867103017,-87.6544672074,1304006829.0,44025851,44026167
44026167,41.867097125,-87.6547482438,1304006834.0,44026067,44026337
44026337,41.8670946335,-87.6549990827,1304006842.0,44026167,44026742
44026742,41.8670893178,-87.6552461107,1304006863.0,44026337,44026987
44026987,41.8670871394,-87.655492087,1304006875.0,44026742,44027244
44027244,41.8670822598,-87.6557730196,1304006886.0,44026987,44027400
44027400,41.8670790058,-87.6560150253,1304006892.0,44027244,44027629
44027629,41.8670757931,-87.6562790452,1304006901.0,44027400,44028309
44028309,41.8670730915,-87.6565197913,1304006926.0,44027629,44028501
44028501,41.8670652626,-87.656774878,1304006933.0,44028309,44028589
44028589,41.867060388,-87.6570481369,1304006936.0,44028501,44028676
44028676,41.8670525771,-87.6573931797,1304006939.0,44028589,44028733
44028733,41.8670469781,-87.657658248,1304006941.0,44028676,44028783
44028783,41.8670412541,-87.6579452095,1304006943.0,44028733,44028837
44028837,41.8670362447,-87.6582502025,1304006945.0,44028783,44028894
44028894,41.867031318,-87.6585741987,1304006947.0,44028837,44028949
44028949,41.8670258013,-87.6589171966,1304006949.0,44028894,44029007
44029007,41.8670210764,-87.6592781711,1304006951.0,44028949,44029069
44029069,41.8670143395,-87.6596491771,1304006953.0,44029007,44029126
44029126,41.8670068503,-87.6600301915,1304006955.0,44029069,44029185
44029185,41.867000491,-87.6604191831,1304006957.0,44029126,44029246
44029246,41.8669962183,-87.6608231489,1304006959.0,44029185,44029304
44029304,41.8669918576,-87.661239156,1304006961.0,44029246,44029360
44029360,41.8669861343,-87.6616632061,1304006963.0,44029304,44029422
44029422,41.8669794236,-87.6620981181,1304006965.0,44029360,44029486
44029486,41.8669701171,-87.6625411804,1304006967.0,44029422,44029545
44029545,41.8669625372,-87.6629802078,1304006969.0,44029486,44029605
44029605,41.8669579847,-87.6634141926,1304006971.0,44029545,44029664
44029664,41.8669500468,-87.6638471933,1304006973.0,44029605,44029726
44029726,41.8669411102,-87.6642491847,1304006975.0,44029664,44029771
44029771,41.8669374888,-87.6646061684,1304006977.0,44029726,44029833
44029833,41.8669346908,-87.6649141777,1304006979.0,44029771,44029896
44029896,41.8669328305,-87.6651611401,1304006981.0,44029833,44029994
44029994,41.8669297719,-87.6654361588,1304006984.0,44029896,44030234
44030234,41.866924469,-87.665678152,1304006992.0,44029994,44030398
44030398,41.866922537,-87.6659930443,1304006997.0,44030234,44030496
44030496,41.8669213775,-87.6663061985,1304007000.0,44030398,44030560
44030560,41.8669228268,-87.6665502689,1304007002.0,44030496,44030626
44030626,41.8669225645,-87.6668230093,1304007004.0,44030560,44030688
44030688,41.866921034,-87.6671170485,1304007006.0,44030626,44030751
44030751,41.8669214504,-87.6674290111,1304007008.0,44030688,44030817
44030817,41.866924467,-87.667740918,1304007010.0,44030751,44030870
44030870,41.8669288832,-87.6680249116,1304007012.0,44030817,44030935
44030935,41.8669338887,-87.6682749446,1304007014.0,44030870,44031042
44031042,41.8669401502,-87.6685498254,1304007017.0,44030935,44031494
44031494,41.8669615895,-87.6687996373,1304007031.0,44031042,44031596
44031596,41.8671329967,-87.6689005036,1304007034.0,44031494,44031696
44031696,41.8673590607,-87.6689070165,1304007037.0,44031596,44031792
44031792,41.8676019961,-87.6689168686,1304007040.0,44031696,44032204
44032204,41.8677849692,-87.6689172107,1304007052.0,44031792,44033098
44033098,41.8679719588,-87.668929398,1304007078.0,44032204,44033454
44033454,41.8681589977,-87.668942047,1304007088.0,44033098,44033602
44033602,41.8683869945,-87.6689460668,1304007092.0,44033454,44033707
44033707,41.8686210204,-87.6689554171,1304007095.0,44033602,44033813
44033813,41.868844118,-87.6689681576,1304007098.0,44033707,44034000
44034000,41.8690342278,-87.6689712395,1304007103.0,44033813,44034532
44034532,41.8692205758,-87.6690511759,1304007118.0,44034000,44034682
44034682,41.8692418791,-87.6693767992,1304007122.0,44034532,44034800
44034800,41.8692333871,-87.6697256352,1304007125.0,44034682,44034872
44034872,41.8692271424,-87.6700128308,1304007127.0,44034800,44034939
44034939,41.8692305417,-87.6703170531,1304007129.0,44034872,44035004
44035004,41.8692382598,-87.6706159635,1304007131.0,44034939,44035076
44035076,41.8692428003,-87.670874206,1304007133.0,44035004,44035184
44035184,41.8692496915,-87.6711224351,1304007136.0,44035076,44035410
44035410,41.8692706001,-87.6714040453,1304007142.0,44035184,44035523
44035523,41.869258483,-87.6716623547,1304007145.0,44035410,44035635
44035635,41.8692611515,-87.6719538078,1304007148.0,44035523,44035742
44035742,41.8692641692,-87.6723220896,1304007151.0,44035635,44035811
44035811,41.8692583087,-87.6726260053,1304007153.0,44035742,44035883
44035883,41.8692491726,-87.672934236,1304007155.0,44035811,44035957
44035957,41.8692422791,-87.6732126697,1304007157.0,44035883,44036074
44036074,41.8692328837,-87.6735037166,1304007160.0,44035957,44036288
44036288,41.8693828147,-87.6737082764,1304007166.0,44036074,44036360
44036360,41.8695710418,-87.6737185117,1304007169.0,44036288,44036469
44036469,41.8698069287,-87.6737017017,1304007172.0,44036360,44036519
44036519,41.8700009424,-87.6736988935,1304007174.0,44036469,44036594
44036594,41.8702169512,-87.6736940093,1304007176.0,44036519,44036667
44036667,41.8704349684,-87.6737017911,1304007178.0,44036594,44036679
44036679,41.8708590424,-87.6737086407,1304007182.0,44036667,44036770
44036770,41.8711190616,-87.6737263105,1304007185.0,44036679,44036850
44036850,41.8713114059,-87.6737176902,1304007188.0,44036770,44036999
44036999,41.8714992473,-87.6736375662,1304007195.0,44036850,44037146
44037146,41.8714530269,-87.673380491,1304007211.0,44036999,44037370
44037370,41.871508098,-87.6730862194,1304007223.0,44037146,44037426
44037426,41.8715619842,-87.6724357668,1304007229.0,44037370,44037492
44037492,41.8715709665,-87.6721608564,1304007231.0,44037426,44037509
44037509,41.8715809232,-87.671549616,1304007235.0,44037492,44037573
44037573,41.8716033463,-87.6707967126,1304007240.0,44037509,44037642
44037642,41.8716081996,-87.6705458735,1304007242.0,44037573,44037690
44037690,41.8715922346,-87.6702497874,1304007245.0,44037642,44037947
44037947,41.8715962563,-87.6700025308,1304007262.0,44037690,44038096
44038096,41.8716380032,-87.6697045528,1304007267.0,44037947,44038250
44038250,41.8716344965,-87.6694329599,1304007271.0,44038096,44038417
44038417,41.871536718,-87.6691905837,1304007276.0,44038250,44038551
44038551,41.8713103567,-87.6691715556,1304007280.0,44038417,44038643
44038643,41.8710803427,-87.6691461961,1304007283.0,44038551,44038717
44038717,41.8708993508,-87.6691261514,1304007285.0,44038643,44038789
44038789,41.8706963241,-87.6691006121,1304007287.0,44038717,44038866
44038866,41.8704781725,-87.6690779225,1304007289.0,44038789,44038946
44038946,41.8702480628,-87.6690633609,1304007291.0,44038866,44039019
44039019,41.8700100413,-87.6690567941,1304007293.0,44038946,44039089
44039089,41.8697950052,-87.6690498587,1304007295.0,44039019,44039154
44039154,41.8696070365,-87.669046195,1304007297.0,44039089,44039250
44039250,41.8694097812,-87.669039589,1304007300.0,44039154,44039513
44039513,41.8692080172,-87.6690313717,1304007307.0,44039250,44039666
44039666,41.8689749354,-87.6690095166,1304007311.0,44039513,44039770
44039770,41.8687179213,-87.6689938064,1304007314.0,44039666,44039844
44039844,41.8685178654,-87.6689882177,1304007316.0,44039770,44039908
44039908,41.8683018995,-87.6689817795,1304007318.0,44039844,44039976
44039976,41.8680758723,-87.6689750306,1304007320.0,44039908,44040048
44040048,41.8678508921,-87.6689689662,1304007322.0,44039976,44040119
44040119,41.8676449091,-87.6689667898,1304007324.0,44040048,44040223
44040223,41.8673879042,-87.6689664207,1304007327.0,44040119,44040367
44040367,41.8671856534,-87.6689616691,1304007331.0,44040223,None
