8211469,41.86744616,-87.6470443545,1301833780.0,None,8211722
8211722,41.8672665738,-87.6470620515,1301833797.0,8211469,8211839
8211839,41.8672032424,-87.6473366796,1301833804.0,8211722,8211885
8211885,41.867192435,-87.6476261885,1301833807.0,8211839,8211918
8211918,41.8671965906,-87.6478691646,1301833809.0,8211885,8211957
8211957,41.8671929597,-87.6481382059,1301833811.0,8211918,8211991
8211991,41.8671870106,-87.6484222141,1301833813.0,8211957,8212027
8212027,41.8671823786,-87.648714172,1301833815.0,8211991,8212061
8212061,41.8671776763,-87.6490161558,1301833817.0,8212027,8212101
8212101,41.8671755785,-87.6493221215,1301833819.0,8212061,8212140
8212140,41.8671727926,-87.6496290527,1301833821.0,8212101,8212176
8212176,41.8671667205,-87.6499300991,1301833823.0,8212140,8212212
8212212,41.8671620685,-87.6502230698,1301833825.0,8212176,8212250
8212250,41.8671610538,-87.6504958327,1301833827.0,8212212,8212288
8212288,41.8671595214,-87.6507379409,1301833829.0,8212250,8212347
8212347,41.867178795,-87.6509899197,1301833832.0,8212288,8212449
8212449,41.8674009931,-87.6510583351,1301833837.0,8212347,8212512
8212512,41.8676162217,-87.6510308462,1301833840.0,8212449,8212550
8212550,41.8677972709,-87.6510383345,1301833842.0,8212512,8212592
8212592,41.8679982316,-87.6510445488,1301833844.0,8212550,8212632
8212632,41.8681982323,-87.6510551441,1301833846.0,8212592,8212678
8212678,41.8683952374,-87.6510660894,1301833848.0,8212632,8212722
8212722,41.8685932455,-87.6510745255,1301833850.0,8212678,8212761
8212761,41.8687892668,-87.6510774102,1301833852.0,8212722,8212801
8212801,41.8689813846,-87.6510798517,1301833854.0,8212761,8212864
8212864,41.8692344625,-87.6510990169,1301833857.0,8212801,8212930
8212930,41.8694400232,-87.6511516365,1301833860.0,8212864,8213026
8213026,41.8695828651,-87.651339583,1301833865.0,8212930,8213124
8213124,41.869553016,-87.6516167633,1301833869.0,8213026,8213191
8213191,41.8695215252,-87.6519099511,1301833872.0,8213124,8213253
8213253,41.8694958381,-87.6522580889,1301833875.0,8213191,8213303
8213303,41.8694862711,-87.6525151036,1301833877.0,8213253,8213346
8213346,41.8694872953,-87.6527790163,1301833879.0,8213303,8213399
8213399,41.8694856832,-87.6530279878,1301833881.0,8213346,8213469
8213469,41.8694699352,-87.6533790342,1301833884.0,8213399,8213537
8213537,41.8694682492,-87.6537130169,1301833887.0,8213469,8213614
8213614,41.8694639685,-87.6539989129,1301833890.0,8213537,8213765
8213765,41.8694420437,-87.6542460311,1301833896.0,8213614,8213860
8213860,41.8694089648,-87.6545090847,1301833900.0,8213765,8213935
8213935,41.8694029639,-87.6548230835,1301833903.0,8213860,8213984
8213984,41.8694029126,-87.6550680785,1301833905.0,8213935,8214040
8214040,41.8694039989,-87.6553310728,1301833907.0,8213984,8214089
8214089,41.8694018826,-87.6556020491,1301833909.0,8214040,8214143
8214143,41.8694065439,-87.655880084,1301833911.0,8214089,8214196
8214196,41.8694107148,-87.6561619876,1301833913.0,8214143,8214252
8214252,41.8694085236,-87.6564319028,1301833915.0,8214196,8214299
8214299,41.869415476,-87.6566926744,1301833917.0,8214252,8214343
8214343,41.8694178339,-87.6569433406,1301833919.0,8214299,8214396
8214396,41.8694091037,-87.6572012947,1301833921.0,8214343,8214446
8214446,41.8693953178,-87.6574621784,1301833923.0,8214396,8214501
8214501,41.869385427,-87.6577291333,1301833925.0,8214446,8214558
8214558,41.8693653925,-87.6579960932,1301833927.0,8214501,8214617
8214617,41.8693596171,-87.6582641175,1301833929.0,8214558,8214672
8214672,41.8693596931,-87.6585331168,1301833931.0,8214617,8214727
8214727,41.8693658052,-87.6588011152,1301833933.0,8214672,8214777
8214777,41.8693657946,-87.659074132,1301833935.0,8214727,8214824
8214824,41.8693588822,-87.6593441224,1301833937.0,8214777,8214878
8214878,41.8693528005,-87.6596041009,1301833939.0,8214824,8214934
8214934,41.8693448401,-87.6598511229,1301833941.0,8214878,8214990
8214990,41.8693398151,-87.6600961197,1301833943.0,8214934,8215052
8215052,41.8693367993,-87.6603431219,1301833945.0,8214990,8215109
8215109,41.869330805,-87.6605951179,1301833947.0,8215052,8215167
8215167,41.8693256881,-87.6608470912,1301833949.0,8215109,8215223
8215223,41.8693227044,-87.6611000836,1301833951.0,8215167,8215276
8215276,41.869318679,-87.6613470558,1301833953.0,8215223,8215359
8215359,41.8693146498,-87.6617052001,1301833956.0,8215276,8215404
8215404,41.8693105772,-87.6619481389,1301833958.0,8215359,8215438
8215438,41.8693014629,-87.6621971535,1301833960.0,8215404,8215490
8215490,41.8692901359,-87.6624451142,1301833962.0,8215438,8215546
8215546,41.8692808828,-87.6628091085,1301833965.0,8215490,8215591
8215591,41.869285984,-87.6630610427,1301833967.0,8215546,8215632
8215632,41.8692980691,-87.6633121536,1301833969.0,8215591,8215707
8215707,41.8693056564,-87.6636640808,1301833972.0,8215632,8215780
8215780,41.8693175749,-87.6639401476,1301833975.0,8215707,8215977
8215977,41.8693067318,-87.664242156,1301833982.0,8215780,8216067
8216067,41.8692886059,-87.6644890891,1301833985.0,8215977,8216162
8216162,41.8692601847,-87.6648181311,1301833988.0,8216067,8216247
8216247,41.8692375362,-87.6651771117,1301833991.0,8216162,8216309
8216309,41.8692252415,-87.6654190607,1301833993.0,8216247,8216399
8216399,41.869222343,-87.6657680454,1301833996.0,8216309,8216486
8216486,41.8692311428,-87.6660840745,1301833999.0,8216399,8216622
8216622,41.8692667838,-87.666325238,1301834003.0,8216486,8217211
8217211,41.8692921633,-87.6666012121,1301834022.0,8216622,8217294
8217294,41.8692763262,-87.6668452577,1301834025.0,8217211,8217388
8217388,41.8692546617,-87.6671642741,1301834028.0,8217294,8217481
8217481,41.8692326445,-87.6674972028,1301834031.0,8217388,8217582
8217582,41.8692153109,-87.6678580514,1301834034.0,8217481,8217667
8217667,41.8691950009,-87.6682080538,1301834037.0,8217582,8217767
8217767,41.8691857846,-87.6685340732,1301834040.0,8217667,8217900
8217900,41.8691774338,-87.6688188474,1301834044.0,8217767,8218107
8218107,41.8692052118,-87.6690974438,1301834050.0,8217900,8218207
8218207,41.8692049931,-87.6693866872,1301834053.0,8218107,8218298
8218298,41.8691989225,-87.6697335406,1301834056.0,8218207,8218368
8218368,41.8691939739,-87.669990072,1301834058.0,8218298,8218432
8218432,41.8691903366,-87.6702480278,1301834060.0,8218368,8218490
8218490,41.8691886794,-87.6704980142,1301834062.0,8218432,8218592
8218592,41.8691860556,-87.670839609,1301834065.0,8218490,8218699
8218699,41.8691752566,-87.6711128034,1301834068.0,8218592,8218941
8218941,41.8691697232,-87.6713703992,1301834075.0,8218699,8219189
8219189,41.8691486583,-87.6716150263,1301834084.0,8218941,8219297
8219297,41.8690962286,-87.6719520154,1301834087.0,8219189,8219371
8219371,41.8691018774,-87.6722510545,1301834089.0,8219297,8219441
8219441,41.8690941233,-87.6725590625,1301834091.0,8219371,8219543
8219543,41.8691334711,-87.6728790871,1301834094.0,8219441,8219643
8219643,41.8691629727,-87.6731220861,1301834097.0,8219543,8219806
8219806,41.8691972593,-87.6734436624,1301834102.0,8219643,8219912
8219912,41.8692004384,-87.6737749391,1301834105.0,8219806,8219987
8219987,41.86919662,-87.6740420089,1301834107.0,8219912,8220063
8220063,41.8692018357,-87.6743220171,1301834109.0,8219987,8220139
8220139,41.8692101851,-87.6746049912,1301834111.0,8220063,8220217
8220217,41.869224201,-87.6748889475,1301834113.0,8220139,8220286
8220286,41.8692368376,-87.675160012,1301834115.0,8220217,8220388
8220388,41.8692486732,-87.6754653406,1301834118.0,8220286,8220530
8220530,41.8692407681,-87.6757561851,1301834122.0,8220388,8221267
8221267,41.8692860689,-87.6759933755,1301834143.0,8220530,None
