41696319,41.8676049944,-87.647039306,1303833805.0,None,41697119
41697119,41.8674186707,-87.6470259861,1303833827.0,41696319,41697408
41697408,41.8672723071,-87.6471792157,1303833835.0,41697119,41697544
41697544,41.8672365995,-87.6475078256,1303833839.0,41697408,41697650
41697650,41.8672327025,-87.6478329092,1303833842.0,41697544,41697763
41697763,41.867228092,-87.6481938177,1303833845.0,41697650,41697834
41697834,41.8672213112,-87.6484577851,1303833847.0,41697763,41697911
41697911,41.8672146078,-87.6487197624,1303833849.0,41697834,41698011
41698011,41.8672081016,-87.6490587319,1303833852.0,41697911,41698157
41698157,41.8672010058,-87.6493057175,1303833856.0,41698011,41698921
41698921,41.8671913084,-87.6496148645,1303833877.0,41698157,41699028
41699028,41.8671875349,-87.6498888591,1303833880.0,41698921,41699099
41699099,41.8671822019,-87.6502278801,1303833883.0,41699028,41699167
41699167,41.8671782195,-87.6504817424,1303833885.0,41699099,41699217
41699217,41.8671742359,-87.6507509634,1303833887.0,41699167,41699276
41699276,41.8671728959,-87.6510238811,1303833889.0,41699217,41699314
41699314,41.8671671784,-87.651298004,1303833891.0,41699276,41699375
41699375,41.8671609758,-87.6515725189,1303833893.0,41699314,41699436
41699436,41.8671547275,-87.6518431991,1303833895.0,41699375,41699496
41699496,41.8671499757,-87.6521009419,1303833897.0,41699436,41699577
41699577,41.8671451758,-87.6524159354,1303833900.0,41699496,41699668
41699668,41.8671408594,-87.6526799524,1303833905.0,41699577,41699686
41699686,41.8671361643,-87.6529619046,1303833909.0,41699668,41699704
41699704,41.8671299233,-87.6532549622,1303833912.0,41699686,41699725
41699725,41.8671248856,-87.6535940094,1303833915.0,41699704,41699741
41699741,41.8671197165,-87.6538420494,1303833917.0,41699725,41699757
41699757,41.8671153199,-87.6540999778,1303833919.0,41699741,41699775
41699775,41.8671126901,-87.6543488994,1303833921.0,41699757,41699793
41699793,41.8671078423,-87.6545918616,1303833923.0,41699775,41699823
41699823,41.8670995052,-87.6549418888,1303833926.0,41699793,41699854
41699854,41.8670946467,-87.6552469503,1303833929.0,41699823,41699887
41699887,41.8670899044,-87.6555459328,1303833932.0,41699854,41699922
41699922,41.8670852208,-87.6558228991,1303833935.0,41699887,41699970
41699970,41.8670811057,-87.6560909412,1303833939.0,41699922,41700022
41700022,41.8670773559,-87.6563932391,1303833943.0,41699970,41700055
41700055,41.8670783063,-87.6566756555,1303833946.0,41700022,41700100
41700100,41.8670706589,-87.6570110223,1303833949.0,41700055,41700127
41700127,41.8670666538,-87.6572609969,1303833951.0,41700100,41700154
41700154,41.8670617745,-87.6575280244,1303833953.0,41700127,41700186
41700186,41.8670595002,-87.657805996,1303833955.0,41700154,41700210
41700210,41.867055893,-87.6580829589,1303833957.0,41700186,41700242
41700242,41.8670510867,-87.6583679955,1303833959.0,41700210,41700274
41700274,41.8670461712,-87.6586619689,1303833961.0,41700242,41700305
41700305,41.8670413551,-87.6589599724,1303833963.0,41700274,41700335
41700335,41.8670363509,-87.6592579392,1303833965.0,41700305,41700370
41700370,41.8670307468,-87.6595559575,1303833967.0,41700335,41700403
41700403,41.8670257554,-87.6598579368,1303833969.0,41700370,41700437
41700437,41.867020806,-87.6601549586,1303833971.0,41700403,41700469
41700469,41.867014486,-87.6604439527,1303833973.0,41700437,41700505
41700505,41.8670095982,-87.6607219883,1303833975.0,41700469,41700540
41700540,41.867004924,-87.6609920766,1303833977.0,41700505,41700577
41700577,41.8670010791,-87.6612550642,1303833979.0,41700540,41700611
41700611,41.8669979267,-87.6615161074,1303833981.0,41700577,41700648
41700648,41.8669942416,-87.6617820641,1303833983.0,41700611,41700683
41700683,41.8669902759,-87.6620529509,1303833985.0,41700648,41700721
41700721,41.8669867275,-87.6623309891,1303833987.0,41700683,41700759
41700759,41.8669838071,-87.662607986,1303833989.0,41700721,41700797
41700797,41.8669796463,-87.6628829824,1303833991.0,41700759,41700832
41700832,41.866974825,-87.6631559977,1303833993.0,41700797,41700871
41700871,41.8669697451,-87.6634299757,1303833995.0,41700832,41700910
41700910,41.8669633622,-87.6637060209,1303833997.0,41700871,41700952
41700952,41.8669598584,-87.6639770098,1303833999.0,41700910,41700992
41700992,41.8669563684,-87.6642429804,1303834001.0,41700952,41701029
41701029,41.8669531747,-87.6645019831,1303834003.0,41700992,41701071
41701071,41.866948612,-87.6647519899,1303834005.0,41701029,41701131
41701131,41.8669422361,-87.6651000143,1303834008.0,41701071,41701185
41701185,41.8669383613,-87.6653870946,1303834011.0,41701131,41701298
41701298,41.8669375226,-87.6656370359,1303834016.0,41701185,41701468
41701468,41.8669329876,-87.6658890221,1303834024.0,41701298,41701539
41701539,41.8669305989,-87.6661310859,1303834027.0,41701468,41701591
41701591,41.8669307307,-87.6665582369,1303834031.0,41701539,41701631
41701631,41.8669298598,-87.6668049926,1303834033.0,41701591,41701669
41701669,41.8669290155,-87.6670660211,1303834035.0,41701631,41701693
41701693,41.8669288577,-87.6673420348,1303834037.0,41701669,41701732
41701732,41.8669298035,-87.6676219902,1303834039.0,41701693,41701772
41701772,41.8669326593,-87.667893976,1303834041.0,41701732,41701810
41701810,41.8669358222,-87.6681609848,1303834043.0,41701772,41701848
41701848,41.8669388701,-87.66841001,1303834045.0,41701810,41701906
41701906,41.8669439866,-87.6687014728,1303834048.0,41701848,41702017
41702017,41.867024781,-87.6689170695,1303834053.0,41701906,41702127
41702127,41.8672342139,-87.6689344919,1303834058.0,41702017,41702225
41702225,41.8674790923,-87.6689384427,1303834062.0,41702127,41702280
41702280,41.8676990784,-87.6689428689,1303834065.0,41702225,41702345
41702345,41.8679250625,-87.6689477993,1303834068.0,41702280,41702422
41702422,41.8681570822,-87.6689538971,1303834071.0,41702345,41702496
41702496,41.8683771162,-87.6689602544,1303834074.0,41702422,41702566
41702566,41.8685951377,-87.668968038,1303834077.0,41702496,41702639
41702639,41.8688191168,-87.6689759921,1303834080.0,41702566,41702717
41702717,41.8690153062,-87.6689737655,1303834083.0,41702639,41702918
41702918,41.8692058533,-87.6690182884,1303834091.0,41702717,41703045
41703045,41.8692828241,-87.6692621345,1303834096.0,41702918,41703120
41703120,41.8692679565,-87.6695064927,1303834099.0,41703045,41703201
41703201,41.8692614617,-87.6697840999,1303834102.0,41703120,41703277
41703277,41.869255079,-87.6700567999,1303834105.0,41703201,41703359
41703359,41.869254407,-87.6703060227,1303834108.0,41703277,41703468
41703468,41.8692458626,-87.6706250072,1303834112.0,41703359,41703572
41703572,41.8692549264,-87.6709374078,1303834116.0,41703468,41703701
41703701,41.8692620296,-87.6712023677,1303834121.0,41703572,41704466
41704466,41.8692621514,-87.6714610018,1303834148.0,41703701,41704610
41704610,41.869245998,-87.6717820575,1303834153.0,41704466,41704699
41704699,41.869228387,-87.6720849031,1303834156.0,41704610,41704788
41704788,41.8692252808,-87.672447092,1303834159.0,41704699,41704848
41704848,41.8692205354,-87.6726930664,1303834161.0,41704788,41704937
41704937,41.8692140521,-87.6730323569,1303834164.0,41704848,41705027
41705027,41.8692046647,-87.6733077508,1303834167.0,41704937,41705169
41705169,41.8692040437,-87.6735653006,1303834172.0,41705027,41705385
41705385,41.8693720982,-87.6737119129,1303834179.0,41705169,41705498
41705498,41.8695981303,-87.6737385356,1303834183.0,41705385,41705582
41705582,41.8698049959,-87.6737441075,1303834186.0,41705498,41705653
41705653,41.8700359519,-87.6737504777,1303834189.0,41705582,41705745
41705745,41.8702549754,-87.6737581781,1303834192.0,41705653,41705840
41705840,41.8704610165,-87.6737640975,1303834195.0,41705745,41705919
41705919,41.8707839991,-87.6737861927,1303834200.0,41705840,41706012
41706012,41.870990149,-87.6737879231,1303834203.0,41705919,41706180
41706180,41.8711983707,-87.6738053945,1303834208.0,41706012,41706259
41706259,41.8713953022,-87.6737704841,1303834213.0,41706180,41706289
41706289,41.8714760156,-87.6735204506,1303834221.0,41706259,None
