102500170,41.8670844963,-87.6564717043,1301707528.0,None,102500379
102500379,41.8671833597,-87.6567060293,1301707534.0,102500170,102500526
102500526,41.8673824044,-87.6567220873,1301707538.0,102500379,102500636
102500636,41.8676363217,-87.6567276454,1301707541.0,102500526,102500714
102500714,41.8678451473,-87.65673257,1301707543.0,102500636,102500791
102500791,41.8680721747,-87.6567427774,1301707545.0,102500714,102500866
102500866,41.8682992082,-87.6567491306,1301707547.0,102500791,102500933
102500933,41.8685161644,-87.6567548034,1301707549.0,102500866,102501001
102501001,41.8687180943,-87.6567584624,1301707551.0,102500933,102501074
102501074,41.8689029976,-87.6567567821,1301707553.0,102501001,102501179
102501179,41.8691019414,-87.656759402,1301707556.0,102501074,102502093
102502093,41.8692890786,-87.6567332617,1301707581.0,102501179,102502283
102502283,41.8694914699,-87.6567377557,1301707586.0,102502093,102502389
102502389,41.869701045,-87.6567460955,1301707589.0,102502283,102502493
102502493,41.869969979,-87.6567618073,1301707592.0,102502389,102502565
102502565,41.8701540016,-87.6567678061,1301707594.0,102502493,102502672
102502672,41.8704229454,-87.6567690357,1301707597.0,102502565,102502747
102502747,41.870606957,-87.6567770233,1301707599.0,102502672,102502823
102502823,41.8707879632,-87.656782424,1301707601.0,102502747,102502898
102502898,41.8709729168,-87.6567858439,1301707603.0,102502823,102502974
102502974,41.8711618697,-87.6567885684,1301707605.0,102502898,102503048
102503048,41.8713479368,-87.6567966878,1301707607.0,102502974,102503121
102503121,41.8715309816,-87.6568001355,1301707609.0,102503048,102503227
102503227,41.8717910976,-87.6567989204,1301707612.0,102503121,102503327
102503327,41.8720131313,-87.6567900603,1301707615.0,102503227,102503591
102503591,41.8722121196,-87.6567792958,1301707622.0,102503327,102503773
102503773,41.8724382172,-87.6567619932,1301707627.0,102503591,102503888
102503888,41.8726442389,-87.6567482357,1301707630.0,102503773,102503987
102503987,41.8728864544,-87.6567346394,1301707633.0,102503888,102504086
102504086,41.8731394381,-87.656713246,1301707636.0,102503987,102504198
102504198,41.873403025,-87.6567077347,1301707639.0,102504086,102504296
102504296,41.8736489378,-87.6567000605,1301707642.0,102504198,102504406
102504406,41.8738628712,-87.656701285,1301707645.0,102504296,102504486
102504486,41.8740447537,-87.65670728,1301707648.0,102504406,102504604
102504604,41.8742224973,-87.6566742911,1301707652.0,102504486,102504715
102504715,41.8742497023,-87.6563847945,1301707657.0,102504604,102504820
102504820,41.874242893,-87.6560987196,1301707660.0,102504715,102504907
102504907,41.8742470936,-87.6557726523,1301707663.0,102504820,102505011
102505011,41.874250329,-87.6554608275,1301707666.0,102504907,102505113
102505113,41.8742550258,-87.6551338582,1301707669.0,102505011,102505211
102505211,41.8742620298,-87.6547928034,1301707672.0,102505113,102505324
102505324,41.8742699869,-87.6544307753,1301707675.0,102505211,102505394
102505394,41.8742747894,-87.6541807502,1301707677.0,102505324,102505466
102505466,41.8742830812,-87.6539326684,1301707679.0,102505394,102505535
102505535,41.8742885558,-87.6536836066,1301707681.0,102505466,102505644
102505644,41.8742934565,-87.6533286706,1301707684.0,102505535,102505744
102505744,41.8742962906,-87.6529797883,1301707687.0,102505644,102505848
102505848,41.8742972769,-87.6526348947,1301707690.0,102505744,102505956
102505956,41.8742997211,-87.6523259329,1301707693.0,102505848,102506069
102506069,41.8743041654,-87.6520527813,1301707696.0,102505956,102506166
102506166,41.8743118331,-87.6517886986,1301707699.0,102506069,102506175
102506175,41.8743192561,-87.6514848843,1301707702.0,102506166,102506189
102506189,41.8743276325,-87.6511508382,1301707705.0,102506175,102506207
102506207,41.8743343561,-87.6508058461,1301707708.0,102506189,102506228
102506228,41.8743387956,-87.6504519017,1301707711.0,102506207,102506252
102506252,41.8743393017,-87.6501189816,1301707714.0,102506228,102506278
102506278,41.8743450187,-87.6497860526,1301707717.0,102506252,102506306
102506306,41.8743583067,-87.6492910932,1301707721.0,102506278,102506328
102506328,41.8743637348,-87.6490329928,1301707723.0,102506306,102506348
102506348,41.8743692867,-87.648777934,1301707725.0,102506328,102506370
102506370,41.8743718944,-87.6485230641,1301707727.0,102506348,102506393
102506393,41.8743654197,-87.6482777997,1301707729.0,102506370,102506415
102506415,41.8743437412,-87.6480379061,1301707731.0,102506393,102506453
102506453,41.8743090133,-87.6476909723,1301707734.0,102506415,102506489
102506489,41.8742708306,-87.6474032708,1301707737.0,102506453,102506543
102506543,41.8741426934,-87.6471976315,1301707741.0,102506489,102506597
102506597,41.8739037957,-87.6471845925,1301707745.0,102506543,102506641
102506641,41.8736738712,-87.64718991,1301707748.0,102506597,102506684
102506684,41.8734039199,-87.6471868114,1301707751.0,102506641,102506695
102506695,41.8732030157,-87.6471845965,1301707753.0,102506684,102506702
102506702,41.8729971166,-87.6471807637,1301707755.0,102506695,102506711
102506711,41.8727872148,-87.6471763419,1301707757.0,102506702,102506722
102506722,41.8725752416,-87.6471711639,1301707759.0,102506711,102506734
102506734,41.8723671792,-87.6471653735,1301707761.0,102506722,102506748
102506748,41.8721653503,-87.6471577779,1301707763.0,102506734,102506763
102506763,41.8719622795,-87.6471500668,1301707765.0,102506748,102506779
102506779,41.8717651947,-87.6471401832,1301707767.0,102506763,102506796
102506796,41.8715772006,-87.6471351688,1301707769.0,102506779,102506814
102506814,41.8713831651,-87.6471327457,1301707771.0,102506796,102506833
102506833,41.8711881879,-87.6471353031,1301707773.0,102506814,102506853
102506853,41.8709872165,-87.6471362842,1301707775.0,102506833,102506873
102506873,41.8707891864,-87.6471349749,1301707777.0,102506853,102506895
102506895,41.8705902078,-87.6471328708,1301707779.0,102506873,102506917
102506917,41.8704002407,-87.6471341299,1301707781.0,102506895,102506940
102506940,41.8702151927,-87.6471241533,1301707783.0,102506917,102506976
102506976,41.8699841227,-87.6471115108,1301707786.0,102506940,102507026
102507026,41.8697940096,-87.6471082134,1301707790.0,102506976,102507134
102507134,41.8695897752,-87.6471167296,1301707798.0,102507026,102507190
102507190,41.869350891,-87.6471168988,1301707802.0,102507134,102507236
102507236,41.8691021595,-87.6471079217,1301707805.0,102507190,102507265
102507265,41.8689142188,-87.6471005709,1301707807.0,102507236,102507296
102507296,41.8687152622,-87.6470955456,1301707809.0,102507265,102507328
102507328,41.8685171642,-87.6470904735,1301707811.0,102507296,102507360
102507360,41.8683210164,-87.6470865063,1301707813.0,102507328,102507392
102507392,41.8681318586,-87.6470852159,1301707815.0,102507360,102507441
102507441,41.8678739668,-87.6470964519,1301707818.0,102507392,102507492
102507492,41.8676392035,-87.6470854856,1301707821.0,102507441,102507560
102507560,41.8674167064,-87.647069711,1301707825.0,102507492,102507935
102507935,41.8672291175,-87.647079605,1301707845.0,102507560,102508012
102508012,41.8670332678,-87.6470803024,1301707849.0,102507935,102508091
102508091,41.8668061413,-87.647052085,1301707853.0,102508012,102508172
102508172,41.8666011006,-87.6470476795,1301707857.0,102508091,102508256
102508256,41.8664181364,-87.6470068482,1301707861.0,102508172,102508341
102508341,41.8661951048,-87.6469737039,1301707865.0,102508256,102508426
102508426,41.8660108787,-87.6469727251,1301707869.0,102508341,102508694
102508694,41.8658319944,-87.6470108654,1301707881.0,102508426,None
