97434748,41.8692166587,-87.6720028764,1303733622.0,None,97435306
97435306,41.8692118464,-87.672273045,1303733650.0,97434748,97435386
97435386,41.8692097355,-87.6726140942,1303733653.0,97435306,97435440
97435440,41.8692039017,-87.6728742874,1303733655.0,97435386,97435515
97435515,41.8691987695,-87.6732224106,1303733658.0,97435440,97435580
97435580,41.869193893,-87.6734743799,1303733661.0,97435515,97435778
97435778,41.8692003667,-87.67377903,1303733668.0,97435580,97435853
97435853,41.8691989696,-87.6740870191,1303733671.0,97435778,97435901
97435901,41.869192268,-87.6743730608,1303733673.0,97435853,97435953
97435953,41.8691870952,-87.6747011234,1303733675.0,97435901,97436007
97436007,41.8691840794,-87.6750521081,1303733677.0,97435953,97436060
97436060,41.8691855425,-87.67539218,1303733679.0,97436007,97436118
97436118,41.8691915373,-87.675680623,1303733681.0,97436060,97436202
97436202,41.8691932687,-87.6759986675,1303733684.0,97436118,97436318
97436318,41.8692538172,-87.6762248026,1303733688.0,97436202,97436431
97436431,41.869476893,-87.6762425874,1303733692.0,97436318,97436517
97436517,41.869744988,-87.6762372263,1303733695.0,97436431,97436572
97436572,41.8699681054,-87.6762409597,1303733697.0,97436517,97436626
97436626,41.8702131276,-87.6762412064,1303733699.0,97436572,97436681
97436681,41.8704501449,-87.6762418408,1303733701.0,97436626,97436742
97436742,41.8706720174,-87.6762458602,1303733703.0,97436681,97436799
97436799,41.8708700093,-87.6762516638,1303733705.0,97436742,97436889
97436889,41.8711270727,-87.6762593176,1303733708.0,97436799,97436976
97436976,41.8713372078,-87.6762693744,1303733711.0,97436889,97437089
97437089,41.8714881988,-87.6761398018,1303733715.0,97436976,97437201
97437201,41.8714942102,-87.6758139207,1303733719.0,97437089,97437298
97437298,41.8714757023,-87.6754709063,1303733722.0,97437201,97437389
97437389,41.8714745349,-87.6752109367,1303733725.0,97437298,97437976
97437976,41.8714983435,-87.6749227071,1303733744.0,97437389,97438068
97438068,41.8715155013,-87.6746028476,1303733747.0,97437976,97438159
97438159,41.8715275851,-87.6742580642,1303733750.0,97438068,97438254
97438254,41.8715232452,-87.6740073151,1303733753.0,97438159,97438438
97438438,41.8715279733,-87.6737516442,1303733759.0,97438254,97438542
97438542,41.8715386137,-87.6734742744,1303733762.0,97438438,97438606
97438606,41.8715439281,-87.6732289305,1303733764.0,97438542,97438672
97438672,41.8715494624,-87.6729539355,1303733766.0,97438606,97438735
97438735,41.8715547609,-87.672650815,1303733768.0,97438672,97438796
97438796,41.8715579708,-87.6723317852,1303733770.0,97438735,97438863
97438863,41.8715574662,-87.6720209789,1303733772.0,97438796,97438933
97438933,41.8715523303,-87.6717006167,1303733774.0,97438863,97438994
97438994,41.8715515312,-87.6713747831,1303733776.0,97438933,97439061
97439061,41.8715559892,-87.6710578921,1303733778.0,97438994,97439129
97439129,41.8715617786,-87.6707519809,1303733780.0,97439061,97439196
97439196,41.8715648041,-87.6704479379,1303733782.0,97439129,97439258
97439258,41.8715615936,-87.6701325805,1303733784.0,97439196,97439326
97439326,41.871568865,-87.6698350592,1303733786.0,97439258,97439392
97439392,41.8715761049,-87.669557722,1303733788.0,97439326,97439459
97439459,41.8715750896,-87.6692928772,1303733790.0,97439392,97439598
97439598,41.871547031,-87.6690403271,1303733794.0,97439459,97439802
97439802,41.8717372113,-87.6689229263,1303733800.0,97439598,97439866
97439866,41.8719757097,-87.6689302792,1303733803.0,97439802,97439939
97439939,41.8721628899,-87.6689306969,1303733805.0,97439866,97439994
97439994,41.8723579014,-87.6689393475,1303733807.0,97439939,97440062
97440062,41.8725460525,-87.6689544228,1303733809.0,97439994,97440172
97440172,41.872746237,-87.6689707862,1303733812.0,97440062,97440394
97440394,41.8729272795,-87.6689427451,1303733818.0,97440172,97440479
97440479,41.8731220039,-87.6689242376,1303733821.0,97440394,97440549
97440549,41.8733099388,-87.6689283643,1303733823.0,97440479,97440621
97440621,41.8735009878,-87.6689401929,1303733825.0,97440549,97440726
97440726,41.8737419379,-87.6689746985,1303733828.0,97440621,97440867
97440867,41.8739480377,-87.6690370926,1303733832.0,97440726,97441326
97441326,41.8741348039,-87.6690255324,1303733845.0,97440867,97441468
97441468,41.8741632621,-87.6687030649,1303733849.0,97441326,97441575
97441575,41.8741896552,-87.6683600802,1303733852.0,97441468,97441648
97441648,41.8741887695,-87.6680579755,1303733854.0,97441575,97441717
97441717,41.8741933411,-87.6677337891,1303733856.0,97441648,97441793
97441793,41.8741721057,-87.6674308856,1303733858.0,97441717,97441868
97441868,41.8741781715,-87.6671374311,1303733860.0,97441793,97441943
97441943,41.874186856,-87.6668523978,1303733862.0,97441868,97442024
97442024,41.8741998373,-87.666550653,1303733864.0,97441943,97442101
97442101,41.874208205,-87.6662388247,1303733866.0,97442024,97442172
97442172,41.8742110395,-87.665900776,1303733868.0,97442101,97442240
97442240,41.8742097971,-87.6655548454,1303733870.0,97442172,97442314
97442314,41.8742144054,-87.6652050716,1303733872.0,97442240,97442388
97442388,41.8742109733,-87.6648542569,1303733874.0,97442314,97442463
97442463,41.8742016915,-87.6644972775,1303733876.0,97442388,97442529
97442529,41.8741943886,-87.6641382742,1303733878.0,97442463,97442604
97442604,41.8741852067,-87.6637722379,1303733880.0,97442529,97442681
97442681,41.8741743433,-87.6634031316,1303733882.0,97442604,97442753
97442753,41.8741665015,-87.6630399195,1303733884.0,97442681,97442832
97442832,41.8741667787,-87.6627157816,1303733886.0,97442753,97442899
97442899,41.8741654345,-87.6624417949,1303733888.0,97442832,97443003
97443003,41.8741564086,-87.6621558502,1303733891.0,97442899,97443981
97443981,41.8741383066,-87.6618899502,1303733918.0,97443003,97444125
97444125,41.8741487279,-87.6615609277,1303733922.0,97443981,97444219
97444219,41.8741555909,-87.6612099328,1303733925.0,97444125,97444289
97444289,41.8741604544,-87.6609429112,1303733927.0,97444219,97444361
97444361,41.8741660687,-87.6606639117,1303733929.0,97444289,97444433
97444433,41.8741700195,-87.6603679361,1303733931.0,97444361,97444507
97444507,41.8741748368,-87.6600619471,1303733933.0,97444433,97444552
97444552,41.8741762532,-87.6597449419,1303733935.0,97444507,97444591
97444591,41.8741802865,-87.6594179462,1303733937.0,97444552,97444657
97444657,41.8741860961,-87.659086938,1303733939.0,97444591,97444727
97444727,41.8741884975,-87.6587539305,1303733941.0,97444657,97444799
97444799,41.8741949437,-87.6584449323,1303733943.0,97444727,97444863
97444863,41.874198831,-87.6581569205,1303733945.0,97444799,97444930
97444930,41.8741985726,-87.6578979645,1303733947.0,97444863,97445021
97445021,41.8741861592,-87.6575880951,1303733950.0,97444930,97445157
97445157,41.8741878209,-87.6573130926,1303733954.0,97445021,97445879
97445879,41.8741905652,-87.6570651161,1303733976.0,97445157,97445938
97445938,41.8741942109,-87.6568107268,1303733979.0,97445879,97446003
97446003,41.8742143757,-87.6564715074,1303733982.0,97445938,97446047
97446047,41.874217864,-87.656208025,1303733984.0,97446003,97446083
97446083,41.8742235148,-87.6559230087,1303733986.0,97446047,97446117
97446117,41.8742314634,-87.6556221326,1303733988.0,97446083,97446170
97446170,41.8742405438,-87.6553031356,1303733990.0,97446117,97446236
97446236,41.8742498851,-87.6549790265,1303733992.0,97446170,97446298
97446298,41.8742585281,-87.6546559339,1303733994.0,97446236,97446362
97446362,41.8742718025,-87.6543227788,1303733996.0,97446298,97446430
97446430,41.8742848882,-87.6539736238,1303733998.0,97446362,97446500
97446500,41.874292431,-87.6536165979,1303734000.0,97446430,97446572
97446572,41.8742992516,-87.6532565857,1303734002.0,97446500,97446647
97446647,41.8743043726,-87.6528937068,1303734004.0,97446572,97446726
97446726,41.8743089668,-87.6525467966,1303734006.0,97446647,97446804
97446804,41.874315455,-87.652223611,1303734008.0,97446726,97446874
97446874,41.874325171,-87.6519033583,1303734010.0,97446804,97446941
97446941,41.8743308821,-87.6515645429,1303734012.0,97446874,97447012
97447012,41.874339769,-87.6512095537,1303734014.0,97446941,97447083
97447083,41.8743450311,-87.6508516413,1303734016.0,97447012,97447149
97447149,41.8743494839,-87.6504947689,1303734018.0,97447083,97447221
97447221,41.8743561199,-87.6501427393,1303734020.0,97447149,97447292
97447292,41.8743662787,-87.6497904429,1303734022.0,97447221,97447368
97447368,41.8743744358,-87.6494367403,1303734024.0,97447292,97447441
97447441,41.8743750336,-87.6490878325,1303734026.0,97447368,97447510
97447510,41.8743753698,-87.6487498596,1303734028.0,97447441,97447582
97447582,41.8743743528,-87.648428511,1303734030.0,97447510,97447647
97447647,41.8743597024,-87.648142282,1303734032.0,97447582,97447701
97447701,41.8743340489,-87.647868546,1303734034.0,97447647,97447727
97447727,41.874308701,-87.6476193844,1303734036.0,97447701,97447805
97447805,41.8742740014,-87.6473616764,1303734039.0,97447727,97447929
97447929,41.8741452556,-87.6471797591,1303734045.0,97447805,97448027
97448027,41.8739347468,-87.6471504106,1303734048.0,97447929,97448099
97448099,41.8737437483,-87.6471466355,1303734050.0,97448027,97448172
97448172,41.8735286743,-87.6471371376,1303734052.0,97448099,97448245
97448245,41.873298631,-87.6471269988,1303734054.0,97448172,97448312
97448312,41.8730565789,-87.6471182629,1303734056.0,97448245,97448387
97448387,41.8728095941,-87.6471149474,1303734058.0,97448312,97448460
97448460,41.8725676646,-87.6471054126,1303734060.0,97448387,97448516
97448516,41.8723586906,-87.6471036062,1303734062.0,97448460,97448594
97448594,41.8721386482,-87.6471020664,1303734065.0,97448516,97449020
97449020,41.8719548777,-87.647126093,1303734079.0,97448594,97449136
97449136,41.8717499111,-87.6471171949,1303734082.0,97449020,97449204
97449204,41.8714749463,-87.647096927,1303734085.0,97449136,97449264
97449264,41.8712608869,-87.6470814517,1303734087.0,97449204,97449339
97449339,41.8710158437,-87.6470757739,1303734089.0,97449264,97449408
97449408,41.8707548166,-87.6470645431,1303734091.0,97449339,97449466
97449466,41.8704888613,-87.6470555486,1303734093.0,97449408,97449541
97449541,41.8702309126,-87.6470455112,1303734095.0,97449466,97449614
97449614,41.8700058919,-87.6470396787,1303734097.0,97449541,97449670
97449670,41.8698090638,-87.6470319584,1303734099.0,97449614,97449737
97449737,41.8696091967,-87.6470272256,1303734101.0,97449670,97449806
97449806,41.8693874124,-87.6470272802,1303734103.0,97449737,97449880
97449880,41.8691397887,-87.6470184563,1303734105.0,97449806,97449951
97449951,41.8688707479,-87.6470133949,1303734107.0,97449880,97450022
97450022,41.8685947631,-87.6470035463,1303734109.0,97449951,97450099
97450099,41.8683299323,-87.6469948311,1303734111.0,97450022,97450169
97450169,41.8680812022,-87.6469979859,1303734113.0,97450099,97450235
97450235,41.8678620619,-87.6470048041,1303734115.0,97450169,97450308
97450308,41.8676729016,-87.6470062876,1303734117.0,97450235,97450424
97450424,41.8674589798,-87.6470070976,1303734120.0,97450308,97450625
97450625,41.8672642248,-87.6470232799,1303734126.0,97450424,97451026
97451026,41.8671289462,-87.6471821427,1303734137.0,97450625,97451128
97451128,41.8671179412,-87.6474551828,1303734140.0,97451026,97451237
97451237,41.8671243614,-87.6478090833,1303734143.0,97451128,97451312
97451312,41.8671305191,-87.648059137,1303734145.0,97451237,97451381
97451381,41.8671354121,-87.6483042083,1303734147.0,97451312,97451479
97451479,41.8671392303,-87.6486462669,1303734150.0,97451381,97451606
97451606,41.8671429126,-87.6489402623,1303734154.0,97451479,97452497
97452497,41.8671428218,-87.6491943054,1303734179.0,97451606,97452609
97452609,41.8671479017,-87.6494842525,1303734182.0,97452497,97452682
97452682,41.8671476483,-87.6497322328,1303734184.0,97452609,97452749
97452749,41.8671446116,-87.6500092301,1303734186.0,97452682,97452811
97452811,41.8671424152,-87.6502781786,1303734188.0,97452749,97452919
97452919,41.8671169062,-87.650622231,1303734191.0,97452811,97453023
97453023,41.8671029492,-87.6508929067,1303734194.0,97452919,97453377
97453377,41.8670734067,-87.6511411561,1303734204.0,97453023,97453589
97453589,41.8668734644,-87.6511131759,1303734210.0,97453377,97453737
97453737,41.8666467386,-87.6510816688,1303734214.0,97453589,97453841
97453841,41.8663728412,-87.651057169,1303734217.0,97453737,97453914
97453914,41.8661558887,-87.6510426047,1303734219.0,97453841,97453983
97453983,41.8659168811,-87.6510302777,1303734221.0,97453914,97454056
97454056,41.8656608913,-87.6510145462,1303734223.0,97453983,97454126
97454126,41.8654109131,-87.651002117,1303734225.0,97454056,97454199
97454199,41.8651959304,-87.6509895708,1303734227.0,97454126,97454308
97454308,41.8649469569,-87.6509803571,1303734230.0,97454199,97454531
97454531,41.8647279016,-87.650966588,1303734236.0,97454308,97454621
97454621,41.8645279301,-87.650947926,1303734239.0,97454531,97454728
97454728,41.8642469452,-87.6509306967,1303734242.0,97454621,97454799
97454799,41.8640359405,-87.6509267515,1303734244.0,97454728,97454911
97454911,41.8637929188,-87.6509056912,1303734247.0,97454799,97455092
97455092,41.8636084416,-87.6509031458,1303734252.0,97454911,97455397
97455397,41.8635036404,-87.6507029316,1303734261.0,97455092,97455499
97455499,41.8635142292,-87.6504548762,1303734264.0,97455397,97455609
97455609,41.8635144518,-87.6501890581,1303734267.0,97455499,97455751
97455751,41.8635535524,-87.6499457186,1303734271.0,97455609,97455900
97455900,41.8637708035,-87.6498847451,1303734276.0,97455751,97456008
97456008,41.8638582757,-87.65011691,1303734281.0,97455900,97456115
97456115,41.8638580453,-87.6503769474,1303734285.0,97456008,None
