34481575,41.8676771109,-87.6470796722,1302443967.0,None,34481773
34481773,41.8674601379,-87.6470597901,1302443981.0,34481575,34481841
34481841,41.8672775057,-87.6471451703,1302443985.0,34481773,34481906
34481906,41.8672122811,-87.647440073,1302443989.0,34481841,34481958
34481958,41.8672062587,-87.647715111,1302443992.0,34481906,34482012
34482012,41.8672039274,-87.6480240945,1302443995.0,34481958,34482064
34482064,41.8671992139,-87.6483351213,1302443998.0,34482012,34482118
34482118,41.867198383,-87.6486399951,1302444001.0,34482064,34482171
34482171,41.8671981946,-87.6489438846,1302444004.0,34482118,34482227
34482227,41.8671951221,-87.6492808039,1302444007.0,34482171,34482286
34482286,41.8671905217,-87.6496398865,1302444010.0,34482227,34482325
34482325,41.8671896113,-87.6498838386,1302444012.0,34482286,34482382
34482382,41.8671884763,-87.6502328338,1302444015.0,34482325,34482423
34482423,41.8671858593,-87.650552754,1302444018.0,34482382,34482487
34482487,41.8671820151,-87.6508387064,1302444021.0,34482423,34482589
34482589,41.867318501,-87.651050895,1302444026.0,34482487,34482672
34482672,41.8675572034,-87.6510372954,1302444030.0,34482589,34482739
34482739,41.8677752397,-87.6510327851,1302444033.0,34482672,34482803
34482803,41.8680191821,-87.6510380423,1302444036.0,34482739,34482868
34482868,41.8682641309,-87.6510431473,1302444039.0,34482803,34482937
34482937,41.8685111021,-87.6510490872,1302444042.0,34482868,34483006
34483006,41.8687480805,-87.6510523131,1302444045.0,34482937,34483071
34483071,41.8689760114,-87.6510585385,1302444048.0,34483006,34483135
34483135,41.8691831321,-87.6510828842,1302444051.0,34483071,34483196
34483196,41.8693631717,-87.6511041517,1302444054.0,34483135,34483264
34483264,41.8695100751,-87.6512693367,1302444058.0,34483196,34483311
34483311,41.8695247617,-87.6515100958,1302444061.0,34483264,34483370
34483370,41.8695101749,-87.6517971685,1302444064.0,34483311,34483437
34483437,41.8695007773,-87.6521181022,1302444067.0,34483370,34483511
34483511,41.8694942786,-87.6524630622,1302444070.0,34483437,34483584
34483584,41.8694871991,-87.6528100042,1302444073.0,34483511,34483657
34483657,41.86948352,-87.6531499863,1302444076.0,34483584,34483727
34483727,41.8694792619,-87.653472993,1302444079.0,34483657,34483800
34483800,41.8694749494,-87.6537749731,1302444082.0,34483727,34483880
34483880,41.8694709581,-87.6540238993,1302444085.0,34483800,34484027
34484027,41.8694708869,-87.6542669632,1302444091.0,34483880,34484130
34484130,41.8694631787,-87.6545569661,1302444095.0,34484027,34484214
34484214,41.8694573564,-87.6548309516,1302444098.0,34484130,34484291
34484291,41.869453522,-87.6551240479,1302444101.0,34484214,34484366
34484366,41.8694468923,-87.655437989,1302444104.0,34484291,34484441
34484441,41.8694411683,-87.6557719745,1302444107.0,34484366,34484523
34484523,41.8694358491,-87.6560889062,1302444110.0,34484441,34484608
34484608,41.8694402162,-87.6563518912,1302444113.0,34484523,34485072
34485072,41.8694433078,-87.6566142262,1302444130.0,34484608,34485183
34485183,41.8694421821,-87.6568907649,1302444134.0,34485072,34485268
34485268,41.8694331528,-87.6571802746,1302444137.0,34485183,34485344
34485344,41.8694223784,-87.6575041347,1302444140.0,34485268,34485427
34485427,41.8694192531,-87.6578410761,1302444143.0,34485344,34485512
34485512,41.8694169877,-87.6581940928,1302444146.0,34485427,34485603
34485603,41.8694136909,-87.6585510714,1302444149.0,34485512,34485692
34485692,41.8694049587,-87.6589130605,1302444152.0,34485603,34485750
34485750,41.8693981558,-87.6591620852,1302444154.0,34485692,34485804
34485804,41.8693960484,-87.6594100747,1302444156.0,34485750,34485866
34485866,41.8693911541,-87.6596590578,1302444158.0,34485804,34485927
34485927,41.8693834113,-87.6599050816,1302444160.0,34485866,34485986
34485986,41.869373748,-87.6601510879,1302444162.0,34485927,34486075
34486075,41.8693685705,-87.6605090743,1302444165.0,34485986,34486162
34486162,41.8693636213,-87.6608430721,1302444168.0,34486075,34486252
34486252,41.8693590492,-87.6611490783,1302444171.0,34486162,34486340
34486340,41.8693612336,-87.661454153,1302444174.0,34486252,34486435
34486435,41.8693601337,-87.6617851449,1302444177.0,34486340,34486524
34486524,41.8693491963,-87.6621299649,1302444180.0,34486435,34486612
34486612,41.869341753,-87.6624870112,1302444183.0,34486524,34486677
34486677,41.8693425022,-87.6627310054,1302444185.0,34486612,34486772
34486772,41.8693442567,-87.6630801007,1302444188.0,34486677,34486866
34486866,41.8693402692,-87.6634100595,1302444191.0,34486772,34486962
34486962,41.8693383709,-87.6637180981,1302444194.0,34486866,34487087
34487087,41.8693397617,-87.6639712703,1302444198.0,34486962,34487137
34487137,41.8693374351,-87.6642272261,1302444204.0,34487087,34487154
34487154,41.8693345453,-87.6644820749,1302444207.0,34487137,34487174
34487174,41.8693324473,-87.6647940774,1302444210.0,34487154,34487197
34487197,41.8693291716,-87.6651230543,1302444213.0,34487174,34487222
34487222,41.8693277952,-87.6654410807,1302444216.0,34487197,34487249
34487249,41.8693208264,-87.6657702807,1302444219.0,34487222,34487279
34487279,41.8693178335,-87.6661162264,1302444222.0,34487249,34487299
34487299,41.8693175143,-87.6663601449,1302444224.0,34487279,34487321
34487321,41.8693135556,-87.6666040528,1302444226.0,34487299,34487343
34487343,41.8693056304,-87.6668469754,1302444228.0,34487321,34487366
34487366,41.8692934743,-87.6670898535,1302444230.0,34487343,34487390
34487390,41.8692836909,-87.6673359859,1302444232.0,34487366,34487414
34487414,41.8692804843,-87.6675829868,1302444234.0,34487390,34487439
34487439,41.869276593,-87.6678319019,1302444236.0,34487414,34487460
34487460,41.8692754905,-87.6680758856,1302444238.0,34487439,34487501
34487501,41.8692764586,-87.6684202742,1302444241.0,34487460,34487540
34487540,41.8692761974,-87.6687029119,1302444244.0,34487501,34487620
34487620,41.8692705091,-87.6689626279,1302444250.0,34487540,34487680
34487680,41.8692612912,-87.6692396947,1302444254.0,34487620,34487724
34487724,41.8692529244,-87.6695348472,1302444257.0,34487680,34487770
34487770,41.8692481671,-87.6698694241,1302444260.0,34487724,34487822
34487822,41.8692489404,-87.670229947,1302444263.0,34487770,34487853
34487853,41.8692477866,-87.6704719432,1302444265.0,34487822,34487903
34487903,41.8692443801,-87.6708151912,1302444268.0,34487853,34487956
34487956,41.8692483409,-87.6711133476,1302444271.0,34487903,34488061
34488061,41.8692482406,-87.6713722334,1302444277.0,34487956,34488132
34488132,41.8692460444,-87.671614312,1302444281.0,34488061,34488189
34488189,41.8692418832,-87.6718595268,1302444284.0,34488132,34488249
34488249,41.8692428242,-87.6721720015,1302444287.0,34488189,34488303
34488303,41.8692372222,-87.6725260691,1302444290.0,34488249,34488363
34488363,41.8692311431,-87.6728772054,1302444293.0,34488303,34488424
34488424,41.8692167803,-87.6732015266,1302444296.0,34488363,34488483
34488483,41.8692139927,-87.6734637531,1302444299.0,34488424,34488605
34488605,41.8692114183,-87.6737153064,1302444305.0,34488483,34488683
34488683,41.8691986614,-87.6740080061,1302444309.0,34488605,34488751
34488751,41.869192389,-87.6743170604,1302444312.0,34488683,34488813
34488813,41.8691865753,-87.6746421119,1302444315.0,34488751,34488856
34488856,41.8691774553,-87.6749721374,1302444318.0,34488813,34488914
34488914,41.8691814215,-87.675288176,1302444321.0,34488856,34488982
34488982,41.8691962012,-87.6755746048,1302444324.0,34488914,34489061
34489061,41.8692016472,-87.6758213851,1302444329.0,34488982,34489315
34489315,41.869193999,-87.676124194,1302444341.0,34489061,34489384
34489384,41.869173536,-87.6763919305,1302444344.0,34489315,34489457
34489457,41.8691554395,-87.6767019594,1302444347.0,34489384,34489526
34489526,41.8691447345,-87.6770349586,1302444350.0,34489457,34489599
34489599,41.8691432249,-87.6773879566,1302444353.0,34489526,34489649
34489649,41.8691437762,-87.6776329296,1302444355.0,34489599,34489696
34489696,41.8691434908,-87.6778859271,1302444357.0,34489649,34489735
34489735,41.8691386911,-87.6781429545,1302444359.0,34489696,34489782
34489782,41.8691337129,-87.6784009373,1302444361.0,34489735,34489834
34489834,41.8691323965,-87.6786569702,1302444363.0,34489782,34489890
34489890,41.8691310205,-87.6789139186,1302444365.0,34489834,34489944
34489944,41.8691281146,-87.6791679384,1302444367.0,34489890,34489991
34489991,41.8691243106,-87.6794199873,1302444369.0,34489944,34490035
34490035,41.8691185149,-87.6796629969,1302444371.0,34489991,34490110
34490110,41.8691155908,-87.6800091812,1302444374.0,34490035,34490191
34490191,41.8691176158,-87.6803262593,1302444377.0,34490110,34490301
34490301,41.8691189608,-87.6805890748,1302444381.0,34490191,34490483
34490483,41.8691117855,-87.6808620207,1302444389.0,34490301,34490488
34490488,41.869104671,-87.6812148719,1302444393.0,34490483,34490576
34490576,41.8690913024,-87.6815338261,1302444396.0,34490488,34490659
34490659,41.8690792394,-87.6818808755,1302444399.0,34490576,34490743
34490743,41.869066606,-87.6822419701,1302444402.0,34490659,34490816
34490816,41.869057973,-87.68259196,1302444405.0,34490743,34490904
34490904,41.8690528419,-87.6829269885,1302444408.0,34490816,34490984
34490984,41.869045356,-87.6832350342,1302444411.0,34490904,34491100
34491100,41.8690389795,-87.6835062138,1302444415.0,34490984,34491413
34491413,41.8690236824,-87.6837651746,1302444426.0,34491100,34491500
34491500,41.8690187461,-87.6840107925,1302444429.0,34491413,34491591
34491591,41.8690144026,-87.6843009639,1302444432.0,34491500,34491680
34491680,41.8690067157,-87.6845701771,1302444435.0,34491591,34491860
34491860,41.8690097068,-87.6848520304,1302444441.0,34491680,34491966
34491966,41.8690044381,-87.6851038894,1302444445.0,34491860,34492062
34492062,41.8690065877,-87.6853659501,1302444448.0,34491966,34492149
34492149,41.8690080034,-87.6856419961,1302444451.0,34492062,34492284
34492284,41.8690080307,-87.6859399247,1302444455.0,34492149,34492434
34492434,41.8691666891,-87.6860751586,1302444460.0,34492284,34492994
34492994,41.8693731493,-87.6860617408,1302444479.0,34492434,34493010
34493010,41.8696100572,-87.686069783,1302444483.0,34492994,34493027
34493027,41.8698260457,-87.6860766965,1302444486.0,34493010,34493047
34493047,41.8700560157,-87.6860885187,1302444489.0,34493027,34493070
34493070,41.8703010672,-87.6861009416,1302444492.0,34493047,34493095
34493095,41.8705580857,-87.6861063943,1302444495.0,34493070,34493122
34493122,41.8708181161,-87.6861098309,1302444498.0,34493095,34493152
34493152,41.8710871398,-87.6861134333,1302444501.0,34493122,34493172
34493172,41.8712679549,-87.6861179648,1302444503.0,34493152,34493194
34493194,41.8714529044,-87.6861241365,1302444505.0,34493172,34493216
34493216,41.8716418957,-87.6861318883,1302444507.0,34493194,34493239
34493239,41.8718318894,-87.6861384544,1302444509.0,34493216,34493263
34493263,41.8720229257,-87.6861461299,1302444511.0,34493239,34493282
34493282,41.8722159305,-87.6861498037,1302444513.0,34493263,34493309
34493309,41.8724119591,-87.6861544181,1302444515.0,34493282,34493333
34493333,41.8726069721,-87.6861612137,1302444517.0,34493309,34493359
34493359,41.8728019591,-87.686165222,1302444519.0,34493333,34493387
34493387,41.872989997,-87.6861690412,1302444521.0,34493359,34493427
34493427,41.8732559687,-87.686174953,1302444524.0,34493387,34493471
34493471,41.8735079625,-87.6861799938,1302444527.0,34493427,34493515
34493515,41.8737039595,-87.6861824801,1302444530.0,34493471,34493621
34493621,41.8738750478,-87.6860743095,1302444537.0,34493515,34493682
34493682,41.8738981191,-87.6857769473,1302444541.0,34493621,34493732
34493732,41.8739043497,-87.6854910165,1302444544.0,34493682,34493781
34493781,41.8739075141,-87.6851750511,1302444547.0,34493732,34493832
34493832,41.8739119793,-87.68484309,1302444550.0,34493781,34493885
34493885,41.8739195259,-87.6845140375,1302444553.0,34493832,34493938
34493938,41.8739242476,-87.6842099594,1302444556.0,34493885,34494011
34494011,41.8739262308,-87.683967002,1302444560.0,34493938,34494384
34494384,41.8739034791,-87.6836871178,1302444579.0,34494011,34494443
34494443,41.8739086508,-87.6834261275,1302444582.0,34494384,34494506
34494506,41.8739146509,-87.6831132163,1302444585.0,34494443,34494570
34494570,41.8739243813,-87.6826511462,1302444589.0,34494506,34494579
34494579,41.8739317826,-87.682299088,1302444592.0,34494570,34494593
34494593,41.8739387324,-87.6819601274,1302444595.0,34494579,34494611
34494611,41.873944828,-87.6816522267,1302444598.0,34494593,34494648
34494648,41.8739499946,-87.6814051889,1302444603.0,34494611,34494691
34494691,41.8739501644,-87.6811191348,1302444608.0,34494648,34494710
34494710,41.873951887,-87.6808452382,1302444611.0,34494691,34494742
34494742,41.8739614796,-87.6805402321,1302444614.0,34494710,34494774
34494774,41.8739664979,-87.6802131824,1302444617.0,34494742,34494808
34494808,41.8739739099,-87.6798731539,1302444620.0,34494774,34494844
34494844,41.8739829721,-87.6795280891,1302444623.0,34494808,34494881
34494881,41.8739903414,-87.6791691029,1302444626.0,34494844,34494906
34494906,41.8739926635,-87.6789200955,1302444628.0,34494881,34494934
34494934,41.8739975445,-87.67866509,1302444630.0,34494906,34494960
34494960,41.8740031431,-87.6784110931,1302444632.0,34494934,34494987
34494987,41.8740078745,-87.6781590775,1302444634.0,34494960,34495016
34495016,41.8740126843,-87.677911057,1302444636.0,34494987,34495059
34495059,41.874020804,-87.6775591248,1302444639.0,34495016,34495103
34495103,41.8740244049,-87.6772350601,1302444642.0,34495059,34495150
34495150,41.8740107939,-87.6769347426,1302444645.0,34495103,34495210
34495210,41.8739920181,-87.676680302,1302444649.0,34495150,34495325
34495325,41.8738626902,-87.6764861562,1302444656.0,34495210,34495377
34495377,41.8736852677,-87.6764622466,1302444659.0,34495325,34495427
34495427,41.8734754825,-87.6764492027,1302444662.0,34495377,34495479
34495479,41.8732466306,-87.6764388819,1302444665.0,34495427,34495535
34495535,41.8730269066,-87.6764312438,1302444668.0,34495479,None
