94563844,41.874262272,-87.6664141786,1303225868.0,None,94564610
94564610,41.8742549521,-87.6666690201,1303225890.0,94563844,94564713
94564713,41.8742652177,-87.6669156289,1303225893.0,94564610,94564823
94564823,41.874270379,-87.6672705883,1303225896.0,94564713,94564895
94564895,41.8742689468,-87.6675527077,1303225898.0,94564823,94564964
94564964,41.8742673068,-87.6678707617,1303225900.0,94564895,94565029
94565029,41.8742557987,-87.6681809833,1303225902.0,94564964,94565101
94565101,41.8742729457,-87.6684501441,1303225904.0,94565029,94565198
94565198,41.8742722792,-87.6687743917,1303225907.0,94565101,94565403
94565403,41.8742579956,-87.6690150814,1303225913.0,94565198,94565955
94565955,41.8740802529,-87.6691563828,1303225929.0,94565403,94566059
94566059,41.8738839312,-87.6691440662,1303225932.0,94565955,94566158
94566158,41.8736109039,-87.6691388268,1303225935.0,94566059,94566229
94566229,41.87341191,-87.6691322085,1303225937.0,94566158,94566334
94566334,41.8731828786,-87.6691230609,1303225940.0,94566229,94566512
94566512,41.8729857738,-87.6690924186,1303225945.0,94566334,94566661
94566661,41.8727219748,-87.6690619909,1303225949.0,94566512,94566727
94566727,41.8725280271,-87.6690493043,1303225951.0,94566661,94566794
94566794,41.872302043,-87.6690455025,1303225953.0,94566727,94566859
94566859,41.8720797711,-87.6690515508,1303225955.0,94566794,94566953
94566953,41.8718537746,-87.6690619053,1303225958.0,94566859,94567277
94567277,41.8716446793,-87.6690594931,1303225967.0,94566953,94567390
94567390,41.8714401794,-87.669044994,1303225970.0,94567277,94567496
94567496,41.8711655053,-87.6690343474,1303225973.0,94567390,94567559
94567559,41.8709546325,-87.6690269816,1303225975.0,94567496,94567622
94567622,41.8707337833,-87.6690213999,1303225977.0,94567559,94567692
94567692,41.870505912,-87.6690153686,1303225979.0,94567622,94567759
94567759,41.8702828817,-87.6690115166,1303225981.0,94567692,94567814
94567814,41.8700688609,-87.6690080285,1303225983.0,94567759,94567886
94567886,41.8698788696,-87.6690047832,1303225985.0,94567814,94567999
94567999,41.8696659406,-87.6690041389,1303225988.0,94567886,94568138
94568138,41.8694857143,-87.6690014486,1303225992.0,94567999,94568770
94568770,41.8693037274,-87.6689913208,1303226010.0,94568138,94569172
94569172,41.8692335988,-87.6692315893,1303226024.0,94568770,94569302
94569302,41.8692108238,-87.6695005607,1303226029.0,94569172,94569603
94569603,41.869191781,-87.6697615425,1303226039.0,94569302,94569916
94569916,41.8692270036,-87.6700098253,1303226048.0,94569603,94570592
94570592,41.8692310409,-87.6702730839,1303226068.0,94569916,94570720
94570720,41.869233605,-87.6705589571,1303226072.0,94570592,94570849
94570849,41.8692384767,-87.6708391886,1303226076.0,94570720,94571161
94571161,41.8692542829,-87.6712110803,1303226095.0,94570849,94571523
94571523,41.869238012,-87.671505769,1303226106.0,94571161,94571627
94571627,41.8691261244,-87.6717147277,1303226109.0,94571523,94571726
94571726,41.8690311055,-87.6720079372,1303226112.0,94571627,94571795
94571795,41.8690586438,-87.6723159711,1303226114.0,94571726,94571868
94571868,41.8690621141,-87.6726239499,1303226116.0,94571795,94571943
94571943,41.8690662746,-87.6728989242,1303226118.0,94571868,94572015
94572015,41.8690915475,-87.6731709841,1303226120.0,94571943,94572105
94572105,41.8691482428,-87.6734498237,1303226123.0,94572015,94572890
94572890,41.8691589127,-87.6737292984,1303226146.0,94572105,94572980
94572980,41.8691501212,-87.6740403356,1303226149.0,94572890,94572985
94572985,41.8691499667,-87.6742962699,1303226151.0,94572980,94572992
94572992,41.8691506733,-87.6745872421,1303226153.0,94572985,94573002
94573002,41.8691496291,-87.6748902547,1303226155.0,94572992,94573013
94573013,41.8691503442,-87.6751831817,1303226157.0,94573002,94573026
94573026,41.8691521091,-87.675465071,1303226159.0,94573013,94573041
94573041,41.8691570505,-87.6757251641,1303226161.0,94573026,94573064
94573064,41.869169087,-87.6760246473,1303226164.0,94573041,94573138
94573138,41.8693044622,-87.6762007744,1303226172.0,94573064,94573169
94573169,41.86950005,-87.6762016462,1303226175.0,94573138,94573202
94573202,41.8697680025,-87.6761996673,1303226178.0,94573169,94573225
94573225,41.8699770545,-87.6762009468,1303226180.0,94573202,94573249
94573249,41.8701910496,-87.6762058224,1303226182.0,94573225,94573261
94573261,41.8704160518,-87.6762128087,1303226184.0,94573249,94573288
94573288,41.8706459983,-87.6762179434,1303226186.0,94573261,94573314
94573314,41.8708689808,-87.6762221589,1303226188.0,94573288,94573338
94573338,41.8710620087,-87.6762306505,1303226190.0,94573314,94573381
94573381,41.8712857757,-87.6762371765,1303226193.0,94573338,94573435
94573435,41.8714654616,-87.6761588137,1303226197.0,94573381,94573496
94573496,41.8714784489,-87.6758448848,1303226201.0,94573435,94573539
94573539,41.8714744792,-87.6755009949,1303226204.0,94573496,94573588
94573588,41.8714709256,-87.6752449727,1303226207.0,94573539,94573925
94573925,41.8714668284,-87.6749300052,1303226227.0,94573588,94573979
94573979,41.8714668696,-87.6746117011,1303226230.0,94573925,94574017
94574017,41.8714735769,-87.6743633826,1303226232.0,94573979,94574072
94574072,41.8714757197,-87.6740541624,1303226235.0,94574017,94574209
94574209,41.8714628322,-87.6737900956,1303226242.0,94574072,94574247
94574247,41.871458412,-87.6734974656,1303226246.0,94574209,94574817
94574817,41.8714867763,-87.6732014884,1303226274.0,94574247,94574883
94574883,41.8715016336,-87.672913129,1303226277.0,94574817,94574928
94574928,41.8714987879,-87.6726672433,1303226279.0,94574883,94574955
94574955,41.8714972936,-87.6724122265,1303226281.0,94574928,94574999
94574999,41.8714995293,-87.6720679547,1303226284.0,94574955,94575024
94575024,41.8715001648,-87.6716229583,1303226294.0,94574999,94575388
94575388,41.871500017,-87.6713781362,1303226311.0,94575024,94575452
94575452,41.8715043108,-87.6710483626,1303226314.0,94575388,94575494
94575494,41.8715066394,-87.6707832428,1303226316.0,94575452,94575543
94575543,41.8715075818,-87.6705120317,1303226318.0,94575494,94575594
94575594,41.8715142302,-87.6702429613,1303226320.0,94575543,94575647
94575647,41.8715242563,-87.6699685399,1303226322.0,94575594,94575700
94575700,41.8715351775,-87.6696896345,1303226324.0,94575647,94575752
94575752,41.8715378085,-87.6694247838,1303226326.0,94575700,94575851
94575851,41.8715334247,-87.6691453579,1303226330.0,94575752,94576012
94576012,41.8716734983,-87.6689739299,1303226336.0,94575851,94576090
94576090,41.8718678428,-87.6689771397,1303226339.0,94576012,94576176
94576176,41.8721079521,-87.668994402,1303226342.0,94576090,94576227
94576227,41.8723018509,-87.6690011841,1303226344.0,94576176,94576280
94576280,41.8724990036,-87.6690054027,1303226346.0,94576227,94576360
94576360,41.8727052383,-87.6689985132,1303226349.0,94576280,94576491
94576491,41.8728893415,-87.6690221393,1303226354.0,94576360,94576579
94576579,41.8731151622,-87.669042543,1303226357.0,94576491,94576642
94576642,41.8733111101,-87.6690553889,1303226359.0,94576579,94576697
94576697,41.8735060228,-87.6690833931,1303226361.0,94576642,94576747
94576747,41.8737050382,-87.6691101213,1303226363.0,94576697,94576827
94576827,41.8739518648,-87.6691424627,1303226366.0,94576747,94576942
94576942,41.8741091624,-87.6689953543,1303226372.0,94576827,94576958
94576958,41.8740983548,-87.6686821449,1303226376.0,94576942,94576975
94576975,41.8740953422,-87.6683169837,1303226379.0,94576958,94576988
94576988,41.8740925176,-87.6680407584,1303226381.0,94576975,94577002
94577002,41.8740938753,-87.6677737579,1303226383.0,94576988,94577026
94577026,41.8740899438,-87.6674556457,1303226386.0,94577002,94577061
94577061,41.8740653646,-87.6671748755,1303226390.0,94577026,94577273
94577273,41.8740440685,-87.666909099,1303226409.0,94577061,94577312
94577312,41.8740428105,-87.6666429243,1303226412.0,94577273,94577353
94577353,41.8740553368,-87.666320435,1303226415.0,94577312,94577389
94577389,41.8740652604,-87.6659769879,1303226418.0,94577353,94577419
94577419,41.8740703946,-87.6657119726,1303226420.0,94577389,94577448
94577448,41.87407545,-87.6654359802,1303226422.0,94577419,94577476
94577476,41.8740755298,-87.6651589637,1303226424.0,94577448,94577508
94577508,41.8740737776,-87.6648699263,1303226426.0,94577476,94577540
94577540,41.8740720067,-87.6645738873,1303226428.0,94577508,94577570
94577570,41.874066163,-87.6642778953,1303226430.0,94577540,94577601
94577601,41.8740593141,-87.6639808898,1303226432.0,94577570,94577634
94577634,41.874053493,-87.6636879036,1303226434.0,94577601,94577669
94577669,41.8740486894,-87.6633969442,1303226436.0,94577634,94577701
94577701,41.8740478368,-87.6631080046,1303226438.0,94577669,94577734
94577734,41.874049809,-87.6628320645,1303226440.0,94577701,94577769
94577769,41.874052928,-87.6625771038,1303226442.0,94577734,94577823
94577823,41.8740601116,-87.6622740856,1303226445.0,94577769,94577947
94577947,41.8740682485,-87.6620271373,1303226452.0,94577823,94578235
94578235,41.8740752341,-87.6617111259,1303226467.0,94577947,94578296
94578296,41.8740853403,-87.6613831191,1303226470.0,94578235,94578336
94578336,41.8740914345,-87.6611110666,1303226472.0,94578296,94578376
94578376,41.8740986816,-87.660817087,1303226474.0,94578336,94578417
94578417,41.8740987422,-87.6605210866,1303226476.0,94578376,94578458
94578458,41.8741018276,-87.6602150689,1303226478.0,94578417,94578501
94578501,41.8740997312,-87.6599020561,1303226480.0,94578458,94578535
94578535,41.8741027404,-87.6595910714,1303226482.0,94578501,94578579
94578579,41.8741087415,-87.6592780984,1303226484.0,94578535,94578623
94578623,41.874111827,-87.658962097,1303226486.0,94578579,94578668
94578668,41.8741169492,-87.6586390812,1303226488.0,94578623,94578711
94578711,41.8741200245,-87.6583170934,1303226490.0,94578668,94578754
94578754,41.8741272167,-87.6580050951,1303226492.0,94578711,94578801
94578801,41.8741354124,-87.6576960548,1303226494.0,94578754,94578846
94578846,41.8741403112,-87.6573920638,1303226496.0,94578801,94578890
94578890,41.8741457861,-87.6570862499,1303226498.0,94578846,94578936
94578936,41.8741530146,-87.656770117,1303226500.0,94578890,94578981
94578981,41.8741683725,-87.656446636,1303226502.0,94578936,94579027
94579027,41.8741695171,-87.656103333,1303226504.0,94578981,94579068
94579068,41.8741716633,-87.6557594647,1303226506.0,94579027,94579093
94579093,41.8741753035,-87.655418358,1303226508.0,94579068,94579117
94579117,41.874186899,-87.6550844052,1303226510.0,94579093,94579146
94579146,41.8741951852,-87.65474839,1303226512.0,94579117,94579178
94579178,41.8742035042,-87.6544123586,1303226514.0,94579146,94579215
94579215,41.8742042989,-87.6540833702,1303226516.0,94579178,94579251
94579251,41.8742116045,-87.6537684341,1303226518.0,94579215,94579290
94579290,41.8742175842,-87.6534644337,1303226520.0,94579251,94579335
94579335,41.8742202178,-87.6531783892,1303226522.0,94579290,94579387
94579387,41.8742230776,-87.652919285,1303226524.0,94579335,94579462
94579462,41.8742273346,-87.6525821459,1303226527.0,94579387,94579554
94579554,41.874237936,-87.652297223,1303226531.0,94579462,None
