41067919,41.8693220268,-87.6705319693,1303768892.0,None,41068087
41068087,41.8693115142,-87.6708282054,1303768897.0,41067919,41068127
41068127,41.8692995596,-87.6710938505,1303768901.0,41068087,41068258
41068258,41.8692782793,-87.6713382455,1303768919.0,41068127,41068331
41068331,41.8694576685,-87.6714441889,1303768926.0,41068258,41068389
41068389,41.8696588231,-87.6713511648,1303768931.0,41068331,41068425
41068425,41.8698509484,-87.6713774648,1303768934.0,41068389,41068464
41068464,41.8700910122,-87.6713761768,1303768937.0,41068425,41068531
41068531,41.8702660896,-87.6713096068,1303768942.0,41068464,41068640
41068640,41.8704940328,-87.6712897269,1303768950.0,41068531,41068683
41068683,41.870703036,-87.6712837602,1303768953.0,41068640,41068731
41068731,41.8709079799,-87.6713127272,1303768956.0,41068683,41068793
41068793,41.8710799893,-87.6713918124,1303768960.0,41068731,41068873
41068873,41.871259054,-87.6714380155,1303768965.0,41068793,41068960
41068960,41.8714463819,-87.6714231085,1303768970.0,41068873,41069046
41069046,41.8715239297,-87.6711431634,1303768975.0,41068960,41069102
41069102,41.8715453348,-87.6708891222,1303768978.0,41069046,41069153
41069153,41.8715671601,-87.6706389421,1303768981.0,41069102,41069267
41069267,41.8715832658,-87.6703878634,1303768987.0,41069153,41069361
41069361,41.8715873416,-87.6701316098,1303768992.0,41069267,41069444
41069444,41.8715861764,-87.6698207552,1303768996.0,41069361,41069521
41069521,41.8715947894,-87.6695716771,1303769000.0,41069444,41069808
41069808,41.8716037896,-87.6693168575,1303769014.0,41069521,41070205
41070205,41.8716047537,-87.669010171,1303769035.0,41069808,41070268
41070268,41.8716168123,-87.6687547753,1303769038.0,41070205,41070331
41070331,41.8716387892,-87.668448987,1303769041.0,41070268,41070402
41070402,41.8716607986,-87.6680830595,1303769044.0,41070331,41070452
41070452,41.8716637981,-87.6678320021,1303769046.0,41070402,41070526
41070526,41.8716627578,-87.6675139771,1303769049.0,41070452,41070618
41070618,41.8716667325,-87.6672200334,1303769053.0,41070526,41070946
41070946,41.8716656622,-87.6669650048,1303769067.0,41070618,41071132
41071132,41.8716394082,-87.6667147971,1303769074.0,41070946,41071229
41071229,41.8717598362,-87.6665035513,1303769078.0,41071132,41071303
41071303,41.8719570371,-87.6664643718,1303769081.0,41071229,41071381
41071381,41.8722030295,-87.6664608514,1303769084.0,41071303,41071439
41071439,41.8723889959,-87.6664613869,1303769086.0,41071381,41071497
41071497,41.8725930042,-87.6664662814,1303769088.0,41071439,41071546
41071546,41.8728079968,-87.6664705462,1303769090.0,41071497,41071593
41071593,41.8730209824,-87.6664768502,1303769092.0,41071546,41071647
41071647,41.8732219938,-87.6664868613,1303769094.0,41071593,41071726
41071726,41.873478919,-87.6664936721,1303769097.0,41071647,41071811
41071811,41.8736669341,-87.6664951099,1303769100.0,41071726,41071994
41071994,41.8738620102,-87.6664815769,1303769107.0,41071811,41072143
41072143,41.8740725623,-87.6664585333,1303769112.0,41071994,41072260
41072260,41.8741554942,-87.6662021372,1303769116.0,41072143,41072338
41072338,41.8741656023,-87.6659158597,1303769119.0,41072260,41072424
41072424,41.8741688044,-87.6655708415,1303769122.0,41072338,41072469
41072469,41.8741706838,-87.6653099187,1303769124.0,41072424,41072526
41072526,41.874167483,-87.6650249644,1303769126.0,41072469,41072589
41072589,41.8741604747,-87.6647220204,1303769128.0,41072526,41072651
41072651,41.8741507747,-87.6644050028,1303769130.0,41072589,41072712
41072712,41.8741394082,-87.6640719812,1303769132.0,41072651,41072766
41072766,41.8741245291,-87.663720961,1303769134.0,41072712,41072822
41072822,41.8741185788,-87.6633579601,1303769136.0,41072766,41072878
41072878,41.8741169028,-87.6630039784,1303769138.0,41072822,41072936
41072936,41.8741182141,-87.6626889643,1303769140.0,41072878,41073000
41073000,41.8741240847,-87.6624219537,1303769142.0,41072936,41073091
41073091,41.8741299705,-87.6621129795,1303769145.0,41073000,41073184
41073184,41.8741360371,-87.6617879944,1303769148.0,41073091,41073238
41073238,41.8741384819,-87.6615419877,1303769150.0,41073184,41073299
41073299,41.8741434933,-87.6612719939,1303769152.0,41073238,41073361
41073361,41.8741458337,-87.660980969,1303769154.0,41073299,41073422
41073422,41.8741498056,-87.6606719848,1303769156.0,41073361,41073488
41073488,41.8741513248,-87.6603480049,1303769158.0,41073422,41073554
41073554,41.8741526129,-87.660006023,1303769160.0,41073488,41073612
41073612,41.8741522419,-87.6596460309,1303769162.0,41073554,41073666
41073666,41.8741509029,-87.6592740725,1303769164.0,41073612,41073720
41073720,41.8741560292,-87.6588930466,1303769166.0,41073666,41073785
41073785,41.874163819,-87.6585200309,1303769168.0,41073720,41073852
41073852,41.8741695815,-87.6581890388,1303769170.0,41073785,41073921
41073921,41.8741761319,-87.6579020326,1303769172.0,41073852,41074020
41074020,41.8741835607,-87.6575690893,1303769175.0,41073921,41074128
41074128,41.8741933012,-87.6572470782,1303769179.0,41074020,41074205
41074205,41.8742033433,-87.6569570071,1303769182.0,41074128,41074300
41074300,41.8742053896,-87.6566065447,1303769185.0,41074205,41074366
41074366,41.8742141707,-87.6563409822,1303769187.0,41074300,41074436
41074436,41.8742200962,-87.656054059,1303769189.0,41074366,41074507
41074507,41.8742261673,-87.6557531131,1303769191.0,41074436,41074578
41074578,41.8742328874,-87.6554362318,1303769193.0,41074507,41074634
41074634,41.8742368585,-87.6551072783,1303769195.0,41074578,41074699
41074699,41.8742402574,-87.654763288,1303769197.0,41074634,41074763
41074763,41.8742470072,-87.6544112339,1303769199.0,41074699,41074827
41074827,41.8742507059,-87.6540562362,1303769201.0,41074763,41074894
41074894,41.8742555678,-87.6536913508,1303769203.0,41074827,41074957
41074957,41.8742595424,-87.6533274235,1303769205.0,41074894,41075023
41075023,41.8742664097,-87.6529662708,1303769207.0,41074957,41075093
41075093,41.874272622,-87.652598132,1303769209.0,41075023,41075162
41075162,41.8742785658,-87.6522262834,1303769211.0,41075093,41075232
41075232,41.8742822775,-87.6518664742,1303769213.0,41075162,41075303
41075303,41.8742840187,-87.6515255391,1303769215.0,41075232,41075373
41075373,41.8742817551,-87.6512185822,1303769217.0,41075303,41075439
41075439,41.8742836526,-87.6509584481,1303769219.0,41075373,41075533
41075533,41.8742868562,-87.6506683439,1303769222.0,41075439,41075695
41075695,41.8743005123,-87.6504183295,1303769227.0,41075533,41075999
41075999,41.8743192683,-87.6501632282,1303769236.0,41075695,41076238
41076238,41.8743232526,-87.6499143647,1303769243.0,41075999,41076467
41076467,41.8743467452,-87.6496243022,1303769250.0,41076238,41076569
41076569,41.874382589,-87.6493726922,1303769253.0,41076467,41076673
41076673,41.8744398873,-87.6490666192,1303769256.0,41076569,41076779
41076779,41.8745118905,-87.6487689323,1303769259.0,41076673,41076889
41076889,41.8745738393,-87.6485150015,1303769262.0,41076779,41077754
41077754,41.874554588,-87.648256986,1303769286.0,41076889,41077931
41077931,41.8746519898,-87.6479689962,1303769291.0,41077754,41078079
41078079,41.8744894823,-87.6476890794,1303769295.0,41077931,41078262
41078262,41.8743526708,-87.6474899569,1303769300.0,41078079,41078414
41078414,41.874171823,-87.6473765275,1303769304.0,41078262,41078528
41078528,41.8739491561,-87.6473798704,1303769307.0,41078414,41078639
41078639,41.8736860297,-87.6473688359,1303769310.0,41078528,41078712
41078712,41.8734880169,-87.6473625949,1303769312.0,41078639,41078783
41078783,41.8732790219,-87.6473553463,1303769314.0,41078712,41078855
41078855,41.8730580196,-87.6473492441,1303769316.0,41078783,41078931
41078931,41.872847021,-87.6473411231,1303769318.0,41078855,41079007
41079007,41.8726610181,-87.6473382507,1303769320.0,41078931,41079116
41079116,41.8724560034,-87.6473246306,1303769323.0,41079007,41079743
41079743,41.8722472165,-87.6472741179,1303769344.0,41079116,41079883
41079883,41.8720293034,-87.6472433123,1303769348.0,41079743,41079990
41079990,41.8718002535,-87.6472256717,1303769351.0,41079883,41080100
41080100,41.8715321456,-87.6472079965,1303769354.0,41079990,41080201
41080201,41.8712921446,-87.64719076,1303769357.0,41080100,41080302
41080302,41.8711001976,-87.6471706346,1303769360.0,41080201,41080444
41080444,41.8708602049,-87.6471333591,1303769364.0,41080302,41080546
41080546,41.8706401538,-87.6471123512,1303769367.0,41080444,41080650
41080650,41.8704251558,-87.6470866503,1303769370.0,41080546,41080932
41080932,41.8702440323,-87.647063443,1303769378.0,41080650,41081214
41081214,41.8700519227,-87.6470432958,1303769386.0,41080932,41081355
41081355,41.8698329464,-87.647031696,1303769390.0,41081214,41081556
41081556,41.8696453128,-87.6469082528,1303769396.0,41081355,41081683
41081683,41.8696118878,-87.6465838572,1303769400.0,41081556,41081831
41081831,41.8696330975,-87.6463065555,1303769404.0,41081683,41082265
41082265,41.8696566917,-87.6460356803,1303769417.0,41081831,41082406
41082406,41.8696780184,-87.6457087414,1303769421.0,41082265,41082513
41082513,41.8696924376,-87.6453948562,1303769424.0,41082406,41082623
41082623,41.8696934374,-87.6450699053,1303769427.0,41082513,41082721
41082721,41.8696902975,-87.6447139013,1303769430.0,41082623,41082789
41082789,41.8696954373,-87.6444468552,1303769432.0,41082721,41082852
41082852,41.869704429,-87.6441528726,1303769434.0,41082789,41082922
41082922,41.8697114924,-87.6438449026,1303769436.0,41082852,41082989
41082989,41.8697155716,-87.6435259192,1303769438.0,41082922,41083045
41083045,41.8697206327,-87.6432079205,1303769440.0,41082989,41083120
41083120,41.8697274721,-87.6429119097,1303769442.0,41083045,41083233
41083233,41.8697286019,-87.6425938647,1303769445.0,41083120,None
