14566020,41.870496042,-87.6860973817,1302483968.0,None,14566059
14566059,41.8707480289,-87.6860975299,1302483970.0,14566020,14566099
14566099,41.871007069,-87.6861029124,1302483972.0,14566059,14566139
14566139,41.8712639079,-87.6861139071,1302483974.0,14566099,14566181
14566181,41.8715287828,-87.6861177921,1302483976.0,14566139,14566221
14566221,41.8717937598,-87.6861222675,1302483978.0,14566181,14566263
14566263,41.872054821,-87.6861259332,1302483980.0,14566221,14566304
14566304,41.8723028558,-87.686126886,1302483982.0,14566263,14566351
14566351,41.8725328545,-87.6861317807,1302483984.0,14566304,14566397
14566397,41.8727498656,-87.686133175,1302483986.0,14566351,14566438
14566438,41.8729498882,-87.6861449594,1302483988.0,14566397,14566480
14566480,41.8731418828,-87.6861513334,1302483990.0,14566438,14566527
14566527,41.8734059057,-87.6861577834,1302483993.0,14566480,14566556
14566556,41.8736303203,-87.6861674125,1302483996.0,14566527,14566656
14566656,41.8738113784,-87.6860919001,1302484002.0,14566556,14566781
14566781,41.8738472974,-87.6858072383,1302484008.0,14566656,14566851
14566851,41.8738555079,-87.6854882948,1302484011.0,14566781,14566902
14566902,41.8738614592,-87.6852433209,1302484013.0,14566851,14566956
14566956,41.873866199,-87.684983245,1302484015.0,14566902,14567004
14567004,41.8738600825,-87.6847272028,1302484017.0,14566956,14567051
14567051,41.8738504803,-87.6844721445,1302484019.0,14567004,14567120
14567120,41.8738362172,-87.6841531129,1302484022.0,14567051,14567394
14567394,41.8738238052,-87.6838910907,1302484033.0,14567120,14567499
14567499,41.8738668528,-87.6835962296,1302484037.0,14567394,14567577
14567577,41.8739176834,-87.6832651455,1302484040.0,14567499,14567632
14567632,41.8739411517,-87.6829940386,1302484042.0,14567577,14567680
14567680,41.8739476246,-87.6826800066,1302484044.0,14567632,14567732
14567732,41.8739499987,-87.6823510027,1302484046.0,14567680,14567785
14567785,41.8739490243,-87.6820350794,1302484048.0,14567732,14567837
14567837,41.8739380921,-87.6817602254,1302484050.0,14567785,14567892
14567892,41.8739180571,-87.6815053286,1302484053.0,14567837,14568031
14568031,41.8739270172,-87.6812502878,1302484058.0,14567892,14568108
14568108,41.8739445383,-87.680925252,1302484061.0,14568031,14568161
14568161,41.8739524595,-87.6806272916,1302484063.0,14568108,14568211
14568211,41.8739566892,-87.6802952185,1302484065.0,14568161,14568262
14568262,41.8739578553,-87.6799442247,1302484067.0,14568211,14568317
14568317,41.8739619782,-87.6795951462,1302484069.0,14568262,14568376
14568376,41.8739631277,-87.6792471875,1302484071.0,14568317,14568436
14568436,41.8739653418,-87.6789002144,1302484073.0,14568376,14568489
14568489,41.8739693767,-87.6785612048,1302484075.0,14568436,14568547
14568547,41.8739743379,-87.6782341933,1302484077.0,14568489,14568605
14568605,41.8739783137,-87.6779191931,1302484079.0,14568547,14568658
14568658,41.8739841553,-87.6776141699,1302484081.0,14568605,14568714
14568714,41.8739861424,-87.6773190614,1302484083.0,14568658,14568758
14568758,41.873987878,-87.677046391,1302484085.0,14568714,14568843
14568843,41.8739674494,-87.6767242263,1302484088.0,14568758,14569276
14569276,41.8738941704,-87.6765009015,1302484103.0,14568843,14569398
14569398,41.8736405042,-87.676470073,1302484107.0,14569276,14569499
14569499,41.8733946672,-87.6764550905,1302484110.0,14569398,14569593
14569593,41.8731908,-87.676439111,1302484113.0,14569499,14569679
14569679,41.8730008051,-87.6764223033,1302484116.0,14569593,14569764
14569764,41.8727367342,-87.6764047158,1302484119.0,14569679,14569825
14569825,41.8725257396,-87.6763913431,1302484121.0,14569764,14569884
14569884,41.8723057107,-87.6763851883,1302484123.0,14569825,14569949
14569949,41.8721048514,-87.6763775512,1302484125.0,14569884,14570013
14570013,41.8719099096,-87.6763574452,1302484127.0,14569949,14570080
14570080,41.871726936,-87.6763427241,1302484129.0,14570013,14570179
14570179,41.8715311399,-87.6763098612,1302484132.0,14570080,14570297
14570297,41.871452395,-87.6760875065,1302484136.0,14570179,14570391
14570391,41.8714680914,-87.6757919093,1302484139.0,14570297,14570482
14570482,41.8714676002,-87.6754509105,1302484142.0,14570391,14570577
14570577,41.8714608174,-87.6751962111,1302484145.0,14570482,14570724
14570724,41.8714718769,-87.6749438053,1302484150.0,14570577,14570826
14570826,41.8714717581,-87.6746396843,1302484153.0,14570724,14570928
14570928,41.8714735684,-87.6742863166,1302484156.0,14570826,14571031
14571031,41.871472862,-87.6739651174,1302484159.0,14570928,14571184
14571184,41.871447262,-87.6737044596,1302484164.0,14571031,14571317
14571317,41.8714749804,-87.6734215816,1302484168.0,14571184,14571424
14571424,41.8715099303,-87.6730562152,1302484171.0,14571317,14571495
14571495,41.871531398,-87.6727759768,1302484173.0,14571424,14571564
14571564,41.871544697,-87.6724959612,1302484175.0,14571495,14571636
14571636,41.8715579581,-87.6722338502,1302484177.0,14571564,14571723
14571723,41.8715647683,-87.6719149634,1302484180.0,14571636,14571852
14571852,41.8715512536,-87.6716696325,1302484184.0,14571723,14572698
14572698,41.871537869,-87.6713878156,1302484210.0,14571852,14572795
14572795,41.8715689077,-87.6710867213,1302484213.0,14572698,14572901
14572901,41.8715883098,-87.6707137893,1302484216.0,14572795,14572977
14572977,41.8715877023,-87.6704428784,1302484218.0,14572901,14573048
14573048,41.8715874115,-87.6701766843,1302484220.0,14572977,14573120
14573120,41.871587716,-87.6699055692,1302484222.0,14573048,14573195
14573195,41.871586891,-87.6696408004,1302484224.0,14573120,14573301
14573301,41.8715627716,-87.6693458419,1302484227.0,14573195,14573514
14573514,41.8715041396,-87.6691143282,1302484233.0,14573301,14573619
14573619,41.8713098953,-87.6690713618,1302484236.0,14573514,14573726
14573726,41.8710437772,-87.669049563,1302484239.0,14573619,14573796
14573796,41.8708338489,-87.669034183,1302484241.0,14573726,14573858
14573858,41.870596857,-87.6690142602,1302484243.0,14573796,14573933
14573933,41.8703528119,-87.6689954779,1302484245.0,14573858,14574003
14574003,41.8701077667,-87.6689862275,1302484247.0,14573933,14574079
14574079,41.8698727787,-87.6689844941,1302484249.0,14574003,14574156
14574156,41.869649842,-87.6689882158,1302484251.0,14574079,14574233
14574233,41.8694666255,-87.6689881569,1302484253.0,14574156,14574382
14574382,41.8692707994,-87.6689784054,1302484257.0,14574233,14574599
14574599,41.8691333244,-87.6687347683,1302484263.0,14574382,14574706
14574706,41.8691598777,-87.6684172316,1302484266.0,14574599,14574780
14574780,41.8691831122,-87.6681760253,1302484268.0,14574706,14574863
14574863,41.8692068068,-87.6679299483,1302484270.0,14574780,14574937
14574937,41.8692187904,-87.6676498493,1302484272.0,14574863,14575013
14575013,41.8692217521,-87.6673598104,1302484274.0,14574937,14575086
14575086,41.8692144029,-87.6670966219,1302484276.0,14575013,14575200
14575200,41.869199421,-87.6668208615,1302484279.0,14575086,None
