3786332,41.8679080016,-87.6714071349,1302269786.0,None,3786410
3786410,41.8676819917,-87.6713723612,1302269795.0,3786332,3786440
3786440,41.8674779937,-87.6713644142,1302269798.0,3786410,3786472
3786472,41.8672949756,-87.6713624924,1302269801.0,3786440,3786683
3786683,41.867114933,-87.6713733749,1302269818.0,3786472,3786962
3786962,41.8669330092,-87.6713709072,1302269837.0,3786683,3787096
3787096,41.8667537087,-87.6712585154,1302269845.0,3786962,3787168
3787168,41.8667345791,-87.6709990067,1302269849.0,3787096,3787222
3787222,41.8667417882,-87.6707070419,1302269852.0,3787168,3787275
3787275,41.8667538433,-87.6703420525,1302269855.0,3787222,3787311
3787311,41.8667599034,-87.6700700375,1302269857.0,3787275,3787351
3787351,41.8667659362,-87.6697770294,1302269859.0,3787311,3787389
3787389,41.8667680367,-87.6694709946,1302269861.0,3787351,3787427
3787427,41.8667680749,-87.6691519875,1302269863.0,3787389,3787465
3787465,41.8667681749,-87.6688191946,1302269865.0,3787427,3787504
3787504,41.866767385,-87.6684980538,1302269867.0,3787465,3787544
3787544,41.8667652988,-87.6681920207,1302269869.0,3787504,3787585
3787585,41.8667691012,-87.6678920628,1302269871.0,3787544,3787625
3787625,41.86677875,-87.6675851324,1302269873.0,3787585,3787665
3787665,41.8667894654,-87.6672731212,1302269875.0,3787625,3787705
3787705,41.8667980505,-87.6669650178,1302269877.0,3787665,3787746
3787746,41.8668024784,-87.6666500383,1302269879.0,3787705,3787790
3787790,41.8668049444,-87.6663312969,1302269881.0,3787746,3787834
3787834,41.8668081842,-87.6660070167,1302269883.0,3787790,3787874
3787874,41.8668150165,-87.6656839629,1302269885.0,3787834,3787906
3787906,41.8668242497,-87.6653549024,1302269887.0,3787874,3787950
3787950,41.8668293693,-87.6650248717,1302269889.0,3787906,3787996
3787996,41.8668344404,-87.6647028301,1302269891.0,3787950,3788041
3788041,41.8668399427,-87.6643818471,1302269893.0,3787996,3788083
3788083,41.8668469716,-87.6640647874,1302269895.0,3788041,3788126
3788126,41.8668535928,-87.6637537703,1302269897.0,3788083,3788169
3788169,41.8668581402,-87.6634497726,1302269899.0,3788126,3788215
3788215,41.8668647774,-87.6631407852,1302269901.0,3788169,3788262
3788262,41.8668726723,-87.6628287717,1302269903.0,3788215,3788308
3788308,41.8668776879,-87.6625117691,1302269905.0,3788262,3788345
3788345,41.8668819629,-87.6621877964,1302269907.0,3788308,3788391
3788391,41.8668899369,-87.6618567317,1302269909.0,3788345,3788434
3788434,41.8668952562,-87.6615178335,1302269911.0,3788391,3788463
3788463,41.8668977722,-87.6611668234,1302269913.0,3788434,3788485
3788485,41.8669019939,-87.6608008013,1302269915.0,3788463,3788510
3788510,41.8669072694,-87.6604247559,1302269917.0,3788485,3788532
3788532,41.8669128325,-87.6600487747,1302269919.0,3788510,3788560
3788560,41.8669174329,-87.6596818188,1302269921.0,3788532,3788593
3788593,41.8669235097,-87.6593188313,1302269923.0,3788560,3788627
3788627,41.8669295706,-87.6589608631,1302269925.0,3788593,3788668
3788668,41.8669337636,-87.6586038686,1302269927.0,3788627,3788714
3788714,41.8669404443,-87.6582508629,1302269929.0,3788668,3788763
3788763,41.8669470732,-87.6579028188,1302269931.0,3788714,3788812
3788812,41.8669533463,-87.6575608578,1302269933.0,3788763,3788862
3788862,41.8669631087,-87.657213785,1302269935.0,3788812,3788915
3788915,41.8669712079,-87.6568708278,1302269937.0,3788862,3788966
3788966,41.8669747272,-87.6565247815,1302269939.0,3788915,3789002
3789002,41.8669768921,-87.6561677416,1302269941.0,3788966,3789007
3789007,41.8669801959,-87.6558335179,1302269943.0,3789002,3789015
3789015,41.8669830035,-87.6555536195,1302269945.0,3789007,3789031
3789031,41.8669871599,-87.655240661,1302269948.0,3789015,3789050
3789050,41.8669888334,-87.6549775965,1302269951.0,3789031,3789072
3789072,41.866990849,-87.6547155573,1302269954.0,3789050,3789096
3789096,41.8669966334,-87.654401704,1302269957.0,3789072,3789114
3789114,41.8670026165,-87.6541588096,1302269959.0,3789096,3789132
3789132,41.867007954,-87.6538967186,1302269961.0,3789114,3789152
3789152,41.8670131776,-87.653633764,1302269963.0,3789132,3789172
3789172,41.8670187672,-87.6533657989,1302269965.0,3789152,3789193
3789193,41.8670226778,-87.6530847922,1302269967.0,3789172,3789215
3789215,41.8670239289,-87.6528097963,1302269969.0,3789193,3789237
3789237,41.8670264482,-87.6525368268,1302269971.0,3789215,3789261
3789261,41.8670292223,-87.6522558448,1302269973.0,3789237,3789285
3789285,41.8670353446,-87.651975759,1302269975.0,3789261,3789309
3789309,41.8670432338,-87.6517109431,1302269977.0,3789285,3789335
3789335,41.8670580757,-87.6514702354,1302269979.0,3789309,3789374
3789374,41.867082833,-87.6512065409,1302269982.0,3789335,3789429
3789429,41.8672451646,-87.6510312146,1302269986.0,3789374,3789471
3789471,41.8674532215,-87.651020079,1302269989.0,3789429,3789515
3789515,41.8677182128,-87.6510263093,1302269992.0,3789471,3789545
3789545,41.8679201741,-87.6510327713,1302269994.0,3789515,3789570
3789570,41.868133146,-87.6510376373,1302269996.0,3789545,3789587
3789587,41.8683431075,-87.6510446352,1302269998.0,3789570,3789622
3789622,41.8685421431,-87.6510556678,1302270000.0,3789587,3789653
3789653,41.8687282156,-87.6510674425,1302270002.0,3789622,3789698
3789698,41.8689904427,-87.6510864315,1302270005.0,3789653,3789752
3789752,41.8692256508,-87.6511076429,1302270008.0,3789698,3789801
3789801,41.8694063976,-87.6511281444,1302270011.0,3789752,3789855
3789855,41.8695278608,-87.6509512756,1302270015.0,3789801,3789913
3789913,41.8695185195,-87.6506820696,1302270018.0,3789855,3789961
3789961,41.8695139342,-87.6503248856,1302270021.0,3789913,3789998
3789998,41.8695107143,-87.6500528194,1302270023.0,3789961,3790039
3790039,41.869511238,-87.6497628784,1302270025.0,3789998,3790079
3790079,41.869516952,-87.6494688983,1302270027.0,3790039,3790113
3790113,41.8695205378,-87.6491849164,1302270029.0,3790079,3790149
3790149,41.8695248822,-87.6489329415,1302270031.0,3790113,3790210
3790210,41.8695317823,-87.6485899787,1302270034.0,3790149,3790272
3790272,41.8695363998,-87.6482578272,1302270037.0,3790210,3790326
3790326,41.8695531832,-87.6479599712,1302270040.0,3790272,3790389
3790389,41.8695759482,-87.6477110408,1302270043.0,3790326,3790475
3790475,41.8695819504,-87.6474368912,1302270047.0,3790389,3790614
3790614,41.8695994601,-87.6471731123,1302270063.0,3790475,3790664
3790664,41.8696999453,-87.6469610124,1302270069.0,3790614,3790702
3790702,41.8699370778,-87.6468993034,1302270073.0,3790664,3790732
3790732,41.870188115,-87.6468908556,1302270076.0,3790702,3790754
3790754,41.8703731627,-87.646901588,1302270078.0,3790732,3790776
3790776,41.8705621229,-87.6469141246,1302270080.0,3790754,3790799
3790799,41.8707550897,-87.6469194108,1302270082.0,3790776,3790823
3790823,41.8709631063,-87.6469227438,1302270084.0,3790799,3790847
3790847,41.8711750933,-87.6469261494,1302270086.0,3790823,3790872
3790872,41.8713771006,-87.6469327381,1302270088.0,3790847,3790898
3790898,41.8715761423,-87.6469441562,1302270090.0,3790872,3790924
3790924,41.8717851174,-87.646953591,1302270092.0,3790898,3790951
3790951,41.8719991485,-87.646963536,1302270094.0,3790924,3790979
3790979,41.8722253151,-87.6469739129,1302270096.0,3790951,3791007
3791007,41.8724501052,-87.64697588,1302270098.0,3790979,3791035
3791035,41.8726700704,-87.6469752748,1302270100.0,3791007,3791065
3791065,41.872881032,-87.6469799918,1302270102.0,3791035,3791090
3791090,41.873081966,-87.6469835644,1302270104.0,3791065,3791122
3791122,41.8732679229,-87.6469969591,1302270106.0,3791090,3791169
3791169,41.8735159424,-87.6470311871,1302270109.0,3791122,3791232
3791232,41.8737330225,-87.6470533809,1302270113.0,3791169,3791454
3791454,41.8739169574,-87.647005797,1302270126.0,3791232,3791507
3791507,41.874111311,-87.6470326816,1302270129.0,3791454,3791563
3791563,41.8742897867,-87.646998453,1302270132.0,3791507,3791635
3791635,41.8743690848,-87.6467339386,1302270136.0,3791563,3791693
3791693,41.8743517271,-87.64640995,1302270139.0,3791635,3791732
3791732,41.8743406336,-87.6461519484,1302270141.0,3791693,3791769
3791769,41.8743310824,-87.6458779672,1302270143.0,3791732,3791808
3791808,41.8743300069,-87.6455959696,1302270145.0,3791769,3791848
3791848,41.8743361992,-87.6453009766,1302270147.0,3791808,3791889
3791889,41.8743401067,-87.6450109798,1302270149.0,3791848,3791930
3791930,41.87434115,-87.6447289898,1302270151.0,3791889,3791970
3791970,41.8743401663,-87.6444379823,1302270153.0,3791930,3792009
3792009,41.874335485,-87.6441339846,1302270155.0,3791970,3792051
3792051,41.8743387257,-87.6438249987,1302270157.0,3792009,3792091
3792091,41.8743419623,-87.6435240064,1302270159.0,3792051,3792132
3792132,41.8743440906,-87.6432420218,1302270161.0,3792091,3792168
3792168,41.8743520511,-87.6429950181,1302270163.0,3792132,3792177
3792177,41.8743579908,-87.6427429771,1302270166.0,3792168,None
