65280345,41.8694414417,-87.6566681521,1301760586.0,None,65280510
65280510,41.8694556955,-87.6569806214,1301760592.0,65280345,65280588
65280588,41.869447734,-87.6573151623,1301760595.0,65280510,65280642
65280642,41.8694389464,-87.6575810793,1301760597.0,65280588,65280704
65280704,41.869436809,-87.6578540413,1301760599.0,65280642,65280756
65280756,41.869442106,-87.6581370189,1301760601.0,65280704,65280811
65280811,41.869435133,-87.6584410038,1301760603.0,65280756,65280873
65280873,41.8694298955,-87.6587530201,1301760605.0,65280811,65280926
65280926,41.8694293898,-87.6590679775,1301760607.0,65280873,65280978
65280978,41.8694243405,-87.6593839919,1301760609.0,65280926,65281032
65281032,41.8694250277,-87.6597089786,1301760611.0,65280978,65281086
65281086,41.8694257462,-87.6600399591,1301760613.0,65281032,65281146
65281146,41.8694197238,-87.6603679413,1301760615.0,65281086,65281205
65281205,41.869410969,-87.6606760068,1301760617.0,65281146,65281265
65281265,41.8694137988,-87.660944101,1301760619.0,65281205,65281358
65281358,41.8694098899,-87.6612551882,1301760622.0,65281265,65281460
65281460,41.869409065,-87.6615401296,1301760626.0,65281358,65281549
65281549,41.8694097236,-87.661812901,1301760629.0,65281460,65281609
65281609,41.869401881,-87.6620597589,1301760631.0,65281549,65281677
65281677,41.8693943715,-87.6623338648,1301760633.0,65281609,65281740
65281740,41.8693904841,-87.6626119676,1301760635.0,65281677,65281800
65281800,41.8693856356,-87.6628949823,1301760637.0,65281740,65281863
65281863,41.8693853859,-87.663172055,1301760639.0,65281800,65281922
65281922,41.8693822435,-87.6634230231,1301760641.0,65281863,65282015
65282015,41.8693821689,-87.6637351754,1301760644.0,65281922,65282326
65282326,41.8693754511,-87.6639953558,1301760654.0,65282015,65282447
65282447,41.8693702287,-87.664275121,1301760658.0,65282326,65282543
65282543,41.8693663726,-87.6646339791,1301760661.0,65282447,65282606
65282606,41.8693623873,-87.6649219947,1301760663.0,65282543,65282667
65282667,41.869355671,-87.6652179906,1301760665.0,65282606,65282732
65282732,41.8693432864,-87.6655180499,1301760667.0,65282667,65282797
65282797,41.869337144,-87.6658152666,1301760669.0,65282732,65282862
65282862,41.8693409609,-87.6660991026,1301760671.0,65282797,65282922
65282922,41.8693378372,-87.6663680556,1301760673.0,65282862,65282985
65282985,41.8693353796,-87.6666208977,1301760675.0,65282922,65283045
65283045,41.8693322432,-87.6668628355,1301760677.0,65282985,65283142
65283142,41.869317935,-87.6672317174,1301760680.0,65283045,65283208
65283208,41.8693102667,-87.6674968667,1301760682.0,65283142,65283279
65283279,41.8693069692,-87.6677679118,1301760684.0,65283208,65283345
65283345,41.8693043233,-87.6680438577,1301760686.0,65283279,65283410
65283410,41.8693033332,-87.6683111888,1301760688.0,65283345,65283505
65283505,41.8692995504,-87.6686219569,1301760691.0,65283410,65283672
65283672,41.8693078797,-87.6688718919,1301760696.0,65283505,65283944
65283944,41.8692893987,-87.6691199378,1301760704.0,65283672,65284039
65284039,41.8692809091,-87.6694455106,1301760707.0,65283944,65284107
65284107,41.8692732854,-87.66971186,1301760709.0,65284039,65284175
65284175,41.8692661132,-87.6700007072,1301760711.0,65284107,65284243
65284243,41.8692639003,-87.6702899796,1301760713.0,65284175,65284308
65284308,41.869260823,-87.6705699792,1301760715.0,65284243,65284377
65284377,41.8692590146,-87.6708123145,1301760717.0,65284308,65284487
65284487,41.8692586022,-87.6711025655,1301760720.0,65284377,65284684
65284684,41.8692514242,-87.6713474493,1301760726.0,65284487,65284883
65284883,41.8692081805,-87.6715958959,1301760732.0,65284684,65285032
65285032,41.8691085998,-87.6718930066,1301760736.0,65284883,65285113
65285113,41.8690997719,-87.6722060418,1301760738.0,65285032,65285180
65285180,41.8691076367,-87.6725301057,1301760740.0,65285113,65285247
65285247,41.8691156045,-87.672827076,1301760742.0,65285180,65285311
65285311,41.8691245981,-87.6730930629,1301760744.0,65285247,65285417
65285417,41.8691486261,-87.6733770085,1301760747.0,65285311,65285703
65285703,41.8691879913,-87.6736703761,1301760755.0,65285417,65285809
65285809,41.869190434,-87.6739630981,1301760758.0,65285703,65285880
65285880,41.8691902708,-87.6742160875,1301760760.0,65285809,65285948
65285948,41.8691860341,-87.6744961137,1301760762.0,65285880,65286020
65286020,41.8691887506,-87.6747811045,1301760764.0,65285948,65286094
65286094,41.8691822998,-87.6750701067,1301760766.0,65286020,65286145
65286145,41.8691755282,-87.6753481591,1301760768.0,65286094,65286221
65286221,41.8691696856,-87.6755933195,1301760770.0,65286145,65286333
65286333,41.8691713021,-87.6758453614,1301760773.0,65286221,65286482
65286482,41.8691736642,-87.6761174412,1301760777.0,65286333,65286596
65286596,41.8691594568,-87.6764340572,1301760780.0,65286482,65286662
65286662,41.8691528537,-87.6766989854,1301760782.0,65286596,65286734
65286734,41.8691465823,-87.6769989556,1301760784.0,65286662,65286807
65286807,41.8691416501,-87.6773189392,1301760786.0,65286734,65286877
65286877,41.8691384517,-87.6776429423,1301760788.0,65286807,65286949
65286949,41.869139816,-87.6779659229,1301760790.0,65286877,65287029
65287029,41.869141232,-87.6782829349,1301760792.0,65286949,65287111
65287111,41.8691406752,-87.6785969575,1301760794.0,65287029,65287185
65287185,41.869139173,-87.6789098869,1301760796.0,65287111,65287257
65287257,41.8691475269,-87.6792179246,1301760798.0,65287185,65287325
65287325,41.8691474335,-87.6795189156,1301760800.0,65287257,65287400
65287400,41.8691472318,-87.6798010032,1301760802.0,65287325,65287477
65287477,41.8691458532,-87.680048106,1301760804.0,65287400,65287559
65287559,41.8691438859,-87.6803331084,1301760807.0,65287477,65287740
65287740,41.8691515053,-87.6805790093,1301760813.0,65287559,65288691
65288691,41.8691449564,-87.6808958458,1301760840.0,65287740,65288798
65288798,41.8691378366,-87.681238609,1301760843.0,65288691,65288803
65288803,41.869127026,-87.6815195355,1301760845.0,65288798,65288811
65288811,41.8691192124,-87.6818285925,1301760847.0,65288803,65288821
65288821,41.8691131316,-87.682152677,1301760849.0,65288811,65288833
65288833,41.869105996,-87.6824797048,1301760851.0,65288821,65288846
65288846,41.8690997787,-87.6827867555,1301760853.0,65288833,65288860
65288860,41.8690956204,-87.6830398596,1301760855.0,65288846,65288884
65288884,41.8690947117,-87.6833078799,1301760858.0,65288860,65289057
65289057,41.8690826991,-87.6835627548,1301760875.0,65288884,65289131
65289131,41.8690705808,-87.6838137714,1301760881.0,65289057,65289170
65289170,41.8690668622,-87.6841347062,1301760884.0,65289131,65289197
65289197,41.8690642845,-87.6843967985,1301760886.0,65289170,65289239
65289239,41.8690561695,-87.6847127418,1301760889.0,65289197,65289338
65289338,41.8690465937,-87.68495876,1301760896.0,65289239,65289380
65289380,41.8690504288,-87.6852198384,1301760899.0,65289338,65289429
65289429,41.8690559632,-87.6855640794,1301760902.0,65289380,65289477
65289477,41.8690708114,-87.6858186258,1301760905.0,65289429,65289822
65289822,41.8690812019,-87.6860724063,1301760925.0,65289477,65289900
65289900,41.8692951488,-87.6861162595,1301760929.0,65289822,65289955
65289955,41.8695453125,-87.686108589,1301760932.0,65289900,65289994
65289994,41.8697492822,-87.6861095946,1301760934.0,65289955,65290035
65290035,41.8699672159,-87.6861103051,1301760936.0,65289994,65290075
65290075,41.8701941996,-87.6861207329,1301760938.0,65290035,65290114
65290114,41.8704271684,-87.6861241416,1301760940.0,65290075,65290153
65290153,41.8706601221,-87.6861258397,1301760942.0,65290114,65290194
65290194,41.8708872029,-87.6861264268,1301760944.0,65290153,65290237
65290237,41.8711132152,-87.6861265184,1301760946.0,65290194,65290279
65290279,41.8713430799,-87.6861308832,1301760948.0,65290237,65290317
65290317,41.8715710541,-87.6861405465,1301760950.0,65290279,65290361
65290361,41.8718051121,-87.6861553531,1301760952.0,65290317,65290402
65290402,41.8720371219,-87.6861689903,1301760954.0,65290361,65290442
65290442,41.8722700945,-87.6861771963,1301760956.0,65290402,65290477
65290477,41.8724941301,-87.6861865359,1301760958.0,65290442,65290502
65290502,41.8727151119,-87.686190835,1301760960.0,65290477,65290537
65290537,41.8729280974,-87.6861919599,1301760962.0,65290502,65290573
65290573,41.8731340612,-87.6861860812,1301760964.0,65290537,65290591
65290591,41.8733139936,-87.6861817969,1301760966.0,65290573,65290649
65290649,41.8735039701,-87.6861799382,1301760969.0,65290591,65290798
65290798,41.8737032909,-87.6861743769,1301760976.0,65290649,65290941
65290941,41.8738684126,-87.6860511474,1301760982.0,65290798,65291031
65291031,41.8738674236,-87.6857380638,1301760986.0,65290941,65291099
65291099,41.8738681053,-87.685372315,1301760989.0,65291031,65291143
65291143,41.8738701248,-87.6851132737,1301760991.0,65291099,65291189
65291189,41.8738651878,-87.684859235,1301760993.0,65291143,65291238
65291238,41.8738660124,-87.6846041969,1301760995.0,65291189,65291287
65291287,41.8738658957,-87.684345144,1301760997.0,65291238,65291358
65291358,41.8738594407,-87.6840672083,1301761000.0,65291287,None
