14478541,41.8692512268,-87.6712160827,1302480501.0,None,14478867
14478867,41.8694171069,-87.6714462579,1302480511.0,14478541,14478941
14478941,41.8694583432,-87.6717170585,1302480513.0,14478867,14479013
14479013,41.8694523979,-87.6720449823,1302480515.0,14478941,14479085
14479085,41.8694503934,-87.6723189177,1302480517.0,14479013,14479155
14479155,41.8694211824,-87.672561933,1302480519.0,14479085,14479281
14479281,41.8694132272,-87.6728861231,1302480523.0,14479155,14479380
14479380,41.8694329848,-87.6732139216,1302480526.0,14479281,14479446
14479446,41.8694413327,-87.6735071418,1302480528.0,14479380,14479516
14479516,41.8693925594,-87.6738949281,1302480530.0,14479446,14479585
14479585,41.8693793319,-87.6742538709,1302480532.0,14479516,14479654
14479654,41.8693142453,-87.6746619421,1302480534.0,14479585,14479719
14479719,41.8692681621,-87.6749988825,1302480536.0,14479654,14479790
14479790,41.8692502247,-87.6752640417,1302480538.0,14479719,14479895
14479895,41.8692259891,-87.6755155766,1302480541.0,14479790,14480835
14480835,41.8691914239,-87.6757824628,1302480569.0,14479895,14480933
14480933,41.8691656885,-87.6760494844,1302480572.0,14480835,14481042
14481042,41.8691511157,-87.6763701943,1302480575.0,14480933,14481140
14481140,41.8691459625,-87.6766940546,1302480578.0,14481042,14481246
14481246,41.8691361042,-87.6770439951,1302480581.0,14481140,14481312
14481312,41.8691312249,-87.6772889947,1302480583.0,14481246,14481381
14481381,41.8691263361,-87.6775370031,1302480585.0,14481312,14481452
14481452,41.8691224001,-87.6777929924,1302480587.0,14481381,14481522
14481522,41.8691201169,-87.678057992,1302480589.0,14481452,14481588
14481588,41.8691196874,-87.678317019,1302480591.0,14481522,14481654
14481654,41.8691181948,-87.6785800253,1302480593.0,14481588,14481721
14481721,41.8691186426,-87.6788479541,1302480595.0,14481654,14481786
14481786,41.8691209154,-87.6791109517,1302480597.0,14481721,14481855
14481855,41.8691325584,-87.6793599566,1302480599.0,14481786,14481923
14481923,41.8691369166,-87.679603942,1302480601.0,14481855,14482023
14482023,41.8691337832,-87.6799250936,1302480604.0,14481923,14482169
14482169,41.8691152794,-87.6802073167,1302480608.0,14482023,14482340
14482340,41.8690784987,-87.6804872083,1302480614.0,14482169,14482478
14482478,41.869066376,-87.6807830829,1302480618.0,14482340,14482580
14482580,41.8690608413,-87.6810332605,1302480621.0,14482478,14482684
14482684,41.8690490485,-87.6813323996,1302480624.0,14482580,14482720
14482720,41.8690400484,-87.6815794388,1302480626.0,14482684,14482790
14482790,41.8690320069,-87.6818394051,1302480628.0,14482720,14482857
14482857,41.8690201117,-87.6820993332,1302480630.0,14482790,14482926
14482926,41.8690084471,-87.6823533015,1302480632.0,14482857,14482997
14482997,41.8689973019,-87.6825983028,1302480634.0,14482926,14483100
14483100,41.8689808412,-87.6829521712,1302480637.0,14482997,14483201
14483201,41.868967047,-87.6832620045,1302480640.0,14483100,14483335
14483335,41.8689576051,-87.6835041505,1302480644.0,14483201,14483822
14483822,41.8689607594,-87.6837651401,1302480663.0,14483335,14483937
14483937,41.8689949817,-87.6840829918,1302480667.0,14483822,14484029
14484029,41.8689996292,-87.6844181196,1302480670.0,14483937,14484123
14484123,41.8689872376,-87.6847082041,1302480673.0,14484029,14484336
14484336,41.8689980926,-87.6849809317,1302480679.0,14484123,14484437
14484437,41.8690187018,-87.6852419331,1302480682.0,14484336,14484536
14484536,41.8690278587,-87.6855790593,1302480685.0,14484437,14484627
14484627,41.86900308,-87.6858623744,1302480688.0,14484536,14485282
14485282,41.8690561166,-87.6861017861,1302480708.0,14484627,14485415
14485415,41.8692891523,-87.6860978372,1302480712.0,14485282,14485515
14485515,41.8695512868,-87.6860989346,1302480715.0,14485415,14485586
14485586,41.8697602529,-87.6861030466,1302480717.0,14485515,14485657
14485657,41.8700032304,-87.68611372,1302480719.0,14485586,14485719
14485719,41.8702661815,-87.6861194981,1302480721.0,14485657,14485789
14485789,41.8705371715,-87.6861239167,1302480723.0,14485719,14485852
14485852,41.8708031719,-87.6861348622,1302480725.0,14485789,14485919
14485919,41.8710632749,-87.6861411996,1302480727.0,14485852,14485984
14485984,41.8713192747,-87.6861482834,1302480729.0,14485919,14486040
14486040,41.8715762713,-87.6861605079,1302480731.0,14485984,14486101
14486101,41.8718342544,-87.6861716461,1302480733.0,14486040,14486173
14486173,41.8720811428,-87.6861751361,1302480735.0,14486101,14486241
14486241,41.8723300694,-87.6861733113,1302480737.0,14486173,14486309
14486309,41.8725710624,-87.6861749047,1302480739.0,14486241,14486379
14486379,41.8728030349,-87.686180578,1302480741.0,14486309,14486448
14486448,41.8731300438,-87.6861826515,1302480744.0,14486379,14486516
14486516,41.8733130387,-87.6861898814,1302480746.0,14486448,14486614
14486614,41.8734940226,-87.6862039922,1302480749.0,14486516,14487053
14487053,41.8736865887,-87.6862255422,1302480762.0,14486614,14487217
14487217,41.8738788142,-87.6862379509,1302480767.0,14487053,14487385
14487385,41.873947174,-87.6859903579,1302480772.0,14487217,14487481
14487481,41.8739478729,-87.6856978333,1302480775.0,14487385,14487550
14487550,41.8739521749,-87.6854516833,1302480777.0,14487481,14487615
14487615,41.8739582909,-87.6851807132,1302480779.0,14487550,14487677
14487677,41.8739615943,-87.6848848034,1302480781.0,14487615,14487743
14487743,41.8739637379,-87.6845738209,1302480783.0,14487677,14487815
14487815,41.8739704259,-87.6842638543,1302480785.0,14487743,14487886
14487886,41.8739809776,-87.6839608203,1302480787.0,14487815,14487940
14487940,41.8739795033,-87.6836397766,1302480789.0,14487886,14487995
14487995,41.8739786372,-87.6832978232,1302480791.0,14487940,14488065
14488065,41.8739808077,-87.6829428246,1302480793.0,14487995,14488132
14488132,41.8739847364,-87.6825808639,1302480795.0,14488065,14488200
14488200,41.8739866606,-87.6822309047,1302480797.0,14488132,14488271
14488271,41.8739861993,-87.6819089347,1302480799.0,14488200,14488330
14488330,41.8739894493,-87.6816598209,1302480801.0,14488271,14488495
14488495,41.8739924211,-87.6813907402,1302480806.0,14488330,14488625
14488625,41.874001906,-87.6810707734,1302480810.0,14488495,14488693
14488693,41.8740016619,-87.6808227956,1302480812.0,14488625,14488763
14488763,41.8740035855,-87.6805249115,1302480814.0,14488693,14488830
14488830,41.8740053537,-87.680191972,1302480816.0,14488763,14488901
14488901,41.8740146266,-87.6798399028,1302480818.0,14488830,14488971
14488971,41.8740229479,-87.6794819175,1302480820.0,14488901,14489035
14489035,41.8740254003,-87.6791238838,1302480822.0,14488971,14489094
14489094,41.8740287441,-87.6787718672,1302480824.0,14489035,14489161
14489161,41.874031265,-87.6784219129,1302480826.0,14489094,14489229
14489229,41.8740345549,-87.6780779139,1302480828.0,14489161,14489292
14489292,41.874041168,-87.6777488498,1302480830.0,14489229,14489356
14489356,41.8740450642,-87.6774349923,1302480832.0,14489292,14489426
14489426,41.8740441183,-87.6771602507,1302480834.0,14489356,14489525
14489525,41.8740316729,-87.6768483887,1302480837.0,14489426,14489686
14489686,41.8739958609,-87.6765889365,1302480842.0,14489525,14489815
14489815,41.8737891355,-87.6764953152,1302480846.0,14489686,14489916
14489916,41.8735297432,-87.6764701641,1302480849.0,14489815,14489987
14489987,41.8733478206,-87.6764586456,1302480851.0,14489916,14490088
14490088,41.8731486076,-87.6764193428,1302480854.0,14489987,14490346
14490346,41.8729325773,-87.6763873967,1302480862.0,14490088,14490449
14490449,41.8727196308,-87.6763848137,1302480865.0,14490346,14490514
14490514,41.8725206871,-87.6763809547,1302480867.0,14490449,14490587
14490587,41.8722905312,-87.6763712359,1302480869.0,14490514,14490658
14490658,41.8720452796,-87.6763375802,1302480871.0,14490587,14490728
14490728,41.8718185403,-87.6763088975,1302480873.0,14490658,14490792
14490792,41.8716325881,-87.6762984762,1302480875.0,14490728,14490923
14490923,41.8714469992,-87.6761903491,1302480879.0,14490792,14491016
14491016,41.8714461517,-87.6759357733,1302480882.0,14490923,14491112
14491112,41.8714553004,-87.6755929353,1302480885.0,14491016,14491220
14491220,41.8714592735,-87.675241133,1302480888.0,14491112,14491356
14491356,41.8714805988,-87.6750011664,1302480892.0,14491220,14491848
14491848,41.8715270726,-87.6747135533,1302480908.0,14491356,14491952
14491952,41.87158884,-87.6744645317,1302480911.0,14491848,14492091
14492091,41.8716104299,-87.6741757855,1302480915.0,14491952,14492262
14492262,41.871633733,-87.6738476107,1302480920.0,14492091,14492354
14492354,41.8716469634,-87.6734794353,1302480923.0,14492262,14492420
14492420,41.8716724153,-87.6731967345,1302480925.0,14492354,14492484
14492484,41.8716843999,-87.6728947875,1302480927.0,14492420,14492548
14492548,41.871685536,-87.6725909391,1302480929.0,14492484,14492610
14492610,41.8716792174,-87.6723130211,1302480931.0,14492548,14492715
14492715,41.8716636989,-87.672001959,1302480934.0,14492610,14493115
14493115,41.8716401331,-87.6717449517,1302480946.0,14492715,14493389
14493389,41.8716124943,-87.6714797441,1302480956.0,14493115,14493482
14493482,41.8716120334,-87.6711746488,1302480959.0,14493389,14493540
14493540,41.8716151906,-87.6709186747,1302480961.0,14493482,14493593
14493593,41.8716160348,-87.6706768075,1302480963.0,14493540,14493679
14493679,41.8716052533,-87.6703348481,1302480966.0,14493593,14493799
14493799,41.8715890589,-87.6700544789,1302480970.0,14493679,None
