61097145,41.8673911974,-87.6470596991,1303247919.0,None,61097964
61097964,41.8672272635,-87.6472212887,1303247944.0,61097145,61098070
61098070,41.8672231183,-87.6474918907,1303247947.0,61097964,61098172
61098172,41.8672135523,-87.6478590367,1303247950.0,61098070,61098235
61098235,41.8672083056,-87.6481290556,1303247952.0,61098172,61098300
61098300,41.8672043318,-87.6483880332,1303247954.0,61098235,61098364
61098364,41.8672003304,-87.6486309677,1303247956.0,61098300,61098466
61098466,41.867191747,-87.6489289674,1303247959.0,61098364,61098603
61098603,41.8671876656,-87.6491739629,1303247963.0,61098466,61099046
61099046,41.8671720006,-87.6494790751,1303247976.0,61098603,61099145
61099145,41.8671651635,-87.649732166,1303247979.0,61099046,61099246
61099246,41.8671525131,-87.6500171961,1303247982.0,61099145,61099340
61099340,41.8671394459,-87.6503431633,1303247985.0,61099246,61099408
61099408,41.8671265127,-87.6505911449,1303247987.0,61099340,61099478
61099478,41.8671160782,-87.6508548821,1303247989.0,61099408,61099546
61099546,41.8671071198,-87.6511298883,1303247991.0,61099478,61099613
61099613,41.8671087988,-87.6514010069,1303247993.0,61099546,61099675
61099675,41.8671039459,-87.6516698449,1303247995.0,61099613,61099745
61099745,41.8670910913,-87.651929507,1303247997.0,61099675,61099844
61099844,41.8670799505,-87.6522683723,1303248000.0,61099745,61099940
61099940,41.8670734987,-87.6525313939,1303248003.0,61099844,61100095
61100095,41.867057197,-87.6528083627,1303248008.0,61099940,61100507
61100507,41.8670272009,-87.6531153363,1303248020.0,61100095,61100601
61100601,41.8670119059,-87.6533801473,1303248023.0,61100507,61100703
61100703,41.8670009307,-87.6536691891,1303248026.0,61100601,61100772
61100772,41.8669904096,-87.6540301262,1303248029.0,61100703,61100843
61100843,41.8669761233,-87.6542901204,1303248031.0,61100772,61100917
61100917,41.8669633528,-87.654558146,1303248033.0,61100843,61100984
61100984,41.8669378879,-87.6548321169,1303248035.0,61100917,61101051
61101051,41.8669217277,-87.6551300514,1303248037.0,61100984,61101113
61101113,41.8669096035,-87.6554510308,1303248039.0,61101051,61101181
61101181,41.8668963959,-87.6557760396,1303248041.0,61101113,61101246
61101246,41.8668823006,-87.6560890459,1303248043.0,61101181,61101310
61101310,41.8668699401,-87.6563999963,1303248045.0,61101246,61101355
61101355,41.8668596865,-87.6567160183,1303248047.0,61101310,61101425
61101425,41.8668486442,-87.6570450305,1303248049.0,61101355,61101487
61101487,41.8668395964,-87.657372024,1303248051.0,61101425,61101546
61101546,41.8668305143,-87.6577010181,1303248053.0,61101487,61101618
61101618,41.8668174352,-87.6580330099,1303248055.0,61101546,61101692
61101692,41.8668023663,-87.658371013,1303248057.0,61101618,61101757
61101757,41.8667943409,-87.6587140126,1303248059.0,61101692,61101825
61101825,41.8667842844,-87.6590640096,1303248061.0,61101757,61101887
61101887,41.8667752173,-87.6594190091,1303248063.0,61101825,61101949
61101949,41.8667621851,-87.6597650059,1303248065.0,61101887,61102016
61102016,41.8667521773,-87.660098007,1303248067.0,61101949,61102084
61102084,41.8667431575,-87.6604010058,1303248069.0,61102016,61102153
61102153,41.866721107,-87.6606850047,1303248071.0,61102084,61102227
61102227,41.866705105,-87.660987005,1303248073.0,61102153,61102300
61102300,41.8667030887,-87.6613140027,1303248075.0,61102227,61102365
61102365,41.8667020919,-87.6616500006,1303248077.0,61102300,61102430
61102430,41.8666980903,-87.6619770001,1303248079.0,61102365,61102494
61102494,41.8666910869,-87.6622950014,1303248081.0,61102430,61102566
61102566,41.8666840821,-87.6626090008,1303248083.0,61102494,61102628
61102628,41.8666770745,-87.6629200014,1303248085.0,61102566,61102681
61102681,41.8666670612,-87.663230001,1303248087.0,61102628,61102749
61102749,41.8666570489,-87.6635360013,1303248089.0,61102681,61102818
61102818,41.8666480388,-87.6638470011,1303248091.0,61102749,61102887
61102887,41.8666380278,-87.664170001,1303248093.0,61102818,61102951
61102951,41.866628014,-87.6645130006,1303248095.0,61102887,61103015
61103015,41.8666190024,-87.6648730002,1303248097.0,61102951,61103079
61103079,41.8666120013,-87.6652380001,1303248099.0,61103015,61103148
61103148,41.8666040007,-87.6655930001,1303248101.0,61103079,61103217
61103217,41.8665970003,-87.665941,1303248103.0,61103148,61103277
61103277,41.8665940001,-87.666282,1303248105.0,61103217,61103339
61103339,41.8665900001,-87.666632,1303248107.0,61103277,61103410
61103410,41.866591,-87.666985,1303248109.0,61103339,61103478
61103478,41.866593,-87.667342,1303248111.0,61103410,61103545
61103545,41.8665980011,-87.667687,1303248113.0,61103478,61103611
61103611,41.8666000096,-87.668012,1303248115.0,61103545,61103675
61103675,41.866596,-87.668271,1303248117.0,61103611,61103811
61103811,41.8666220382,-87.6685499976,1303248121.0,61103675,61104471
61104471,41.8668258648,-87.6686638397,1303248141.0,61103811,61104547
61104547,41.8670493384,-87.6686731213,1303248144.0,61104471,61104620
61104620,41.8672450089,-87.6686903898,1303248146.0,61104547,61104658
61104658,41.8674559652,-87.6686960598,1303248148.0,61104620,61104687
61104687,41.8676840067,-87.6686999273,1303248150.0,61104658,61104739
61104739,41.8679230167,-87.6687030164,1303248152.0,61104687,61104787
61104787,41.8681530299,-87.6687090743,1303248154.0,61104739,61104848
61104848,41.868386038,-87.6687510497,1303248156.0,61104787,61104898
61104898,41.8685750303,-87.6687793867,1303248158.0,61104848,61104978
61104978,41.8687760435,-87.6688029658,1303248161.0,61104898,61105369
61105369,41.868973067,-87.6688290146,1303248174.0,61104978,61105519
61105519,41.8690416612,-87.669096586,1303248179.0,61105369,61105615
61105615,41.8690130174,-87.6693620009,1303248182.0,61105519,61105717
61105717,41.868994055,-87.6696640467,1303248185.0,61105615,61105816
61105816,41.8689669219,-87.6699909523,1303248188.0,61105717,61105906
61105906,41.8689527733,-87.6703150452,1303248191.0,61105816,61105998
61105998,41.8689579048,-87.6706200383,1303248194.0,61105906,61106089
61106089,41.8689861486,-87.6708709678,1303248197.0,61105998,61106284
61106284,41.8689972014,-87.6711199406,1303248203.0,61106089,61106449
61106449,41.8689962675,-87.6714140906,1303248208.0,61106284,61106547
61106547,41.8690249786,-87.6717173035,1303248211.0,61106449,61106595
61106595,41.8690240366,-87.6719669793,1303248213.0,61106547,61106656
61106656,41.8690170306,-87.6722329585,1303248215.0,61106595,61106719
61106719,41.8690139759,-87.6724979367,1303248217.0,61106656,61106783
61106783,41.8690037346,-87.6727460419,1303248219.0,61106719,61106873
61106873,41.8690059487,-87.6730678952,1303248222.0,61106783,61107010
61107010,41.869006524,-87.6733320246,1303248226.0,61106873,61107205
61107205,41.8691821764,-87.6735158188,1303248232.0,61107010,61107295
61107295,41.8693933006,-87.6735416375,1303248235.0,61107205,61107384
61107384,41.8696349157,-87.6735451704,1303248238.0,61107295,61107484
61107484,41.8698899548,-87.6735570886,1303248241.0,61107384,61107576
61107576,41.8701459851,-87.6735833818,1303248244.0,61107484,61107670
61107670,41.8703909713,-87.6736116705,1303248247.0,61107576,61107766
61107766,41.870636976,-87.6736218412,1303248250.0,61107670,61107857
61107857,41.8708549385,-87.673636295,1303248253.0,61107766,61107995
61107995,41.8710340803,-87.6737699753,1303248257.0,61107857,61108114
61108114,41.8712083145,-87.6737104487,1303248261.0,61107995,61108356
61108356,41.8713241929,-87.6735146142,1303248269.0,61108114,None
