33862583,41.8676280475,-87.6470420898,1302362842.0,None,33863190
33863190,41.8674303196,-87.6470380267,1302362864.0,33862583,33863366
33863366,41.8672513812,-87.6470583572,1302362870.0,33863190,33863476
33863476,41.8671933503,-87.6473100275,1302362874.0,33863366,33863564
33863564,41.8671910068,-87.6475862139,1302362877.0,33863476,33863649
33863649,41.8671927284,-87.6479141833,1302362880.0,33863564,33863737
33863737,41.8671904511,-87.6482522035,1302362883.0,33863649,33863825
33863825,41.8671901012,-87.6485651605,1302362886.0,33863737,33863909
33863909,41.8671894802,-87.6488490302,1302362889.0,33863825,33864033
33864033,41.8671893786,-87.6491259596,1302362893.0,33863909,33864824
33864824,41.8671863863,-87.6494049048,1302362919.0,33864033,33864916
33864916,41.8671819532,-87.6496569823,1302362922.0,33864824,33865012
33865012,41.8671791913,-87.6499779269,1302362925.0,33864916,33865120
33865120,41.8671766206,-87.6503229669,1302362928.0,33865012,33865220
33865220,41.8671736217,-87.6506458447,1302362931.0,33865120,33865306
33865306,41.8671751873,-87.6509173238,1302362934.0,33865220,33865408
33865408,41.867333605,-87.6510362263,1302362938.0,33865306,33865492
33865492,41.8675242003,-87.6510316046,1302362941.0,33865408,33865585
33865585,41.8677572449,-87.6510333671,1302362944.0,33865492,33865679
33865679,41.8680091916,-87.6510395104,1302362947.0,33865585,33865771
33865771,41.8682711383,-87.6510446119,1302362950.0,33865679,33865866
33865866,41.8685351042,-87.6510500105,1302362953.0,33865771,33865969
33865969,41.8687911277,-87.6510590901,1302362956.0,33865866,33866066
33866066,41.8690292483,-87.6510723851,1302362959.0,33865969,33866174
33866174,41.8692353424,-87.6510956965,1302362962.0,33866066,33866362
33866362,41.8694132874,-87.6511060118,1302362968.0,33866174,33866529
33866529,41.869539307,-87.6512998885,1302362973.0,33866362,33866635
33866635,41.8695505588,-87.6515558793,1302362976.0,33866529,33866737
33866737,41.8695331241,-87.6518488507,1302362979.0,33866635,33866837
33866837,41.8695075224,-87.6521400207,1302362982.0,33866737,33866940
33866940,41.8694883121,-87.6524410996,1302362985.0,33866837,33867038
33867038,41.8694933839,-87.6527449945,1302362988.0,33866940,33867138
33867138,41.8694873315,-87.6530529709,1302362991.0,33867038,33867246
33867246,41.8694839094,-87.6533539727,1302362994.0,33867138,33867357
33867357,41.8694744494,-87.6536449916,1302362997.0,33867246,33867463
33867463,41.8694659675,-87.6539079545,1302363000.0,33867357,33867669
33867669,41.8694690623,-87.6541649882,1302363006.0,33867463,33867811
33867811,41.8694626432,-87.6544120333,1302363010.0,33867669,33867913
33867913,41.8694532268,-87.6546790115,1302363013.0,33867811,33868025
33868025,41.8694455943,-87.6549840475,1302363016.0,33867913,33868136
33868136,41.8694325562,-87.6552930527,1302363019.0,33868025,33868241
33868241,41.8694231507,-87.6556050188,1302363022.0,33868136,33868350
33868350,41.8694243255,-87.6559460025,1302363025.0,33868241,33868459
33868459,41.8694190943,-87.6562958974,1302363028.0,33868350,33868562
33868562,41.869419155,-87.656656467,1302363031.0,33868459,33868631
33868631,41.869421682,-87.6568995009,1302363033.0,33868562,33868703
33868703,41.869415983,-87.657147325,1302363035.0,33868631,33868778
33868778,41.8694051744,-87.6573991891,1302363037.0,33868703,33868850
33868850,41.8694001921,-87.6576551292,1302363039.0,33868778,33868922
33868922,41.8694001122,-87.6579110924,1302363041.0,33868850,33868993
33868993,41.8694047632,-87.6581741265,1302363043.0,33868922,33869064
33869064,41.869408274,-87.6584430728,1302363045.0,33868993,33869125
33869125,41.8694088493,-87.6587130908,1302363047.0,33869064,33869204
33869204,41.8694094,-87.6589790418,1302363049.0,33869125,33869284
33869284,41.8694062644,-87.6592390575,1302363051.0,33869204,33869363
33869363,41.8694004036,-87.6594970499,1302363053.0,33869284,33869435
33869435,41.8693974014,-87.6597540498,1302363055.0,33869363,33869509
33869509,41.8693887731,-87.6600070526,1302363057.0,33869435,33869618
33869618,41.8693808796,-87.6603630439,1302363060.0,33869509,33869713
33869713,41.8693766926,-87.660815051,1302363064.0,33869618,33869829
33869829,41.8693741047,-87.6611231267,1302363067.0,33869713,33869944
33869944,41.8693761738,-87.6614231474,1302363070.0,33869829,33870054
33870054,41.8693740464,-87.661750089,1302363073.0,33869944,33870173
33870173,41.8693672114,-87.6620988759,1302363076.0,33870054,33870243
33870243,41.8693601024,-87.66234393,1302363078.0,33870173,33870309
33870309,41.86935409,-87.6625979962,1302363080.0,33870243,33870376
33870376,41.8693509621,-87.6628499895,1302363082.0,33870309,33870482
33870482,41.8693471472,-87.663209116,1302363085.0,33870376,33870593
33870593,41.8693391489,-87.6635450612,1302363088.0,33870482,33870707
33870707,41.869332756,-87.6638071524,1302363091.0,33870593,33870966
33870966,41.8693333571,-87.6640913369,1302363098.0,33870707,33871105
33871105,41.8693366048,-87.6643731061,1302363102.0,33870966,33871209
33871209,41.8693307591,-87.6646660611,1302363105.0,33871105,33871319
33871319,41.8693236868,-87.6649850964,1302363108.0,33871209,33871430
33871430,41.8693178334,-87.6653220855,1302363111.0,33871319,33871543
33871543,41.8693135504,-87.6656692268,1302363114.0,33871430,33871621
33871621,41.8693153369,-87.6659123222,1302363116.0,33871543,33871695
33871695,41.8693166963,-87.6661632308,1302363118.0,33871621,33871768
33871768,41.8693184579,-87.6664191223,1302363120.0,33871695,33871841
33871841,41.8693146063,-87.6666739673,1302363122.0,33871768,33871913
33871913,41.8693061331,-87.6669279472,1302363124.0,33871841,33871986
33871986,41.8693000976,-87.6671857721,1302363126.0,33871913,33872057
33872057,41.8692941369,-87.6674429279,1302363128.0,33871986,33872136
33872136,41.8692863699,-87.6676999717,1302363130.0,33872057,33872203
33872203,41.8692845726,-87.6679458428,1302363132.0,33872136,33872310
33872310,41.869278306,-87.6682972207,1302363135.0,33872203,33872416
33872416,41.8692809941,-87.6685611258,1302363138.0,33872310,33872640
33872640,41.8692747341,-87.6688128614,1302363144.0,33872416,33872864
33872864,41.8692615682,-87.669076811,1302363150.0,33872640,33872975
33872975,41.86925476,-87.6693251023,1302363153.0,33872864,33873074
33873074,41.8692390456,-87.669628335,1302363156.0,33872975,33873194
33873194,41.8692268892,-87.6699657832,1302363159.0,33873074,33873300
33873300,41.8692304771,-87.6703160535,1302363162.0,33873194,33873407
33873407,41.8692285349,-87.6706609769,1302363165.0,33873300,33873518
33873518,41.8692293545,-87.6709818271,1302363168.0,33873407,33873671
33873671,41.8692298959,-87.6712624589,1302363172.0,33873518,33873889
33873889,41.8691686765,-87.6715330694,1302363178.0,33873671,33873998
33873998,41.8690208011,-87.6717850623,1302363181.0,33873889,33874075
33874075,41.8688762688,-87.6719779959,1302363183.0,33873998,33874149
33874149,41.8688191844,-87.672210967,1302363185.0,33874075,33874223
33874223,41.8688472948,-87.6724689972,1302363187.0,33874149,33874297
33874297,41.8688661665,-87.6727259656,1302363189.0,33874223,33874369
33874369,41.8688840274,-87.6729709996,1302363191.0,33874297,33874487
33874487,41.8689130545,-87.6732989795,1302363194.0,33874369,33874597
33874597,41.8690047242,-87.6735267615,1302363197.0,33874487,33874806
33874806,41.8690642661,-87.673798093,1302363203.0,33874597,33874918
33874918,41.8690690098,-87.6740531096,1302363206.0,33874806,33875031
33875031,41.8690792369,-87.6743710838,1302363209.0,33874918,33875124
33875124,41.8690925759,-87.6747331485,1302363212.0,33875031,33875205
33875205,41.8690951546,-87.6749891773,1302363214.0,33875124,33875281
33875281,41.8690975871,-87.6752390996,1302363216.0,33875205,33875393
33875393,41.869099667,-87.6755918031,1302363219.0,33875281,33875502
33875502,41.8690984529,-87.6758709327,1302363222.0,33875393,None
