34539171,41.8692577579,-87.6667417255,1302446756.0,None,34539364
34539364,41.869261588,-87.6664667663,1302446766.0,34539171,34539425
34539425,41.8692702755,-87.6662047711,1302446769.0,34539364,34539485
34539485,41.8692890391,-87.6658976728,1302446772.0,34539425,34539547
34539547,41.8693033318,-87.6655747775,1302446775.0,34539485,34539610
34539610,41.8693102674,-87.6652268361,1302446778.0,34539547,34539660
34539660,41.8693159543,-87.6648798341,1302446781.0,34539610,34539704
34539704,41.8693252197,-87.6645559073,1302446784.0,34539660,34539776
34539776,41.8693291874,-87.6643078112,1302446787.0,34539704,34539926
34539926,41.8693411263,-87.6640196643,1302446794.0,34539776,34539977
34539977,41.8693509058,-87.6637778425,1302446797.0,34539926,34540038
34540038,41.8693591955,-87.6634708933,1302446800.0,34539977,34540090
34540090,41.8693703734,-87.6631308803,1302446803.0,34540038,34540143
34540143,41.8693744141,-87.6627868841,1302446806.0,34540090,34540198
34540198,41.8693773622,-87.6624619451,1302446809.0,34540143,34540253
34540253,41.8693804404,-87.6621620241,1302446812.0,34540198,34540348
34540348,41.8693864263,-87.6618740381,1302446816.0,34540253,34540794
34540794,41.8693717311,-87.6616279072,1302446835.0,34540348,34540892
34540892,41.8693866063,-87.6613058446,1302446839.0,34540794,34540965
34540965,41.8694009164,-87.6609988356,1302446842.0,34540892,34541044
34541044,41.8694120191,-87.660656894,1302446845.0,34540965,34541118
34541118,41.8694150589,-87.6602889141,1302446848.0,34541044,34541168
34541168,41.8694129082,-87.6600349134,1302446850.0,34541118,34541217
34541217,41.8694170543,-87.6597739019,1302446852.0,34541168,34541267
34541267,41.8694229946,-87.6595058875,1302446854.0,34541217,34541318
34541318,41.8694271873,-87.6592399086,1302446856.0,34541267,34541369
34541369,41.8694301988,-87.658980921,1302446858.0,34541318,34541423
34541423,41.8694309629,-87.6587239342,1302446860.0,34541369,34541468
34541468,41.8694329682,-87.6584649596,1302446862.0,34541423,34541522
34541522,41.8694344559,-87.6582079275,1302446864.0,34541468,34541577
34541577,41.8694343995,-87.6579519183,1302446866.0,34541522,34541631
34541631,41.8694365018,-87.6577028859,1302446868.0,34541577,34541714
34541714,41.8694483238,-87.6573527453,1302446871.0,34541631,34541786
34541786,41.869460289,-87.6570475745,1302446874.0,34541714,34541923
34541923,41.8694697914,-87.6567871331,1302446879.0,34541786,34542203
34542203,41.8696617152,-87.6567335072,1302446889.0,34541923,34542310
34542310,41.8698487532,-87.6567448567,1302446893.0,34542203,34542393
34542393,41.8700699403,-87.6567606138,1302446896.0,34542310,34542479
34542479,41.8703329899,-87.6567725851,1302446899.0,34542393,34542538
34542538,41.8705189685,-87.6567763692,1302446901.0,34542479,34542594
34542594,41.870710969,-87.6567809587,1302446903.0,34542538,34542648
34542648,41.8709069598,-87.6567867754,1302446905.0,34542594,34542709
34542709,41.8711109697,-87.6567950381,1302446907.0,34542648,34542773
34542773,41.8713189923,-87.6568021675,1302446909.0,34542709,34542830
34542830,41.871522007,-87.656805929,1302446911.0,34542773,34542885
34542885,41.8717139952,-87.6568072617,1302446913.0,34542830,34542972
34542972,41.8719620652,-87.6567947937,1302446916.0,34542885,34543149
34543149,41.8721591158,-87.6567832411,1302446922.0,34542972,34543308
34543308,41.8723790345,-87.6567759895,1302446927.0,34543149,34543387
34543387,41.8725839731,-87.6567672413,1302446930.0,34543308,34543477
34543477,41.8728250197,-87.6567557096,1302446933.0,34543387,34543565
34543565,41.8730870267,-87.65673647,1302446936.0,34543477,34543646
34543646,41.8733449625,-87.6567298597,1302446939.0,34543565,34543740
34543740,41.8736030297,-87.6567300256,1302446942.0,34543646,34543837
34543837,41.8738469916,-87.6567343287,1302446945.0,34543740,34543932
34543932,41.8740640634,-87.6567412788,1302446948.0,34543837,34544043
34544043,41.8742343352,-87.6566334164,1302446952.0,34543932,34544177
34544177,41.8742416726,-87.6563098985,1302446956.0,34544043,34544269
34544269,41.8742447921,-87.6559956959,1302446959.0,34544177,34544355
34544355,41.8742515318,-87.6556446474,1302446962.0,34544269,34544451
34544451,41.874258205,-87.6552827489,1302446965.0,34544355,34544550
34544550,41.8742656046,-87.6549196972,1302446968.0,34544451,34544618
34544618,41.8742683697,-87.6546707183,1302446970.0,34544550,34544685
34544685,41.8742724282,-87.6544187321,1302446972.0,34544618,34544751
34544751,41.8742756219,-87.6541687454,1302446974.0,34544685,34544816
34544816,41.874282,-87.6539146863,1302446976.0,34544751,34544872
34544872,41.8742860607,-87.6536576491,1302446978.0,34544816,34544935
34544935,41.8742891841,-87.6533997385,1302446980.0,34544872,34545000
34545000,41.8742923404,-87.6531517925,1302446982.0,34544935,34545102
34545102,41.8742997881,-87.6527938063,1302446985.0,34545000,34545212
34545212,41.8743043738,-87.6524578935,1302446988.0,34545102,34545322
34545322,41.8743106316,-87.6521455381,1302446991.0,34545212,34545414
34545414,41.8743184375,-87.6518254749,1302446994.0,34545322,34545504
34545504,41.8743293614,-87.6514776407,1302446997.0,34545414,34545569
34545569,41.874341902,-87.6512285173,1302446999.0,34545504,34545636
34545636,41.87435763,-87.650967548,1302447001.0,34545569,34545701
34545701,41.8743693293,-87.6507035927,1302447003.0,34545636,34545779
34545779,41.8743721886,-87.6504436837,1302447005.0,34545701,34545853
34545853,41.8743631426,-87.6501847245,1302447007.0,34545779,34545926
34545926,41.8743578607,-87.6499235526,1302447009.0,34545853,34545994
34545994,41.8743611848,-87.6496608578,1302447011.0,34545926,34546058
34546058,41.8743639101,-87.6493989369,1302447013.0,34545994,34546122
34546122,41.8743676972,-87.6491409417,1302447015.0,34546058,34546190
34546190,41.8743713231,-87.6488848553,1302447017.0,34546122,34546256
34546256,41.8743758626,-87.6486369436,1302447019.0,34546190,34546360
34546360,41.8743741306,-87.6482881384,1302447022.0,34546256,34546466
34546466,41.8743519462,-87.6479520202,1302447025.0,34546360,34546580
34546580,41.8743112451,-87.6476365082,1302447028.0,34546466,34546683
34546683,41.8742747093,-87.6473718866,1302447031.0,34546580,34546821
34546821,41.8741167433,-87.6471950028,1302447035.0,34546683,34546926
34546926,41.8739207798,-87.6471801873,1302447038.0,34546821,34547034
34547034,41.8736757839,-87.6471753249,1302447041.0,34546926,34547104
34547104,41.8734877068,-87.6471698625,1302447043.0,34547034,34547175
34547175,41.8732947794,-87.6471670897,1302447045.0,34547104,34547247
34547247,41.8731068033,-87.6471637094,1302447047.0,34547175,34547318
34547318,41.8729159177,-87.6471616273,1302447049.0,34547247,34547386
34547386,41.8727240285,-87.6471570189,1302447051.0,34547318,34547462
34547462,41.8725380574,-87.6471516389,1302447053.0,34547386,34547577
34547577,41.8722889168,-87.6471440511,1302447056.0,34547462,34547681
34547681,41.8720810138,-87.647138015,1302447059.0,34547577,34548106
34548106,41.8718748262,-87.6471162803,1302447071.0,34547681,34548224
34548224,41.8716877992,-87.6471036508,1302447074.0,34548106,34548325
34548325,41.871450926,-87.6470932004,1302447077.0,34548224,34548430
34548430,41.8711809126,-87.6470887668,1302447080.0,34548325,34548499
34548499,41.8709979229,-87.6470871598,1302447082.0,34548430,34548576
34548576,41.870727913,-87.6470798173,1302447085.0,34548499,34548650
34548650,41.8705449835,-87.6470761683,1302447087.0,34548576,34548723
34548723,41.8703620874,-87.6470712198,1302447089.0,34548650,34548831
34548831,41.870103038,-87.6470690815,1302447092.0,34548723,34548941
34548941,41.8698901003,-87.6470680375,1302447095.0,34548831,34549265
34549265,41.8696869081,-87.6470721354,1302447104.0,34548941,34549411
34549411,41.8694985375,-87.6470687332,1302447108.0,34549265,34549520
34549520,41.8693030015,-87.6470588517,1302447111.0,34549411,34549592
34549592,41.8690578598,-87.64705299,1302447114.0,34549520,34549667
34549667,41.8687909038,-87.647045669,1302447117.0,34549592,34549724
34549724,41.8686109532,-87.6470397914,1302447119.0,34549667,34549818
34549818,41.8683449788,-87.6470334745,1302447122.0,34549724,34549921
34549921,41.8680952056,-87.6470299373,1302447125.0,34549818,34550017
34550017,41.8678651244,-87.6470230417,1302447128.0,34549921,34550083
34550083,41.8676659281,-87.6470181333,1302447131.0,34550017,34550214
34550214,41.8674848507,-87.6470129823,1302447135.0,34550083,34550577
34550577,41.8673052821,-87.6470020424,1302447145.0,34550214,34550723
34550723,41.8670990266,-87.6469837994,1302447149.0,34550577,34550855
34550855,41.8669069634,-87.6469513009,1302447153.0,34550723,34550958
34550958,41.8667229418,-87.6469325714,1302447156.0,34550855,34551067
34551067,41.8664819897,-87.6469283183,1302447159.0,34550958,34551171
34551171,41.8662140484,-87.6469166119,1302447162.0,34551067,34551242
34551242,41.8660319725,-87.6469108204,1302447164.0,34551171,34551311
34551311,41.8658500563,-87.6469044838,1302447166.0,34551242,34551385
34551385,41.8656698397,-87.6468976329,1302447168.0,34551311,34551493
34551493,41.8654069592,-87.646886601,1302447171.0,34551385,34551563
34551563,41.8652259626,-87.6468823509,1302447173.0,34551493,34551661
34551661,41.8649650181,-87.6468730399,1302447176.0,34551563,34551765
34551765,41.8647241381,-87.6468645302,1302447179.0,34551661,34551875
34551875,41.8644800569,-87.6468566631,1302447182.0,34551765,34551988
34551988,41.8642108401,-87.6468454528,1302447185.0,34551875,34552063
34552063,41.8640309814,-87.6468411013,1302447187.0,34551988,34552131
34552131,41.8638500358,-87.646833313,1302447189.0,34552063,34552203
34552203,41.8636650409,-87.6468254417,1302447191.0,34552131,34552271
34552271,41.8634790306,-87.6468185094,1302447193.0,34552203,34552338
34552338,41.8632900464,-87.6468168076,1302447195.0,34552271,34552411
34552411,41.8631000869,-87.6468132226,1302447197.0,34552338,34552478
34552478,41.8629151132,-87.6468138369,1302447199.0,34552411,34552551
34552551,41.8627349205,-87.6468064225,1302447201.0,34552478,34552664
34552664,41.8625169219,-87.6468107839,1302447204.0,34552551,34553090
34553090,41.8623215183,-87.6468924881,1302447216.0,34552664,34553235
34553235,41.8623163667,-87.6471908422,1302447220.0,34553090,34553332
34553332,41.8623183866,-87.6474789738,1302447223.0,34553235,34553434
34553434,41.8623229085,-87.6478001008,1302447226.0,34553332,34553549
34553549,41.8623227486,-87.6481191496,1302447229.0,34553434,34553656
34553656,41.8623224596,-87.6484111045,1302447232.0,34553549,34553809
34553809,41.8623229774,-87.6486950634,1302447236.0,34553656,34554014
34554014,41.8623192442,-87.6489430496,1302447242.0,34553809,34554116
34554116,41.8623145335,-87.6491860155,1302447245.0,34554014,34554222
34554222,41.8623095681,-87.6494830905,1302447248.0,34554116,34554331
34554331,41.8623091106,-87.6498020653,1302447251.0,34554222,34554445
34554445,41.8623039268,-87.6501210278,1302447254.0,34554331,34554555
34554555,41.8622980516,-87.6504320402,1302447257.0,34554445,34554657
34554657,41.86229656,-87.650689777,1302447260.0,34554555,34554898
34554898,41.862343632,-87.650932211,1302447267.0,34554657,34555079
34555079,41.8625731223,-87.6509367798,1302447272.0,34554898,34555189
34555189,41.8627651072,-87.6509300382,1302447275.0,34555079,34555296
34555296,41.8629841648,-87.6509366462,1302447278.0,34555189,34555400
34555400,41.8631922066,-87.6509423571,1302447281.0,34555296,34555544
34555544,41.8634030935,-87.6509514212,1302447285.0,34555400,34555710
34555710,41.8635642118,-87.6508149691,1302447292.0,34555544,34555734
34555734,41.8635501845,-87.6505097779,1302447297.0,34555710,34555760
34555760,41.8635375079,-87.6502239703,1302447301.0,34555734,34555791
34555791,41.8635564171,-87.6499832938,1302447305.0,34555760,34555835
34555835,41.8637560884,-87.6499209167,1302447310.0,34555791,34555885
34555885,41.8638818401,-87.6501450814,1302447315.0,34555835,34555952
34555952,41.8638519831,-87.6504058805,1302447321.0,34555885,None
