85886604,41.8642291536,-87.6467882454,1302006767.0,None,85886831
85886831,41.8644200695,-87.6467995639,1302006776.0,85886604,85887043
85887043,41.8646270687,-87.6468417505,1302006784.0,85886831,85887799
85887799,41.8648361898,-87.6468501176,1302006812.0,85887043,85887884
85887884,41.8650430918,-87.6468830958,1302006815.0,85887799,85887971
85887971,41.8652890833,-87.646910652,1302006818.0,85887884,85888062
85888062,41.8655200678,-87.6469266881,1302006821.0,85887971,85888199
85888199,41.8657171221,-87.6469397174,1302006826.0,85888062,85888726
85888726,41.8659190034,-87.6469447375,1302006844.0,85888199,85888818
85888818,41.8661550056,-87.6469489206,1302006847.0,85888726,85888876
85888876,41.866334999,-87.6469698279,1302006849.0,85888818,85888935
85888935,41.8665270116,-87.6469940213,1302006851.0,85888876,85888994
85888994,41.8667130068,-87.6470010882,1302006853.0,85888935,85889049
85889049,41.8669000163,-87.6470031232,1302006855.0,85888994,85889113
85889113,41.8671009724,-87.6470047518,1302006857.0,85889049,85889178
85889178,41.8673064319,-87.6469923011,1302006859.0,85889113,85889240
85889240,41.8675273172,-87.6469843749,1302006861.0,85889178,85889305
85889305,41.8677580508,-87.646982337,1302006863.0,85889240,85889373
85889373,41.8680028224,-87.6469790509,1302006865.0,85889305,85889426
85889426,41.8682589555,-87.6469755557,1302006867.0,85889373,85889491
85889491,41.8685202184,-87.6469686562,1302006869.0,85889426,85889551
85889551,41.8687773288,-87.6469643785,1302006871.0,85889491,85889619
85889619,41.8690332704,-87.6469676284,1302006873.0,85889551,85889683
85889683,41.8692852269,-87.6469692998,1302006875.0,85889619,85889751
85889751,41.8695352854,-87.6469779719,1302006877.0,85889683,85889812
85889812,41.8697872667,-87.646983127,1302006879.0,85889751,85889871
85889871,41.8700401727,-87.6469868433,1302006881.0,85889812,85889939
85889939,41.8702923273,-87.6469734885,1302006883.0,85889871,85889982
85889982,41.8705372653,-87.6469621631,1302006885.0,85889939,85890044
85890044,41.8707732131,-87.6469630489,1302006887.0,85889982,85890104
85890104,41.8710072235,-87.6469629775,1302006889.0,85890044,85890145
85890145,41.8712331971,-87.6469689709,1302006891.0,85890104,85890184
85890184,41.8714532328,-87.6469740802,1302006893.0,85890145,85890244
85890244,41.8716772781,-87.6469766542,1302006895.0,85890184,85890296
85890296,41.8719032502,-87.6469827461,1302006897.0,85890244,85890349
85890349,41.8721273333,-87.6469897505,1302006899.0,85890296,85890392
85890392,41.8723462231,-87.6469904763,1302006901.0,85890349,85890447
85890447,41.8725571651,-87.6469989395,1302006903.0,85890392,85890504
85890504,41.8727472394,-87.6470138947,1302006905.0,85890447,85890606
85890606,41.8729752771,-87.6470320335,1302006908.0,85890504,85890736
85890736,41.8731633033,-87.6470501148,1302006912.0,85890606,85891091
85891091,41.8733482418,-87.6470602722,1302006923.0,85890736,85891324
85891324,41.8735502679,-87.6470885439,1302006930.0,85891091,85891414
85891414,41.8737712104,-87.6471185472,1302006933.0,85891324,85891517
85891517,41.8739814923,-87.647132434,1302006936.0,85891414,85891690
85891690,41.8741887212,-87.6471469205,1302006941.0,85891517,85891892
85891892,41.8743698217,-87.6473286037,1302006947.0,85891690,85891987
85891987,41.8744216724,-87.647593462,1302006950.0,85891892,85892082
85892082,41.8744559386,-87.6479444248,1302006953.0,85891987,85892152
85892152,41.8744795161,-87.6481966264,1302006955.0,85892082,85892223
85892223,41.8744934474,-87.6484448896,1302006957.0,85892152,85892295
85892295,41.8744840728,-87.6486991282,1302006959.0,85892223,85892365
85892365,41.87447686,-87.6489592072,1302006961.0,85892295,85892437
85892437,41.874477436,-87.649233222,1302006963.0,85892365,85892508
85892508,41.8744757525,-87.6494852343,1302006965.0,85892437,85892607
85892607,41.8744680911,-87.6497442226,1302006968.0,85892508,85893250
85893250,41.8744685865,-87.6500210767,1302006986.0,85892607,85893355
85893355,41.8744818372,-87.6503459748,1302006989.0,85893250,85893426
85893426,41.8744853864,-87.650613952,1302006991.0,85893355,85893495
85893495,41.8744821539,-87.6509000086,1302006993.0,85893426,85893557
85893557,41.8744819639,-87.6511550637,1302006995.0,85893495,85893661
85893661,41.8744772006,-87.6514130105,1302006998.0,85893557,85894349
85894349,41.8744802153,-87.6517068955,1302007018.0,85893661,85894455
85894455,41.8744731424,-87.6520208953,1302007021.0,85894349,85894530
85894530,41.8744673152,-87.6522769096,1302007023.0,85894455,85894606
85894606,41.8744624956,-87.6525468962,1302007025.0,85894530,85894716
85894716,41.8744584593,-87.6528949003,1302007028.0,85894606,85894824
85894824,41.8744544533,-87.6532519402,1302007031.0,85894716,85894899
85894899,41.8744523747,-87.6535439234,1302007033.0,85894824,85894975
85894975,41.8744464512,-87.6538509247,1302007035.0,85894899,85895045
85895045,41.8744405389,-87.6541649158,1302007037.0,85894975,85895115
85895115,41.8744357121,-87.6544809585,1302007039.0,85895045,85895184
85895184,41.8744326329,-87.6547959574,1302007041.0,85895115,85895258
85895258,41.8744305569,-87.6551099508,1302007043.0,85895184,85895327
85895327,41.8744274483,-87.6554149446,1302007045.0,85895258,85895398
85895398,41.8744264789,-87.6556939415,1302007047.0,85895327,85895507
85895507,41.8744254871,-87.6560089539,1302007050.0,85895398,85895625
85895625,41.8744194767,-87.6562979739,1302007054.0,85895507,85895776
85895776,41.8744216671,-87.6565530078,1302007076.0,85895625,85895829
85895829,41.8744174442,-87.656830876,1302007081.0,85895776,85895863
85895863,41.8744071029,-87.6571149087,1302007084.0,85895829,85895899
85895899,41.8743998986,-87.6573958744,1302007087.0,85895863,85895949
85895949,41.8743987975,-87.657653747,1302007091.0,85895899,85896001
85896001,41.8743947949,-87.6579317559,1302007095.0,85895949,85896042
85896042,41.8743879312,-87.6582668017,1302007098.0,85896001,85896070
85896070,41.8743820971,-87.6585438315,1302007100.0,85896042,85896099
85896099,41.8743770894,-87.6588408321,1302007102.0,85896070,85896129
85896129,41.8743699909,-87.6591308709,1302007104.0,85896099,85896156
85896156,41.8743660147,-87.6594228782,1302007106.0,85896129,85896188
85896188,41.8743641626,-87.6597068504,1302007108.0,85896156,85896220
85896220,41.8743581316,-87.6599808543,1302007110.0,85896188,85896250
85896250,41.8743540836,-87.6602428579,1302007112.0,85896220,85896280
85896280,41.8743449143,-87.6604918393,1302007114.0,85896250,85896332
85896332,41.8743227014,-87.660827815,1302007117.0,85896280,85896395
85896395,41.8743100355,-87.6611078233,1302007121.0,85896332,85896607
85896607,41.8742958628,-87.6613548556,1302007133.0,85896395,85896683
85896683,41.8742900249,-87.6616679017,1302007137.0,85896607,85896737
85896737,41.8742898844,-87.6619988588,1302007140.0,85896683,85896777
85896777,41.8742866886,-87.6622518791,1302007142.0,85896737,85896818
85896818,41.8742826984,-87.6625198645,1302007144.0,85896777,85896857
85896857,41.8742787072,-87.6627948526,1302007146.0,85896818,85896894
85896894,41.8742748445,-87.663077917,1302007148.0,85896857,85896933
85896933,41.874276759,-87.6633649924,1302007150.0,85896894,85896975
85896975,41.8742816478,-87.6636530219,1302007152.0,85896933,85897018
85897018,41.874286643,-87.6639460399,1302007154.0,85896975,85897056
85897056,41.8742955061,-87.6642480618,1302007156.0,85897018,85897085
85897085,41.8743035836,-87.6645630771,1302007158.0,85897056,85897128
85897128,41.8743116394,-87.6648860717,1302007160.0,85897085,85897172
85897172,41.8743127803,-87.665213946,1302007162.0,85897128,85897213
85897213,41.8743089434,-87.6655488511,1302007164.0,85897172,85897255
85897255,41.8743014853,-87.6658827915,1302007166.0,85897213,85897295
85897295,41.8742932826,-87.6662008722,1302007168.0,85897255,85897338
85897338,41.8742884478,-87.6664849244,1302007170.0,85897295,85897384
85897384,41.8742881432,-87.6667298907,1302007172.0,85897338,85897450
85897450,41.8743003459,-87.6670365949,1302007175.0,85897384,85897515
85897515,41.8743021178,-87.6673897643,1302007178.0,85897450,85897561
85897561,41.8742923718,-87.6676627533,1302007180.0,85897515,85897588
85897588,41.8742764301,-87.6679118051,1302007182.0,85897561,85897650
85897650,41.87426964,-87.6681960034,1302007185.0,85897588,85897733
85897733,41.8742592727,-87.6684650556,1302007191.0,85897650,85897838
85897838,41.8742932693,-87.6687291905,1302007197.0,85897733,85897961
85897961,41.8742254033,-87.6689556824,1302007203.0,85897838,85898272
85898272,41.8740530447,-87.6691030022,1302007217.0,85897961,85898341
85898341,41.8738650926,-87.6690492896,1302007220.0,85898272,85898445
85898445,41.8736369885,-87.6690866038,1302007224.0,85898341,85898829
85898829,41.8734539941,-87.6691490546,1302007240.0,85898445,85898947
85898947,41.873262996,-87.6692035928,1302007245.0,85898829,85899156
85899156,41.8730769345,-87.6692055166,1302007253.0,85898947,85899395
85899395,41.8728703136,-87.6691444426,1302007262.0,85899156,85899501
85899501,41.8726700937,-87.6691435977,1302007266.0,85899395,85899580
85899580,41.8724629531,-87.669123943,1302007269.0,85899501,85899665
85899665,41.87221993,-87.6691269377,1302007272.0,85899580,85899742
85899742,41.8719968593,-87.6691338416,1302007275.0,85899665,85899843
85899843,41.8718110991,-87.6691285314,1302007279.0,85899742,85900093
85900093,41.8715929618,-87.669130831,1302007288.0,85899843,85900170
85900170,41.8714147117,-87.6691084461,1302007291.0,85900093,85900258
85900258,41.8711471606,-87.6690939985,1302007294.0,85900170,85900316
85900316,41.8709502511,-87.6690834502,1302007296.0,85900258,85900373
85900373,41.8707652865,-87.6690686939,1302007298.0,85900316,85900433
85900433,41.8705811983,-87.6690536059,1302007300.0,85900373,85900489
85900489,41.8703940368,-87.6690351247,1302007302.0,85900433,85900571
85900571,41.8701309509,-87.6690292401,1302007305.0,85900489,85900656
85900656,41.8698670306,-87.669043115,1302007308.0,85900571,85900746
85900746,41.8696301246,-87.6690426114,1302007311.0,85900656,85900864
85900864,41.8694473821,-87.6690206606,1302007315.0,85900746,85901249
85901249,41.8692995153,-87.6692208851,1302007328.0,85900864,85901359
85901359,41.8692737631,-87.6695435834,1302007332.0,85901249,85901437
85901437,41.869273498,-87.6698372423,1302007335.0,85901359,85901538
85901538,41.8692725494,-87.670133898,1302007338.0,85901437,85901638
85901638,41.8692641137,-87.6704578747,1302007341.0,85901538,85901736
85901736,41.8692651987,-87.6707703163,1302007344.0,85901638,85901820
85901820,41.869263585,-87.6710345885,1302007347.0,85901736,85902297
85902297,41.8692615387,-87.6712952089,1302007362.0,85901820,85902443
85902443,41.8692587064,-87.671575236,1302007367.0,85902297,85902567
85902567,41.8692230647,-87.6718336122,1302007371.0,85902443,None
