33548228,41.8669163673,-87.650990384,1302350528.0,None,33549050
33549050,41.8671455881,-87.6509888596,1302350554.0,33548228,33549146
33549146,41.8673476746,-87.6509881656,1302350557.0,33549050,33549250
33549250,41.8675949933,-87.6509909203,1302350560.0,33549146,33549341
33549341,41.8678568875,-87.6510006557,1302350563.0,33549250,33549407
33549407,41.8680379158,-87.6510092705,1302350565.0,33549341,33549472
33549472,41.8682239059,-87.6510163315,1302350567.0,33549407,33549537
33549537,41.8684128935,-87.6510217263,1302350569.0,33549472,33549611
33549611,41.8686018817,-87.6510249103,1302350571.0,33549537,33549683
33549683,41.8687868291,-87.6510289811,1302350573.0,33549611,33549752
33549752,41.8689696758,-87.6510371415,1302350575.0,33549683,33549855
33549855,41.8692205914,-87.6510690786,1302350578.0,33549752,33549950
33549950,41.8694052351,-87.6510835162,1302350581.0,33549855,33550055
33550055,41.8695208141,-87.6508918531,1302350585.0,33549950,33550191
33550191,41.8694997219,-87.6505619535,1302350589.0,33550055,33550305
33550305,41.8694900685,-87.6502498854,1302350592.0,33550191,33550415
33550415,41.8694909835,-87.6498869497,1302350595.0,33550305,33550484
33550484,41.8694965159,-87.6496289752,1302350597.0,33550415,33550550
33550550,41.8695019798,-87.6493619567,1302350599.0,33550484,33550615
33550615,41.8695071954,-87.6490919351,1302350601.0,33550550,33550682
33550682,41.8695082576,-87.6488219578,1302350603.0,33550615,33550748
33550748,41.8695113194,-87.648561028,1302350605.0,33550682,33550822
33550822,41.8695147971,-87.6483090149,1302350607.0,33550748,33550893
33550893,41.8695167264,-87.6480651338,1302350609.0,33550822,33551008
33551008,41.8695222804,-87.647725144,1302350612.0,33550893,33551117
33551117,41.8695281638,-87.6474198802,1302350615.0,33551008,33551291
33551291,41.8695335711,-87.6471734142,1302350620.0,33551117,33551461
33551461,41.8693747183,-87.6470624145,1302350625.0,33551291,33551574
33551574,41.8691849343,-87.6470608734,1302350628.0,33551461,33551686
33551686,41.8689479489,-87.6470551524,1302350631.0,33551574,33551794
33551794,41.8686760133,-87.6470474591,1302350634.0,33551686,33551863
33551863,41.8684820043,-87.6470457778,1302350636.0,33551794,33551932
33551932,41.8682790107,-87.6470463247,1302350638.0,33551863,33551991
33551991,41.8680760721,-87.6470543024,1302350640.0,33551932,33552062
33552062,41.8678851147,-87.6470601702,1302350642.0,33551991,33552174
33552174,41.8676231418,-87.6470600919,1302350645.0,33552062,33552292
33552292,41.867399413,-87.6470565815,1302350648.0,33552174,33552443
33552443,41.8672317914,-87.6472360012,1302350652.0,33552292,33552549
33552549,41.867215292,-87.6475060451,1302350655.0,33552443,33552643
33552643,41.8672115438,-87.6478280593,1302350658.0,33552549,33552753
33552753,41.86720605,-87.6481890696,1302350661.0,33552643,33552827
33552827,41.8672041664,-87.6484350241,1302350663.0,33552753,33552899
33552899,41.8671982779,-87.6487829581,1302350666.0,33552827,33553015
33553015,41.8671916061,-87.6490749398,1302350669.0,33552899,33553166
33553166,41.8671865232,-87.6493599284,1302350673.0,33553015,33553268
33553268,41.8671840248,-87.6496219431,1302350676.0,33553166,33553377
33553377,41.8671781348,-87.649938956,1302350679.0,33553268,33553480
33553480,41.8671707615,-87.6502849879,1302350682.0,33553377,33553584
33553584,41.8671651072,-87.6506058892,1302350685.0,33553480,33553693
33553693,41.8671616564,-87.6508829243,1302350688.0,33553584,33553811
33553811,41.8673072035,-87.6510341655,1302350692.0,33553693,33553922
33553922,41.8675002456,-87.6510163472,1302350695.0,33553811,33554008
33554008,41.8677310857,-87.6510130824,1302350698.0,33553922,33554107
33554107,41.8679860372,-87.6510205547,1302350701.0,33554008,33554184
33554184,41.8682560002,-87.6510282828,1302350704.0,33554107,33554244
33554244,41.8684399744,-87.6510321924,1302350706.0,33554184,33554306
33554306,41.8686200052,-87.6510395768,1302350708.0,33554244,33554403
33554403,41.8688699582,-87.6510474856,1302350711.0,33554306,33554495
33554495,41.8690958041,-87.6510621254,1302350714.0,33554403,33554619
33554619,41.8692839387,-87.6510932725,1302350718.0,33554495,33555549
33555549,41.8694604895,-87.651162897,1302350744.0,33554619,33555676
33555676,41.869527376,-87.6514690752,1302350748.0,33555549,33555766
33555766,41.8695172827,-87.6517651126,1302350751.0,33555676,33555825
33555825,41.8695077551,-87.6521010395,1302350754.0,33555766,33555836
33555836,41.8695036858,-87.6524429891,1302350757.0,33555825,33555852
33555852,41.8694891134,-87.6527530161,1302350760.0,33555836,33555871
33555871,41.8694804187,-87.6530520131,1302350763.0,33555852,33555893
33555893,41.8694795057,-87.653380978,1302350766.0,33555871,33555917
33555917,41.8694777586,-87.6536919735,1302350769.0,33555893,33555944
33555944,41.8694736777,-87.6539579003,1302350772.0,33555917,33555998
33555998,41.8694761888,-87.6542059891,1302350778.0,33555944,33556043
33556043,41.8694624374,-87.6544829804,1302350782.0,33555998,33556078
33556078,41.8694521903,-87.6547729914,1302350785.0,33556043,33556113
33556113,41.8694490154,-87.6551070501,1302350788.0,33556078,33556152
33556152,41.8694521882,-87.6554549802,1302350791.0,33556113,33556178
33556178,41.86946264,-87.6556979292,1302350793.0,33556152,33556203
33556203,41.8694668222,-87.6559488598,1302350795.0,33556178,33556231
33556231,41.8694687269,-87.6562018729,1302350797.0,33556203,33556260
33556260,41.8694682496,-87.6564599107,1302350799.0,33556231,33556287
33556287,41.8694673632,-87.6567223059,1302350801.0,33556260,33556316
33556316,41.8694604043,-87.6569876864,1302350803.0,33556287,33556346
33556346,41.8694505947,-87.6572531339,1302350805.0,33556316,33556373
33556373,41.8694427114,-87.6575200751,1302350807.0,33556346,33556404
33556404,41.86943596,-87.6577870485,1302350809.0,33556373,33556436
33556436,41.8694310971,-87.6580530475,1302350811.0,33556404,33556467
33556467,41.8694204981,-87.6583210673,1302350813.0,33556436,33556499
33556499,41.8694136213,-87.6585920707,1302350815.0,33556467,33556532
33556532,41.869412335,-87.6588630574,1302350817.0,33556499,33556566
33556566,41.869409173,-87.6591350505,1302350819.0,33556532,33556599
33556599,41.86940879,-87.6594090365,1302350821.0,33556566,33556633
33556633,41.8694056184,-87.659687017,1302350823.0,33556599,33556667
33556667,41.8694052199,-87.6599580131,1302350825.0,33556633,33556704
33556704,41.8694057592,-87.6602199806,1302350827.0,33556667,33556738
33556738,41.8694026472,-87.660473983,1302350829.0,33556704,33556773
33556773,41.8694015326,-87.6607170113,1302350831.0,33556738,33556809
33556809,41.869401534,-87.6609641189,1302350833.0,33556773,33556848
33556848,41.8694117618,-87.6612181917,1302350835.0,33556809,33556884
33556884,41.8694136087,-87.6614741541,1302350837.0,33556848,33556922
33556922,41.869411631,-87.6617290114,1302350839.0,33556884,33556959
33556959,41.869412449,-87.661982766,1302350841.0,33556922,33556997
33556997,41.869408622,-87.6622398476,1302350843.0,33556959,33557037
33557037,41.8694176962,-87.6624979494,1302350845.0,33556997,33557075
33557075,41.8694286311,-87.6627549911,1302350847.0,33557037,33557115
33557115,41.8694246733,-87.6630090017,1302350849.0,33557075,33557154
33557154,41.8694254645,-87.6632540001,1302350851.0,33557115,33557216
33557216,41.869423505,-87.6635960427,1302350854.0,33557154,33557275
33557275,41.869419235,-87.6638712176,1302350857.0,33557216,33557408
33557408,41.8694108353,-87.6641550785,1302350864.0,33557275,33557500
33557500,41.8693996613,-87.6644639715,1302350868.0,33557408,33557558
33557558,41.8693985359,-87.6647139424,1302350871.0,33557500,33557644
33557644,41.8693868377,-87.6649599559,1302350875.0,33557558,None
