97702914,41.8742571925,-87.6661931088,1303744275.0,None,97703223
97703223,41.874243387,-87.6665034109,1303744284.0,97702914,97703324
97703324,41.8742271805,-87.6668422148,1303744287.0,97703223,97703400
97703400,41.8742262724,-87.6671138788,1303744289.0,97703324,97703478
97703478,41.8742369586,-87.6674156466,1303744291.0,97703400,97703547
97703547,41.874251757,-87.6677146482,1303744293.0,97703478,97703615
97703615,41.8742537266,-87.6679807776,1303744295.0,97703547,97703692
97703692,41.8742549735,-87.6682289756,1303744297.0,97703615,97703809
97703809,41.8742890412,-87.6685601006,1303744300.0,97703692,97703918
97703918,41.874279203,-87.6688742329,1303744303.0,97703809,97704097
97704097,41.8742236382,-87.6691270215,1303744308.0,97703918,97704272
97704272,41.8740264506,-87.669113503,1303744313.0,97704097,97704404
97704404,41.8738379599,-87.6690640401,1303744317.0,97704272,97704512
97704512,41.8736248439,-87.6690025817,1303744320.0,97704404,97704586
97704586,41.8733618504,-87.6690243353,1303744322.0,97704512,97704703
97704703,41.8731277795,-87.6690390094,1303744325.0,97704586,97704888
97704888,41.8729476677,-87.6690138467,1303744330.0,97704703,97704993
97704993,41.8727409332,-87.6689685113,1303744333.0,97704888,97705063
97705063,41.8725719794,-87.6688708455,1303744335.0,97704993,97705132
97705132,41.8723899759,-87.6687112674,1303744337.0,97705063,97705201
97705201,41.8721969913,-87.6686363707,1303744339.0,97705132,97705267
97705267,41.8720148926,-87.6686532047,1303744341.0,97705201,97705392
97705392,41.8718121466,-87.66873325,1303744345.0,97705267,97705665
97705665,41.8715930807,-87.668825547,1303744352.0,97705392,97705774
97705774,41.8713519738,-87.6688306495,1303744355.0,97705665,97705847
97705847,41.8711539923,-87.668819821,1303744357.0,97705774,97705919
97705919,41.8709279429,-87.6688014586,1303744359.0,97705847,97705955
97705955,41.8706819639,-87.6687873468,1303744361.0,97705919,97706028
97706028,41.8704219686,-87.6687752445,1303744363.0,97705955,97706103
97706103,41.8701719797,-87.6687713777,1303744365.0,97706028,97706174
97706174,41.8699409928,-87.6687789249,1303744367.0,97706103,97706247
97706247,41.869734046,-87.6687949825,1303744369.0,97706174,97706358
97706358,41.8695038444,-87.668821447,1303744372.0,97706247,97706646
97706646,41.8693136055,-87.6688293246,1303744380.0,97706358,97706830
97706830,41.8692440082,-87.6691017502,1303744385.0,97706646,97706924
97706924,41.8692492827,-87.6694361714,1303744388.0,97706830,97706999
97706999,41.8692430226,-87.669707274,1303744390.0,97706924,97707051
97707051,41.869237628,-87.669993741,1303744392.0,97706999,97707077
97707077,41.8692342784,-87.6702660497,1303744394.0,97707051,97707084
97707084,41.8692349483,-87.6705169517,1303744396.0,97707077,97707098
97707098,41.8692327099,-87.6708390744,1303744399.0,97707084,97707123
97707123,41.8692370045,-87.6711200707,1303744403.0,97707098,97707187
97707187,41.8692310454,-87.6713916674,1303744411.0,97707123,97707215
97707215,41.8691863662,-87.6716602936,1303744414.0,97707187,97707235
97707235,41.869171572,-87.6719711278,1303744416.0,97707215,97707255
97707255,41.8691665406,-87.6722941207,1303744418.0,97707235,97707277
97707277,41.8691654233,-87.6725601881,1303744420.0,97707255,97707310
97707310,41.8691557911,-87.6728672025,1303744423.0,97707277,97707346
97707346,41.8691473454,-87.6731361069,1303744426.0,97707310,97707408
97707408,41.8691687249,-87.6733942201,1303744431.0,97707346,97707660
97707660,41.8691552488,-87.6737021817,1303744449.0,97707408,97707704
97707704,41.8691520293,-87.6740393325,1303744452.0,97707660,97707735
97707735,41.8691490276,-87.6743102478,1303744454.0,97707704,97707768
97707768,41.8691451874,-87.6746142398,1303744456.0,97707735,97707799
97707799,41.8691386321,-87.6749322497,1303744458.0,97707768,97707833
97707833,41.8691347494,-87.6752451447,1303744460.0,97707799,97707867
97707867,41.8691387902,-87.6755328643,1303744462.0,97707833,97707917
97707917,41.8691584682,-87.6758441932,1303744465.0,97707867,97708228
97708228,41.869183535,-87.6760949101,1303744482.0,97707917,97708303
97708303,41.8693666673,-87.6761518338,1303744486.0,97708228,97708364
97708364,41.8696101365,-87.6761372831,1303744489.0,97708303,97708404
97708404,41.8698100142,-87.6761300964,1303744491.0,97708364,97708445
97708445,41.8700299612,-87.6761332812,1303744493.0,97708404,97708484
97708484,41.8702648805,-87.6761366884,1303744495.0,97708445,97708523
97708523,41.8705028635,-87.6761450465,1303744497.0,97708484,97708564
97708564,41.8707250068,-87.6761511075,1303744499.0,97708523,97708590
97708590,41.8709069832,-87.676150895,1303744501.0,97708564,97708658
97708658,41.8711189829,-87.6761477144,1303744504.0,97708590,97708952
97708952,41.87131177,-87.6761539006,1303744521.0,97708658,97709038
97709038,41.8714660885,-87.676015789,1303744526.0,97708952,97709097
97709097,41.8714649896,-87.6757538961,1303744529.0,97709038,97709166
97709166,41.8714560402,-87.6754339578,1303744532.0,97709097,97709238
97709238,41.8714550942,-87.6751753382,1303744535.0,97709166,97709808
97709808,41.8715005441,-87.6748727669,1303744559.0,97709238,97709884
97709884,41.871518351,-87.6745518734,1303744562.0,97709808,97709961
97709961,41.8715219303,-87.6742171023,1303744565.0,97709884,97710058
97710058,41.8715134291,-87.6739452944,1303744569.0,97709961,97710209
97710209,41.8714906729,-87.6736803714,1303744575.0,97710058,97710493
97710493,41.8714490261,-87.6734335191,1303744586.0,97710209,97711231
97711231,41.8714849301,-87.6731814397,1303744613.0,97710493,97711306
97711306,41.8714836876,-87.672934214,1303744616.0,97711231,97711394
97711394,41.8714613729,-87.6726502642,1303744619.0,97711306,97711516
97711516,41.8714624467,-87.6723632372,1303744623.0,97711394,97711626
97711626,41.8714904364,-87.6721129468,1303744627.0,97711516,97711713
97711713,41.8714830577,-87.6718458918,1303744630.0,97711626,97711802
97711802,41.8714752468,-87.6715133017,1303744633.0,97711713,97711865
97711865,41.8714818547,-87.6712564569,1303744635.0,97711802,97711928
97711928,41.8714879929,-87.6709673516,1303744637.0,97711865,97711993
97711993,41.8714918778,-87.6706871663,1303744639.0,97711928,97712043
97712043,41.8714960454,-87.6704230252,1303744641.0,97711993,97712096
97712096,41.8715000407,-87.6701670798,1303744643.0,97712043,97712155
97712155,41.8715054686,-87.669921798,1303744645.0,97712096,97712234
97712234,41.8715445874,-87.6695963171,1303744648.0,97712155,97712323
97712323,41.8715627417,-87.669341126,1303744651.0,97712234,97712601
97712601,41.8715478117,-87.6690955855,1303744660.0,97712323,97712887
97712887,41.8717203533,-87.6689285879,1303744669.0,97712601,97712985
97712985,41.87194771,-87.6689304316,1303744672.0,97712887,97713048
97713048,41.872135873,-87.6689424955,1303744674.0,97712985,97713112
97713112,41.8723329132,-87.6689518911,1303744676.0,97713048,97713202
97713202,41.8725880847,-87.668940083,1303744679.0,97713112,97713320
97713320,41.8727712184,-87.6689054668,1303744683.0,97713202,97713596
97713596,41.8729305164,-87.6690673808,1303744691.0,97713320,97713687
97713687,41.8731451938,-87.6691277564,1303744694.0,97713596,97713777
97713777,41.8734000916,-87.6691318877,1303744697.0,97713687,97713868
97713868,41.8736381149,-87.669167572,1303744700.0,97713777,97714008
97714008,41.8738351279,-87.6692175551,1303744704.0,97713868,97714379
97714379,41.8740167366,-87.6691992955,1303744715.0,97714008,97715060
97715060,41.8741423403,-87.6690186029,1303744735.0,97714379,97715234
97715234,41.8741211553,-87.6687183346,1303744740.0,97715060,97715341
97715341,41.8741020884,-87.6683740498,1303744743.0,97715234,97715409
97715409,41.8740896437,-87.6681168052,1303744745.0,97715341,97715479
97715479,41.874086238,-87.6678627541,1303744747.0,97715409,97715586
97715586,41.8740852964,-87.6675205339,1303744750.0,97715479,97715687
97715687,41.8740701166,-87.6672318852,1303744753.0,97715586,97715789
97715789,41.8740850444,-87.6669868038,1303744756.0,97715687,None
