85608675,41.8692187687,-87.6703800649,1301954422.0,None,85608834
85608834,41.8692080176,-87.670654934,1301954429.0,85608675,85608900
85608900,41.8692143841,-87.6709045974,1301954432.0,85608834,85608994
85608994,41.8692249796,-87.6711788214,1301954436.0,85608900,85609173
85609173,41.8692881077,-87.6714184157,1301954446.0,85608994,85609276
85609276,41.8695207652,-87.6714508151,1301954452.0,85609173,85609349
85609349,41.8697549069,-87.6714483084,1301954456.0,85609276,85609417
85609417,41.8699539376,-87.6714575242,1301954459.0,85609349,85609491
85609491,41.8701409774,-87.6714567777,1301954462.0,85609417,85609601
85609601,41.8703439149,-87.6714594201,1301954467.0,85609491,85609729
85609729,41.8705400264,-87.6714334721,1301954473.0,85609601,85609809
85609809,41.8707459624,-87.671449516,1301954476.0,85609729,85609881
85609881,41.8709551204,-87.6714527248,1301954479.0,85609809,85609976
85609976,41.8711810828,-87.6714660592,1301954483.0,85609881,85610077
85610077,41.8714189935,-87.6714742272,1301954487.0,85609976,85610158
85610158,41.8716594993,-87.6715019824,1301954490.0,85610077,85610236
85610236,41.87193101,-87.6715283883,1301954493.0,85610158,85610283
85610283,41.8721300139,-87.6715352998,1301954495.0,85610236,85610332
85610332,41.8723349997,-87.6715384233,1301954497.0,85610283,85610384
85610384,41.8725390055,-87.6715414981,1301954499.0,85610332,85610438
85610438,41.8727420127,-87.6715445239,1301954501.0,85610384,85610493
85610493,41.8729420017,-87.6715543629,1301954503.0,85610438,85610548
85610548,41.8731399919,-87.6715564424,1301954505.0,85610493,85610603
85610603,41.873328993,-87.671557461,1301954507.0,85610548,85610683
85610683,41.873593978,-87.671559516,1301954510.0,85610603,85610760
85610760,41.8738300337,-87.67154908,1301954513.0,85610683,85610893
85610893,41.8740335781,-87.6715063321,1301954518.0,85610760,85611029
85611029,41.8740665356,-87.6712061586,1301954523.0,85610893,85611109
85611109,41.8740584264,-87.6709471268,1301954526.0,85611029,85611218
85611218,41.8740424195,-87.6706470387,1301954530.0,85611109,85611362
85611362,41.8740351878,-87.6704049932,1301954535.0,85611218,85611469
85611469,41.8740131522,-87.6701279861,1301954539.0,85611362,85611550
85611550,41.8739824307,-87.6697930886,1301954542.0,85611469,85611609
85611609,41.8739701611,-87.6695130129,1301954544.0,85611550,85611670
85611670,41.8740208349,-87.6692084047,1301954546.0,85611609,85611737
85611737,41.8740639234,-87.6689147122,1301954548.0,85611670,85611799
85611799,41.8740934931,-87.66862907,1301954550.0,85611737,85611851
85611851,41.8740943507,-87.6683330064,1301954552.0,85611799,85611904
85611904,41.8740831041,-87.6679707543,1301954554.0,85611851,85611959
85611959,41.8740967725,-87.6676196601,1301954556.0,85611904,85612019
85612019,41.8740880014,-87.6673008458,1301954558.0,85611959,85612079
85612079,41.8740850549,-87.6669868045,1301954560.0,85612019,85612142
85612142,41.8740955996,-87.666678006,1301954562.0,85612079,85612206
85612206,41.8741088958,-87.6663664361,1301954564.0,85612142,85612267
85612267,41.874117889,-87.6660529608,1301954566.0,85612206,85612320
85612320,41.8741275453,-87.6657289488,1301954568.0,85612267,85612377
85612377,41.8741365558,-87.6653969105,1301954570.0,85612320,85612445
85612445,41.8741441243,-87.6650598823,1301954572.0,85612377,85612505
85612505,41.8741436298,-87.6647249263,1301954574.0,85612445,85612565
85612565,41.8741401856,-87.6643959476,1301954576.0,85612505,85612632
85612632,41.8741351105,-87.6640829571,1301954578.0,85612565,85612694
85612694,41.8741290978,-87.6637849792,1301954580.0,85612632,85612751
85612751,41.8741258555,-87.6635119779,1301954582.0,85612694,85612808
85612808,41.8741229082,-87.6632589632,1301954584.0,85612751,85612895
85612895,41.8741291603,-87.6629129514,1301954587.0,85612808,85612997
85612997,41.8741340377,-87.6626198956,1301954590.0,85612895,85613123
85613123,41.8741398886,-87.6623069268,1301954594.0,85612997,85613276
85613276,41.8741448554,-87.6620548903,1301954599.0,85613123,85613663
85613663,41.8741506446,-87.6617878951,1301954611.0,85613276,85613763
85613763,41.8741547802,-87.6614999003,1301954614.0,85613663,85613858
85613858,41.8741590976,-87.6611559101,1301954617.0,85613763,85613923
85613923,41.8741639499,-87.6609058944,1301954619.0,85613858,85613986
85613986,41.8741669565,-87.6606379102,1301954621.0,85613923,85614047
85614047,41.8741725494,-87.6603599256,1301954623.0,85613986,85614105
85614105,41.8741780991,-87.6600879333,1301954625.0,85614047,85614171
85614171,41.8741838527,-87.6596959223,1301954628.0,85614105,85614245
85614245,41.8741869041,-87.6594279145,1301954630.0,85614171,85614315
85614315,41.8741926396,-87.6591518964,1301954632.0,85614245,85614384
85614384,41.8741990726,-87.6588668759,1301954634.0,85614315,85614456
85614456,41.8742021396,-87.6585878912,1301954636.0,85614384,85614527
85614527,41.8742043134,-87.6583218912,1301954638.0,85614456,85614581
85614581,41.87420747,-87.6580668889,1301954640.0,85614527,85614670
85614670,41.8742150926,-87.6577289611,1301954643.0,85614581,85614761
85614761,41.8742209151,-87.6574830283,1301954646.0,85614670,85615010
85615010,41.8742266491,-87.6572408797,1301954653.0,85614761,85615922
85615922,41.8742252229,-87.6569488671,1301954680.0,85615010,85616035
85616035,41.8742268806,-87.6566458971,1301954683.0,85615922,85616146
85616146,41.8742368581,-87.6562949465,1301954686.0,85616035,85616213
85616213,41.8742402269,-87.6560237519,1301954688.0,85616146,85616281
85616281,41.8742454499,-87.6557367002,1301954690.0,85616213,85616351
85616351,41.8742498562,-87.6554408406,1301954692.0,85616281,85616418
85616418,41.8742549654,-87.6551418524,1301954694.0,85616351,85616476
85616476,41.874259495,-87.6548368384,1301954696.0,85616418,85616540
85616540,41.8742652059,-87.6545298283,1301954698.0,85616476,85616598
85616598,41.8742716788,-87.6542228014,1301954700.0,85616540,85616677
85616677,41.8742771871,-87.6539157804,1301954702.0,85616598,85616750
85616750,41.8742840939,-87.6536127357,1301954704.0,85616677,85616826
85616826,41.8742899448,-87.653308757,1301954706.0,85616750,85616908
85616908,41.8742950778,-87.6530027937,1301954708.0,85616826,85616982
85616982,41.8742987756,-87.6526908753,1301954710.0,85616908,85617051
85617051,41.8743039056,-87.6523859174,1301954712.0,85616982,85617118
85617118,41.8743099784,-87.6520875545,1301954714.0,85617051,85617187
85617187,41.8743161975,-87.6517835794,1301954716.0,85617118,85617250
85617250,41.874323553,-87.6514697723,1301954718.0,85617187,85617315
85617315,41.8743306503,-87.651154766,1301954720.0,85617250,85617388
85617388,41.874336503,-87.650847783,1301954722.0,85617315,85617463
85617463,41.8743412186,-87.6505528513,1301954724.0,85617388,85617537
85617537,41.8743462293,-87.6502888157,1301954726.0,85617463,85617648
85617648,41.8743489914,-87.6499947573,1301954729.0,85617537,85617767
85617767,41.8743467811,-87.6497311257,1301954732.0,85617648,85617866
85617866,41.874346772,-87.6494302654,1301954735.0,85617767,85617965
85617965,41.8743485726,-87.6490952544,1301954738.0,85617866,85618076
85618076,41.8743537384,-87.648738185,1301954741.0,85617965,85618147
85618147,41.8743535163,-87.6483878947,1301954744.0,85618076,85618259
85618259,41.8743290273,-87.6480604999,1301954747.0,85618147,85618369
85618369,41.8743024158,-87.647811428,1301954750.0,85618259,None
