87281407,41.874459777,-87.6517629695,1302102480.0,None,87281541
87281541,41.8744518488,-87.6520909538,1302102484.0,87281407,87281631
87281631,41.8744468751,-87.6524619485,1302102487.0,87281541,87281692
87281692,41.8744411306,-87.6527519457,1302102489.0,87281631,87281739
87281739,41.8744326751,-87.6530609758,1302102491.0,87281692,87281744
87281744,41.874427568,-87.6533740112,1302102493.0,87281739,87281752
87281752,41.874422515,-87.6536879878,1302102495.0,87281744,87281762
87281762,41.8744202331,-87.6539949606,1302102497.0,87281752,87281774
87281774,41.874417902,-87.6542899496,1302102499.0,87281762,87281787
87281787,41.8744113374,-87.6545720049,1302102501.0,87281774,87281801
87281801,41.8744055062,-87.6548550114,1302102503.0,87281787,87281817
87281817,41.8743986864,-87.6551730192,1302102505.0,87281801,87281833
87281833,41.8743909165,-87.6555100075,1302102507.0,87281817,87281851
87281851,41.8743868486,-87.6558299982,1302102509.0,87281833,87281869
87281869,41.8743828406,-87.6561269548,1302102511.0,87281851,87281889
87281889,41.8743633577,-87.656420109,1302102513.0,87281869,87281909
87281909,41.8743470546,-87.6567212261,1302102515.0,87281889,87281930
87281930,41.8743479424,-87.6570051138,1302102517.0,87281909,87281952
87281952,41.8743551762,-87.6572600301,1302102519.0,87281930,87281986
87281986,41.8743595452,-87.6575250029,1302102522.0,87281952,87282248
87282248,41.8743478665,-87.6578239167,1302102542.0,87281986,87282295
87282295,41.8743299307,-87.6581379724,1302102545.0,87282248,87282325
87282325,41.8743272412,-87.6583939461,1302102547.0,87282295,87282355
87282355,41.8743237209,-87.6586869449,1302102549.0,87282325,87282387
87282387,41.8743245323,-87.6589979217,1302102551.0,87282355,87282421
87282421,41.8743238358,-87.6593229015,1302102553.0,87282387,87282453
87282453,41.8743249844,-87.65965687,1302102555.0,87282421,87282485
87282485,41.8743199129,-87.6600028762,1302102557.0,87282453,87282519
87282519,41.8743148479,-87.6603628891,1302102559.0,87282485,87282554
87282554,41.8743142694,-87.6607178464,1302102561.0,87282519,87282586
87282586,41.8743073029,-87.6610658342,1302102563.0,87282554,87282619
87282619,41.8743002466,-87.6613968586,1302102565.0,87282586,87282655
87282655,41.8742972367,-87.6617328824,1302102567.0,87282619,87282692
87282692,41.8742878677,-87.6620718823,1302102569.0,87282655,87282729
87282729,41.8742774316,-87.6624148832,1302102571.0,87282692,87282765
87282765,41.8742759748,-87.6627648589,1302102573.0,87282729,87282802
87282802,41.8742757206,-87.6631269258,1302102575.0,87282765,87282840
87282840,41.8742758879,-87.6634879996,1302102577.0,87282802,87282878
87282878,41.8742827537,-87.6638530275,1302102579.0,87282840,87282916
87282916,41.8742878991,-87.6642080473,1302102581.0,87282878,87282956
87282956,41.8742903781,-87.6645590394,1302102583.0,87282916,87282996
87282996,41.8742975618,-87.6649050291,1302102585.0,87282956,87283036
87283036,41.8742970634,-87.665256911,1302102587.0,87282996,87283075
87283075,41.8742924344,-87.6656058371,1302102589.0,87283036,87283115
87283115,41.874287597,-87.6659428232,1302102591.0,87283075,87283157
87283157,41.8742811977,-87.666247124,1302102593.0,87283115,87283199
87283199,41.8742682818,-87.6665340137,1302102595.0,87283157,87283242
87283242,41.8742475425,-87.6668089549,1302102597.0,87283199,87283282
87283282,41.8742313087,-87.6670818393,1302102599.0,87283242,87283324
87283324,41.8742266223,-87.6673646475,1302102601.0,87283282,87283368
87283368,41.8742220061,-87.6676537655,1302102603.0,87283324,87283412
87283412,41.8742157789,-87.6679547498,1302102605.0,87283368,87283456
87283456,41.8741973367,-87.6682459241,1302102607.0,87283412,87283500
87283500,41.8741812218,-87.6685160268,1302102609.0,87283456,87283516
87283516,41.8741671448,-87.6687748743,1302102611.0,87283500,87283521
87283521,41.874168473,-87.6690601386,1302102614.0,87283516,87283835
87283835,41.8743608245,-87.6690989857,1302102629.0,87283521,87283925
87283925,41.8745361384,-87.6691560123,1302102633.0,87283835,87284092
87284092,41.8743228958,-87.669167986,1302102640.0,87283925,87284162
87284162,41.8740740838,-87.669165147,1302102643.0,87284092,87284206
87284206,41.8738668786,-87.6691543853,1302102645.0,87284162,87284301
87284301,41.8736559112,-87.6691329479,1302102649.0,87284206,87284381
87284381,41.8733998837,-87.6691198501,1302102652.0,87284301,87284424
87284424,41.8731938675,-87.6691125329,1302102654.0,87284381,87284471
87284471,41.8729697631,-87.6690895429,1302102656.0,87284424,87284521
87284521,41.8727420871,-87.6690775301,1302102658.0,87284471,87284570
87284570,41.8725500283,-87.6690818771,1302102660.0,87284521,87284647
87284647,41.8723338859,-87.6690825757,1302102663.0,87284570,87284725
87284725,41.8720879075,-87.6691333031,1302102666.0,87284647,87284780
87284780,41.8718759044,-87.6691734963,1302102668.0,87284725,87284829
87284829,41.8716963999,-87.6691888374,1302102670.0,87284780,87284852
87284852,41.8714927301,-87.6692263532,1302102671.0,87284829,87284904
87284904,41.8712642626,-87.6692208161,1302102673.0,87284852,87284954
87284954,41.8710422767,-87.6691951947,1302102675.0,87284904,87285008
87285008,41.870816207,-87.6691908648,1302102677.0,87284954,87285060
87285060,41.8705711244,-87.6691678472,1302102679.0,87285008,87285112
87285112,41.8703201303,-87.6691443902,1302102681.0,87285060,87285167
87285167,41.8700621492,-87.6691366542,1302102683.0,87285112,87285218
87285218,41.8698241195,-87.6691300341,1302102685.0,87285167,87285275
87285275,41.8696270731,-87.6691227911,1302102687.0,87285218,87285358
87285358,41.8694177686,-87.6691382095,1302102690.0,87285275,87285547
87285547,41.8692409165,-87.6691062241,1302102697.0,87285358,87285718
87285718,41.8692101842,-87.6693585946,1302102703.0,87285547,87285802
87285802,41.8691890423,-87.6696435865,1302102706.0,87285718,87285859
87285859,41.8691745106,-87.6698933177,1302102708.0,87285802,87285915
87285915,41.8691719548,-87.670175049,1302102710.0,87285859,87285977
87285977,41.8691752921,-87.670461991,1302102712.0,87285915,87286033
87286033,41.8691818809,-87.6707247053,1302102714.0,87285977,87286121
87286121,41.8692030294,-87.6710474065,1302102717.0,87286033,87286266
87286266,41.8692077685,-87.6713077623,1302102722.0,87286121,87286443
87286443,41.8691361177,-87.6715392989,1302102728.0,87286266,87286565
87286565,41.8690971516,-87.6718879515,1302102732.0,87286443,87286621
87286621,41.869094438,-87.6721830335,1302102734.0,87286565,87286679
87286679,41.869106506,-87.6724861089,1302102736.0,87286621,87286739
87286739,41.8691207215,-87.672758156,1302102738.0,87286679,87286825
87286825,41.8691266488,-87.673074062,1302102741.0,87286739,87286949
87286949,41.8691545808,-87.6733780505,1302102745.0,87286825,87287504
87287504,41.8692363779,-87.6736246378,1302102763.0,87286949,87287597
87287597,41.8692042226,-87.6739059417,1302102766.0,87287504,87287647
87287647,41.8691942109,-87.6742810445,1302102769.0,87287597,87287654
87287654,41.8691907895,-87.6745771067,1302102771.0,87287647,87287663
87287663,41.8691826145,-87.6748991429,1302102773.0,87287654,87287674
87287674,41.8691763353,-87.6752201232,1302102775.0,87287663,87287686
87287686,41.8691808377,-87.6755173258,1302102777.0,87287674,87287700
87287700,41.8691904037,-87.6757684857,1302102779.0,87287686,87287723
87287723,41.8691992572,-87.676039783,1302102782.0,87287700,87287757
87287757,41.8693205976,-87.6762176533,1302102786.0,87287723,87287795
87287795,41.8695619959,-87.676207668,1302102790.0,87287757,87287825
87287825,41.869839041,-87.676205383,1302102793.0,87287795,87287847
87287847,41.8700640679,-87.6762062144,1302102795.0,87287825,87287869
87287869,41.8703120546,-87.6762104957,1302102797.0,87287847,87287892
87287892,41.8705700284,-87.6762176998,1302102799.0,87287869,87287916
87287916,41.870809929,-87.6762148275,1302102801.0,87287892,87287940
87287940,41.8710159727,-87.6762059265,1302102803.0,87287916,87287978
87287978,41.8712439775,-87.6762140128,1302102806.0,87287940,87288218
87288218,41.8714316024,-87.6761851659,1302102823.0,87287978,87288280
87288280,41.871482774,-87.6759038057,1302102828.0,87288218,87288332
87288332,41.8714822848,-87.6756200059,1302102831.0,87288280,87288380
87288380,41.871479801,-87.6753439664,1302102834.0,87288332,None
