86254051,41.8641371066,-87.6467053462,1302021811.0,None,86254255
86254255,41.8643349157,-87.6467591535,1302021817.0,86254051,86254399
86254399,41.8645361355,-87.6467590336,1302021821.0,86254255,86254623
86254623,41.8647321455,-87.6467438132,1302021828.0,86254399,86254726
86254726,41.8649212225,-87.6467669058,1302021831.0,86254623,86254833
86254833,41.8651941103,-87.6467771493,1302021834.0,86254726,86254907
86254907,41.8654051132,-87.6467756112,1302021836.0,86254833,86254972
86254972,41.8656182713,-87.6467834316,1302021838.0,86254907,86255037
86255037,41.8658201116,-87.6467919331,1302021840.0,86254972,86255137
86255137,41.8660619947,-87.6468030755,1302021843.0,86255037,86255260
86255260,41.8662761132,-87.6468052262,1302021847.0,86255137,86255471
86255471,41.8664591021,-87.6467989548,1302021853.0,86255260,86255480
86255480,41.8666490854,-87.6468044784,1302021856.0,86255471,86255494
86255494,41.8669070644,-87.6467985323,1302021859.0,86255480,86255506
86255506,41.867113054,-87.6467862266,1302021861.0,86255494,86255519
86255519,41.8673430049,-87.6467634007,1302021863.0,86255506,86255533
86255533,41.8675930029,-87.6467555688,1302021865.0,86255519,86255549
86255549,41.8678600019,-87.6467626794,1302021867.0,86255533,86255565
86255565,41.8681440055,-87.6467667131,1302021869.0,86255549,86255583
86255583,41.868430008,-87.6467647442,1302021871.0,86255565,86255601
86255601,41.8686830057,-87.6467668244,1302021873.0,86255583,86255621
86255621,41.868878995,-87.6467708638,1302021875.0,86255601,86255651
86255651,41.8690599892,-87.6467758569,1302021878.0,86255621,86256023
86256023,41.8692689801,-87.6468038284,1302021907.0,86255651,86256071
86256071,41.869475926,-87.6468089028,1302021910.0,86256023,86256099
86256099,41.869661047,-87.646810097,1302021912.0,86256071,86256132
86256132,41.8698650595,-87.6468208493,1302021914.0,86256099,86256166
86256166,41.8700980126,-87.6468299812,1302021916.0,86256132,86256198
86256198,41.8703500121,-87.6468430111,1302021918.0,86256166,86256230
86256230,41.870609994,-87.6468540274,1302021920.0,86256198,86256265
86256265,41.8708630049,-87.6468631746,1302021922.0,86256230,86256298
86256298,41.8710850102,-87.6468692661,1302021924.0,86256265,86256352
86256352,41.8713110506,-87.6468811902,1302021927.0,86256298,86256441
86256441,41.8715089857,-87.6468940476,1302021932.0,86256352,86256756
86256756,41.8717009519,-87.646912672,1302021949.0,86256441,86256818
86256818,41.8719240035,-87.6469193144,1302021952.0,86256756,86256881
86256881,41.872182179,-87.6469281007,1302021955.0,86256818,86256921
86256921,41.8723740355,-87.6469417813,1302021957.0,86256881,86256961
86256961,41.8725700165,-87.6469498398,1302021959.0,86256921,86256997
86256997,41.872773075,-87.6469703367,1302021961.0,86256961,86257037
86257037,41.8729810376,-87.6469882859,1302021963.0,86256997,86257064
86257064,41.8731810072,-87.6470050105,1302021965.0,86257037,86257077
86257077,41.8733920065,-87.6470302281,1302021967.0,86257064,86257115
86257115,41.8736120437,-87.6470533455,1302021969.0,86257077,86257133
86257133,41.873960216,-87.6470661384,1302021972.0,86257115,86257182
86257182,41.8741944146,-87.6471073704,1302021975.0,86257133,86257234
86257234,41.8743341704,-87.6472953178,1302021978.0,86257182,86257291
86257291,41.8743889522,-87.6476328858,1302021981.0,86257234,86257337
86257337,41.8744193005,-87.6479129763,1302021983.0,86257291,86257379
86257379,41.8744505384,-87.6482206192,1302021985.0,86257337,86257424
86257424,41.8744633283,-87.648533763,1302021987.0,86257379,86257462
86257462,41.8744601021,-87.6488343236,1302021989.0,86257424,86257502
86257502,41.874459155,-87.6491343811,1302021991.0,86257462,86257547
86257547,41.8744551866,-87.6494414203,1302021993.0,86257502,86257594
86257594,41.8744528646,-87.6497574363,1302021995.0,86257547,86257641
86257641,41.8744519137,-87.6500811642,1302021997.0,86257594,86257664
86257664,41.8744502272,-87.650411091,1302021999.0,86257641,86257705
86257705,41.8744468769,-87.6507471252,1302022001.0,86257664,86257749
86257749,41.874444332,-87.6510591739,1302022003.0,86257705,86257796
86257796,41.8744452608,-87.6513031517,1302022005.0,86257749,86258061
86258061,41.8744461897,-87.6515911671,1302022017.0,86257796,86258132
86258132,41.8744399742,-87.6518361042,1302022020.0,86258061,86258208
86258208,41.8744344899,-87.6521920219,1302022023.0,86258132,86258260
86258260,41.8744306209,-87.6524790038,1302022025.0,86258208,86258304
86258304,41.8744265115,-87.6527980166,1302022027.0,86258260,86258352
86258352,41.8744197575,-87.6531430534,1302022029.0,86258304,86258403
86258403,41.8744135611,-87.6535150364,1302022031.0,86258352,86258447
86258447,41.8744091799,-87.6539020446,1302022033.0,86258403,86258495
86258495,41.8744031501,-87.654299002,1302022035.0,86258447,86258546
86258546,41.8743946724,-87.6546850694,1302022037.0,86258495,86258599
86258599,41.8743894692,-87.6550590758,1302022039.0,86258546,86258645
86258645,41.8743850935,-87.6554210558,1302022041.0,86258599,86258695
86258695,41.8743783759,-87.6557480241,1302022043.0,86258645,86258748
86258748,41.8743744148,-87.6560220105,1302022045.0,86258695,86258830
86258830,41.8743687411,-87.6563220326,1302022048.0,86258748,86259496
86259496,41.8743652045,-87.6565643481,1302022073.0,86258830,86259655
86259655,41.8743517068,-87.656818077,1302022079.0,86259496,86259738
86259738,41.8743367099,-87.6570851332,1302022082.0,86259655,86259822
86259822,41.8743371071,-87.6574112069,1302022085.0,86259738,86260214
86260214,41.8743588309,-87.6576608891,1302022099.0,86259822,86260333
86260333,41.8743490159,-87.6579248687,1302022103.0,86260214,86260420
86260420,41.8743434701,-87.65827483,1302022106.0,86260333,86260479
86260479,41.8743376469,-87.658552873,1302022108.0,86260420,86260532
86260532,41.8743325705,-87.6588638805,1302022110.0,86260479,86260588
86260588,41.8743310936,-87.6591958848,1302022112.0,86260532,86260645
86260645,41.8743260716,-87.6595278722,1302022114.0,86260588,86260705
86260705,41.8743218699,-87.6598548671,1302022116.0,86260645,86260770
86260770,41.8743205513,-87.6601768718,1302022118.0,86260705,86260838
86260838,41.8743174041,-87.6604968613,1302022120.0,86260770,86260900
86260900,41.8743150139,-87.660812826,1302022122.0,86260838,86260960
86260960,41.8743081862,-87.6610918307,1302022124.0,86260900,86261040
86261040,41.8743068785,-87.6614128494,1302022127.0,86260960,86261153
86261153,41.8743117387,-87.6616569025,1302022131.0,86261040,86261565
86261565,41.8743317022,-87.6619978732,1302022145.0,86261153,86261657
86261657,41.8743246354,-87.6623298851,1302022148.0,86261565,86261725
86261725,41.8743196544,-87.662594874,1302022150.0,86261657,86261789
86261789,41.8743147318,-87.6628929032,1302022152.0,86261725,86261863
86261863,41.8743117378,-87.6632209719,1302022154.0,86261789,86261921
86261921,41.8743127178,-87.6635620226,1302022156.0,86261863,86261978
86261978,41.8743136668,-87.663905041,1302022158.0,86261921,86262033
86262033,41.8743125317,-87.6642480655,1302022160.0,86261978,86262096
86262096,41.8743154765,-87.6645890869,1302022162.0,86262033,86262165
86262165,41.8743194738,-87.6649190641,1302022164.0,86262096,86262230
86262230,41.8743205604,-87.6652349396,1302022166.0,86262165,86262305
86262305,41.8743216523,-87.6655198756,1302022168.0,86262230,86262370
86262370,41.8743178787,-87.6657677853,1302022170.0,86262305,86262471
86262471,41.8743149295,-87.6660498371,1302022173.0,86262370,None
