45275888,41.8637729148,-87.6505037038,1302052119.0,None,45276178
45276178,41.8635848815,-87.6505305733,1302052136.0,45275888,45276306
45276306,41.8635320292,-87.6507846516,1302052143.0,45276178,45276683
45276683,41.8636753468,-87.650942997,1302052162.0,45276306,45276766
45276766,41.8638550722,-87.6509491523,1302052166.0,45276683,45276832
45276832,41.8640920693,-87.6509577878,1302052170.0,45276766,45276897
45276897,41.8642780606,-87.6509626937,1302052173.0,45276832,45276983
45276983,41.8645090339,-87.6509673396,1302052177.0,45276897,45277133
45277133,41.8647191413,-87.6509818773,1302052184.0,45276983,45277197
45277197,41.8649120873,-87.6509930266,1302052188.0,45277133,45277208
45277208,41.8650950925,-87.6509963529,1302052191.0,45277197,45277224
45277224,41.8652970944,-87.6510008226,1302052194.0,45277208,45277243
45277243,41.8655131098,-87.6510094205,1302052197.0,45277224,45277265
45277265,41.8657361155,-87.6510172286,1302052200.0,45277243,45277289
45277289,41.8659701056,-87.6510225793,1302052203.0,45277265,45277316
45277316,41.8662090926,-87.6510297969,1302052206.0,45277289,45277345
45277345,41.8664501589,-87.6510397013,1302052209.0,45277316,45277375
45277375,41.8666802224,-87.6510524306,1302052212.0,45277345,45277408
45277408,41.8668892426,-87.6510678232,1302052215.0,45277375,45277454
45277454,41.867082496,-87.6511486673,1302052219.0,45277408,45277502
45277502,41.8671485289,-87.6514428544,1302052223.0,45277454,45277541
45277541,41.8671466178,-87.6517167462,1302052226.0,45277502,45277580
45277580,41.8671414415,-87.6520102437,1302052229.0,45277541,45277622
45277622,41.8671373101,-87.6522902237,1302052232.0,45277580,45277664
45277664,41.8671348141,-87.6525492078,1302052235.0,45277622,45277723
45277723,41.8671304861,-87.6528321512,1302052239.0,45277664,45278082
45278082,41.8671276421,-87.6531111207,1302052261.0,45277723,45278155
45278155,41.8671242549,-87.6534100637,1302052265.0,45278082,45278208
45278208,41.8671195339,-87.6536901722,1302052268.0,45278155,45278263
45278263,41.8671152444,-87.6540040272,1302052271.0,45278208,45278322
45278322,41.8671109118,-87.6543449829,1302052274.0,45278263,45278379
45278379,41.8671045181,-87.6547028764,1302052277.0,45278322,45278417
45278417,41.8670985479,-87.6549479434,1302052279.0,45278379,45278455
45278455,41.8670943682,-87.6551999235,1302052281.0,45278417,45278495
45278495,41.8670910019,-87.6554489832,1302052283.0,45278455,45278555
45278555,41.8670861018,-87.6558048977,1302052286.0,45278495,45278618
45278618,41.8670808832,-87.6561299645,1302052289.0,45278555,45278678
45278678,41.8670790506,-87.6564022034,1302052292.0,45278618,45278849
45278849,41.8671017644,-87.6566503475,1302052300.0,45278678,45278934
45278934,41.8672814576,-87.6566916696,1302052304.0,45278849,45279000
45279000,41.867468255,-87.6567026751,1302052307.0,45278934,45279066
45279066,41.8676821412,-87.6567159509,1302052310.0,45279000,45279114
45279114,41.8679000884,-87.6567240042,1302052313.0,45279066,45279154
45279154,41.8681301058,-87.6567295198,1302052316.0,45279114,45279205
45279205,41.8683501017,-87.6567375399,1302052319.0,45279154,45279232
45279232,41.8685430806,-87.6567444529,1302052322.0,45279205,45279300
45279300,41.8687690235,-87.6567489666,1302052326.0,45279232,45279411
45279411,41.8689739766,-87.656746323,1302052331.0,45279300,45279707
45279707,41.869169012,-87.6567439161,1302052344.0,45279411,45279801
45279801,41.8693786228,-87.6567477467,1302052348.0,45279707,45279883
45279883,41.8696170432,-87.6567587638,1302052352.0,45279801,45279892
45279892,41.869828461,-87.656772247,1302052355.0,45279883,45279906
45279906,41.8700833037,-87.6567876898,1302052358.0,45279892,45279924
45279924,41.870352163,-87.6567971133,1302052361.0,45279906,45279938
45279938,41.8705351591,-87.6568016908,1302052363.0,45279924,45279953
45279953,41.8707222163,-87.6568065223,1302052365.0,45279938,45279969
45279969,41.870910227,-87.6568109206,1302052367.0,45279953,45279986
45279986,41.8710912004,-87.656816213,1302052369.0,45279969,45280013
45280013,41.8713462289,-87.6568261043,1302052372.0,45279986,45280043
45280043,41.871580041,-87.6568361084,1302052375.0,45280013,45280074
45280074,41.8718007225,-87.6568256267,1302052378.0,45280043,45280107
45280107,41.8720006656,-87.6568141368,1302052381.0,45280074,45280190
45280190,41.8722066789,-87.6568039629,1302052388.0,45280107,45280242
45280242,41.8724167387,-87.6567952038,1302052392.0,45280190,45280282
45280282,41.8726086795,-87.656783957,1302052395.0,45280242,45280324
45280324,41.8727986227,-87.6567750833,1302052398.0,45280282,45280366
45280366,41.8730104878,-87.6567627336,1302052401.0,45280324,45280407
45280407,41.8732317874,-87.6567472475,1302052404.0,45280366,45280455
45280455,41.8734409761,-87.656737591,1302052407.0,45280407,45280498
45280498,41.8736310406,-87.6567350017,1302052410.0,45280455,45280565
45280565,41.8738430127,-87.6567405542,1302052414.0,45280498,45280645
45280645,41.8740404285,-87.656740075,1302052419.0,45280565,45280784
45280784,41.8741945754,-87.6566133856,1302052427.0,45280645,45280856
45280856,41.8742098423,-87.6563450834,1302052431.0,45280784,45280927
45280927,41.8742166489,-87.6560271178,1302052435.0,45280856,45280987
45280987,41.8742266145,-87.6557630736,1302052438.0,45280927,45281041
45281041,41.87423621,-87.6554831325,1302052441.0,45280987,45281098
45281098,41.8742418934,-87.65519714,1302052444.0,45281041,45281159
45281159,41.8742493123,-87.6549060584,1302052447.0,45281098,45281218
45281218,41.8742562166,-87.6546060092,1302052450.0,45281159,45281277
45281277,41.8742616565,-87.6543109643,1302052453.0,45281218,45281340
45281340,41.8742668784,-87.6540169527,1302052456.0,45281277,45281404
45281404,41.8742736488,-87.653722939,1302052459.0,45281340,45281463
45281463,41.8742798673,-87.6534419388,1302052462.0,45281404,45281528
45281528,41.8742849365,-87.6531779387,1302052465.0,45281463,45281596
45281596,41.8742888806,-87.6529179357,1302052468.0,45281528,45281660
45281660,41.8742927266,-87.6526679265,1302052471.0,45281596,45281745
45281745,41.8742971216,-87.6523709666,1302052475.0,45281660,45282108
45282108,41.8743035762,-87.6520937228,1302052494.0,45281745,45282202
45282202,41.8743107473,-87.6518386709,1302052498.0,45282108,45282267
45282267,41.8743156292,-87.6515968535,1302052501.0,45282202,45282340
45282340,41.8743231827,-87.6513228414,1302052504.0,45282267,45282413
45282413,41.874328596,-87.6510368762,1302052507.0,45282340,45282489
45282489,41.8743347415,-87.6507498603,1302052510.0,45282413,45282560
45282560,41.8743410961,-87.650457872,1302052513.0,45282489,45282638
45282638,41.8743453786,-87.6501828524,1302052516.0,45282560,45282709
45282709,41.8743500326,-87.6499257066,1302052519.0,45282638,45282808
45282808,41.8743543962,-87.6496360987,1302052523.0,45282709,45282909
45282909,41.8743584984,-87.6493450525,1302052527.0,45282808,45282989
45282989,41.8743609152,-87.6490720329,1302052530.0,45282909,45283060
45283060,41.8743666196,-87.6487739752,1302052533.0,45282989,45283138
45283138,41.8743707327,-87.6484652113,1302052536.0,45283060,45283219
45283219,41.8743515102,-87.6481654704,1302052539.0,45283138,45283299
45283299,41.8743266863,-87.6478987306,1302052542.0,45283219,45283403
45283403,41.8742990696,-87.6475899276,1302052546.0,45283299,None
