17335500,41.8691151604,-87.6808450357,1302745314.0,None,17335610
17335610,41.869114807,-87.681135813,1302745317.0,17335500,17335687
17335687,41.8691137602,-87.6813926509,1302745319.0,17335610,17335758
17335758,41.8691101451,-87.6816955666,1302745321.0,17335687,17335832
17335832,41.8691093936,-87.6820566626,1302745323.0,17335758,17335905
17335905,41.8690973857,-87.6824277274,1302745325.0,17335832,17335971
17335971,41.8690856963,-87.6827608074,1302745327.0,17335905,17336043
17336043,41.8690778492,-87.6830038808,1302745329.0,17335971,17336233
17336233,41.8690814738,-87.6832479914,1302745334.0,17336043,17337088
17337088,41.8690788623,-87.6835417831,1302745358.0,17336233,17337211
17337211,41.869068747,-87.6838377908,1302745361.0,17337088,17337278
17337278,41.8690752383,-87.6840847343,1302745363.0,17337211,17337379
17337379,41.869078512,-87.684423773,1302745366.0,17337278,17337547
17337547,41.8690600565,-87.6846677136,1302745371.0,17337379,17337768
17337768,41.8690809147,-87.6849638754,1302745377.0,17337547,17337880
17337880,41.8691077382,-87.6852119232,1302745380.0,17337768,17337995
17337995,41.8691078374,-87.6854680723,1302745383.0,17337880,17338417
17338417,41.8690483946,-87.6857031939,1302745395.0,17337995,17338940
17338940,41.8690890134,-87.6859644556,1302745409.0,17338417,17339091
17339091,41.8692760793,-87.6860434961,1302745413.0,17338940,17339191
17339191,41.8694919742,-87.6860522815,1302745416.0,17339091,17339298
17339298,41.8697570999,-87.6860786993,1302745419.0,17339191,17339360
17339360,41.8699681244,-87.6860956303,1302745421.0,17339298,17339425
17339425,41.870213107,-87.6861030483,1302745423.0,17339360,17339430
17339430,41.8704930678,-87.6861016292,1302745425.0,17339425,17339438
17339438,41.8707780812,-87.6861061386,1302745427.0,17339430,17339448
17339448,41.8710582015,-87.686125391,1302745429.0,17339438,17339460
17339460,41.8713502309,-87.6861441468,1302745431.0,17339448,17339473
17339473,41.8716502209,-87.6861597936,1302745433.0,17339460,17339487
17339487,41.8719601693,-87.6861697115,1302745435.0,17339473,17339503
17339503,41.8722750582,-87.6861702741,1302745437.0,17339487,17339519
17339519,41.8725870372,-87.6861709894,1302745439.0,17339503,17339537
17339537,41.8728840468,-87.6861810617,1302745441.0,17339519,17339555
17339555,41.8731690637,-87.6861873581,1302745443.0,17339537,17339575
17339575,41.8734160174,-87.6861891376,1302745445.0,17339555,17339595
17339595,41.8736041036,-87.6861822465,1302745447.0,17339575,17339627
17339627,41.8737872635,-87.6861743237,1302745450.0,17339595,17339880
17339880,41.8739621797,-87.686065773,1302745470.0,17339627,17339923
17339923,41.8739551359,-87.685793819,1302745473.0,17339880,17339964
17339964,41.8739654332,-87.6854186725,1302745476.0,17339923,17339996
17339996,41.8739766782,-87.6851277484,1302745478.0,17339964,17340026
17340026,41.8739888623,-87.6848077836,1302745480.0,17339996,17340056
17340056,41.873997714,-87.6844578466,1302745482.0,17340026,17340088
17340088,41.874007633,-87.6840849356,1302745484.0,17340056,17340122
17340122,41.8740047493,-87.6837018514,1302745486.0,17340088,17340154
17340154,41.8740012992,-87.6833038019,1302745488.0,17340122,17340187
17340187,41.8740082978,-87.6829098266,1302745490.0,17340154,17340221
17340221,41.8740081189,-87.6825298793,1302745492.0,17340187,17340257
17340257,41.8739969121,-87.6821759102,1302745494.0,17340221,17340291
17340291,41.8739980059,-87.6818598686,1302745496.0,17340257,17340326
17340326,41.873999465,-87.681614713,1302745498.0,17340291,17340415
17340415,41.8739889338,-87.6813687994,1302745503.0,17340326,17340491
17340491,41.8740223348,-87.681076722,1302745507.0,17340415,17340544
17340544,41.8740508091,-87.6807027391,1302745510.0,17340491,17340582
17340582,41.8740654625,-87.6803838028,1302745512.0,17340544,17340624
17340624,41.8740824453,-87.6800098393,1302745514.0,17340582,17340663
17340663,41.8740874423,-87.6796028993,1302745516.0,17340624,17340700
17340700,41.8740870205,-87.6792038695,1302745518.0,17340663,17340739
17340739,41.8740865667,-87.6788188482,1302745520.0,17340700,17340779
17340779,41.8740871107,-87.6784218311,1302745522.0,17340739,17340820
17340820,41.874087811,-87.6780218522,1302745524.0,17340779,17340862
17340862,41.8740875049,-87.6776419185,1302745526.0,17340820,17340902
17340902,41.8740813989,-87.6773080345,1302745528.0,17340862,17340944
17340944,41.8740806888,-87.6770396301,1302745530.0,17340902,17340998
17340998,41.874061313,-87.6767682391,1302745533.0,17340944,17341208
17341208,41.873940819,-87.6765369076,1302745543.0,17340998,17341251
17341251,41.8737167053,-87.6764910952,1302745546.0,17341208,17341288
17341288,41.8735267812,-87.6764721613,1302745548.0,17341251,17341327
17341327,41.8733476516,-87.6764521874,1302745550.0,17341288,17341382
17341382,41.8731467333,-87.6764313674,1302745553.0,17341327,17341504
17341504,41.8729576207,-87.676395165,1302745561.0,17341382,17341569
17341569,41.8727626086,-87.6763753153,1302745564.0,17341504,17341618
17341618,41.8725786626,-87.6763505074,1302745566.0,17341569,17341669
17341669,41.8723815576,-87.67634472,1302745568.0,17341618,17341714
17341714,41.8721592286,-87.6763256094,1302745570.0,17341669,17341761
17341761,41.8719253503,-87.6762950503,1302745572.0,17341714,17341805
17341805,41.8717184116,-87.6762817621,1302745574.0,17341761,17341878
17341878,41.8715223595,-87.6762589069,1302745577.0,17341805,17342001
17342001,41.8714773905,-87.6759278412,1302745582.0,17341878,17342074
17342074,41.8714830197,-87.6755750262,1302745585.0,17342001,17342123
17342123,41.8714810004,-87.6753309346,1302745587.0,17342074,17342185
17342185,41.8714720846,-87.6750554226,1302745590.0,17342123,17342856
17342856,41.8715658838,-87.6748435279,1302745616.0,17342185,17342995
17342995,41.8717778848,-87.6748418944,1302745621.0,17342856,17343103
17343103,41.8718688509,-87.674551994,1302745625.0,17342995,17343237
17343237,41.8718167668,-87.6742800449,1302745630.0,17343103,17343383
17343383,41.8717305006,-87.6739769132,1302745635.0,17343237,17343551
17343551,41.8716670537,-87.6737268312,1302745641.0,17343383,17343635
17343635,41.8716488278,-87.6734443991,1302745644.0,17343551,17343711
17343711,41.8716636202,-87.6731087189,1302745647.0,17343635,17343771
17343771,41.8716698349,-87.6728249004,1302745649.0,17343711,17343831
17343831,41.8716512346,-87.6724438628,1302745651.0,17343771,17343892
17343892,41.8716369609,-87.6720759138,1302745653.0,17343831,17343956
17343956,41.8716277595,-87.6717109318,1302745655.0,17343892,17344011
17344011,41.8716165598,-87.6713516665,1302745657.0,17343956,17344068
17344068,41.8716109947,-87.6709996883,1302745659.0,17344011,17344133
17344133,41.8716130011,-87.6706628075,1302745661.0,17344068,17344189
17344189,41.8716261669,-87.6703419749,1302745663.0,17344133,17344245
17344245,41.8716438762,-87.6700435834,1302745665.0,17344189,17344305
17344305,41.8716476542,-87.6697722504,1302745667.0,17344245,17344369
17344369,41.8716521557,-87.6695168279,1302745669.0,17344305,17344493
17344493,41.8716722029,-87.6692458072,1302745673.0,17344369,17344759
17344759,41.8714478154,-87.6691644619,1302745682.0,17344493,17344846
17344846,41.8711673043,-87.6691655015,1302745685.0,17344759,17344907
17344907,41.8709253446,-87.6691251089,1302745687.0,17344846,17344972
17344972,41.8706482987,-87.6690845188,1302745689.0,17344907,17345043
17345043,41.8703561125,-87.6690748534,1302745691.0,17344972,17345107
17345107,41.8700660836,-87.6690721952,1302745693.0,17345043,17345167
17345167,41.8698050418,-87.6690636883,1302745695.0,17345107,17345229
17345229,41.8695830434,-87.6690606296,1302745697.0,17345167,17345311
17345311,41.8693616972,-87.669061935,1302745700.0,17345229,17345529
17345529,41.8691436078,-87.669066659,1302745707.0,17345311,17345626
17345626,41.8689490254,-87.6690315924,1302745710.0,17345529,17345716
17345716,41.8686758966,-87.6690040593,1302745713.0,17345626,17345781
17345781,41.8684397964,-87.6690233702,1302745715.0,17345716,17345849
17345849,41.8681698236,-87.669039702,1302745717.0,17345781,17345916
17345916,41.8678818624,-87.6690275759,1302745719.0,17345849,17345976
17345976,41.8676189184,-87.6690046789,1302745721.0,17345916,17346042
17346042,41.8674089172,-87.6689772211,1302745723.0,17345976,17346170
17346170,41.8672098133,-87.668954728,1302745727.0,17346042,None
