35897771,41.8741249097,-87.6567775643,1303399716.0,None,35898312
35898312,41.8742310444,-87.6565477289,1303399731.0,35897771,35898411
35898411,41.8742276876,-87.6562809706,1303399734.0,35898312,35898513
35898513,41.874230826,-87.6559868997,1303399737.0,35898411,35898989
35898989,41.8742395482,-87.6557378159,1303399750.0,35898513,35899108
35899108,41.8742481327,-87.6554338802,1303399754.0,35898989,35899213
35899213,41.8742557833,-87.6551108514,1303399757.0,35899108,35899288
35899288,41.8742604919,-87.6548568112,1303399759.0,35899213,35899362
35899362,41.8742654424,-87.6545738021,1303399761.0,35899288,35899435
35899435,41.8742713196,-87.6542717997,1303399763.0,35899362,35899507
35899507,41.8742768614,-87.6539567683,1303399765.0,35899435,35899577
35899577,41.874283899,-87.6536307118,1303399767.0,35899507,35899651
35899651,41.8742898942,-87.6533067567,1303399769.0,35899577,35899718
35899718,41.8742951513,-87.6529878,1303399771.0,35899651,35899787
35899787,41.8742976799,-87.6526878704,1303399773.0,35899718,35899854
35899854,41.8742979712,-87.6524389566,1303399775.0,35899787,35899962
35899962,41.8743002012,-87.6521717793,1303399778.0,35899854,35900070
35900070,41.8743062807,-87.6519287474,1303399781.0,35899962,35900172
35900172,41.8743203175,-87.6516296702,1303399784.0,35900070,35900269
35900269,41.8743386866,-87.6512685498,1303399787.0,35900172,35900337
35900337,41.8743401177,-87.6509996647,1303399789.0,35900269,35900408
35900408,41.8743373199,-87.6507218262,1303399791.0,35900337,35900484
35900484,41.8743353691,-87.6504529701,1303399793.0,35900408,35900555
35900555,41.8743354225,-87.6502029991,1303399795.0,35900484,35900663
35900663,41.8743424555,-87.649853988,1303399798.0,35900555,35900742
35900742,41.8743559174,-87.6496100702,1303399800.0,35900663,35900813
35900813,41.8743661672,-87.6493599012,1303399802.0,35900742,35900880
35900880,41.8743728367,-87.6490918634,1303399804.0,35900813,35900928
35900928,41.8743723156,-87.6488048644,1303399806.0,35900880,35900995
35900995,41.874365709,-87.6485119912,1303399808.0,35900928,35901064
35901064,41.8743494855,-87.6482200454,1303399810.0,35900995,35901131
35901131,41.8743257347,-87.6479353702,1303399812.0,35901064,35901210
35901210,41.8743007959,-87.6476684269,1303399814.0,35901131,35901322
35901322,41.8742659737,-87.6473764693,1303399817.0,35901210,35901465
35901465,41.874129053,-87.6471942174,1303399821.0,35901322,35901571
35901571,41.8739437586,-87.6471674043,1303399824.0,35901465,35901680
35901680,41.8737057429,-87.6471633254,1303399827.0,35901571,35901743
35901743,41.8735166601,-87.6471594302,1303399829.0,35901680,35901814
35901814,41.8733026895,-87.6471561292,1303399831.0,35901743,35901888
35901888,41.8730736714,-87.6471486336,1303399833.0,35901814,35901961
35901961,41.872842705,-87.6471413277,1303399835.0,35901888,35902035
35902035,41.8726167907,-87.6471344709,1303399837.0,35901961,35902108
35902108,41.8724139348,-87.6471375183,1303399839.0,35902035,35902213
35902213,41.8721988531,-87.6471306853,1303399842.0,35902108,35902808
35902808,41.8720125471,-87.6470731182,1303399859.0,35902213,35902913
35902913,41.8718265573,-87.6470453782,1303399862.0,35902808,35903023
35903023,41.871575629,-87.6470328276,1303399865.0,35902913,35903095
35903095,41.87138376,-87.6470285187,1303399867.0,35903023,35903169
35903169,41.8711747548,-87.6470244066,1303399869.0,35903095,35903242
35903242,41.8709587348,-87.647016094,1303399871.0,35903169,35903316
35903316,41.8706247474,-87.6469971831,1303399874.0,35903242,35903381
35903381,41.870412693,-87.6469809037,1303399876.0,35903316,35903454
35903454,41.8702277681,-87.6469523205,1303399878.0,35903381,35903562
35903562,41.8700018594,-87.6469285548,1303399881.0,35903454,35903741
35903741,41.8698085785,-87.6469329624,1303399886.0,35903562,35903928
35903928,41.8695968497,-87.6468668544,1303399891.0,35903741,35904070
35904070,41.8695396583,-87.6465850247,1303399895.0,35903928,35904181
35904181,41.8695637723,-87.6462621298,1303399899.0,35904070,35904599
35904599,41.8695811821,-87.6459751158,1303399911.0,35904181,35904735
35904735,41.8695998221,-87.6456900921,1303399915.0,35904599,35904831
35904831,41.8696191479,-87.6453980247,1303399918.0,35904735,35904942
35904942,41.8696299956,-87.6450950251,1303399921.0,35904831,35905047
35905047,41.8696276268,-87.6447810315,1303399924.0,35904942,35905153
35905153,41.8696309463,-87.6444240792,1303399927.0,35905047,35905228
35905228,41.8696380178,-87.644172077,1303399929.0,35905153,35905301
35905301,41.869644105,-87.6439180827,1303399931.0,35905228,35905368
35905368,41.8696500325,-87.6436590558,1303399933.0,35905301,35905433
35905433,41.8696550106,-87.6433950292,1303399935.0,35905368,35905503
35905503,41.8696598796,-87.6431430391,1303399937.0,35905433,35905615
35905615,41.8696628685,-87.6428799874,1303399940.0,35905503,35905989
35905989,41.8696589862,-87.6425950267,1303399951.0,35905615,35906131
35906131,41.8696881251,-87.6423406839,1303399955.0,35905989,35906265
35906265,41.8698931956,-87.6421998459,1303399959.0,35906131,35906361
35906361,41.8701309716,-87.642207671,1303399962.0,35906265,35906418
35906418,41.8703139813,-87.6422203445,1303399964.0,35906361,35906456
35906456,41.8705109871,-87.6422357548,1303399966.0,35906418,35906523
35906523,41.8707199862,-87.6422475105,1303399968.0,35906456,35906585
35906585,41.8709309994,-87.6422627724,1303399970.0,35906523,35906650
35906650,41.8711460065,-87.6422771078,1303399972.0,35906585,35906706
35906706,41.8713580228,-87.6422924875,1303399974.0,35906650,35906779
35906779,41.8715510229,-87.6423041906,1303399976.0,35906706,35906863
35906863,41.8717409715,-87.6423158041,1303399979.0,35906779,35907483
35907483,41.8719435988,-87.6423140476,1303399999.0,35906863,35907627
35907627,41.8719897245,-87.6420213229,1303400003.0,35907483,35907723
35907723,41.8719856439,-87.6416869618,1303400006.0,35907627,35907829
35907829,41.8719757087,-87.6413529505,1303400009.0,35907723,35907966
35907966,41.8719645769,-87.6410767427,1303400013.0,35907829,35908288
35908288,41.8718557678,-87.6408727446,1303400022.0,35907966,35908410
35908410,41.8716559426,-87.6409088642,1303400026.0,35908288,35908582
35908582,41.8714680334,-87.6409127064,1303400031.0,35908410,35908763
35908763,41.8712440716,-87.6408837063,1303400036.0,35908582,35908870
35908870,41.8710210371,-87.6408688134,1303400039.0,35908763,35908975
35908975,41.8707589994,-87.6408451256,1303400042.0,35908870,35909077
35909077,41.8705009906,-87.6408197303,1303400045.0,35908975,35909183
35909183,41.870257999,-87.6408099519,1303400048.0,35909077,35909287
35909287,41.8700760204,-87.6408285756,1303400051.0,35909183,35909505
35909505,41.8698932606,-87.6408150852,1303400057.0,35909287,35909746
35909746,41.8697576369,-87.6409922971,1303400064.0,35909505,35909850
35909850,41.8697631211,-87.6412360104,1303400067.0,35909746,35909951
35909951,41.869758158,-87.6415320538,1303400070.0,35909850,35910090
35910090,41.8697521369,-87.6418199984,1303400074.0,35909951,35910341
35910341,41.8697540503,-87.6421120643,1303400081.0,35910090,35910446
35910446,41.8697490347,-87.6423815589,1303400084.0,35910341,35910557
35910557,41.8697372572,-87.6427100512,1303400087.0,35910446,35910585
35910585,41.8697321314,-87.6430170642,1303400090.0,35910557,35910609
35910609,41.8697270946,-87.6432760703,1303400095.0,35910585,35910710
35910710,41.8697221483,-87.6435580766,1303400108.0,35910609,35910740
35910740,41.8697231424,-87.6438030897,1303400111.0,35910710,35910804
35910804,41.8697222139,-87.6440621148,1303400117.0,35910740,35910863
35910863,41.8697142853,-87.6443661435,1303400122.0,35910804,35910899
35910899,41.8697103726,-87.6446710988,1303400125.0,35910863,35910939
35910939,41.8697071377,-87.6450340748,1303400128.0,35910899,35910965
35910965,41.8697058755,-87.6452880963,1303400130.0,35910939,35910992
35910992,41.8697036924,-87.6455471339,1303400132.0,35910965,35911021
35911021,41.869693197,-87.6458032172,1303400134.0,35910992,35911049
35911049,41.8696784323,-87.6460512096,1303400136.0,35911021,35911077
35911077,41.8696628472,-87.6463792544,1303400139.0,35911049,35911137
35911137,41.8696557575,-87.6466587478,1303400143.0,35911077,35911311
35911311,41.8696190215,-87.6469389547,1303400154.0,35911137,35911379
35911379,41.869433196,-87.6470514176,1303400158.0,35911311,35911433
35911433,41.8692069101,-87.6470487915,1303400161.0,35911379,35911466
35911466,41.8690268333,-87.6470411039,1303400163.0,35911433,35911501
35911501,41.8688268274,-87.6470377431,1303400165.0,35911466,35911537
35911537,41.8686298865,-87.6470298519,1303400167.0,35911501,35911575
35911575,41.868433878,-87.6470229966,1303400169.0,35911537,35911612
35911612,41.868234085,-87.6470133143,1303400171.0,35911575,35911647
35911647,41.868039169,-87.6469948647,1303400173.0,35911612,35911684
35911684,41.8678559383,-87.6469687125,1303400175.0,35911647,35911743
35911743,41.8676087645,-87.6469493227,1303400178.0,35911684,35911822
35911822,41.8674070503,-87.6469377444,1303400182.0,35911743,None
