86554754,41.8742995421,-87.6662399552,1302034340.0,None,86555325
86555325,41.8743279658,-87.6665359379,1302034357.0,86554754,86555429
86555429,41.8743230487,-87.6667978069,1302034360.0,86555325,86555533
86555533,41.8743466024,-87.6670888544,1302034363.0,86555429,86555640
86555640,41.8744181287,-87.6674099397,1302034366.0,86555533,86555749
86555749,41.8744522766,-87.6677449878,1302034369.0,86555640,86555825
86555825,41.8744424906,-87.6679910248,1302034371.0,86555749,86555898
86555898,41.874436317,-87.6682599449,1302034373.0,86555825,86555967
86555967,41.8744173566,-87.6685041265,1302034375.0,86555898,86556102
86556102,41.8743990855,-87.6687830758,1302034379.0,86555967,86557079
86557079,41.8742912802,-87.669009996,1302034406.0,86556102,86557215
86557215,41.8741207394,-87.6690971662,1302034410.0,86557079,86557355
86557355,41.8738849588,-87.6691151288,1302034414.0,86557215,86557469
86557469,41.8736369477,-87.6691090812,1302034417.0,86557355,86557585
86557585,41.8733888601,-87.6691034772,1302034420.0,86557469,86557696
86557696,41.8731948186,-87.6690812725,1302034423.0,86557585,86557900
86557900,41.8730027813,-87.6691529528,1302034429.0,86557696,86558047
86558047,41.8727620831,-87.6691972142,1302034433.0,86557900,86558131
86558131,41.8724990814,-87.6691756015,1302034436.0,86558047,86558156
86558156,41.8723078382,-87.6691587849,1302034438.0,86558131,86558267
86558267,41.8720629007,-87.6691462148,1302034441.0,86558156,86558401
86558401,41.8718547976,-87.6691267701,1302034445.0,86558267,86558656
86558656,41.8716391032,-87.6690942164,1302034453.0,86558401,86558747
86558747,41.8714470925,-87.669076122,1302034456.0,86558656,86558855
86558855,41.8711757747,-87.6690599731,1302034459.0,86558747,86558922
86558922,41.8709638513,-87.6690475761,1302034461.0,86558855,86558981
86558981,41.8707279965,-87.6690371888,1302034463.0,86558922,86559058
86559058,41.8704840439,-87.6690306143,1302034465.0,86558981,86559132
86559132,41.8702479517,-87.6690253039,1302034467.0,86559058,86559197
86559197,41.8700309364,-87.6690220153,1302034469.0,86559132,86559265
86559265,41.8698209303,-87.669022502,1302034471.0,86559197,86559336
86559336,41.8696350642,-87.6690242907,1302034473.0,86559265,86559444
86559444,41.8694445845,-87.6690190253,1302034476.0,86559336,86559721
86559721,41.8692538583,-87.6690910406,1302034484.0,86559444,86559856
86559856,41.8692389867,-87.6693899219,1302034488.0,86559721,86559967
86559967,41.8692246783,-87.6697269566,1302034491.0,86559856,86560080
86560080,41.869215553,-87.6700698969,1302034494.0,86559967,86560198
86560198,41.869217201,-87.6704130712,1302034497.0,86560080,86560297
86560297,41.8692280081,-87.6707509093,1302034500.0,86560198,86560398
86560398,41.8692333572,-87.6710229556,1302034503.0,86560297,86560902
86560902,41.8692495012,-87.671269315,1302034517.0,86560398,86561148
86561148,41.8692774997,-87.6715384625,1302034525.0,86560902,86561321
86561321,41.8692295372,-87.6718495592,1302034530.0,86561148,86561393
86561393,41.8692236026,-87.6721580083,1302034532.0,86561321,86561468
86561468,41.8692254292,-87.6724860714,1302034534.0,86561393,86561539
86561539,41.8692334332,-87.6727700298,1302034536.0,86561468,86561633
86561633,41.8692469169,-87.6730953473,1302034539.0,86561539,86561722
86561722,41.8692710733,-87.6733455118,1302034542.0,86561633,86562165
86562165,41.8692857092,-87.6736089485,1302034554.0,86561722,86562268
86562268,41.869263485,-87.6738525824,1302034557.0,86562165,86562365
86562365,41.8692464008,-87.6741198395,1302034560.0,86562268,86562475
86562475,41.8692393952,-87.6744349444,1302034563.0,86562365,86562587
86562587,41.8692353094,-87.6747699707,1302034566.0,86562475,86562697
86562697,41.8692348099,-87.675113011,1302034569.0,86562587,86562807
86562807,41.8692394381,-87.6754523715,1302034572.0,86562697,86562908
86562908,41.8692482887,-87.6757352432,1302034575.0,86562807,86563071
86563071,41.8692420727,-87.6759796496,1302034580.0,86562908,86563747
86563747,41.8693520994,-87.676182778,1302034599.0,86563071,86563858
86563858,41.8695530953,-87.676184695,1302034602.0,86563747,86563969
86563969,41.8698220031,-87.6761815093,1302034605.0,86563858,86564068
86564068,41.8700670802,-87.6762119148,1302034608.0,86563969,86564167
86564167,41.8702850828,-87.6762176762,1302034611.0,86564068,86564271
86564271,41.8705221018,-87.6762304166,1302034614.0,86564167,86564373
86564373,41.8707719678,-87.6762394133,1302034617.0,86564271,86564485
86564485,41.8710330131,-87.6762563971,1302034620.0,86564373,86564599
86564599,41.8712529352,-87.6762626718,1302034623.0,86564485,86564769
86564769,41.8714573581,-87.6761990529,1302034628.0,86564599,86564938
86564938,41.8714690844,-87.6758839337,1302034633.0,86564769,86565028
86565028,41.871468328,-87.6755739439,1302034636.0,86564938,86565138
86565138,41.8714686262,-87.6753129732,1302034639.0,86565028,86565957
86565957,41.8714770385,-87.6750501988,1302034662.0,86565138,86566095
86566095,41.8714967295,-87.6747112682,1302034666.0,86565957,86566200
86566200,41.8715087026,-87.6743731072,1302034669.0,86566095,86566301
86566301,41.8715188715,-87.6740872491,1302034672.0,86566200,86566518
86566518,41.871517996,-87.673812968,1302034678.0,86566301,86566664
86566664,41.8715175656,-87.6735172869,1302034682.0,86566518,86567561
86567561,41.8715124882,-87.6732703612,1302034708.0,86566664,86567707
86567707,41.8715275033,-87.6729470266,1302034712.0,86567561,86567814
86567814,41.8715334358,-87.672640002,1302034715.0,86567707,86567920
86567920,41.8715411193,-87.6723358892,1302034718.0,86567814,86568022
86568022,41.8715423546,-87.6720549992,1302034721.0,86567920,86568160
86568160,41.8715380861,-87.6717396107,1302034725.0,86568022,86568270
86568270,41.8715383693,-87.6714958292,1302034728.0,86568160,86568380
86568380,41.8715598584,-87.6712087389,1302034731.0,86568270,86568490
86568490,41.8715731596,-87.6708858289,1302034734.0,86568380,86568525
86568525,41.8715821146,-87.6705689131,1302034737.0,86568490,86568620
86568620,41.871567508,-87.6702697977,1302034740.0,86568525,86568713
86568713,41.8715701009,-87.669961792,1302034743.0,86568620,86568816
86568816,41.8715969825,-87.6696558061,1302034746.0,86568713,86568915
86568915,41.8716071613,-87.6694066419,1302034749.0,86568816,86569140
86569140,41.8716198246,-87.6691312412,1302034756.0,86568915,86569340
86569340,41.8718288541,-87.6690003048,1302034762.0,86569140,86569454
86569454,41.872056061,-87.6690123657,1302034765.0,86569340,86569550
86569550,41.8723228999,-87.6690253102,1302034768.0,86569454,86569639
86569639,41.8725731132,-87.6690257585,1302034771.0,86569550,86569767
86569767,41.872775176,-87.6689884605,1302034775.0,86569639,86569971
86569971,41.8730210792,-87.6690223397,1302034781.0,86569767,86570078
86570078,41.8732780449,-87.6690365021,1302034784.0,86569971,86570145
86570145,41.8734640704,-87.6690501593,1302034786.0,86570078,86570203
86570203,41.8736439584,-87.6690618597,1302034788.0,86570145,86570299
86570299,41.8738719622,-87.6690894118,1302034791.0,86570203,86570500
86570500,41.8740678776,-87.6691123901,1302034797.0,86570299,86571033
86571033,41.8741893208,-87.6688783541,1302034813.0,86570500,86571129
86571129,41.8741998156,-87.6686109873,1302034816.0,86571033,86571224
86571224,41.8741624978,-87.6683281036,1302034819.0,86571129,86571328
86571328,41.8741135477,-87.6680787742,1302034822.0,86571224,86571466
86571466,41.8740787469,-87.6677987803,1302034826.0,86571328,86571595
86571595,41.874116471,-87.6675446469,1302034830.0,86571466,86572037
86572037,41.8739886674,-87.6673408524,1302034843.0,86571595,86572161
86572161,41.873992629,-87.6670840305,1302034847.0,86572037,86572256
86572256,41.8740036665,-87.666818974,1302034850.0,86572161,86572365
86572365,41.8740553516,-87.6663766186,1302034854.0,86572256,86572435
86572435,41.8740713636,-87.6661030512,1302034856.0,86572365,86572504
86572504,41.8740894337,-87.665815951,1302034858.0,86572435,86572571
86572571,41.8741043999,-87.6655219686,1302034860.0,86572504,86572627
86572627,41.8741193643,-87.6652248985,1302034862.0,86572571,86572699
86572699,41.8741281382,-87.6649328825,1302034864.0,86572627,86572766
86572766,41.8741325839,-87.6646509074,1302034866.0,86572699,86572829
86572829,41.8741366143,-87.664378933,1302034868.0,86572766,86572896
86572896,41.8741378096,-87.6641069697,1302034870.0,86572829,86572957
86572957,41.8741370743,-87.6638390151,1302034872.0,86572896,86573023
86573023,41.8741355182,-87.6635730198,1302034874.0,86572957,86573093
86573093,41.8741376433,-87.6633140029,1302034876.0,86573023,86573158
86573158,41.8741408704,-87.6630679345,1302034878.0,86573093,86573257
86573257,41.8741510349,-87.6627278384,1302034881.0,86573158,86573367
86573367,41.874160985,-87.6624498049,1302034884.0,86573257,86573465
86573465,41.8741694312,-87.662170801,1302034887.0,86573367,86573567
86573567,41.8741806229,-87.6618367457,1302034890.0,86573465,86573631
86573631,41.8741870216,-87.6615907547,1302034892.0,86573567,86573697
86573697,41.8741928144,-87.6613297317,1302034894.0,86573631,86573764
86573764,41.8741949864,-87.6610547479,1302034896.0,86573697,86573833
86573833,41.8742007941,-87.6607667637,1302034898.0,86573764,86573900
86573900,41.8742067223,-87.6604707963,1302034900.0,86573833,86573966
86573966,41.8742143313,-87.6601738068,1302034902.0,86573900,86574038
86574038,41.8742165495,-87.6598778182,1302034904.0,86573966,86574109
86574109,41.8742194972,-87.6595838022,1302034906.0,86574038,86574176
86574176,41.8742207449,-87.659287779,1302034908.0,86574109,86574238
86574238,41.8742212718,-87.6589938014,1302034910.0,86574176,86574301
86574301,41.8742215842,-87.6587148066,1302034912.0,86574238,86574366
86574366,41.8742219642,-87.6584548154,1302034914.0,86574301,86574428
86574428,41.8742199928,-87.6581938133,1302034916.0,86574366,86574492
86574492,41.8742136497,-87.6579418954,1302034918.0,86574428,86574578
86574578,41.8742126101,-87.6576659812,1302034921.0,86574492,86574856
86574856,41.8742428367,-87.6574049649,1302034929.0,86574578,None
