39013586,41.8741076966,-87.6566895951,1303656809.0,None,39013854
39013854,41.8742237075,-87.6564729725,1303656837.0,39013586,39013912
39013912,41.8742160521,-87.6561510971,1303656841.0,39013854,39013956
39013956,41.8742181832,-87.6558701113,1303656844.0,39013912,39014006
39014006,41.8742245192,-87.6555702858,1303656847.0,39013956,39014058
39014058,41.8742332861,-87.6552542801,1303656850.0,39014006,39014113
39014113,41.8742405454,-87.6549302525,1303656853.0,39014058,39014170
39014170,41.8742459013,-87.6546072308,1303656856.0,39014113,39014223
39014223,41.8742483706,-87.6542711971,1303656859.0,39014170,39014276
39014276,41.8742587804,-87.6539381833,1303656862.0,39014223,39014334
39014334,41.8742653729,-87.6536211949,1303656865.0,39014276,39014394
39014394,41.8742719975,-87.6533122387,1303656868.0,39014334,39014454
39014454,41.8742751086,-87.6530261888,1303656871.0,39014394,39014518
39014518,41.8742788224,-87.6527590986,1303656874.0,39014454,39014607
39014607,41.87428249,-87.6524470557,1303656878.0,39014518,39014692
39014692,41.8742879986,-87.6521781009,1303656882.0,39014607,39014785
39014785,41.8743000405,-87.6518580223,1303656886.0,39014692,39014859
39014859,41.8743070843,-87.6515881203,1303656889.0,39014785,39014930
39014930,41.8743162714,-87.6513020673,1303656892.0,39014859,39015002
39015002,41.8743212924,-87.651002063,1303656895.0,39014930,39015076
39015076,41.8743246337,-87.6506920835,1303656898.0,39015002,39015152
39015152,41.8743263358,-87.650382111,1303656901.0,39015076,39015230
39015230,41.8743303177,-87.6500701468,1303656904.0,39015152,39015310
39015310,41.8743344805,-87.6497644206,1303656907.0,39015230,39015390
39015390,41.8743367274,-87.6494533929,1303656910.0,39015310,39015468
39015468,41.8743384856,-87.6491313575,1303656913.0,39015390,39015547
39015547,41.8743419021,-87.6488002879,1303656916.0,39015468,39015620
39015620,41.8743446026,-87.6484736806,1303656919.0,39015547,39015702
39015702,41.8743243095,-87.6481496875,1303656922.0,39015620,39015760
39015760,41.8742921891,-87.6478455402,1303656925.0,39015702,39015854
39015854,41.8742690929,-87.6475727209,1303656928.0,39015760,39015968
39015968,41.8741961999,-87.6472739497,1303656932.0,39015854,39016075
39016075,41.8739720127,-87.6471861103,1303656936.0,39015968,39016161
39016161,41.8737707897,-87.6471764363,1303656939.0,39016075,39016258
39016258,41.8735467457,-87.6471718434,1303656942.0,39016161,39016353
39016353,41.8733117608,-87.6471653342,1303656945.0,39016258,39016445
39016445,41.8730627866,-87.6471596162,1303656948.0,39016353,39016536
39016536,41.8728216996,-87.6471397433,1303656951.0,39016445,39016615
39016615,41.8725826992,-87.647114683,1303656954.0,39016536,39016624
39016624,41.8723226306,-87.6471022978,1303656957.0,39016615,39016638
39016638,41.8720526394,-87.6470898978,1303656960.0,39016624,39016650
39016650,41.8718645531,-87.6470803662,1303656962.0,39016638,39016663
39016663,41.8716735829,-87.6470727363,1303656964.0,39016650,39016677
39016677,41.8714857522,-87.6470661089,1303656966.0,39016663,39016693
39016693,41.8712978108,-87.6470607152,1303656968.0,39016677,39016709
39016709,41.8711137582,-87.6470582531,1303656970.0,39016693,39016736
39016736,41.8708487451,-87.6470501279,1303656973.0,39016709,39016765
39016765,41.8705947724,-87.6470472473,1303656976.0,39016736,39016795
39016795,41.8703508667,-87.6470424839,1303656979.0,39016765,39016828
39016828,41.8701358983,-87.647035468,1303656982.0,39016795,39016862
39016862,41.8699539431,-87.6470335716,1303656985.0,39016828,39016935
39016935,41.869770252,-87.647018721,1303656991.0,39016862,39017143
39017143,41.8695336505,-87.6470140981,1303657006.0,39016935,39017188
39017188,41.8693307233,-87.6470125662,1303657009.0,39017143,39017233
39017233,41.8691037638,-87.6470050267,1303657012.0,39017188,39017265
39017265,41.8688617353,-87.6469932164,1303657015.0,39017233,39017318
39017318,41.8686207358,-87.6469852348,1303657018.0,39017265,39017365
39017365,41.8683758621,-87.646978094,1303657021.0,39017318,39017415
39017415,41.8681271044,-87.6469703509,1303657024.0,39017365,39017469
39017469,41.8678809564,-87.6469646315,1303657027.0,39017415,39017520
39017520,41.8676537842,-87.6469363216,1303657030.0,39017469,39017573
39017573,41.8674638879,-87.6469073558,1303657033.0,39017520,39017721
39017721,41.8672639716,-87.6468926016,1303657041.0,39017573,39017792
39017792,41.867061843,-87.6468873076,1303657045.0,39017721,39017850
39017850,41.8668488074,-87.6468765391,1303657048.0,39017792,39017913
39017913,41.8666048377,-87.6468563999,1303657051.0,39017850,39017952
39017952,41.8664238271,-87.6468434881,1303657053.0,39017913,39017987
39017987,41.866225896,-87.6468352605,1303657055.0,39017952,39018026
39018026,41.8660290607,-87.6468249027,1303657057.0,39017987,39018069
39018069,41.8658449882,-87.6468192891,1303657059.0,39018026,39018126
39018126,41.865585706,-87.6468224975,1303657062.0,39018069,39018179
39018179,41.8653429143,-87.6468130179,1303657065.0,39018126,39018244
39018244,41.8651398375,-87.6468010782,1303657068.0,39018179,39018356
39018356,41.8649267786,-87.6467951232,1303657073.0,39018244,39018440
39018440,41.8646978834,-87.6467837235,1303657077.0,39018356,39018504
39018504,41.8644948708,-87.6467623719,1303657080.0,39018440,39018565
39018565,41.8642959196,-87.646756101,1303657083.0,39018504,39018592
39018592,41.8641158789,-87.6467480913,1303657086.0,39018565,39018650
39018650,41.8639228658,-87.6467506044,1303657089.0,39018592,39018709
39018709,41.8637219036,-87.6467372427,1303657092.0,39018650,39018773
39018773,41.8635149048,-87.6467354807,1303657095.0,39018709,39018842
39018842,41.8633139053,-87.6467263927,1303657098.0,39018773,39018914
39018914,41.8631188829,-87.6467100293,1303657101.0,39018842,39018985
39018985,41.8629089076,-87.6466942423,1303657104.0,39018914,39019059
39019059,41.8626869375,-87.6466957993,1303657107.0,39018985,39019130
39019130,41.8625053345,-87.6467007385,1303657110.0,39019059,39019330
39019330,41.8623175266,-87.646800342,1303657118.0,39019130,39019432
39019432,41.8623065979,-87.6471099786,1303657122.0,39019330,39019507
39019507,41.8623097764,-87.64738394,1303657125.0,39019432,39019582
39019582,41.8623087236,-87.6476830893,1303657128.0,39019507,39019651
39019651,41.8623048532,-87.6479841419,1303657131.0,39019582,39019737
39019737,41.8623000523,-87.6482671476,1303657134.0,39019651,39019821
39019821,41.8622981413,-87.6485101261,1303657137.0,39019737,39019967
39019967,41.8623009429,-87.648782051,1303657143.0,39019821,39020077
39020077,41.8622981649,-87.6490890995,1303657147.0,39019967,39020161
39020161,41.8622950008,-87.6493730652,1303657150.0,39020077,39020242
39020242,41.8622929831,-87.6496900982,1303657153.0,39020161,39020322
39020322,41.8622898779,-87.6500000924,1303657156.0,39020242,39020404
39020404,41.8622876298,-87.650296117,1303657159.0,39020322,39020461
39020461,41.8622878025,-87.6505570959,1303657162.0,39020404,39020644
39020644,41.8623048627,-87.6508114392,1303657168.0,39020461,39020761
39020761,41.8624797641,-87.6508859973,1303657172.0,39020644,39020840
39020840,41.8626760859,-87.6508832036,1303657175.0,39020761,39020923
39020923,41.8629100301,-87.6508901109,1303657178.0,39020840,39021011
39021011,41.8631330459,-87.6509007916,1303657181.0,39020923,39021101
39021101,41.8633199724,-87.6509104089,1303657184.0,39021011,39021281
39021281,41.8635168249,-87.6508722011,1303657190.0,39021101,39021424
39021424,41.8635389669,-87.6505826861,1303657195.0,39021281,39021548
39021548,41.8635211066,-87.6502869541,1303657199.0,39021424,39021657
39021657,41.8635304986,-87.6500271765,1303657203.0,39021548,39021820
39021820,41.8637250117,-87.6498829964,1303657208.0,39021657,39021976
39021976,41.8638638071,-87.6500670651,1303657213.0,39021820,39022090
39022090,41.8638777094,-87.6503379168,1303657218.0,39021976,None
