9473220,41.8696538635,-87.6749599245,1301972770.0,None,9473314
9473314,41.869621731,-87.6752149136,1301972775.0,9473220,9473370
9473370,41.8695979918,-87.675586023,1301972778.0,9473314,9473407
9473407,41.869573802,-87.6759080385,1301972780.0,9473370,9473445
9473445,41.8695568248,-87.6762914885,1301972782.0,9473407,9473486
9473486,41.8695469321,-87.6767019939,1301972784.0,9473445,9473526
9473526,41.869539879,-87.6771399796,1301972786.0,9473486,9473565
9473565,41.8695329071,-87.6775989914,1301972788.0,9473526,9473585
9473585,41.8695269293,-87.6780629982,1301972790.0,9473565,9473627
9473627,41.8695139033,-87.6785089975,1301972792.0,9473585,9473671
9473671,41.8695058917,-87.6789269975,1301972794.0,9473627,9473712
9473712,41.869497871,-87.6792890003,1301972796.0,9473671,9473751
9473751,41.8694868123,-87.6795820028,1301972798.0,9473712,9473810
9473810,41.8694817955,-87.6798829969,1301972801.0,9473751,9474336
9474336,41.8694437166,-87.6801379787,1301972827.0,9473810,9474409
9474409,41.8694157871,-87.680454961,1301972831.0,9474336,9474452
9474452,41.869411847,-87.6806969518,1301972833.0,9474409,9474495
9474495,41.8693898016,-87.681025981,1301972835.0,9474452,9474541
9474541,41.8693718043,-87.6813769867,1301972837.0,9474495,9474585
9474585,41.8693538351,-87.681746988,1301972839.0,9474541,9474627
9474627,41.8693368947,-87.682122991,1301972841.0,9474585,9474677
9474677,41.8693279,-87.682469996,1301972843.0,9474627,9474728
9474728,41.8693109586,-87.6827719975,1301972845.0,9474677,9474799
9474799,41.86930396,-87.6831049992,1301972848.0,9474728,9475353
9475353,41.8692830186,-87.6833560031,1301972871.0,9474799,9475492
9475492,41.8692539824,-87.6836630168,1301972876.0,9475353,9475541
9475541,41.8692458107,-87.6839130256,1301972878.0,9475492,9475591
9475591,41.8692465731,-87.6841880637,1301972880.0,9475541,9475644
9475644,41.8692456372,-87.6844309949,1301972882.0,9475591,9475729
9475729,41.869250668,-87.6847109811,1301972886.0,9475644,9475839
9475839,41.8692064322,-87.684948058,1301972890.0,9475729,9475922
9475922,41.8691693811,-87.6852740415,1301972893.0,9475839,9475974
9475974,41.8691392878,-87.6855850861,1301972896.0,9475922,9476426
9476426,41.8690985885,-87.6858360192,1301972922.0,9475974,9476467
9476467,41.8692046669,-87.6860451077,1301972927.0,9476426,9476494
9476494,41.8694210391,-87.6860447963,1301972930.0,9476467,9476514
9476514,41.8696108964,-87.6860496256,1301972932.0,9476494,9476534
9476534,41.869824898,-87.686058727,1301972934.0,9476514,9476555
9476555,41.8700669274,-87.6860770097,1301972936.0,9476534,9476577
9476577,41.8703370241,-87.6860916507,1301972938.0,9476555,9476599
9476599,41.8706170773,-87.68610587,1301972940.0,9476577,9476623
9476623,41.8708951958,-87.686117761,1301972942.0,9476599,9476647
9476647,41.8711652983,-87.6861391031,1301972944.0,9476623,9476671
9476671,41.8714403217,-87.6861574895,1301972946.0,9476647,9476697
9476697,41.8717283077,-87.6861764998,1301972948.0,9476671,9476723
9476723,41.8720282444,-87.6861954388,1301972950.0,9476697,9476749
9476749,41.8723321857,-87.6862121288,1301972952.0,9476723,9476777
9476777,41.8726171868,-87.6862282514,1301972954.0,9476749,9476805
9476805,41.872890177,-87.686242779,1301972956.0,9476777,9476833
9476833,41.8731331827,-87.6862500333,1301972958.0,9476805,9476862
9476862,41.8733421716,-87.6862585611,1301972960.0,9476833,9476902
9476902,41.8735560947,-87.686259753,1301972963.0,9476862,9476980
9476980,41.8737694171,-87.6862976387,1301972968.0,9476902,9477058
9477058,41.8739468784,-87.6861867831,1301972973.0,9476980,9477126
9477126,41.8739596468,-87.6858527567,1301972977.0,9477058,9477158
9477158,41.8739570764,-87.6855977008,1301972979.0,9477126,9477192
9477192,41.8739622188,-87.6852856792,1301972981.0,9477158,9477227
9477227,41.8739564802,-87.684951813,1301972983.0,9477192,9477264
9477264,41.8739598523,-87.6846388224,1301972985.0,9477227,9477299
9477299,41.8739648412,-87.6843619096,1301972987.0,9477264,9477351
9477351,41.8739611751,-87.6840907707,1301972990.0,9477299,9477638
9477638,41.8739577771,-87.6838018091,1301973005.0,9477351,9477695
9477695,41.8739631563,-87.6834698405,1301973008.0,9477638,9477733
9477733,41.8739681395,-87.6831748416,1301973010.0,9477695,9477771
9477771,41.8739764176,-87.6828398525,1301973012.0,9477733,9477813
9477813,41.8739820762,-87.6824838743,1301973014.0,9477771,9477859
9477859,41.8739849493,-87.6821359266,1301973016.0,9477813,9477894
9477894,41.87399346,-87.6818348678,1301973018.0,9477859,9477965
9477965,41.8739985599,-87.6815817185,1301973022.0,9477894,9478100
9478100,41.8740041284,-87.681268673,1301973028.0,9477965,9478142
9478142,41.8740092085,-87.6810267839,1301973030.0,9478100,9478183
9478183,41.8740178388,-87.6807277618,1301973032.0,9478142,9478226
9478226,41.8740230953,-87.6803798342,1301973034.0,9478183,9478272
9478272,41.8740284034,-87.679992853,1301973036.0,9478226,9478318
9478318,41.8740334765,-87.6795808806,1301973038.0,9478272,9478354
9478354,41.8740394385,-87.6791638465,1301973040.0,9478318,9478402
9478402,41.8740417226,-87.6787488132,1301973042.0,9478354,9478449
9478449,41.874046794,-87.6783368534,1301973044.0,9478402,9478496
9478496,41.8740536464,-87.6779418332,1301973046.0,9478449,9478520
9478520,41.8740610074,-87.6775858999,1301973048.0,9478496,9478558
9478558,41.8740652766,-87.6772751405,1301973050.0,9478520,9478587
9478587,41.8740545215,-87.6770225594,1301973052.0,9478558,9478668
9478668,41.8740423605,-87.6767797891,1301973056.0,9478587,9478792
9478792,41.8738922729,-87.6765872171,1301973062.0,9478668,9478873
9478873,41.8736116663,-87.6765359619,1301973065.0,9478792,9478924
9478924,41.8733984648,-87.67650646,1301973067.0,9478873,9478971
9478971,41.8732164421,-87.6764893158,1301973069.0,9478924,9479129
9479129,41.8730183299,-87.6764799696,1301973076.0,9478971,9479234
9479234,41.8727763137,-87.6764582462,1301973080.0,9479129,9479283
9479283,41.8725802868,-87.6764505739,1301973082.0,9479234,9479333
9479333,41.8723514171,-87.676442166,1301973084.0,9479283,9479385
9479385,41.8721026714,-87.6764122095,1301973086.0,9479333,9479433
9479433,41.87186045,-87.6763837195,1301973088.0,9479385,9479484
9479484,41.8716706571,-87.676375403,1301973090.0,9479433,9479584
9479584,41.8714834797,-87.6762546293,1301973094.0,9479484,9479663
9479663,41.8714664876,-87.6760013571,1301973097.0,9479584,9479744
9479744,41.8714710187,-87.6756259131,1301973100.0,9479663,9479799
9479799,41.871476885,-87.675348965,1301973102.0,9479744,9479852
9479852,41.8714876124,-87.6750815325,1301973104.0,9479799,9479905
9479905,41.8714945516,-87.6748260638,1301973106.0,9479852,9479959
9479959,41.8715041845,-87.6745701401,1301973108.0,9479905,9480016
9480016,41.871514496,-87.6743160737,1301973110.0,9479959,9480098
9480098,41.8715199908,-87.6739953334,1301973113.0,9480016,9480207
9480207,41.8715200538,-87.6737001724,1301973117.0,9480098,9480312
9480312,41.8715279769,-87.6733441701,1301973121.0,9480207,9480368
9480368,41.8715445627,-87.6730679918,1301973123.0,9480312,9480424
9480424,41.8715526614,-87.6727608262,1301973125.0,9480368,9480481
9480481,41.8715565321,-87.6724428544,1301973127.0,9480424,9480538
9480538,41.871561113,-87.6721288378,1301973129.0,9480481,9480585
9480585,41.8715626796,-87.6718228267,1301973131.0,9480538,9480634
9480634,41.8715609253,-87.6715216696,1301973133.0,9480585,9480696
9480696,41.8715687849,-87.6712337036,1301973135.0,9480634,9480758
9480758,41.871572937,-87.6709558066,1301973137.0,9480696,9480813
9480813,41.8715847778,-87.6706878239,1301973139.0,9480758,9480868
9480868,41.871590596,-87.6704268814,1301973141.0,9480813,9480924
9480924,41.8715972615,-87.6701677288,1301973143.0,9480868,9480976
9480976,41.8716011166,-87.6698974124,1301973145.0,9480924,9481030
9481030,41.8716037464,-87.6696288298,1301973147.0,9480976,9481119
9481119,41.8716017834,-87.6693195496,1301973150.0,9481030,9481307
9481307,41.8714973057,-87.6691137483,1301973156.0,9481119,9481394
9481394,41.8713059343,-87.6690839753,1301973159.0,9481307,9481483
9481483,41.8710270803,-87.6690733565,1301973162.0,9481394,9481540
9481540,41.8708201905,-87.6690635869,1301973164.0,9481483,9481603
9481603,41.8706192273,-87.6690589886,1301973166.0,9481540,9481664
9481664,41.8704041096,-87.669054814,1301973168.0,9481603,9481725
9481725,41.87017802,-87.6690469945,1301973170.0,9481664,9481784
9481784,41.8699609861,-87.6690401473,1301973172.0,9481725,9481839
9481839,41.8697559464,-87.6690311498,1301973174.0,9481784,9481897
9481897,41.8695689176,-87.6690209859,1301973176.0,9481839,9481995
9481995,41.869373764,-87.6690090963,1301973179.0,9481897,9482218
9482218,41.8691787988,-87.6690099454,1301973187.0,9481995,9482316
9482316,41.8689299194,-87.6689914572,1301973190.0,9482218,9482382
9482382,41.8687089173,-87.6689789202,1301973192.0,9482316,9482452
9482452,41.8684458953,-87.668981078,1301973194.0,9482382,9482515
9482515,41.8681589055,-87.6689747018,1301973196.0,9482452,9482576
9482576,41.8678658888,-87.6689668544,1301973198.0,9482515,9482639
9482639,41.8675969227,-87.6689613182,1301973200.0,9482576,9482700
9482700,41.8673698857,-87.6689630519,1301973202.0,9482639,9482797
9482797,41.8671612902,-87.6689674433,1301973205.0,9482700,None
