21481122,41.869411684,-87.6752920315,1303265413.0,None,21481492
21481492,41.8693289775,-87.6755698131,1303265431.0,21481122,21481581
21481581,41.8692902825,-87.6758498076,1303265435.0,21481492,21481626
21481626,41.869276066,-87.6761747714,1303265438.0,21481581,21481652
21481652,41.8692618625,-87.6764617804,1303265440.0,21481626,21481694
21481694,41.8692404641,-87.6768048277,1303265442.0,21481652,21481724
21481724,41.8692262271,-87.6772759179,1303265445.0,21481694,21481764
21481764,41.869226385,-87.6775649213,1303265447.0,21481724,21481800
21481800,41.8692224789,-87.6778559277,1303265449.0,21481764,21481837
21481837,41.8692195503,-87.6781629237,1303265451.0,21481800,21481872
21481872,41.8692186465,-87.6784709067,1303265453.0,21481837,21481907
21481907,41.8692135386,-87.67875985,1303265455.0,21481872,21481951
21481951,41.8692126185,-87.6790239166,1303265457.0,21481907,21482001
21482001,41.8692075101,-87.6792869425,1303265459.0,21481951,21482051
21482051,41.8692074788,-87.6795429233,1303265461.0,21482001,21482115
21482115,41.8692011589,-87.6798738724,1303265464.0,21482051,21482184
21482184,41.8691990097,-87.6801179099,1303265467.0,21482115,21482524
21482524,41.8691552727,-87.6803569872,1303265481.0,21482184,21482820
21482820,41.8691440537,-87.6806020152,1303265493.0,21482524,21482900
21482900,41.8691478634,-87.6808858416,1303265496.0,21482820,21482941
21482941,41.8691466533,-87.6811766327,1303265499.0,21482900,21483015
21483015,41.8691387629,-87.6814885459,1303265502.0,21482941,21483070
21483070,41.8691290455,-87.681812584,1303265505.0,21483015,21483147
21483147,41.8691220597,-87.6821106611,1303265508.0,21483070,21483231
21483231,41.8691081238,-87.6823857162,1303265511.0,21483147,21483309
21483309,41.86909699,-87.6826847371,1303265514.0,21483231,21483381
21483381,41.8690852569,-87.6829738414,1303265517.0,21483309,21483489
21483489,41.8690852137,-87.6832489806,1303265521.0,21483381,21484261
21484261,41.8690437405,-87.6834921465,1303265549.0,21483489,21484577
21484577,41.8690527044,-87.6837619353,1303265560.0,21484261,21484690
21484690,41.8690542377,-87.684033635,1303265564.0,21484577,21484784
21484784,41.8690642401,-87.6842967954,1303265567.0,21484690,21484915
21484915,41.8690926806,-87.6845907023,1303265571.0,21484784,21485115
21485115,41.8691409472,-87.6848610643,1303265578.0,21484915,21485209
21485209,41.8691509554,-87.6851501041,1303265581.0,21485115,21485298
21485298,41.8691821337,-87.6854140477,1303265584.0,21485209,21486033
21486033,41.8693689811,-87.6854280485,1303265608.0,21485298,21486679
21486679,41.8695480277,-87.6853869933,1303265628.0,21486033,21486881
21486881,41.8697289668,-87.6855220607,1303265634.0,21486679,21487017
21487017,41.8699219976,-87.6855590245,1303265638.0,21486881,21487117
21487117,41.8701479997,-87.6855580071,1303265641.0,21487017,21487181
21487181,41.870339,-87.6855650056,1303265643.0,21487117,21487244
21487244,41.8705529999,-87.6855810098,1303265645.0,21487181,21487312
21487312,41.8707809998,-87.6855940128,1303265647.0,21487244,21487379
21487379,41.8709879997,-87.6856040142,1303265649.0,21487312,21487449
21487449,41.871168998,-87.6856240135,1303265651.0,21487379,21487553
21487553,41.8714139998,-87.6856380015,1303265654.0,21487449,21487658
21487658,41.871599,-87.6856490002,1303265657.0,21487553,21488484
21488484,41.871657994,-87.6859072527,1303265681.0,21487658,21488658
21488658,41.871830884,-87.6860075164,1303265686.0,21488484,21488809
21488809,41.8720759335,-87.6860032242,1303265690.0,21488658,21488878
21488878,41.8722689534,-87.6860049012,1303265692.0,21488809,21488948
21488948,41.8724809602,-87.6860099726,1303265694.0,21488878,21489018
21489018,41.8727009579,-87.6860171442,1303265696.0,21488948,21489095
21489095,41.8729109041,-87.6860514686,1303265698.0,21489018,21489167
21489167,41.873096846,-87.6861140636,1303265700.0,21489095,21489225
21489225,41.8732968714,-87.6861486075,1303265702.0,21489167,21489329
21489329,41.873520955,-87.6861745746,1303265705.0,21489225,21489485
21489485,41.8737269028,-87.6861796376,1303265709.0,21489329,21489955
21489955,41.8738647676,-87.685971832,1303265722.0,21489485,21490062
21490062,41.8738719017,-87.6857200712,1303265725.0,21489955,21490171
21490171,41.873890633,-87.685368187,1303265728.0,21490062,21490240
21490240,41.8739054474,-87.6851021055,1303265730.0,21490171,21490317
21490317,41.8739183931,-87.6848370375,1303265732.0,21490240,21490395
21490395,41.8739265735,-87.6845779938,1303265734.0,21490317,21490503
21490503,41.8739373948,-87.6842228971,1303265737.0,21490395,21490608
21490608,41.8739450012,-87.6838558486,1303265740.0,21490503,21490684
21490684,41.8739489646,-87.6835748192,1303265742.0,21490608,21490758
21490758,41.8739528235,-87.6832749102,1303265744.0,21490684,21490821
21490821,41.8739537209,-87.6829669439,1303265746.0,21490758,21490892
21490892,41.8739562317,-87.6826549606,1303265748.0,21490821,21490969
21490969,41.8739623138,-87.682354942,1303265750.0,21490892,21491042
21491042,41.8739732212,-87.6820939608,1303265752.0,21490969,21491154
21491154,41.8739899699,-87.681811878,1303265755.0,21491042,21491216
21491216,41.8740119139,-87.6815316726,1303265762.0,21491154,21491233
21491233,41.8740322895,-87.6812756323,1303265765.0,21491216,21491253
21491253,41.8740435959,-87.6809037313,1303265768.0,21491233,21491268
21491268,41.8740424008,-87.6805847559,1303265770.0,21491253,21491284
21491284,41.8740485634,-87.6802538194,1303265772.0,21491268,21491301
21491301,41.874049732,-87.6799258147,1303265774.0,21491284,21491319
21491319,41.8740507184,-87.6796118676,1303265776.0,21491301,21491338
21491338,41.8740527183,-87.6793128362,1303265778.0,21491319,21491358
21491358,41.8740537235,-87.6790188152,1303265780.0,21491338,21491378
21491378,41.8740566513,-87.6787137998,1303265782.0,21491358,21491400
21491400,41.87406063,-87.6783948232,1303265784.0,21491378,21491422
21491422,41.8740675388,-87.6780538334,1303265786.0,21491400,21491445
21491445,41.8740656664,-87.6777228592,1303265788.0,21491422,21491469
21491469,41.8740696324,-87.6774189197,1303265790.0,21491445,21491493
21491493,41.8740641551,-87.677144379,1303265792.0,21491469,21491531
21491531,41.8740550158,-87.6768667589,1303265795.0,21491493,21491583
21491583,41.8739302117,-87.6766509352,1303265799.0,21491531,21491625
21491625,41.8737116882,-87.6766180285,1303265802.0,21491583,21491667
21491667,41.8734443443,-87.6765837295,1303265805.0,21491625,21491709
21491709,41.8732113158,-87.676552822,1303265808.0,21491667,21491769
21491769,41.8730282712,-87.6765323872,1303265812.0,21491709,21492259
21492259,41.8728213976,-87.6764854419,1303265841.0,21491769,21492316
21492316,41.8725743485,-87.6764732071,1303265844.0,21492259,21492356
21492356,41.872367463,-87.6764683358,1303265846.0,21492316,21492396
21492396,41.872150733,-87.6764634513,1303265848.0,21492356,21492433
21492433,41.871933636,-87.6764447682,1303265850.0,21492396,21492473
21492473,41.8717383883,-87.6764313297,1303265852.0,21492433,21492573
21492573,41.8715523217,-87.6764243287,1303265857.0,21492473,21492739
21492739,41.8714769813,-87.6761777864,1303265865.0,21492573,21492841
21492841,41.8714984225,-87.6758768227,1303265870.0,21492739,21492908
21492908,41.8715219835,-87.6755350878,1303265873.0,21492841,21492953
21492953,41.8715133384,-87.6752455938,1303265875.0,21492908,21492997
21492997,41.8715228035,-87.6749778757,1303265877.0,21492953,21493042
21493042,41.8715338062,-87.6747203699,1303265879.0,21492997,21493083
21493083,41.8715465695,-87.6744605748,1303265881.0,21493042,21493128
21493128,41.871553557,-87.6742169348,1303265883.0,21493083,21493199
21493199,41.8715573887,-87.6739470342,1303265886.0,21493128,21493344
21493344,41.8715264877,-87.6736923147,1303265894.0,21493199,21493525
21493525,41.8715931196,-87.6734577369,1303265904.0,21493344,None
