68001466,41.8742268548,-87.6667927954,1302555825.0,None,68001989
68001989,41.8742161684,-87.6664835957,1302555841.0,68001466,68002083
68002083,41.8742114629,-87.6661439328,1302555844.0,68001989,68002149
68002149,41.8742121816,-87.6658737965,1302555846.0,68002083,68002218
68002218,41.8742116709,-87.6655888298,1302555848.0,68002149,68002284
68002284,41.8742115449,-87.6652900187,1302555850.0,68002218,68002358
68002358,41.8742063068,-87.6649741903,1302555852.0,68002284,68002424
68002424,41.874195213,-87.6646472646,1302555854.0,68002358,68002490
68002490,41.8741831501,-87.6643102256,1302555856.0,68002424,68002556
68002556,41.8741731392,-87.6639722124,1302555858.0,68002490,68002626
68002626,41.874166091,-87.6636301565,1302555860.0,68002556,68002695
68002695,41.8741576453,-87.6632970318,1302555862.0,68002626,68002764
68002764,41.8741558034,-87.6629688964,1302555864.0,68002695,68002832
68002832,41.874158929,-87.6626427877,1302555866.0,68002764,68002903
68002903,41.8741646314,-87.6623078115,1302555868.0,68002832,68002969
68002969,41.8741697958,-87.661964754,1302555870.0,68002903,68003036
68003036,41.8741729503,-87.661619808,1302555872.0,68002969,68003104
68003104,41.8741771549,-87.6612718012,1302555874.0,68003036,68003173
68003173,41.8741822769,-87.6609178101,1302555876.0,68003104,68003245
68003245,41.8741863435,-87.6605598365,1302555878.0,68003173,68003309
68003309,41.8741904244,-87.6602038666,1302555880.0,68003245,68003381
68003381,41.8741961451,-87.6598548676,1302555882.0,68003309,68003458
68003458,41.8742018974,-87.6595068459,1302555884.0,68003381,68003526
68003526,41.8742085951,-87.6591618214,1302555886.0,68003458,68003591
68003591,41.8742144095,-87.658816813,1302555888.0,68003526,68003660
68003660,41.8742150291,-87.6584718455,1302555890.0,68003591,68003730
68003730,41.8742158656,-87.6581258436,1302555892.0,68003660,68003791
68003791,41.8742218316,-87.6577799054,1302555894.0,68003730,68003867
68003867,41.8742271667,-87.6574420326,1302555896.0,68003791,68003939
68003939,41.8742336197,-87.657111763,1302555898.0,68003867,68004012
68004012,41.8742379699,-87.6567838715,1302555900.0,68003939,68004084
68004084,41.8742404639,-87.6564548709,1302555902.0,68004012,68004157
68004157,41.874244188,-87.6561197196,1302555904.0,68004084,68004233
68004233,41.8742529602,-87.6557815831,1302555906.0,68004157,68004304
68004304,41.8742613017,-87.6554426405,1302555908.0,68004233,68004373
68004373,41.8742679704,-87.6551016343,1302555910.0,68004304,68004445
68004445,41.8742725191,-87.6547636426,1302555912.0,68004373,68004510
68004510,41.8742780761,-87.6544256531,1302555914.0,68004445,68004584
68004584,41.874287353,-87.6540875789,1302555916.0,68004510,68004660
68004660,41.8742923939,-87.6537555644,1302555918.0,68004584,68004733
68004733,41.8742939063,-87.6534346263,1302555920.0,68004660,68004812
68004812,41.8742973519,-87.6531247035,1302555922.0,68004733,68004884
68004884,41.8743040309,-87.6528247823,1302555924.0,68004812,68004950
68004950,41.8743104073,-87.6525358037,1302555926.0,68004884,68005012
68005012,41.8743165434,-87.6522546224,1302555928.0,68004950,68005076
68005076,41.8743252196,-87.6519723689,1302555930.0,68005012,68005148
68005148,41.8743271359,-87.6516884831,1302555932.0,68005076,68005231
68005231,41.8743298944,-87.6514156311,1302555934.0,68005148,68005309
68005309,41.8743338522,-87.6511467045,1302555936.0,68005231,68005392
68005392,41.8743407791,-87.6508886966,1302555938.0,68005309,68005505
68005505,41.8743443949,-87.6505508048,1302555941.0,68005392,68005616
68005616,41.8743489255,-87.650267823,1302555944.0,68005505,68005747
68005747,41.8743550797,-87.6500166786,1302555948.0,68005616,68006003
68006003,41.8743578062,-87.6497696694,1302555955.0,68005747,68006230
68006230,41.8743638302,-87.6495038868,1302555961.0,68006003,68006633
68006633,41.8743644353,-87.6492259903,1302555973.0,68006230,68006753
68006753,41.8743680224,-87.6489718928,1302555976.0,68006633,68006863
68006863,41.874367789,-87.6486610135,1302555979.0,68006753,68006952
68006952,41.8743581685,-87.648348194,1302555982.0,68006863,68007041
68007041,41.8743296458,-87.6480367138,1302555985.0,68006952,68007123
68007123,41.8742987854,-87.6477188823,1302555988.0,68007041,68007220
68007220,41.8742442472,-87.6474231604,1302555991.0,68007123,68007319
68007319,41.8740808067,-87.6472557684,1302555994.0,68007220,68007416
68007416,41.8738580181,-87.6472424079,1302555997.0,68007319,68007513
68007513,41.8736030793,-87.6472385038,1302556000.0,68007416,68007609
68007609,41.8733301441,-87.6472280743,1302556003.0,68007513,68007681
68007681,41.8731392458,-87.6472250183,1302556005.0,68007609,68007755
68007755,41.8729562846,-87.6472230916,1302556007.0,68007681,68007869
68007869,41.8727182715,-87.6472282418,1302556010.0,68007755,68008021
68008021,41.872497119,-87.6472305352,1302556014.0,68007869,68008665
68008665,41.8723092798,-87.6472078397,1302556034.0,68008021,68008701
68008701,41.8721151293,-87.6471411773,1302556041.0,68008665,68008726
68008726,41.8719321337,-87.6471376031,1302556045.0,68008701,68008751
68008751,41.87172218,-87.6471345329,1302556048.0,68008726,68008779
68008779,41.8714831666,-87.6471294099,1302556051.0,68008751,68008806
68008806,41.8712121144,-87.647117776,1302556054.0,68008779,68008827
68008827,41.8710180965,-87.6471098885,1302556056.0,68008806,68008847
68008847,41.870814059,-87.6471010724,1302556058.0,68008827,68008858
68008858,41.870603083,-87.6470951271,1302556060.0,68008847,68008883
68008883,41.8703951602,-87.6470864711,1302556062.0,68008858,68008905
68008905,41.870192067,-87.6470689122,1302556064.0,68008883,68008928
68008928,41.8700029382,-87.6470540976,1302556066.0,68008905,68008967
68008967,41.8697941968,-87.6470441599,1302556069.0,68008928,68009234
68009234,41.869611588,-87.6469895076,1302556088.0,68008967,68009312
68009312,41.8695489393,-87.6466818451,1302556093.0,68009234,68009377
68009377,41.869568408,-87.6463979011,1302556097.0,68009312,68009826
68009826,41.8695915074,-87.6461389189,1302556122.0,68009377,68009922
68009922,41.8696095292,-87.6458559279,1302556127.0,68009826,68010002
68010002,41.8696271206,-87.6455459599,1302556131.0,68009922,68010061
68010061,41.8696361286,-87.6452839685,1302556134.0,68010002,68010124
68010124,41.8696403442,-87.6450149927,1302556137.0,68010061,68010189
68010189,41.8696436188,-87.644695009,1302556140.0,68010124,68010249
68010249,41.8696471311,-87.6443330303,1302556143.0,68010189,68010287
68010287,41.8696514032,-87.644076032,1302556145.0,68010249,68010322
68010322,41.8696564455,-87.6438290392,1302556147.0,68010287,68010370
68010370,41.8696577935,-87.6435820506,1302556149.0,68010322,68010418
68010418,41.869661744,-87.643327031,1302556151.0,68010370,68010462
68010462,41.8696665699,-87.6430600064,1302556153.0,68010418,68010500
68010500,41.8696724444,-87.6428009799,1302556155.0,68010462,68010566
68010566,41.8696781724,-87.6425290713,1302556158.0,68010500,None
