48084793,41.8657829768,-87.6469224697,1302753564.0,None,48084970
48084970,41.8655668809,-87.6468811463,1302753570.0,48084793,48085104
48085104,41.8653389157,-87.6468784584,1302753574.0,48084970,48085211
48085211,41.8651358704,-87.6468677618,1302753577.0,48085104,48085312
48085312,41.8649229307,-87.6468579678,1302753580.0,48085211,48085419
48085419,41.8647140678,-87.6468511335,1302753583.0,48085312,48085520
48085520,41.8644890364,-87.6468523905,1302753586.0,48085419,48085616
48085616,41.864254833,-87.6468439302,1302753589.0,48085520,48085719
48085719,41.8640159864,-87.646838262,1302753592.0,48085616,48085827
48085827,41.8637640266,-87.6468215497,1302753595.0,48085719,48085930
48085930,41.8635130085,-87.6468135414,1302753598.0,48085827,48086037
48086037,41.8632630212,-87.6468062255,1302753601.0,48085930,48086144
48086144,41.8630270826,-87.6468015549,1302753604.0,48086037,48086255
48086255,41.8628060025,-87.6467985419,1302753607.0,48086144,48086361
48086361,41.8626128946,-87.6467951861,1302753610.0,48086255,48086581
48086581,41.862433476,-87.6468005192,1302753616.0,48086361,48086757
48086757,41.8623708157,-87.6470616478,1302753621.0,48086581,48086860
48086860,41.8623817712,-87.6473051248,1302753624.0,48086757,48086958
48086958,41.8623794753,-87.6475789639,1302753627.0,48086860,48086967
48086967,41.8623774065,-87.6478609732,1302753630.0,48086958,48086981
48086981,41.862372275,-87.6481479595,1302753633.0,48086967,48086999
48086999,41.8623698011,-87.6484189325,1302753636.0,48086981,48087028
48087028,41.8623600906,-87.6486899668,1302753640.0,48086999,48087079
48087079,41.8623506746,-87.6489629553,1302753646.0,48087028,48087118
48087118,41.8623448917,-87.6492788738,1302753650.0,48087079,48087149
48087149,41.8623407905,-87.6495569525,1302753653.0,48087118,48087182
48087182,41.8623306261,-87.6498449726,1302753656.0,48087149,48087217
48087217,41.8623264892,-87.6501339379,1302753659.0,48087182,48087253
48087253,41.8623207389,-87.6504069005,1302753662.0,48087217,48087291
48087291,41.8623196101,-87.6506492973,1302753665.0,48087253,48087456
48087456,41.8623538789,-87.6508840666,1302753677.0,48087291,48087531
48087531,41.8625401866,-87.650893703,1302753682.0,48087456,48087578
48087578,41.8627250861,-87.6509014537,1302753685.0,48087531,48087624
48087624,41.8629460908,-87.6509091107,1302753688.0,48087578,48087673
48087673,41.8631541151,-87.6509175587,1302753691.0,48087624,48087739
48087739,41.863367997,-87.650926378,1302753695.0,48087673,48087841
48087841,41.863568553,-87.6509341995,1302753701.0,48087739,48087913
48087913,41.8638020666,-87.6509455864,1302753705.0,48087841,48087968
48087968,41.864008059,-87.6509532345,1302753708.0,48087913,48088023
48088023,41.864210063,-87.6509600319,1302753711.0,48087968,48088081
48088081,41.8644030434,-87.6509677393,1302753714.0,48088023,48088158
48088158,41.8646021238,-87.6509752079,1302753718.0,48088081,48088278
48088278,41.8648241093,-87.6509874862,1302753724.0,48088158,48088338
48088338,41.8650090631,-87.6509935492,1302753727.0,48088278,48088397
48088397,41.8652210972,-87.6509995263,1302753730.0,48088338,48088459
48088459,41.8654571063,-87.6510074196,1302753733.0,48088397,48088523
48088523,41.8657061179,-87.6510162417,1302753736.0,48088459,48088588
48088588,41.8659631184,-87.6510249513,1302753739.0,48088523,48088651
48088651,41.8662180956,-87.6510316175,1302753742.0,48088588,48088714
48088714,41.8665581677,-87.651049033,1302753746.0,48088651,48088783
48088783,41.8667941079,-87.6510624097,1302753749.0,48088714,48088852
48088852,41.8669771596,-87.6510713281,1302753752.0,48088783,48088967
48088967,41.8671480561,-87.6512548224,1302753758.0,48088852,48089008
48089008,41.8671532796,-87.6515867724,1302753762.0,48088967,48089059
48089059,41.8671475756,-87.6518842971,1302753765.0,48089008,48089113
48089113,41.8671401775,-87.6521821968,1302753768.0,48089059,48089176
48089176,41.8671327721,-87.6524702811,1302753771.0,48089113,48089248
48089248,41.8671280014,-87.6527362828,1302753774.0,48089176,48089349
48089349,41.8671231742,-87.6530351972,1302753778.0,48089248,48090027
48090027,41.8671144354,-87.6532964773,1302753806.0,48089349,48090132
48090132,41.8671116905,-87.6536295471,1302753810.0,48090027,48090210
48090210,41.8671040512,-87.6539534459,1302753813.0,48090132,48090285
48090285,41.8670968876,-87.6543004265,1302753816.0,48090210,48090362
48090362,41.8670926198,-87.6546525435,1302753819.0,48090285,48090446
48090446,41.867082628,-87.6550174995,1302753822.0,48090362,48090501
48090501,41.867076645,-87.6552654093,1302753824.0,48090446,48090555
48090555,41.8670716825,-87.6555144423,1302753826.0,48090501,48090622
48090622,41.8670626583,-87.6558674409,1302753829.0,48090555,48090702
48090702,41.8670590494,-87.6561912607,1302753832.0,48090622,48090784
48090784,41.8670571664,-87.6564458096,1302753835.0,48090702,48091011
48091011,41.8671283471,-87.6566737374,1302753843.0,48090784,48091120
48091120,41.8673771281,-87.6566933224,1302753847.0,48091011,48091201
48091201,41.8676141206,-87.6567058397,1302753850.0,48091120,48091288
48091288,41.8678700114,-87.6567146282,1302753853.0,48091201,48091360
48091360,41.8681330709,-87.6567254008,1302753856.0,48091288,48091447
48091447,41.8683930754,-87.6567358533,1302753859.0,48091360,48091545
48091545,41.8686500511,-87.6567446238,1302753862.0,48091447,48091627
48091627,41.8688880136,-87.6567495922,1302753865.0,48091545,48091707
48091707,41.8691560037,-87.6567476871,1302753869.0,48091627,48092015
48092015,41.8693464153,-87.6567466521,1302753879.0,48091707,48092123
48092123,41.8695340908,-87.6567518428,1302753883.0,48092015,48092211
48092211,41.8697464534,-87.656765069,1302753886.0,48092123,48092307
48092307,41.8700022554,-87.6567783071,1302753889.0,48092211,48092366
48092366,41.8701861518,-87.6567825546,1302753891.0,48092307,48092432
48092432,41.870378072,-87.6567847917,1302753893.0,48092366,48092497
48092497,41.8705720828,-87.6567898742,1302753895.0,48092432,48092558
48092558,41.8707681164,-87.6567953849,1302753897.0,48092497,48092617
48092617,41.8709651152,-87.6568018154,1302753899.0,48092558,48092674
48092674,41.8711540887,-87.6568070267,1302753901.0,48092617,48092735
48092735,41.8713361126,-87.6568115781,1302753903.0,48092674,48092828
48092828,41.8715870168,-87.6568149692,1302753906.0,48092735,48092927
48092927,41.8718259185,-87.6568067373,1302753909.0,48092828,48093004
48093004,41.8720339503,-87.6567960189,1302753912.0,48092927,48093194
48093194,41.8722138861,-87.6567898153,1302753918.0,48093004,48093320
48093320,41.8724298822,-87.6567816185,1302753922.0,48093194,48093420
48093420,41.8726368833,-87.6567684522,1302753925.0,48093320,48093514
48093514,41.8728719272,-87.6567560723,1302753928.0,48093420,48093607
48093607,41.8731219975,-87.6567348632,1302753931.0,48093514,48093705
48093705,41.8733719745,-87.6567268233,1302753934.0,48093607,48093802
48093802,41.8736120021,-87.6567261472,1302753937.0,48093705,48093910
48093910,41.8738379562,-87.6567297426,1302753940.0,48093802,48094011
48094011,41.874048735,-87.6567279798,1302753943.0,48093910,48094142
48094142,41.8742199188,-87.6566501063,1302753947.0,48094011,48094278
48094278,41.8742318581,-87.6563749238,1302753951.0,48094142,48094373
48094373,41.8742302923,-87.6561059171,1302753954.0,48094278,48094477
48094477,41.8742325802,-87.655806905,1302753957.0,48094373,48094586
48094586,41.8742391395,-87.6554900625,1302753960.0,48094477,48094682
48094682,41.8742427499,-87.6551631396,1302753963.0,48094586,48094778
48094778,41.8742457357,-87.6548251658,1302753966.0,48094682,48094889
48094889,41.8742486574,-87.6544802085,1302753969.0,48094778,48094989
48094989,41.8742517841,-87.6541281937,1302753972.0,48094889,48095085
48095085,41.8742585812,-87.6537792732,1302753975.0,48094989,48095192
48095192,41.874263981,-87.6534333166,1302753978.0,48095085,48095287
48095287,41.8742702244,-87.6530952775,1302753981.0,48095192,48095401
48095401,41.8742769391,-87.6527471207,1302753984.0,48095287,48095508
48095508,41.8742814195,-87.6524190806,1302753987.0,48095401,48095622
48095622,41.8742885922,-87.6521081744,1302753990.0,48095508,48095730
48095730,41.8742976945,-87.6517901764,1302753993.0,48095622,48095827
48095827,41.8743066074,-87.6514482837,1302753996.0,48095730,48095894
48095894,41.8743130379,-87.6512052027,1302753998.0,48095827,48095963
48095963,41.8743180099,-87.6509591319,1302754000.0,48095894,48096035
48096035,41.8743246015,-87.6507090807,1302754002.0,48095963,48096108
48096108,41.8743283002,-87.6504630783,1302754004.0,48096035,48096219
48096219,41.8743336853,-87.6501030754,1302754007.0,48096108,48096329
48096329,41.8743412856,-87.6497442668,1302754010.0,48096219,48096450
48096450,41.8743452642,-87.6493833038,1302754013.0,48096329,48096526
48096526,41.8743476318,-87.6491382718,1302754015.0,48096450,48096599
48096599,41.8743502444,-87.6488962089,1302754017.0,48096526,48096703
48096703,41.8743515894,-87.6485418751,1302754020.0,48096599,48096803
48096803,41.8743354029,-87.6481952108,1302754023.0,48096703,48096898
48096898,41.874311372,-87.6478697008,1302754026.0,48096803,48097008
48097008,41.8742835519,-87.6475658742,1302754029.0,48096898,48097124
48097124,41.8742386985,-87.6473165143,1302754032.0,48097008,48097274
48097274,41.8740274753,-87.6471975663,1302754036.0,48097124,48097385
48097385,41.8738158755,-87.6471961183,1302754039.0,48097274,48097491
48097491,41.8735828961,-87.6471903647,1302754042.0,48097385,48097594
48097594,41.8733279126,-87.64718107,1302754045.0,48097491,48097706
48097706,41.8730669502,-87.6471714969,1302754048.0,48097594,48097822
48097822,41.8728080327,-87.6471625887,1302754051.0,48097706,48097932
48097932,41.8725651458,-87.6471597977,1302754054.0,48097822,48098040
48098040,41.8723451874,-87.6471689195,1302754057.0,48097932,48098442
48098442,41.8721573342,-87.6471572465,1302754070.0,48098040,None
