53219465,41.8635490985,-87.6506571451,1303861409.0,None,53219655
53219655,41.8635597275,-87.6509162196,1303861417.0,53219465,53219832
53219832,41.863757204,-87.6509763397,1303861423.0,53219655,53219945
53219945,41.8639531492,-87.6509725308,1303861427.0,53219832,53220063
53220063,41.8641890966,-87.6509711776,1303861431.0,53219945,53220176
53220176,41.864412027,-87.6509638853,1303861435.0,53220063,53220412
53220412,41.8646160192,-87.650957732,1303861443.0,53220176,53220565
53220565,41.8648360217,-87.6509643671,1303861448.0,53220412,53220691
53220691,41.865073966,-87.6509662931,1303861452.0,53220565,53220777
53220777,41.8652579761,-87.6509689849,1303861455.0,53220691,53220871
53220871,41.8654419634,-87.6509708067,1303861458.0,53220777,53220960
53220960,41.865623951,-87.650970906,1303861461.0,53220871,53221057
53221057,41.8658069426,-87.6509718101,1303861464.0,53220960,53221190
53221190,41.8660379108,-87.6509771933,1303861468.0,53221057,53221315
53221315,41.8662359083,-87.6509875363,1303861472.0,53221190,53221503
53221503,41.8664249091,-87.6509934975,1303861478.0,53221315,53221662
53221662,41.8666162345,-87.651104772,1303861483.0,53221503,53221770
53221770,41.86670601,-87.6513289244,1303861486.0,53221662,53221858
53221858,41.8667390006,-87.6516079997,1303861489.0,53221770,53221952
53221952,41.8667810007,-87.6519279999,1303861492.0,53221858,53222052
53222052,41.8668690561,-87.6522569991,1303861495.0,53221952,53222151
53222151,41.8669326135,-87.6525850229,1303861498.0,53222052,53222255
53222255,41.8669625593,-87.6529090428,1303861501.0,53222151,53222353
53222353,41.8669865971,-87.6532510449,1303861504.0,53222255,53222445
53222445,41.8669950739,-87.653576145,1303861507.0,53222353,53222542
53222542,41.8669935035,-87.6538971678,1303861510.0,53222445,53222644
53222644,41.8669932024,-87.6542281765,1303861513.0,53222542,53222753
53222753,41.8669909366,-87.6545482786,1303861516.0,53222644,53222853
53222853,41.8669862131,-87.6548303184,1303861519.0,53222753,53222948
53222948,41.8670254599,-87.6551614993,1303861522.0,53222853,53223041
53223041,41.867039692,-87.6554534772,1303861525.0,53222948,53223176
53223176,41.8670562734,-87.6557155667,1303861529.0,53223041,53223425
53223425,41.8670619242,-87.6560084118,1303861536.0,53223176,53223557
53223557,41.8670647978,-87.6563272016,1303861540.0,53223425,53223697
53223697,41.8670797332,-87.6565860836,1303861544.0,53223557,53223905
53223905,41.8672856453,-87.6566634331,1303861550.0,53223697,53224058
53224058,41.867513969,-87.6566862419,1303861554.0,53223905,53224157
53224157,41.8677199118,-87.6566978664,1303861557.0,53224058,53224259
53224259,41.867931907,-87.656700718,1303861560.0,53224157,53224364
53224364,41.8681408929,-87.6567031169,1303861563.0,53224259,53224469
53224469,41.8683439014,-87.656713044,1303861566.0,53224364,53224579
53224579,41.8685399098,-87.6567212539,1303861569.0,53224469,53224684
53224684,41.8687259344,-87.6567253684,1303861572.0,53224579,53224795
53224795,41.868910028,-87.6567189621,1303861575.0,53224684,53224914
53224914,41.8690951084,-87.6567097415,1303861578.0,53224795,53225065
53225065,41.8693351875,-87.6567181542,1303861582.0,53224914,53225166
53225166,41.869528183,-87.6567333892,1303861585.0,53225065,53225273
53225273,41.8697400448,-87.6567492472,1303861588.0,53225166,53225383
53225383,41.8699529042,-87.6567573982,1303861591.0,53225273,53225492
53225492,41.870171929,-87.656761389,1303861594.0,53225383,53225602
53225602,41.8703929079,-87.6567625243,1303861597.0,53225492,53225723
53225723,41.8706119102,-87.6567710741,1303861600.0,53225602,53225839
53225839,41.8707928313,-87.6567680438,1303861603.0,53225723,53225946
53225946,41.8709947869,-87.6567704069,1303861606.0,53225839,53226052
53226052,41.8711887395,-87.6567632945,1303861609.0,53225946,53226185
53226185,41.8713927304,-87.656742156,1303861613.0,53226052,53226482
53226482,41.8715859553,-87.6567151077,1303861621.0,53226185,53226637
53226637,41.8717932659,-87.6567074265,1303861625.0,53226482,53226749
53226749,41.8719873839,-87.6566985644,1303861628.0,53226637,53226819
53226819,41.8722073868,-87.6566862998,1303861631.0,53226749,53226876
53226876,41.8724202101,-87.6566479248,1303861634.0,53226819,53226966
53226966,41.872627284,-87.6566375503,1303861637.0,53226876,53227039
53227039,41.8728404942,-87.656657241,1303861640.0,53226966,53227050
53227050,41.873043737,-87.6566776654,1303861643.0,53227039,53227072
53227072,41.8732762602,-87.6566877644,1303861647.0,53227050,53227099
53227099,41.8734780229,-87.6566742693,1303861651.0,53227072,53227140
53227140,41.8736060002,-87.6564280141,1303861656.0,53227099,53227167
53227167,41.8737290449,-87.6561920045,1303861659.0,53227140,53227197
53227197,41.8738110455,-87.6559260035,1303861662.0,53227167,53227228
53227228,41.8738849993,-87.6556620236,1303861665.0,53227197,53227261
53227261,41.8739330302,-87.655391025,1303861668.0,53227228,53227296
53227296,41.8739700875,-87.6551090197,1303861671.0,53227261,53227332
53227332,41.8740060785,-87.6548100092,1303861674.0,53227296,53227370
53227370,41.8740361934,-87.6545010221,1303861677.0,53227332,53227409
53227409,41.8740542367,-87.6541830156,1303861680.0,53227370,53227450
53227450,41.8740744012,-87.6538740197,1303861683.0,53227409,53227479
53227479,41.8740988596,-87.6535690232,1303861686.0,53227450,53227524
53227524,41.8741225759,-87.6532690548,1303861689.0,53227479,53227566
53227566,41.8741468647,-87.6529760676,1303861692.0,53227524,53227614
53227614,41.8741697311,-87.6526950717,1303861695.0,53227566,53227660
53227660,41.8741888533,-87.652448064,1303861698.0,53227614,53227877
53227877,41.8742237573,-87.6522033331,1303861712.0,53227660,53227985
53227985,41.8742490529,-87.6519286097,1303861718.0,53227877,53228057
53228057,41.8742627032,-87.6516306133,1303861722.0,53227985,53228115
53228115,41.8742707517,-87.6513755925,1303861725.0,53228057,53228171
53228171,41.8742776585,-87.6511035306,1303861728.0,53228115,53228227
53228227,41.8742848018,-87.6508244328,1303861731.0,53228171,53228285
53228285,41.8742958334,-87.6505463475,1303861734.0,53228227,53228345
53228345,41.8743070415,-87.6502712587,1303861737.0,53228285,53228405
53228405,41.8743125641,-87.6500133872,1303861740.0,53228345,53228468
53228468,41.8743199615,-87.6497686173,1303861743.0,53228405,53228544
53228544,41.8743251917,-87.649493479,1303861747.0,53228468,53228845
53228845,41.8743368033,-87.6492453921,1303861761.0,53228544,53228892
53228892,41.8743382916,-87.6489653284,1303861765.0,53228845,53228933
53228933,41.8743405985,-87.6486982486,1303861768.0,53228892,53228967
53228967,41.8743402311,-87.6484125222,1303861771.0,53228933,53229005
53229005,41.8743187946,-87.6481245684,1303861774.0,53228967,53229060
53229060,41.8742961089,-87.6478477389,1303861777.0,53229005,53229128
53229128,41.8742741883,-87.647597936,1303861780.0,53229060,53229216
53229216,41.8742231111,-87.6473148752,1303861784.0,53229128,53229305
53229305,41.8740298085,-87.6472045579,1303861788.0,53229216,53229372
53229372,41.8738439146,-87.6472041432,1303861791.0,53229305,53229447
53229447,41.8736349438,-87.6472004885,1303861794.0,53229372,53229518
53229518,41.873406985,-87.6471939869,1303861797.0,53229447,53229588
53229588,41.8731710758,-87.6471884896,1303861800.0,53229518,53229655
53229655,41.8729361768,-87.6471819845,1303861803.0,53229588,53229721
53229721,41.8727102313,-87.6471723185,1303861806.0,53229655,53229802
53229802,41.8725061998,-87.6471681919,1303861809.0,53229721,53229875
53229875,41.8723232307,-87.6471692544,1303861812.0,53229802,53230016
53230016,41.8721395374,-87.6471817123,1303861818.0,53229875,53230740
53230740,41.8719211952,-87.6471416507,1303861846.0,53230016,53230820
53230820,41.871715115,-87.6471289528,1303861849.0,53230740,53230899
53230899,41.8714751436,-87.6471243563,1303861852.0,53230820,53230984
53230984,41.8712231243,-87.6471192144,1303861855.0,53230899,53231071
53231071,41.8709681195,-87.647113051,1303861858.0,53230984,53231106
53231106,41.8707171094,-87.6471067144,1303861861.0,53231071,53231119
53231119,41.8704592211,-87.6471006592,1303861864.0,53231106,53231130
53231130,41.8702772224,-87.6470968354,1303861866.0,53231119,53231142
53231142,41.8700951046,-87.6470947417,1303861868.0,53231130,53231163
53231163,41.8698271958,-87.6470930099,1303861871.0,53231142,53231187
53231187,41.8695592704,-87.6470835448,1303861874.0,53231163,53231213
53231213,41.8692961343,-87.6470733237,1303861877.0,53231187,53231241
53231241,41.8690319898,-87.647063627,1303861880.0,53231213,53231271
53231271,41.8687669924,-87.6470525273,1303861883.0,53231241,53231303
53231303,41.8685139876,-87.6470434494,1303861886.0,53231271,53231336
53231336,41.8682790216,-87.6470346967,1303861889.0,53231303,53231372
53231372,41.8680582215,-87.6470301821,1303861892.0,53231336,53231408
53231408,41.8678531242,-87.6470232608,1303861895.0,53231372,53231447
53231447,41.8676699605,-87.6470231947,1303861898.0,53231408,53231514
53231514,41.8674789053,-87.6470208623,1303861903.0,53231447,None
