2769922,41.8692448708,-87.6703730581,1302185668.0,None,2770062
2770062,41.8692521975,-87.6706190164,1302185673.0,2769922,2770164
2770164,41.8692489569,-87.6708733195,1302185676.0,2770062,2770317
2770317,41.8692591174,-87.6711165166,1302185681.0,2770164,2771101
2771101,41.8694301131,-87.6712667144,1302185706.0,2770317,2771206
2771206,41.8696218013,-87.6712917873,1302185709.0,2771101,2771306
2771306,41.8698719189,-87.6713159579,1302185712.0,2771206,2771399
2771399,41.8701230166,-87.6713208132,1302185715.0,2771306,2771487
2771487,41.8703170873,-87.6713147227,1302185718.0,2771399,2771719
2771719,41.8705249835,-87.6713208519,1302185725.0,2771487,2771827
2771827,41.8707259823,-87.6713406521,1302185728.0,2771719,2771937
2771937,41.8709610579,-87.6713677619,1302185731.0,2771827,2772055
2772055,41.8711700464,-87.6714346958,1302185735.0,2771937,2772814
2772814,41.8713620462,-87.671484889,1302185758.0,2772055,2772919
2772919,41.8715521019,-87.6714786934,1302185761.0,2772814,2773027
2773027,41.871817016,-87.6715089864,1302185764.0,2772919,2773102
2773102,41.8720280129,-87.6715207975,1302185766.0,2773027,2773178
2773178,41.8722249849,-87.6714960728,1302185768.0,2773102,2773247
2773247,41.8724379865,-87.671491299,1302185770.0,2773178,2773316
2773316,41.8726469865,-87.6714903604,1302185772.0,2773247,2773385
2773385,41.8728529808,-87.6714943929,1302185774.0,2773316,2773465
2773465,41.8730689826,-87.671497335,1302185776.0,2773385,2773538
2773538,41.8732949946,-87.6715031619,1302185778.0,2773465,2773611
2773611,41.873509975,-87.6715119121,1302185780.0,2773538,2773678
2773678,41.873796983,-87.6715344255,1302185783.0,2773611,2773793
2773793,41.8739780292,-87.6715286834,1302185786.0,2773678,2773976
2773976,41.8740605014,-87.6712892484,1302185791.0,2773793,2774083
2774083,41.8740315764,-87.6708840633,1302185795.0,2773976,2774092
2774092,41.8740133559,-87.6705319838,1302185798.0,2774083,2774106
2774106,41.8739704633,-87.6701849782,1302185801.0,2774092,2774124
2774124,41.8739181167,-87.669849001,1302185804.0,2774106,2774145
2774145,41.8738611131,-87.6695280022,1302185807.0,2774124,2774169
2774169,41.8738661625,-87.6691909172,1302185810.0,2774145,2774186
2774186,41.8739112386,-87.6689169478,1302185812.0,2774169,2774204
2774204,41.8739371042,-87.6686550786,1302185814.0,2774186,2774223
2774223,41.8739450153,-87.6683879677,1302185816.0,2774204,2774243
2774243,41.8739933793,-87.6681340923,1302185818.0,2774223,2774263
2774263,41.8740573847,-87.6678848524,1302185820.0,2774243,2774285
2774285,41.8740995301,-87.6676326575,1302185822.0,2774263,2774318
2774318,41.8741280816,-87.6673246106,1302185825.0,2774285,2774366
2774366,41.87416728,-87.6670364327,1302185829.0,2774318,2774482
2774482,41.874273554,-87.6668257828,1302185838.0,2774366,2774524
2774524,41.8743030491,-87.6665639589,1302185841.0,2774482,2774566
2774566,41.8743069219,-87.6662338802,1302185844.0,2774524,2774596
2774596,41.8743020273,-87.665977014,1302185846.0,2774566,2774626
2774626,41.8743051336,-87.6657070175,1302185848.0,2774596,2774656
2774656,41.8743034624,-87.6654200198,1302185850.0,2774626,2774687
2774687,41.8742976528,-87.6651240593,1302185852.0,2774656,2774719
2774719,41.8742890009,-87.6648260824,1302185854.0,2774687,2774751
2774751,41.8742780469,-87.6645240985,1302185856.0,2774719,2774783
2774783,41.8742634903,-87.6642241024,1302185858.0,2774751,2774816
2774816,41.8742510329,-87.6639271057,1302185860.0,2774783,2774850
2774850,41.8742394401,-87.6636341013,1302185862.0,2774816,2774884
2774884,41.8742274093,-87.6633530902,1302185864.0,2774850,2774917
2774917,41.8742217269,-87.6630839992,1302185866.0,2774884,2774952
2774952,41.8742178142,-87.6628408604,1302185868.0,2774917,2775006
2775006,41.8742193955,-87.6625038267,1302185871.0,2774952,2775060
2775060,41.8742221483,-87.6622318292,1302185874.0,2775006,2775115
2775115,41.8742238932,-87.6619798149,1302185877.0,2775060,2775172
2775172,41.874228649,-87.6616738639,1302185880.0,2775115,2775229
2775229,41.8742323148,-87.6613017652,1302185883.0,2775172,2775267
2775267,41.8742317387,-87.6610257557,1302185885.0,2775229,2775307
2775307,41.8742302148,-87.6607407486,1302185887.0,2775267,2775346
2775346,41.8742300917,-87.6604487765,1302185889.0,2775307,2775386
2775386,41.874229816,-87.6601547979,1302185891.0,2775346,2775427
2775427,41.8742279674,-87.6598608045,1302185893.0,2775386,2775466
2775466,41.874233032,-87.65956479,1302185895.0,2775427,2775507
2775507,41.8742360853,-87.6592667579,1302185897.0,2775466,2775547
2775547,41.8742351431,-87.6589647793,1302185899.0,2775507,2775589
2775589,41.8742391643,-87.6586577877,1302185901.0,2775547,2775631
2775631,41.8742492454,-87.6583557333,1302185903.0,2775589,2775673
2775673,41.8742572908,-87.6580636792,1302185905.0,2775631,2775713
2775713,41.8742644247,-87.6577777236,1302185907.0,2775673,2775756
2775756,41.8742712968,-87.657501796,1302185909.0,2775713,2775801
2775801,41.8742776003,-87.6572388088,1302185911.0,2775756,2775845
2775845,41.8742823937,-87.6569827577,1302185913.0,2775801,2775890
2775890,41.8742871616,-87.6567250746,1302185915.0,2775845,2775931
2775931,41.8742883991,-87.6564643691,1302185917.0,2775890,2775974
2775974,41.8742935372,-87.6561927262,1302185919.0,2775931,2776018
2776018,41.8742974929,-87.655917632,1302185921.0,2775974,2776067
2776067,41.8743045898,-87.6556425728,1302185923.0,2776018,2776117
2776117,41.8743106394,-87.6553685948,1302185925.0,2776067,2776160
2776160,41.8743133955,-87.6550975452,1302185927.0,2776117,2776206
2776206,41.8743172452,-87.6548255794,1302185929.0,2776160,2776249
2776249,41.8743211093,-87.6545555902,1302185931.0,2776206,2776295
2776295,41.874327263,-87.6542856517,1302185933.0,2776249,2776341
2776341,41.8743276086,-87.6540185579,1302185935.0,2776295,2776393
2776393,41.8743313964,-87.6537545449,1302185937.0,2776341,2776442
2776442,41.8743362842,-87.6534945384,1302185939.0,2776393,2776489
2776489,41.8743424575,-87.6532505412,1302185941.0,2776442,2776557
2776557,41.8743485452,-87.6529096427,1302185944.0,2776489,2776629
2776629,41.8743572255,-87.652496801,1302185948.0,2776557,2776710
2776710,41.8743629421,-87.6522356444,1302185951.0,2776629,2776809
2776809,41.8743591834,-87.6519723713,1302185956.0,2776710,2777541
2777541,41.8743629887,-87.6517132871,1302185984.0,2776809,2777622
2777622,41.8743695277,-87.6514124495,1302185987.0,2777541,2777681
2777681,41.8743685782,-87.6511675124,1302185989.0,2777622,2777737
2777737,41.8743713748,-87.6509175509,1302185991.0,2777681,2777815
2777815,41.8743851054,-87.6505726861,1302185994.0,2777737,2777898
2777898,41.8743930927,-87.6501517168,1302185998.0,2777815,2777981
2777981,41.8744012088,-87.6498413798,1302186001.0,2777898,2778071
2778071,41.8744066797,-87.6495245153,1302186004.0,2777981,2778160
2778160,41.8744132895,-87.6492155699,1302186007.0,2778071,2778245
2778245,41.8744276112,-87.6488976324,1302186010.0,2778160,2778332
2778332,41.8744386746,-87.6485691117,1302186013.0,2778245,2778413
2778413,41.8744362583,-87.64825319,1302186016.0,2778332,2778506
2778506,41.8744218224,-87.6479474363,1302186019.0,2778413,2778592
2778592,41.8744082346,-87.6476710529,1302186022.0,2778506,2778769
2778769,41.874377941,-87.6474256362,1302186028.0,2778592,None
