60756025,41.8671055676,-87.6510345486,1302905844.0,None,60756111
60756111,41.8673204721,-87.6509696359,1302905848.0,60756025,60756161
60756161,41.8675959192,-87.6509799533,1302905851.0,60756111,60756203
60756203,41.8678098344,-87.6509917944,1302905853.0,60756161,60756242
60756242,41.8680368658,-87.6510025968,1302905855.0,60756203,60756273
60756273,41.8682878442,-87.6510095508,1302905857.0,60756242,60756310
60756310,41.8685608448,-87.651018582,1302905859.0,60756273,60756344
60756344,41.8688208146,-87.6510300848,1302905861.0,60756310,60756383
60756383,41.869054595,-87.6510468111,1302905863.0,60756344,60756430
60756430,41.8692436956,-87.6510773021,1302905865.0,60756383,60756455
60756455,41.8694343767,-87.6510718333,1302905868.0,60756430,60756550
60756550,41.8695181771,-87.6507779364,1302905872.0,60756455,60756622
60756622,41.8695112895,-87.650443964,1302905875.0,60756550,60756669
60756669,41.8695070463,-87.6501698303,1302905877.0,60756622,60756691
60756691,41.8695025705,-87.6498629002,1302905879.0,60756669,60756698
60756698,41.8695024551,-87.6495479553,1302905881.0,60756691,60756707
60756707,41.8695029196,-87.6492769502,1302905883.0,60756698,60756724
60756724,41.8695058474,-87.6489249444,1302905886.0,60756707,60756744
60756744,41.8695084784,-87.6486370003,1302905889.0,60756724,60756996
60756996,41.8695362103,-87.6483388195,1302905914.0,60756744,60757035
60757035,41.8695530037,-87.6480919403,1302905917.0,60756996,60757069
60757069,41.8695697895,-87.6478339598,1302905920.0,60757035,60757112
60757112,41.8696057089,-87.6475249069,1302905923.0,60757069,60757152
60757152,41.8696116453,-87.6472414225,1302905926.0,60757112,60757193
60757193,41.8694695048,-87.6470844077,1302905929.0,60757152,60757235
60757235,41.8692460896,-87.6470837448,1302905932.0,60757193,60757283
60757283,41.868976136,-87.6470775305,1302905935.0,60757235,60757310
60757310,41.8687871673,-87.647073063,1302905937.0,60757283,60757361
60757361,41.8685321161,-87.6470652628,1302905940.0,60757310,60757410
60757410,41.8683020004,-87.6470705385,1302905943.0,60757361,60757458
60757458,41.8680399256,-87.647076485,1302905946.0,60757410,60757513
60757513,41.8677930408,-87.6470747212,1302905949.0,60757458,60757857
60757857,41.8676031197,-87.6470586108,1302905968.0,60757513,60757975
60757975,41.8674079701,-87.6470643493,1302905974.0,60757857,60758053
60758053,41.867293981,-87.6473137718,1302905978.0,60757975,60758111
60758111,41.8672685267,-87.6476328484,1302905981.0,60758053,60758154
60758154,41.8672548391,-87.6478947973,1302905983.0,60758111,60758199
60758199,41.8672424444,-87.6481937307,1302905985.0,60758154,60758235
60758235,41.8672303777,-87.6485276665,1302905987.0,60758199,60758276
60758276,41.8672189393,-87.6488866766,1302905989.0,60758235,60758319
60758319,41.867211498,-87.6492416266,1302905991.0,60758276,60758360
60758360,41.8672030309,-87.6496077653,1302905993.0,60758319,60758404
60758404,41.8671975007,-87.6499777495,1302905995.0,60758360,60758445
60758445,41.8671927319,-87.6503398955,1302905997.0,60758404,60758489
60758489,41.8671906709,-87.6507018655,1302905999.0,60758445,60758535
60758535,41.8671880561,-87.6510811279,1302906001.0,60758489,60758582
60758582,41.8671750589,-87.6514562221,1302906003.0,60758535,60758608
60758608,41.8671677644,-87.6518098977,1302906005.0,60758582,60758631
60758631,41.8671607018,-87.6521266999,1302906007.0,60758608,60758673
60758673,41.8671559863,-87.6524016898,1302906009.0,60758631,60758725
60758725,41.8671511967,-87.6527016827,1302906012.0,60758673,60758810
60758810,41.8671450695,-87.652976695,1302906016.0,60758725,60758868
60758868,41.8671380414,-87.6532206789,1302906019.0,60758810,60758935
60758935,41.8671295967,-87.6535268735,1302906022.0,60758868,60758987
60758987,41.867124889,-87.6537708462,1302906024.0,60758935,60759037
60759037,41.8671187227,-87.6540458468,1302906026.0,60758987,60759081
60759081,41.8671096104,-87.6543350334,1302906028.0,60759037,60759130
60759130,41.8671039052,-87.6546230318,1302906030.0,60759081,60759177
60759177,41.8670921602,-87.6548952809,1302906032.0,60759130,60759223
60759223,41.8670886396,-87.6551701587,1302906034.0,60759177,60759272
60759272,41.8670873872,-87.6554410859,1302906036.0,60759223,60759322
60759322,41.8670854468,-87.6556999947,1302906038.0,60759272,60759376
60759376,41.867081769,-87.6559589467,1302906040.0,60759322,60759426
60759426,41.8670798561,-87.6562249719,1302906042.0,60759376,60759467
60759467,41.8670799808,-87.6565049303,1302906044.0,60759426,60759515
60759515,41.867077103,-87.6567938132,1302906046.0,60759467,60759567
60759567,41.8670729298,-87.6570919583,1302906048.0,60759515,60759617
60759617,41.867067996,-87.6573999417,1302906050.0,60759567,60759672
60759672,41.8670635401,-87.6577229694,1302906052.0,60759617,60759722
60759722,41.8670548148,-87.6580459803,1302906054.0,60759672,60759773
60759773,41.8670495137,-87.6583820059,1302906056.0,60759722,60759826
60759826,41.8670458775,-87.6587249522,1302906058.0,60759773,60759881
60759881,41.8670414726,-87.6590689251,1302906060.0,60759826,60759934
60759934,41.8670362584,-87.6594109372,1302906062.0,60759881,60759985
60759985,41.8670311527,-87.6597578992,1302906064.0,60759934,60760041
60760041,41.8670266178,-87.6601068909,1302906066.0,60759985,60760094
60760094,41.8670228785,-87.6604468425,1302906068.0,60760041,60760147
60760147,41.8670178991,-87.660765892,1302906070.0,60760094,60760200
60760200,41.8670145076,-87.6610689475,1302906072.0,60760147,60760257
60760257,41.8670112197,-87.6613729412,1302906074.0,60760200,60760316
60760316,41.8670077385,-87.6616929716,1302906076.0,60760257,60760375
60760375,41.8670014286,-87.6620338168,1302906078.0,60760316,60760428
60760428,41.8669947804,-87.6623798675,1302906080.0,60760375,60760481
60760481,41.8669874551,-87.6627179116,1302906082.0,60760428,60760531
60760531,41.8669824191,-87.6630449203,1302906084.0,60760481,60760585
60760585,41.866977904,-87.6633608924,1302906086.0,60760531,60760639
60760639,41.8669733982,-87.6636748936,1302906088.0,60760585,60760698
60760698,41.8669697117,-87.663995872,1302906090.0,60760639,60760758
60760758,41.8669660341,-87.6643188735,1302906092.0,60760698,60760817
60760817,41.866961914,-87.6646428552,1302906094.0,60760758,60760882
60760882,41.8669584536,-87.6649748736,1302906096.0,60760817,60760938
60760938,41.8669566493,-87.6653039041,1302906098.0,60760882,60760979
60760979,41.8669555345,-87.6656169219,1302906100.0,60760938,60760984
60760984,41.866955057,-87.665924982,1302906102.0,60760979,60760992
60760992,41.8669501118,-87.6662381334,1302906104.0,60760984,60761002
60761002,41.8669487229,-87.666562208,1302906106.0,60760992,60761014
60761014,41.8669448565,-87.6669079579,1302906108.0,60761002,60761027
60761027,41.8669424404,-87.6672650192,1302906110.0,60761014,60761041
60761041,41.8669454892,-87.6676020948,1302906112.0,60761027,60761049
60761049,41.8669508486,-87.6678991726,1302906114.0,60761041,60761067
60761067,41.8669547015,-87.6681982123,1302906116.0,60761049,60761083
60761083,41.8669554509,-87.6684801001,1302906118.0,60761067,60761112
60761112,41.8669707406,-87.668793665,1302906121.0,60761083,60761153
60761153,41.8671682264,-87.6689265502,1302906125.0,60761112,60761184
60761184,41.867395065,-87.6689247584,1302906128.0,60761153,60761208
60761208,41.8675840123,-87.6689247284,1302906130.0,60761184,60761230
60761230,41.8677989926,-87.6689298037,1302906132.0,60761208,60761254
60761254,41.8680389756,-87.6689334115,1302906134.0,60761230,60761280
60761280,41.8682909318,-87.6689382263,1302906136.0,60761254,60761304
60761304,41.8685249875,-87.6689505992,1302906138.0,60761280,60761330
60761330,41.8687350785,-87.6689576684,1302906140.0,60761304,60761371
60761371,41.868969191,-87.6689595333,1302906143.0,60761330,60761426
60761426,41.8691560029,-87.6689661045,1302906147.0,60761371,60761555
60761555,41.8692814178,-87.6691808985,1302906156.0,60761426,60761601
60761601,41.8692707545,-87.6695855646,1302906160.0,60761555,60761633
60761633,41.8692888775,-87.6698593808,1302906162.0,60761601,60761667
60761667,41.8692881443,-87.6701509427,1302906164.0,60761633,60761700
60761700,41.8692916568,-87.6704309218,1302906166.0,60761667,60761731
60761731,41.8692896984,-87.6706862056,1302906168.0,60761700,60761783
60761783,41.8693048711,-87.6710047199,1302906171.0,60761731,60761870
60761870,41.8692956614,-87.6712509033,1302906176.0,60761783,60762386
60762386,41.8693905455,-87.6715369405,1302906203.0,60761870,60762425
60762425,41.8693843687,-87.6718497745,1302906205.0,60762386,60762465
60762465,41.8693710474,-87.6721688489,1302906207.0,60762425,60762506
60762506,41.8693516695,-87.6724579815,1302906209.0,60762465,60762547
60762547,41.8693362004,-87.6727071292,1302906211.0,60762506,60762608
60762608,41.8693097068,-87.6729779703,1302906214.0,60762547,60762714
60762714,41.8694390114,-87.6732073251,1302906219.0,60762608,60762767
60762767,41.8696300029,-87.6732370473,1302906222.0,60762714,60762820
60762820,41.8698800428,-87.67327084,1302906225.0,60762767,60762862
60762862,41.8700860885,-87.6732796584,1302906227.0,60762820,60762895
60762895,41.8703149831,-87.6732880197,1302906229.0,60762862,60762938
60762938,41.870546018,-87.6732997928,1302906231.0,60762895,60762986
60762986,41.8707639831,-87.6733009552,1302906233.0,60762938,60763032
60763032,41.8709649824,-87.6732980653,1302906235.0,60762986,60763095
60763095,41.871225939,-87.6733120514,1302906238.0,60763032,60763160
60763160,41.8714231201,-87.673346401,1302906241.0,60763095,None
