82210555,41.8670617948,-87.6509697581,1302609583.0,None,82210726
82210726,41.8670840419,-87.6506997868,1302609588.0,82210555,82210834
82210834,41.8670780599,-87.6503738002,1302609591.0,82210726,82210900
82210900,41.8670766947,-87.6501098573,1302609593.0,82210834,82210971
82210971,41.8670780451,-87.6498188794,1302609595.0,82210900,82211031
82211031,41.8670813002,-87.6495198179,1302609597.0,82210971,82211104
82211104,41.8670828022,-87.6492258324,1302609599.0,82211031,82211178
82211178,41.8670858897,-87.6489298065,1302609601.0,82211104,82211252
82211252,41.8670883101,-87.6486068491,1302609603.0,82211178,82211323
82211323,41.867085336,-87.6482838985,1302609605.0,82211252,82211389
82211389,41.8670891983,-87.6479739621,1302609607.0,82211323,82211448
82211448,41.8670923273,-87.6476540186,1302609609.0,82211389,82211512
82211512,41.867093194,-87.647355769,1302609611.0,82211448,82211622
82211622,41.867096745,-87.6470593032,1302609614.0,82211512,82211795
82211795,41.8669318464,-87.6469303172,1302609619.0,82211622,82211904
82211904,41.866724888,-87.6469207877,1302609622.0,82211795,82212011
82212011,41.8664749115,-87.6469091651,1302609625.0,82211904,82212076
82212076,41.8662949959,-87.6468998407,1302609627.0,82212011,82212177
82212177,41.8660500272,-87.6468936889,1302609630.0,82212076,82212277
82212277,41.8658550572,-87.6469119865,1302609634.0,82212177,82212987
82212987,41.8656577735,-87.6468884569,1302609658.0,82212277,82213124
82213124,41.865434878,-87.6468688847,1302609662.0,82212987,82213225
82213225,41.865201903,-87.646860179,1302609665.0,82213124,82213329
82213329,41.8649489063,-87.646846421,1302609668.0,82213225,82213425
82213425,41.8646869522,-87.6468314609,1302609671.0,82213329,82213493
82213493,41.8644769485,-87.6468230293,1302609673.0,82213425,82213563
82213563,41.8642528378,-87.6468208296,1302609675.0,82213493,82213632
82213632,41.8640229142,-87.6468110861,1302609677.0,82213563,82213706
82213706,41.8637849632,-87.6467995493,1302609679.0,82213632,82213773
82213773,41.8635449676,-87.6467959823,1302609681.0,82213706,82213836
82213836,41.8632969662,-87.646785967,1302609683.0,82213773,82213905
82213905,41.8630470164,-87.6467776733,1302609685.0,82213836,82213977
82213977,41.862827996,-87.6467723105,1302609687.0,82213905,82214047
82214047,41.8626079038,-87.6467833834,1302609690.0,82213977,82214430
82214430,41.8624253672,-87.6468072325,1302609711.0,82214047,82214575
82214575,41.8623802821,-87.6470504303,1302609715.0,82214430,82214679
82214679,41.8623837942,-87.6473910109,1302609718.0,82214575,82214737
82214737,41.8623860578,-87.6476569682,1302609720.0,82214679,82214797
82214797,41.8623802097,-87.6479099515,1302609722.0,82214737,82214893
82214893,41.8623748059,-87.648264932,1302609725.0,82214797,82214994
82214994,41.8623762927,-87.6485699019,1302609728.0,82214893,82215251
82215251,41.8623598931,-87.6488119921,1302609735.0,82214994,82215348
82215348,41.8623497354,-87.6490569854,1302609738.0,82215251,82215449
82215449,41.8623412048,-87.6493839244,1302609741.0,82215348,82215551
82215551,41.8623378052,-87.6497379407,1302609744.0,82215449,82215656
82215656,41.8623309738,-87.6500839117,1302609747.0,82215551,82215728
82215728,41.8623279081,-87.6503369274,1302609749.0,82215656,82215832
82215832,41.8623294034,-87.6506384819,1302609752.0,82215728,82216112
82216112,41.8623682942,-87.6508875825,1302609760.0,82215832,82216263
82216263,41.8625831867,-87.6509092405,1302609768.0,82216112,82216305
82216305,41.8628101258,-87.6509247202,1302609771.0,82216263,82216342
82216342,41.8629911638,-87.6509322553,1302609773.0,82216305,82216411
82216411,41.8632361372,-87.650935717,1302609776.0,82216342,82216563
82216563,41.8634250939,-87.6509400067,1302609780.0,82216411,82216815
82216815,41.8636376257,-87.6509495018,1302609787.0,82216563,82216910
82216910,41.8638601073,-87.650961151,1302609790.0,82216815,82217006
82217006,41.8641091024,-87.6509667571,1302609793.0,82216910,82217079
82217079,41.8642900735,-87.6509691177,1302609795.0,82217006,82217128
82217128,41.8644730506,-87.6509761879,1302609797.0,82217079,82217198
82217198,41.8646871736,-87.6509831918,1302609800.0,82217128,82217350
82217350,41.8648900933,-87.650991976,1302609806.0,82217198,82217441
82217441,41.8651170651,-87.6509906976,1302609809.0,82217350,82217507
82217507,41.8653150832,-87.6509975491,1302609811.0,82217441,82217579
82217579,41.8655330886,-87.6510037404,1302609813.0,82217507,82217633
82217633,41.8657570925,-87.651010716,1302609815.0,82217579,82217647
82217647,41.8659870893,-87.6510194546,1302609817.0,82217633,82217713
82217713,41.8662100745,-87.6510256735,1302609819.0,82217647,82217778
82217778,41.8664241274,-87.651031148,1302609821.0,82217713,82217841
82217841,41.8666100832,-87.6510387878,1302609823.0,82217778,82217919
82217919,41.8668440533,-87.6510521542,1302609826.0,82217841,82217966
82217966,41.8670275653,-87.6510672059,1302609829.0,82217919,82218218
82218218,41.8671909648,-87.6511833477,1302609838.0,82217966,82218309
82218309,41.8671984081,-87.6514249722,1302609841.0,82218218,82218403
82218403,41.8671862441,-87.651737702,1302609844.0,82218309,82218502
82218502,41.8671711397,-87.6520855773,1302609847.0,82218403,82218608
82218608,41.8671661392,-87.6524215668,1302609850.0,82218502,82218752
82218752,41.8671597017,-87.6527105725,1302609854.0,82218608,82219275
82219275,41.8671471343,-87.6529616602,1302609869.0,82218752,82219382
82219382,41.8671424903,-87.6532356055,1302609872.0,82219275,82219485
82219485,41.8671345737,-87.6535746798,1302609875.0,82219382,82219557
82219557,41.867127884,-87.6538447374,1302609877.0,82219485,82219627
82219627,41.8671214013,-87.6541567423,1302609879.0,82219557,82219690
82219690,41.8671147615,-87.6544827299,1302609881.0,82219627,82219759
82219759,41.8671057722,-87.6548236773,1302609883.0,82219690,82219818
82219818,41.8670976196,-87.6551788255,1302609885.0,82219759,82219886
82219886,41.8670910221,-87.6555299316,1302609887.0,82219818,82219959
82219959,41.867085188,-87.6558778765,1302609889.0,82219886,82220031
82220031,41.867080162,-87.6561969831,1302609891.0,82219959,82220091
82220091,41.8670767292,-87.6564497964,1302609893.0,82220031,82220230
82220230,41.8671328861,-87.6566737638,1302609897.0,82220091,82220440
82220440,41.8673571658,-87.6566936962,1302609903.0,82220230,82220544
82220544,41.8676002314,-87.656712571,1302609906.0,82220440,82220608
82220608,41.8678091243,-87.6567246099,1302609908.0,82220544,82220677
82220677,41.8680411048,-87.6567295341,1302609910.0,82220608,82220745
82220745,41.8682841421,-87.6567383073,1302609912.0,82220677,82220816
82220816,41.8685011138,-87.6567463615,1302609914.0,82220745,82220884
82220884,41.8686830688,-87.6567499247,1302609916.0,82220816,82221028
82221028,41.8688670038,-87.6567494438,1302609920.0,82220884,82221194
82221194,41.8690779387,-87.6567579145,1302609925.0,82221028,82221296
82221296,41.8693465749,-87.6567623338,1302609928.0,82221194,82221399
82221399,41.8695989415,-87.656775196,1302609931.0,82221296,82221505
82221505,41.8698277113,-87.6567986936,1302609934.0,82221399,82221609
82221609,41.8700604134,-87.6568331484,1302609937.0,82221505,82221706
82221706,41.8703362173,-87.6568463389,1302609940.0,82221609,82221770
82221770,41.8705292186,-87.656848026,1302609942.0,82221706,82221838
82221838,41.8707192908,-87.6568455474,1302609944.0,82221770,82221915
82221915,41.8709043234,-87.6568505323,1302609946.0,82221838,82221985
82221985,41.8710883146,-87.65685134,1302609948.0,82221915,82222093
82222093,41.8713532893,-87.6568459111,1302609951.0,82221985,82222144
82222144,41.8715361189,-87.6568464801,1302609953.0,82222093,82222201
82222201,41.8717197966,-87.6568452846,1302609955.0,82222144,82222233
82222233,41.8719405351,-87.6568400639,1302609958.0,82222201,82222291
82222291,41.872127525,-87.6568307231,1302609962.0,82222233,82222415
82222415,41.8723095562,-87.6568377162,1302609967.0,82222291,82222504
82222504,41.8725605654,-87.6568276795,1302609970.0,82222415,82222566
82222566,41.872767459,-87.6568167203,1302609972.0,82222504,82222633
82222633,41.8729842528,-87.65680375,1302609974.0,82222566,82222695
82222695,41.8732066218,-87.6567954604,1302609976.0,82222633,82222757
82222757,41.8734229696,-87.6567812098,1302609978.0,82222695,82222825
82222825,41.8736311054,-87.6567556646,1302609980.0,82222757,82222930
82222930,41.8738590442,-87.6567395459,1302609983.0,82222825,82223100
82223100,41.8740477599,-87.6567273958,1302609988.0,82222930,None
