64812631,41.8693232823,-87.6706561057,1301666059.0,None,64813492
64813492,41.8692674869,-87.6709154869,1301666085.0,64812631,64814060
64814060,41.8692685236,-87.6711587247,1301666102.0,64813492,64814678
64814678,41.8692589317,-87.671413667,1301666120.0,64814060,64814927
64814927,41.8690909675,-87.6715702205,1301666127.0,64814678,64815034
64815034,41.8688311058,-87.6715740427,1301666130.0,64814927,64815099
64815099,41.8686349876,-87.6715727643,1301666132.0,64815034,64815168
64815168,41.8684219862,-87.6715796831,1301666134.0,64815099,64815246
64815246,41.8682019964,-87.6715825626,1301666136.0,64815168,64815326
64815326,41.8679770013,-87.6715764539,1301666138.0,64815246,64815403
64815403,41.8677480107,-87.6715653892,1301666140.0,64815326,64815474
64815474,41.8675280165,-87.6715513396,1301666142.0,64815403,64815538
64815538,41.8673180249,-87.6715261463,1301666144.0,64815474,64815614
64815614,41.8671340365,-87.6715013173,1301666146.0,64815538,64815731
64815731,41.8669243034,-87.6714498657,1301666149.0,64815614,64815872
64815872,41.8667799251,-87.6712120966,1301666153.0,64815731,64815987
64815987,41.8667754091,-87.6708829451,1301666156.0,64815872,64816064
64816064,41.8667805832,-87.6706009585,1301666158.0,64815987,64816134
64816134,41.8667887053,-87.6702899822,1301666160.0,64816064,64816204
64816204,41.8667948142,-87.669960988,1301666162.0,64816134,64816278
64816278,41.866801809,-87.6696399764,1301666164.0,64816204,64816352
64816352,41.8668039077,-87.6693339539,1301666166.0,64816278,64816426
64816426,41.8668040936,-87.669038741,1301666168.0,64816352,64816497
64816497,41.8668002529,-87.6687542921,1301666170.0,64816426,64816573
64816573,41.866795072,-87.6684799641,1301666172.0,64816497,64816645
64816645,41.8667907681,-87.6682209686,1301666174.0,64816573,64816723
64816723,41.8667899855,-87.6679749958,1301666176.0,64816645,64816799
64816799,41.8667910098,-87.6677250172,1301666178.0,64816723,64816870
64816870,41.8667931884,-87.667466064,1301666180.0,64816799,64816945
64816945,41.8667960738,-87.6671940655,1301666182.0,64816870,64817017
64817017,41.866798654,-87.666914032,1301666184.0,64816945,64817089
64817089,41.8668005542,-87.6666250671,1301666186.0,64817017,64817166
64817166,41.8668000896,-87.6663453025,1301666188.0,64817089,64817239
64817239,41.8668009213,-87.6660550654,1301666190.0,64817166,64817312
64817312,41.8668048348,-87.6657650671,1301666192.0,64817239,64817389
64817389,41.8668097855,-87.6654680626,1301666194.0,64817312,64817466
64817466,41.866815485,-87.6651700196,1301666196.0,64817389,64817542
64817542,41.8668190264,-87.6648670377,1301666198.0,64817466,64817602
64817602,41.8668281883,-87.6645579426,1301666200.0,64817542,64817606
64817606,41.8668343925,-87.6642369106,1301666202.0,64817602,64817614
64817614,41.8668402529,-87.6639099176,1301666204.0,64817606,64817624
64817624,41.8668448693,-87.663583936,1301666206.0,64817614,64817636
64817636,41.8668529104,-87.6632659067,1301666208.0,64817624,64817649
64817649,41.8668581016,-87.6629449239,1301666210.0,64817636,64817663
64817663,41.8668610041,-87.6626149503,1301666212.0,64817649,64817679
64817679,41.8668629611,-87.6622819697,1301666214.0,64817663,64817695
64817695,41.866864759,-87.6619609913,1301666216.0,64817679,64817713
64817713,41.8668706329,-87.6616500936,1301666218.0,64817695,64817731
64817731,41.8668751113,-87.6613190332,1301666220.0,64817713,64817751
64817751,41.8668792418,-87.6609850338,1301666222.0,64817731,64817771
64817771,41.8668819692,-87.6606590095,1301666224.0,64817751,64817792
64817792,41.8668893818,-87.6603379765,1301666226.0,64817771,64817814
64817814,41.8668976562,-87.660025954,1301666228.0,64817792,64817836
64817836,41.866901287,-87.6597200023,1301666230.0,64817814,64817860
64817860,41.8669070429,-87.659421015,1301666232.0,64817836,64817884
64817884,41.866912803,-87.6591129814,1301666234.0,64817860,64817908
64817908,41.8669184183,-87.6588009712,1301666236.0,64817884,64817934
64817934,41.866922549,-87.6584760061,1301666238.0,64817908,64817960
64817960,41.8669260118,-87.6581509971,1301666240.0,64817934,64817986
64817986,41.8669286212,-87.6578690323,1301666242.0,64817960,64818028
64818028,41.866934496,-87.657565054,1301666245.0,64817986,64818084
64818084,41.8669370167,-87.6573040247,1301666249.0,64818028,64818519
64818519,41.866939607,-87.6570580548,1301666276.0,64818084,64818574
64818574,41.8669483842,-87.656802023,1301666279.0,64818519,64818629
64818629,41.8669532473,-87.6564351712,1301666282.0,64818574,64818667
64818667,41.8669565937,-87.6561659179,1301666284.0,64818629,64818704
64818704,41.8669605697,-87.6558877813,1301666286.0,64818667,64818743
64818743,41.8669641383,-87.6556098536,1301666288.0,64818704,64818780
64818780,41.8669673506,-87.6553369042,1301666290.0,64818743,64818819
64818819,41.8669692419,-87.6550669219,1301666292.0,64818780,64818857
64818857,41.8669720941,-87.6548048646,1301666294.0,64818819,64818898
64818898,41.8669749179,-87.6545609318,1301666296.0,64818857,64818955
64818955,41.866978424,-87.654284001,1301666299.0,64818898,64819489
64819489,41.8669731503,-87.6540200824,1301666325.0,64818955,64819560
64819560,41.8669774108,-87.6536892011,1301666329.0,64819489,64819594
64819594,41.8669858081,-87.6533341552,1301666332.0,64819560,64819633
64819633,41.8669916146,-87.6530550064,1301666334.0,64819594,64819664
64819664,41.8669957905,-87.6527580011,1301666336.0,64819633,64819701
64819701,41.8669989691,-87.6524590313,1301666338.0,64819664,64819740
64819740,41.8670030742,-87.6521550044,1301666340.0,64819701,64819786
64819786,41.8670063444,-87.6518591364,1301666342.0,64819740,64819829
64819829,41.8670123403,-87.6515626518,1301666344.0,64819786,64819875
64819875,41.8670147406,-87.6512615071,1301666346.0,64819829,64819919
64819919,41.8670220878,-87.6509528328,1301666348.0,64819875,64819966
64819966,41.8670276568,-87.6506548569,1301666350.0,64819919,64820011
64820011,41.8670318953,-87.6504039072,1301666352.0,64819966,64820084
64820084,41.8670312533,-87.6501089718,1301666355.0,64820011,64820179
64820179,41.8670266847,-87.6498310108,1301666359.0,64820084,64820745
64820745,41.867031636,-87.6495729445,1301666382.0,64820179,64820856
64820856,41.8670385363,-87.6492429418,1301666386.0,64820745,64820936
64820936,41.8670473874,-87.6488759369,1301666389.0,64820856,64820986
64820986,41.8670533123,-87.64859694,1301666391.0,64820936,64821037
64821037,41.8670591934,-87.6482969576,1301666393.0,64820986,64821091
64821091,41.8670649328,-87.6479829958,1301666395.0,64821037,64821147
64821147,41.8670815625,-87.6476700408,1301666397.0,64821091,64821201
64821201,41.8670984094,-87.6473837352,1301666399.0,64821147,64821277
64821277,41.8671140691,-87.6470774025,1301666402.0,64821201,64821414
64821414,41.8671150376,-87.6468253843,1301666407.0,64821277,64821861
64821861,41.8673230059,-87.6467244753,1301666423.0,64821414,64821953
64821953,41.8675730036,-87.6467565533,1301666426.0,64821861,64822008
64822008,41.8677760001,-87.6467735893,1301666428.0,64821953,64822063
64822063,41.8679880048,-87.6467816142,1301666430.0,64822008,64822120
64822120,41.8682060071,-87.6467875786,1301666432.0,64822063,64822175
64822175,41.868434014,-87.6467935554,1301666434.0,64822120,64822233
64822233,41.8686590149,-87.646798599,1301666436.0,64822175,64822296
64822296,41.8688569994,-87.6468036401,1301666438.0,64822233,64822391
64822391,41.8690759964,-87.6468086372,1301666441.0,64822296,64822529
64822529,41.8692779794,-87.646813704,1301666446.0,64822391,64822864
64822864,41.869485886,-87.6468284766,1301666457.0,64822529,64822950
64822950,41.8697207973,-87.6468352877,1301666460.0,64822864,64823006
64823006,41.8699230571,-87.6468441624,1301666462.0,64822950,64823061
64823061,41.8701440305,-87.6468492036,1301666464.0,64823006,64823123
64823123,41.870379029,-87.6468555611,1301666466.0,64823061,64823186
64823186,41.870617,-87.6468627413,1301666468.0,64823123,64823252
64823252,41.8708600129,-87.646871781,1301666470.0,64823186,64823313
64823313,41.8711040211,-87.6468809432,1301666472.0,64823252,64823368
64823368,41.8713420522,-87.646884087,1301666474.0,64823313,64823412
64823412,41.8715719533,-87.6468874831,1301666476.0,64823368,64823473
64823473,41.8717949468,-87.6468950471,1301666478.0,64823412,64823533
64823533,41.8720150106,-87.646901237,1301666480.0,64823473,64823598
64823598,41.8722520541,-87.6469022238,1301666482.0,64823533,64823666
64823666,41.8725039893,-87.6469084891,1301666484.0,64823598,64823734
64823734,41.8727609757,-87.6469205106,1301666486.0,64823666,64823797
64823797,41.8730169069,-87.6469295476,1301666488.0,64823734,64823867
64823867,41.8732528756,-87.6469423007,1301666490.0,64823797,64823923
64823923,41.8734608851,-87.6469517798,1301666492.0,64823867,64824014
64824014,41.8737119328,-87.6469602042,1301666495.0,64823923,64824137
64824137,41.8739279612,-87.6469579726,1301666499.0,64824014,None
