70233817,41.8714844087,-87.6733656145,1302723194.0,None,70234167
70234167,41.8714769344,-87.6730733633,1302723205.0,70233817,70234301
70234301,41.8714858228,-87.6727792548,1302723209.0,70234167,70234393
70234393,41.8714880545,-87.6725052544,1302723212.0,70234301,70234487
70234487,41.8714856527,-87.6722080455,1302723215.0,70234393,70234593
70234593,41.8714838861,-87.6719558383,1302723218.0,70234487,70234721
70234721,41.8714852946,-87.6716800289,1302723222.0,70234593,70234818
70234818,41.8714991474,-87.6714260757,1302723225.0,70234721,70234920
70234920,41.8715131993,-87.6711252863,1302723228.0,70234818,70235012
70235012,41.8715246552,-87.6708032213,1302723231.0,70234920,70235111
70235111,41.8715274351,-87.670494002,1302723234.0,70235012,70235215
70235215,41.8715258232,-87.6702429098,1302723237.0,70235111,70236030
70236030,41.8715310499,-87.6700012157,1302723262.0,70235215,70236181
70236181,41.8715665201,-87.6697573806,1302723267.0,70236030,70236310
70236310,41.8715948612,-87.6694867725,1302723271.0,70236181,70236459
70236459,41.8715893801,-87.6692282272,1302723276.0,70236310,70236971
70236971,41.8714491133,-87.6690540756,1302723292.0,70236459,70237111
70237111,41.8712677057,-87.6690569541,1302723296.0,70236971,70237205
70237205,41.8710497179,-87.6690453784,1302723299.0,70237111,70237265
70237265,41.8708648448,-87.6690367563,1302723301.0,70237205,70237331
70237331,41.8706579675,-87.6690284798,1302723303.0,70237265,70237396
70237396,41.8704419871,-87.6690232331,1302723305.0,70237331,70237460
70237460,41.8702369106,-87.6690190815,1302723307.0,70237396,70237523
70237523,41.8700419113,-87.6690163381,1302723309.0,70237460,70237591
70237591,41.8698559204,-87.6690123661,1302723311.0,70237523,70237691
70237691,41.869607923,-87.6690136422,1302723314.0,70237591,70238317
70238317,41.8694107021,-87.6690230414,1302723341.0,70237691,70238446
70238446,41.8691878099,-87.6690181843,1302723356.0,70238317,70238489
70238489,41.8689479372,-87.6690043075,1302723360.0,70238446,70238523
70238523,41.8687429582,-87.6689938157,1302723363.0,70238489,70238559
70238559,41.8685059009,-87.6689816986,1302723366.0,70238523,70238595
70238595,41.8681679235,-87.6689660824,1302723370.0,70238559,70238637
70238637,41.8679229103,-87.6689590884,1302723373.0,70238595,70238675
70238675,41.8676899089,-87.6689548226,1302723376.0,70238637,70238719
70238719,41.8674758795,-87.6689513602,1302723379.0,70238675,70238775
70238775,41.8672728671,-87.6689489525,1302723383.0,70238719,70238838
70238838,41.867070711,-87.6689497188,1302723387.0,70238775,70238898
70238898,41.8668683155,-87.6689193518,1302723391.0,70238838,70238979
70238979,41.8667827217,-87.6686631619,1302723396.0,70238898,70239028
70239028,41.8667867984,-87.6683869687,1302723399.0,70238979,70239063
70239063,41.8667900191,-87.6681449878,1302723401.0,70239028,70239097
70239097,41.8667929617,-87.6678959728,1302723403.0,70239063,70239147
70239147,41.8667964141,-87.6675530085,1302723406.0,70239097,70239202
70239202,41.8667999777,-87.6672980421,1302723409.0,70239147,70239349
70239349,41.8668006678,-87.6670080161,1302723417.0,70239202,70239424
70239424,41.8668024914,-87.6666600413,1302723421.0,70239349,70239481
70239481,41.8668028747,-87.6662942287,1302723424.0,70239424,70239521
70239521,41.8668045447,-87.6660280378,1302723426.0,70239481,70239559
70239559,41.8668085181,-87.6657430314,1302723428.0,70239521,70239598
70239598,41.8668142053,-87.6654470205,1302723430.0,70239559,70239639
70239639,41.8668190775,-87.6651619705,1302723432.0,70239598,70239680
70239680,41.8668217584,-87.6648780004,1302723434.0,70239639,70239722
70239722,41.8668267026,-87.6645779634,1302723436.0,70239680,70239763
70239763,41.8668314409,-87.6642729499,1302723438.0,70239722,70239802
70239802,41.8668378495,-87.6639669347,1302723440.0,70239763,70239844
70239844,41.8668437216,-87.6636609328,1302723442.0,70239802,70239886
70239886,41.866849673,-87.6633479259,1302723444.0,70239844,70239928
70239928,41.8668569449,-87.6630279196,1302723446.0,70239886,70239975
70239975,41.8668641347,-87.6626998989,1302723448.0,70239928,70240015
70240015,41.8668712596,-87.6623708662,1302723450.0,70239975,70240055
70240055,41.8668761315,-87.6620418868,1302723452.0,70240015,70240086
70240086,41.8668819397,-87.6617149359,1302723454.0,70240055,70240127
70240127,41.8668909638,-87.6613808677,1302723456.0,70240086,70240170
70240170,41.8668958702,-87.6610358478,1302723458.0,70240127,70240203
70240203,41.8668996058,-87.6606868315,1302723460.0,70240170,70240220
70240220,41.866903381,-87.6603468151,1302723462.0,70240203,70240245
70240245,41.8669087147,-87.6600138328,1302723464.0,70240220,70240277
70240277,41.8669159553,-87.6596858301,1302723466.0,70240245,70240313
70240313,41.866922663,-87.6593498413,1302723468.0,70240277,70240353
70240353,41.8669307109,-87.6590128307,1302723470.0,70240313,70240402
70240402,41.8669342334,-87.6586758478,1302723472.0,70240353,70240451
70240451,41.8669407833,-87.6583388539,1302723474.0,70240402,70240501
70240501,41.866945214,-87.6580018137,1302723476.0,70240451,70240541
70240541,41.8669497599,-87.6576698702,1302723478.0,70240501,70240580
70240580,41.8669545165,-87.6573438448,1302723480.0,70240541,70240621
70240621,41.8669619698,-87.6570198367,1302723482.0,70240580,70240671
70240671,41.8669673467,-87.6567019937,1302723484.0,70240621,70240719
70240719,41.8669689528,-87.6563930616,1302723486.0,70240671,70240770
70240770,41.8669723625,-87.6560966626,1302723488.0,70240719,70240817
70240817,41.8669762205,-87.6558335698,1302723490.0,70240770,70240879
70240879,41.866979728,-87.6555196773,1302723493.0,70240817,70240968
70240968,41.8669833378,-87.6552257121,1302723497.0,70240879,70241167
70241167,41.8669863278,-87.6549636365,1302723505.0,70240968,70241294
70241294,41.8669934185,-87.6547124938,1302723510.0,70241167,70241397
70241397,41.8669991435,-87.6544076591,1302723514.0,70241294,70241475
70241475,41.8670054792,-87.6541157916,1302723517.0,70241397,70241552
70241552,41.8670104082,-87.6538066843,1302723520.0,70241475,70241631
70241631,41.867014097,-87.6535008329,1302723523.0,70241552,70241710
70241710,41.8670179548,-87.6532188056,1302723526.0,70241631,70241811
70241811,41.8670240365,-87.65294679,1302723530.0,70241710,70242576
70242576,41.8670363756,-87.6526757085,1302723558.0,70241811,70242751
70242751,41.8670431141,-87.6524116626,1302723564.0,70242576,70243037
70243037,41.8670478055,-87.6521466374,1302723574.0,70242751,70243156
70243156,41.8670504916,-87.6518176934,1302723578.0,70243037,70243250
70243250,41.8670636636,-87.6515237503,1302723581.0,70243156,70243339
70243339,41.8670761167,-87.651276927,1302723584.0,70243250,70243496
70243496,41.867150486,-87.6510367585,1302723589.0,70243339,70243608
70243608,41.8673981228,-87.6509836311,1302723593.0,70243496,70243697
70243697,41.8676459823,-87.6509944056,1302723596.0,70243608,70243792
70243792,41.867886881,-87.651001736,1302723599.0,70243697,70244233
70244233,41.868079876,-87.651006732,1302723614.0,70243792,70244400
70244400,41.8683119511,-87.6510255467,1302723619.0,70244233,70244499
70244499,41.8685759561,-87.6510344168,1302723622.0,70244400,70244562
70244562,41.8687809116,-87.6510381986,1302723624.0,70244499,70244623
70244623,41.8689797532,-87.6510445588,1302723626.0,70244562,70244679
70244679,41.8691614144,-87.6510565719,1302723628.0,70244623,70244772
70244772,41.8693673155,-87.6510844742,1302723631.0,70244679,70244898
70244898,41.8695218497,-87.6509452832,1302723635.0,70244772,70245006
70245006,41.8695049539,-87.6506129914,1302723639.0,70244898,70245097
70245097,41.8694958636,-87.6502578757,1302723642.0,70245006,70245162
70245162,41.8694981314,-87.6499758882,1302723644.0,70245097,70245228
70245228,41.8695005084,-87.6496809378,1302723646.0,70245162,70245298
70245298,41.8694994629,-87.6493959638,1302723648.0,70245228,70245360
70245360,41.8694998076,-87.6491249496,1302723650.0,70245298,70245424
70245424,41.8694977814,-87.6488809563,1302723652.0,70245360,70245511
70245511,41.8694995082,-87.64860803,1302723655.0,70245424,70246308
70246308,41.8694933206,-87.6483591498,1302723679.0,70245511,70246497
70246497,41.8695015879,-87.648036164,1302723685.0,70246308,70246590
70246590,41.8695034994,-87.6477741596,1302723688.0,70246497,70246699
70246699,41.8695029467,-87.6475260617,1302723691.0,70246590,70246964
70246964,41.8695114065,-87.6472806041,1302723698.0,70246699,70247676
70247676,41.8693915584,-87.6470642684,1302723718.0,70246964,70247812
70247812,41.8692099541,-87.647073716,1302723722.0,70247676,70248362
70248362,41.8690230464,-87.6470688654,1302723738.0,70247812,70248468
70248468,41.8688410815,-87.6470645482,1302723741.0,70248362,70248571
70248571,41.8685830887,-87.6470571004,1302723744.0,70248468,70248651
70248651,41.8683860423,-87.6470524487,1302723746.0,70248571,70248723
70248723,41.8681860269,-87.6470539631,1302723748.0,70248651,70248798
70248798,41.8679980731,-87.6470593672,1302723750.0,70248723,70248907
70248907,41.8677370664,-87.6470710813,1302723753.0,70248798,70249012
70249012,41.8675562081,-87.6470718206,1302723756.0,70248907,70249793
70249793,41.8673745649,-87.6470715568,1302723781.0,70249012,None
