62068206,41.8672671191,-87.6470159856,1303516811.0,None,62068933
62068933,41.8671285988,-87.647170007,1303516831.0,62068206,62069042
62069042,41.867138397,-87.6474154034,1303516834.0,62068933,62069150
62069150,41.8671538771,-87.6477401804,1303516837.0,62069042,62069219
62069219,41.8671571895,-87.6479842001,1303516839.0,62069150,62069290
62069290,41.8671615537,-87.6482262421,1303516841.0,62069219,62069403
62069403,41.8671616307,-87.6485762814,1303516844.0,62069290,62069513
62069513,41.8671530331,-87.6488622721,1303516847.0,62069403,62069683
62069683,41.8671437767,-87.6491292794,1303516852.0,62069513,62070271
62070271,41.8671729825,-87.6494230815,1303516868.0,62069683,62070424
62070424,41.8671861229,-87.649749953,1303516872.0,62070271,62070535
62070535,41.8672022618,-87.650011738,1303516875.0,62070424,62070675
62070675,41.8672101577,-87.6503178555,1303516879.0,62070535,62070888
62070888,41.8671959575,-87.6505687578,1303516885.0,62070675,62071296
62071296,41.8671951176,-87.6508627071,1303516896.0,62070888,62071408
62071408,41.8672086926,-87.6511542288,1303516899.0,62071296,62071523
62071523,41.8672186556,-87.6515237434,1303516902.0,62071408,62071587
62071587,41.867218858,-87.6518037176,1303516904.0,62071523,62071660
62071660,41.8672020127,-87.6520945946,1303516906.0,62071587,62071730
62071730,41.8671762276,-87.6523795716,1303516908.0,62071660,62071802
62071802,41.8671535808,-87.6526356557,1303516910.0,62071730,62071895
62071895,41.867129464,-87.652939115,1303516913.0,62071802,62072008
62072008,41.8671184162,-87.6532054237,1303516916.0,62071895,62072124
62072124,41.8671183377,-87.6535163638,1303516919.0,62072008,62072210
62072210,41.8671157801,-87.653772224,1303516921.0,62072124,62072286
62072286,41.8671135467,-87.6540540318,1303516923.0,62072210,62072359
62072359,41.867107827,-87.6543410991,1303516925.0,62072286,62072421
62072421,41.8671005417,-87.6546312032,1303516927.0,62072359,62072489
62072489,41.8670890008,-87.6549293644,1303516929.0,62072421,62072559
62072559,41.8670792203,-87.6552243878,1303516931.0,62072489,62072633
62072633,41.8670742173,-87.6554973969,1303516933.0,62072559,62072704
62072704,41.8670669019,-87.6557514389,1303516935.0,62072633,62072819
62072819,41.8670555339,-87.6560614529,1303516938.0,62072704,62072976
62072976,41.8670583568,-87.6563232592,1303516942.0,62072819,62073865
62073865,41.8670673793,-87.6565923365,1303516967.0,62072976,62073970
62073970,41.8670634701,-87.6568471266,1303516970.0,62073865,62074033
62074033,41.8670631147,-87.657196068,1303516973.0,62073970,62074040
62074040,41.8670588583,-87.6574660579,1303516975.0,62074033,62074049
62074049,41.8670557848,-87.657756073,1303516977.0,62074040,62074060
62074060,41.86705126,-87.6580590272,1303516979.0,62074049,62074072
62074072,41.867045596,-87.6583740621,1303516981.0,62074060,62074086
62074086,41.8670340501,-87.6586981164,1303516983.0,62074072,62074101
62074101,41.8670238749,-87.6590302053,1303516985.0,62074086,62074117
62074117,41.867014422,-87.6593612433,1303516987.0,62074101,62074134
62074134,41.8670085543,-87.6596912381,1303516989.0,62074117,62074152
62074152,41.8670010706,-87.6600152675,1303516991.0,62074134,62074171
62074171,41.8669898974,-87.6603233285,1303516993.0,62074152,62074191
62074191,41.8669719501,-87.660589403,1303516995.0,62074171,62074222
62074222,41.8669561225,-87.6609163745,1303516998.0,62074191,62074266
62074266,41.8669470545,-87.6612202964,1303517002.0,62074222,62074661
62074661,41.8669700389,-87.6614653275,1303517031.0,62074266,62074726
62074726,41.8669747823,-87.6617132845,1303517035.0,62074661,62074774
62074774,41.866977173,-87.6620201809,1303517038.0,62074726,62074810
62074810,41.8669750254,-87.6622691697,1303517040.0,62074774,62074845
62074845,41.8669721418,-87.6625411531,1303517042.0,62074810,62074877
62074877,41.8669719282,-87.6628370903,1303517044.0,62074845,62074912
62074912,41.8669701894,-87.6631510736,1303517046.0,62074877,62074947
62074947,41.8669660825,-87.6634750248,1303517048.0,62074912,62074986
62074986,41.8669595297,-87.6638040596,1303517050.0,62074947,62075019
62075019,41.8669522778,-87.6641340737,1303517052.0,62074986,62075055
62075055,41.8669473598,-87.6644670645,1303517054.0,62075019,62075092
62075092,41.8669398074,-87.664803093,1303517056.0,62075055,62075131
62075131,41.8669334718,-87.6651421253,1303517058.0,62075092,62075171
62075171,41.8669295438,-87.6654791625,1303517060.0,62075131,62075209
62075209,41.8669281126,-87.665813071,1303517062.0,62075171,62075246
62075246,41.866929934,-87.6661470797,1303517064.0,62075209,62075285
62075285,41.8669338172,-87.6664805152,1303517066.0,62075246,62075326
62075326,41.8669367592,-87.6668149724,1303517068.0,62075285,62075368
62075368,41.8669351687,-87.6671590378,1303517070.0,62075326,62075408
62075408,41.8669326995,-87.6675000392,1303517072.0,62075368,62075446
62075446,41.8669330234,-87.6678309882,1303517074.0,62075408,62075487
62075487,41.8669356333,-87.6681409905,1303517076.0,62075446,62075529
62075529,41.8669383043,-87.6684200026,1303517078.0,62075487,62075563
62075563,41.8669326476,-87.6686647056,1303517080.0,62075529,62075629
62075629,41.8669250318,-87.668906119,1303517083.0,62075563,62075737
62075737,41.867087394,-87.669004011,1303517088.0,62075629,62075800
62075800,41.8672861023,-87.6689559718,1303517091.0,62075737,62075856
62075856,41.8675570513,-87.6689354417,1303517094.0,62075800,62075898
62075898,41.8677619747,-87.6689232728,1303517096.0,62075856,62075938
62075938,41.8679679275,-87.6689196066,1303517098.0,62075898,62075966
62075966,41.8681628991,-87.6689231658,1303517100.0,62075938,62075990
62075990,41.8683538998,-87.668931295,1303517102.0,62075966,62076027
62076027,41.8685338538,-87.668932673,1303517104.0,62075990,62076068
62076068,41.868783065,-87.6689334254,1303517107.0,62076027,62076128
62076128,41.8689681948,-87.6689350632,1303517110.0,62076068,62076260
62076260,41.8691631997,-87.6689363473,1303517116.0,62076128,62076407
62076407,41.8692605271,-87.6691816451,1303517122.0,62076260,62076498
62076498,41.8692880324,-87.6694407556,1303517126.0,62076407,62076589
62076589,41.8693852124,-87.6696901762,1303517130.0,62076498,62076664
62076664,41.869434575,-87.6699852191,1303517133.0,62076589,62076738
62076738,41.8694649262,-87.6702909967,1303517136.0,62076664,62076816
62076816,41.8694710848,-87.6705961027,1303517139.0,62076738,62076881
62076881,41.8694376732,-87.6708500026,1303517142.0,62076816,62077003
62077003,41.8694508441,-87.6711169046,1303517147.0,62076881,62077213
62077213,41.8696078713,-87.6713047407,1303517155.0,62077003,62077292
62077292,41.8698309692,-87.6713360946,1303517158.0,62077213,62077361
62077361,41.8700039216,-87.6714370421,1303517161.0,62077292,62077442
62077442,41.8701509895,-87.6715894746,1303517164.0,62077361,62077550
62077550,41.8701760476,-87.6718980339,1303517168.0,62077442,62077658
62077658,41.8701220045,-87.6721449576,1303517172.0,62077550,62078066
62078066,41.8700257846,-87.6724070044,1303517187.0,62077658,62078142
62078142,41.8699820235,-87.6726519678,1303517190.0,62078066,62078201
62078201,41.8699200464,-87.6729329779,1303517192.0,62078142,62078257
62078257,41.8698669982,-87.6732420363,1303517194.0,62078201,62078302
62078302,41.8698350355,-87.6735601681,1303517196.0,62078257,62078360
62078360,41.8698050273,-87.6738842112,1303517198.0,62078302,62078419
62078419,41.869764102,-87.6742009838,1303517200.0,62078360,62078476
62078476,41.8696931118,-87.6745130594,1303517202.0,62078419,62078538
62078538,41.8696120397,-87.6747760901,1303517204.0,62078476,62078623
62078623,41.8695179025,-87.6750361595,1303517207.0,62078538,62078735
62078735,41.8694035769,-87.6752530209,1303517211.0,62078623,62078883
62078883,41.8693594093,-87.6754947231,1303517216.0,62078735,62079401
62079401,41.869298032,-87.6757429705,1303517233.0,62078883,62079544
62079544,41.8693236871,-87.6760652055,1303517238.0,62079401,62079638
62079638,41.869346191,-87.6763677299,1303517241.0,62079544,62079702
62079702,41.8693614726,-87.6766129745,1303517243.0,62079638,62079762
62079762,41.8693746362,-87.6769199787,1303517245.0,62079702,62079831
62079831,41.8693746151,-87.6772799673,1303517247.0,62079762,62079896
62079896,41.869363623,-87.6776639685,1303517249.0,62079831,62079957
62079957,41.8693435021,-87.6780579665,1303517251.0,62079896,62080013
62080013,41.8693191249,-87.6784459582,1303517253.0,62079957,62080078
62080078,41.8692835508,-87.6789929317,1303517256.0,62080013,62080148
62080148,41.8692549058,-87.6793119273,1303517258.0,62080078,62080221
62080221,41.8692230185,-87.6795709186,1303517260.0,62080148,62080317
62080317,41.8691919284,-87.6798319012,1303517263.0,62080221,62080627
62080627,41.8691495817,-87.6800680709,1303517273.0,62080317,62080766
62080766,41.8691554909,-87.6803100573,1303517277.0,62080627,62080866
62080866,41.8691526359,-87.6806119968,1303517280.0,62080766,62080968
62080968,41.8691628945,-87.6809457853,1303517283.0,62080866,62081004
62081004,41.8691728164,-87.6812846626,1303517286.0,62080968,62081107
62081107,41.8691564919,-87.6816456176,1303517289.0,62081004,62081205
62081205,41.8691362486,-87.6819866357,1303517292.0,62081107,62081301
62081301,41.8691314255,-87.6823027171,1303517295.0,62081205,62081389
62081389,41.8691191215,-87.6826167117,1303517298.0,62081301,62081492
62081492,41.8691027357,-87.6829107912,1303517301.0,62081389,62081636
62081636,41.8690926832,-87.6832080221,1303517305.0,62081492,62082280
62082280,41.8690624533,-87.6834648681,1303517324.0,62081636,62082527
62082527,41.8690753333,-87.6837227364,1303517331.0,62082280,62082637
62082637,41.8690775975,-87.6839758313,1303517334.0,62082527,62082747
62082747,41.8690776285,-87.6842677989,1303517337.0,62082637,62082921
62082921,41.8690837182,-87.6845497271,1303517342.0,62082747,62083135
62083135,41.8690844825,-87.6848447828,1303517348.0,62082921,62083285
62083285,41.8691191591,-87.685101053,1303517352.0,62083135,62083427
62083427,41.8691248316,-87.6853739499,1303517356.0,62083285,62083604
62083604,41.8691046378,-87.6856401174,1303517361.0,62083427,62083931
62083931,41.869065778,-87.6859044982,1303517370.0,62083604,62084188
62084188,41.869220051,-87.6860500258,1303517377.0,62083931,62084298
62084298,41.8694459818,-87.6860394396,1303517380.0,62084188,62084375
62084375,41.8696288457,-87.6860416709,1303517382.0,62084298,62084446
62084446,41.8698238445,-87.686048111,1303517384.0,62084375,62084516
62084516,41.8700198254,-87.6860595527,1303517386.0,62084446,62084589
62084589,41.8702258884,-87.6860690902,1303517388.0,62084516,62084666
62084666,41.8704429318,-87.6860753628,1303517390.0,62084589,62084744
62084744,41.8706619574,-87.6860774197,1303517392.0,62084666,62084817
62084817,41.8708860219,-87.6860825012,1303517394.0,62084744,62084892
62084892,41.8711108743,-87.6860864597,1303517396.0,62084817,62084965
62084965,41.8713426599,-87.6860892393,1303517398.0,62084892,62085036
62085036,41.8715776414,-87.6860985779,1303517400.0,62084965,62085113
62085113,41.8718146707,-87.6861067064,1303517402.0,62085036,62085190
62085190,41.8720477873,-87.686112042,1303517404.0,62085113,62085258
62085258,41.8722758441,-87.6861179655,1303517406.0,62085190,62085324
62085324,41.8725048575,-87.6861265502,1303517408.0,62085258,62085364
62085364,41.8727338543,-87.6861323562,1303517410.0,62085324,62085425
62085425,41.8729498705,-87.6861355954,1303517412.0,62085364,62085493
62085493,41.8731488624,-87.6861431425,1303517414.0,62085425,62085529
62085529,41.8733308708,-87.6861462021,1303517416.0,62085493,62085615
62085615,41.8735560058,-87.6861445533,1303517419.0,62085529,62085784
62085784,41.8737492469,-87.6861498896,1303517424.0,62085615,62086117
62086117,41.873891723,-87.6859397793,1303517435.0,62085784,62086270
62086270,41.8738840123,-87.6856150986,1303517439.0,62086117,62086384
62086384,41.8738834493,-87.6852872544,1303517442.0,62086270,62086498
62086498,41.8738851205,-87.6849382488,1303517445.0,62086384,62086598
62086598,41.873883453,-87.6846202065,1303517448.0,62086498,62086692
62086692,41.8738835964,-87.6843711288,1303517451.0,62086598,62087135
62087135,41.873889586,-87.6841161727,1303517463.0,62086692,62087311
62087311,41.8739021259,-87.683841025,1303517468.0,62087135,62087443
62087443,41.8739260432,-87.6835229967,1303517472.0,62087311,62087546
62087546,41.87394017,-87.6832659766,1303517475.0,62087443,62087646
62087646,41.8739460617,-87.6829259991,1303517478.0,62087546,62087722
62087722,41.8739476366,-87.682676007,1303517480.0,62087646,62087799
62087799,41.873945971,-87.6824300289,1303517482.0,62087722,62087907
62087907,41.8739442071,-87.6821170751,1303517485.0,62087799,62088039
62088039,41.8739445281,-87.6818671408,1303517489.0,62087907,62088175
62088175,41.8739399719,-87.6816172443,1303517493.0,62088039,62088311
62088311,41.8739423487,-87.681290234,1303517497.0,62088175,62088422
62088422,41.8739572699,-87.6809921447,1303517500.0,62088311,62088536
62088536,41.8739719088,-87.6806391453,1303517503.0,62088422,62088606
62088606,41.8739808202,-87.6803920961,1303517505.0,62088536,62088678
62088678,41.8739847841,-87.6801101129,1303517507.0,62088606,62088748
62088748,41.8739872944,-87.6798290764,1303517509.0,62088678,62088820
62088820,41.8739861911,-87.6795490702,1303517511.0,62088748,62088891
62088891,41.8739851535,-87.6792661208,1303517513.0,62088820,62088969
62088969,41.8739874804,-87.6789881193,1303517515.0,62088891,62089048
62089048,41.8739907604,-87.6787101268,1303517517.0,62088969,62089118
62089118,41.8739913862,-87.678437149,1303517519.0,62089048,62089190
62089190,41.8739918651,-87.6781771585,1303517521.0,62089118,62089264
62089264,41.8739931572,-87.6779301633,1303517523.0,62089190,62089345
62089345,41.8739926016,-87.6776121737,1303517526.0,62089264,62089485
62089485,41.8739993419,-87.6773200757,1303517530.0,62089345,62089691
62089691,41.8740020369,-87.6770645733,1303517536.0,62089485,62090736
62090736,41.873991515,-87.6768047395,1303517565.0,62089691,62090891
62090891,41.8738791935,-87.6765876993,1303517569.0,62090736,62090995
62090995,41.873697704,-87.6765180833,1303517572.0,62090891,62091108
62091108,41.8734882898,-87.6764916491,1303517575.0,62090995,62091215
62091215,41.873274292,-87.676476624,1303517578.0,62091108,62091324
62091324,41.8730892692,-87.6764640899,1303517581.0,62091215,62091577
62091577,41.8729060697,-87.6764373313,1303517588.0,62091324,None
