74486977,41.8715855408,-87.6699844379,1303239028.0,None,74487669
74487669,41.8716401701,-87.6697433847,1303239047.0,74486977,74488087
74488087,41.8716541365,-87.6694869478,1303239061.0,74487669,74488769
74488769,41.8716314472,-87.6692436091,1303239080.0,74488087,74488967
74488967,41.871461639,-87.669106025,1303239086.0,74488769,74489109
74489109,41.8712140008,-87.6690898844,1303239090.0,74488967,74489217
74489217,41.8709750876,-87.6690677784,1303239093.0,74489109,74489328
74489328,41.8707161056,-87.6690435478,1303239096.0,74489217,74489443
74489443,41.8704530324,-87.6690304722,1303239099.0,74489328,74489515
74489515,41.8702689443,-87.6690262596,1303239101.0,74489443,74489584
74489584,41.8700879226,-87.6690194231,1303239103.0,74489515,74489680
74489680,41.8698329097,-87.6690094034,1303239106.0,74489584,74489785
74489785,41.8696199032,-87.6690005365,1303239109.0,74489680,74489968
74489968,41.8694326208,-87.6689920048,1303239114.0,74489785,74490648
74490648,41.8692541476,-87.6690101815,1303239133.0,74489968,74490798
74490798,41.8690333125,-87.6690114807,1303239137.0,74490648,74490908
74490908,41.868791979,-87.6689980186,1303239140.0,74490798,74490971
74490971,41.8686118708,-87.6689960115,1303239142.0,74490908,74491036
74491036,41.8684288512,-87.6689960382,1303239144.0,74490971,74491109
74491109,41.8682378907,-87.6689873142,1303239146.0,74491036,74491181
74491181,41.8680408796,-87.6689793813,1303239148.0,74491109,74491255
74491255,41.8678438874,-87.6689733468,1303239150.0,74491181,74491331
74491331,41.8676559056,-87.668961387,1303239152.0,74491255,74491447
74491447,41.867410897,-87.6689544925,1303239155.0,74491331,74491596
74491596,41.8672178696,-87.66895343,1303239159.0,74491447,74492324
74492324,41.8670270715,-87.6689605212,1303239180.0,74491596,74492508
74492508,41.866823572,-87.6688566775,1303239185.0,74492324,74492658
74492658,41.866806596,-87.6685670112,1303239189.0,74492508,74492769
74492769,41.8668150999,-87.6682300487,1303239192.0,74492658,74492830
74492830,41.8668157905,-87.6679870783,1303239194.0,74492769,74492897
74492897,41.8668171277,-87.6677379819,1303239196.0,74492830,74492988
74492988,41.866820976,-87.6673869116,1303239199.0,74492897,74493097
74493097,41.8668263173,-87.6671089217,1303239202.0,74492988,74493242
74493242,41.8668319782,-87.6668409199,1303239206.0,74493097,74493392
74493392,41.8668346137,-87.6665020591,1303239210.0,74493242,74493493
74493493,41.8668379077,-87.6661630057,1303239213.0,74493392,74493561
74493561,41.8668384097,-87.6659088063,1303239215.0,74493493,74493632
74493632,41.8668423577,-87.6656377167,1303239217.0,74493561,74493701
74493701,41.866849059,-87.6653456707,1303239219.0,74493632,74493776
74493776,41.8668559065,-87.665042634,1303239221.0,74493701,74493852
74493852,41.8668618168,-87.6647376121,1303239223.0,74493776,74493924
74493924,41.8668640501,-87.6644316523,1303239225.0,74493852,74493996
74493996,41.8668682952,-87.6641275854,1303239227.0,74493924,74494069
74494069,41.8668733596,-87.6638215802,1303239229.0,74493996,74494138
74494138,41.8668792353,-87.6635165461,1303239231.0,74494069,74494211
74494211,41.8668819315,-87.6632145934,1303239233.0,74494138,74494289
74494289,41.8668869413,-87.6629136457,1303239235.0,74494211,74494353
74494353,41.8668926945,-87.6626146329,1303239237.0,74494289,74494422
74494422,41.8668978005,-87.6623206371,1303239239.0,74494353,74494489
74494489,41.8668993425,-87.6620266808,1303239241.0,74494422,74494558
74494558,41.8669060651,-87.6617297053,1303239243.0,74494489,74494633
74494633,41.8669123222,-87.6614336964,1303239245.0,74494558,74494705
74494705,41.8669165747,-87.661136717,1303239247.0,74494633,74494769
74494769,41.8669206136,-87.6608406542,1303239249.0,74494705,74494838
74494838,41.8669247634,-87.6605405838,1303239251.0,74494769,74494915
74494915,41.8669314667,-87.6602405922,1303239253.0,74494838,74494988
74494988,41.8669365634,-87.6599416164,1303239255.0,74494915,74495060
74495060,41.8669396239,-87.6596376203,1303239257.0,74494988,74495136
74495136,41.8669455838,-87.659330622,1303239259.0,74495060,74495212
74495212,41.8669497712,-87.6590176684,1303239261.0,74495136,74495280
74495280,41.8669547834,-87.6587006946,1303239263.0,74495212,74495351
74495351,41.8669598265,-87.6583786694,1303239265.0,74495280,74495423
74495423,41.8669657608,-87.6580536287,1303239267.0,74495351,74495491
74495491,41.866970992,-87.6577266071,1303239269.0,74495423,74495560
74495560,41.8669764034,-87.6573976114,1303239271.0,74495491,74495565
74495565,41.866982179,-87.6570666544,1303239273.0,74495560,74495573
74495573,41.8669868782,-87.6567359127,1303239275.0,74495565,74495583
74495583,41.866984936,-87.6564030022,1303239277.0,74495573,74495595
74495595,41.866987765,-87.6560705117,1303239279.0,74495583,74495608
74495608,41.8669940318,-87.6557373855,1303239281.0,74495595,74495622
74495622,41.8669974216,-87.6554095451,1303239283.0,74495608,74495638
74495638,41.8670016487,-87.6551004281,1303239285.0,74495622,74495654
74495654,41.8670061196,-87.6548222225,1303239287.0,74495638,74495672
74495672,41.8670142709,-87.6545722433,1303239289.0,74495654,74495690
74495690,41.8670207345,-87.6543294583,1303239291.0,74495672,74495710
74495710,41.8670244876,-87.6540815253,1303239293.0,74495690,74495730
74495730,41.8670301291,-87.6538243514,1303239295.0,74495710,74495751
74495751,41.867037053,-87.6535574285,1303239297.0,74495730,74495773
74495773,41.8670415704,-87.6532834957,1303239299.0,74495751,74495795
74495795,41.8670479021,-87.653003557,1303239301.0,74495773,74495819
74495819,41.8670511899,-87.652720539,1303239303.0,74495795,74495843
74495843,41.867055286,-87.6524415165,1303239305.0,74495819,74495867
74495867,41.8670585483,-87.6521915501,1303239307.0,74495843,74495906
74495906,41.8670628455,-87.651927441,1303239310.0,74495867,74496288
74496288,41.8670700035,-87.6516543286,1303239336.0,74495906,74496354
74496354,41.8670926054,-87.6513938693,1303239340.0,74496288,74496423
74496423,41.8671122167,-87.6511444889,1303239344.0,74496354,74496977
74496977,41.8672484887,-87.6509766603,1303239373.0,74496423,74497059
74497059,41.8674801052,-87.650975611,1303239377.0,74496977,74497122
74497122,41.8677068493,-87.6509859733,1303239380.0,74497059,74497185
74497185,41.8679628504,-87.6509987954,1303239383.0,74497122,74497220
74497220,41.8681448449,-87.6510043622,1303239385.0,74497185,74497261
74497261,41.8683288353,-87.6510098711,1303239387.0,74497220,74497308
74497308,41.8685138234,-87.6510127594,1303239389.0,74497261,74497354
74497354,41.8686977967,-87.6510171856,1303239391.0,74497308,74497397
74497397,41.8688797349,-87.6510244313,1303239393.0,74497354,74497438
74497438,41.8690603566,-87.6510284641,1303239395.0,74497397,74497503
74497503,41.8692995601,-87.6510558915,1303239398.0,74497438,74497601
74497601,41.8694896503,-87.6509763028,1303239402.0,74497503,74497688
74497688,41.8695140926,-87.6506990266,1303239406.0,74497601,74497756
74497756,41.8695008344,-87.650372903,1303239409.0,74497688,74497807
74497807,41.8695011384,-87.6501148474,1303239411.0,74497756,74497858
74497858,41.8695059661,-87.6498448915,1303239413.0,74497807,74497882
74497882,41.8695116693,-87.6495739256,1303239415.0,74497858,74497918
74497918,41.8695145403,-87.649313928,1303239417.0,74497882,74497970
74497970,41.8695172464,-87.6489799151,1303239420.0,74497918,74498041
74498041,41.8695200887,-87.6486869617,1303239424.0,74497970,74498507
74498507,41.8694771728,-87.6484541136,1303239446.0,74498041,74498969
74498969,41.8694950948,-87.6481862494,1303239464.0,74498507,74499067
74499067,41.8695087573,-87.6479091486,1303239468.0,74498969,74499173
74499173,41.8695206313,-87.6475931025,1303239472.0,74499067,74499255
74499255,41.8695301254,-87.6473354899,1303239475.0,74499173,74499363
74499363,41.8695184425,-87.6470709034,1303239479.0,74499255,74499499
74499499,41.8692967023,-87.6469964629,1303239484.0,74499363,74499581
74499581,41.8690757384,-87.6470218491,1303239487.0,74499499,74499663
74499663,41.8688377653,-87.6470258021,1303239490.0,74499581,74499737
74499737,41.868584819,-87.6470193726,1303239493.0,74499663,74499816
74499816,41.8683269663,-87.6470195591,1303239496.0,74499737,74499887
74499887,41.8680682158,-87.6470329327,1303239499.0,74499816,74499975
74499975,41.8678591521,-87.6470438268,1303239502.0,74499887,74500095
74500095,41.8676471106,-87.647059674,1303239506.0,74499975,None
