38395027,41.8729589694,-87.6764344743,1303577576.0,None,38395193
38395193,41.8727579807,-87.6764287167,1303577582.0,38395027,38395275
38395275,41.8725490199,-87.6764205265,1303577585.0,38395193,38395363
38395363,41.8722961467,-87.6764104619,1303577588.0,38395275,38395449
38395449,41.8720331743,-87.6763806472,1303577591.0,38395363,38395511
38395511,41.8717850262,-87.6763524085,1303577594.0,38395449,38395594
38395594,41.8715938803,-87.6763421239,1303577597.0,38395511,38395740
38395740,41.8714388372,-87.6761798673,1303577602.0,38395594,38395831
38395831,41.8714235913,-87.6759431077,1303577605.0,38395740,38395922
38395922,41.871425689,-87.6756480136,1303577608.0,38395831,38396002
38396002,41.8714218451,-87.6753801641,1303577611.0,38395922,38396541
38396541,41.8714104488,-87.6751247729,1303577629.0,38396002,38396686
38396686,41.8713992464,-87.6748446301,1303577634.0,38396541,38396775
38396775,41.8714046603,-87.6745913995,1303577637.0,38396686,38396870
38396870,41.8713735165,-87.6743230886,1303577640.0,38396775,38396968
38396968,41.8713702456,-87.6740760159,1303577643.0,38396870,38397149
38397149,41.8714107836,-87.6738038266,1303577649.0,38396968,38397267
38397267,41.8714302037,-87.6735055174,1303577653.0,38397149,38397361
38397361,41.8714342654,-87.6732046401,1303577656.0,38397267,38397456
38397456,41.8714403083,-87.672871355,1303577659.0,38397361,38397558
38397558,41.8714495062,-87.6725472887,1303577662.0,38397456,38397655
38397655,41.8714481304,-87.6722471496,1303577665.0,38397558,38397749
38397749,41.8714495027,-87.6719759037,1303577668.0,38397655,38397875
38397875,41.8714588481,-87.6717132311,1303577672.0,38397749,38398684
38398684,41.8714823423,-87.6714623128,1303577696.0,38397875,38398822
38398822,41.8714881017,-87.6711324636,1303577700.0,38398684,38398935
38398935,41.8714897764,-87.6708262525,1303577703.0,38398822,38399042
38399042,41.8714939581,-87.6705070427,1303577706.0,38398935,38399135
38399135,41.8714941733,-87.6702250477,1303577709.0,38399042,38399582
38399582,41.8715011606,-87.6699665559,1303577722.0,38399135,38399755
38399755,41.8715239914,-87.6696556243,1303577727.0,38399582,38399861
38399861,41.8715329785,-87.6694007738,1303577730.0,38399755,38400045
38400045,41.8715460602,-87.6691329473,1303577735.0,38399861,38400254
38400254,41.8713526451,-87.6690188195,1303577741.0,38400045,38400362
38400362,41.8711514491,-87.6690167527,1303577744.0,38400254,38400465
38400465,41.8709135412,-87.669010385,1303577747.0,38400362,38400570
38400570,41.8706507628,-87.6690093877,1303577750.0,38400465,38400682
38400682,41.870393854,-87.6690049876,1303577753.0,38400570,38400786
38400786,41.8701538196,-87.6690017159,1303577756.0,38400682,38400890
38400890,41.8699158297,-87.6689981614,1303577759.0,38400786,38400992
38400992,41.8696918788,-87.6689968528,1303577762.0,38400890,38401101
38401101,41.8694887116,-87.6689912105,1303577765.0,38400992,38401318
38401318,41.8692966022,-87.6689829983,1303577771.0,38401101,38401541
38401541,41.8691874524,-87.6687201754,1303577777.0,38401318,38401652
38401652,41.8691939111,-87.6684690928,1303577780.0,38401541,38401761
38401761,41.8692042879,-87.6681570268,1303577783.0,38401652,38401863
38401863,41.8692022058,-87.6678149188,1303577786.0,38401761,38401975
38401975,41.8692044284,-87.6674858338,1303577789.0,38401863,38402086
38402086,41.8692033515,-87.667171655,1303577792.0,38401975,38402200
38402200,41.8692027413,-87.6669177371,1303577795.0,38402086,38402491
38402491,41.8692114296,-87.6666328889,1303577803.0,38402200,38402635
38402635,41.8692219571,-87.6663230366,1303577807.0,38402491,38402735
38402735,41.8692355612,-87.6660230442,1303577810.0,38402635,38402835
38402835,41.8692484367,-87.6656880264,1303577813.0,38402735,38402949
38402949,41.8692529129,-87.6653499287,1303577816.0,38402835,38403039
38403039,41.8692559832,-87.6650249668,1303577819.0,38402949,38403119
38403119,41.8692601266,-87.6647179607,1303577822.0,38403039,38403203
38403203,41.869265109,-87.6644460558,1303577825.0,38403119,38403391
38403391,41.8692736364,-87.6641961211,1303577831.0,38403203,38403550
38403550,41.8692785074,-87.6639143598,1303577836.0,38403391,38403651
38403651,41.8692834326,-87.6636410597,1303577839.0,38403550,38403758
38403758,41.8692893725,-87.6633169507,1303577842.0,38403651,38403865
38403865,41.8692984168,-87.662975022,1303577845.0,38403758,38403970
38403970,41.8693023527,-87.6626290063,1303577848.0,38403865,38404067
38404067,41.8693070606,-87.662291926,1303577851.0,38403970,38404171
38404171,41.8693132888,-87.6619788908,1303577854.0,38404067,38404270
38404270,41.86931894,-87.6616509421,1303577857.0,38404171,38404342
38404342,41.8693291493,-87.6612931148,1303577860.0,38404270,38404418
38404418,41.8693383188,-87.6610430248,1303577862.0,38404342,38404474
38404474,41.869345365,-87.6607909714,1303577864.0,38404418,38404553
38404553,41.8693503171,-87.6605319311,1303577866.0,38404474,38404631
38404631,41.8693542555,-87.6602668915,1303577868.0,38404553,38404702
38404702,41.8693562265,-87.6600049143,1303577870.0,38404631,38404773
38404773,41.8693602094,-87.6597399299,1303577872.0,38404702,38404843
38404843,41.8693642468,-87.6594689127,1303577874.0,38404773,38404909
38404909,41.869369049,-87.6591968927,1303577876.0,38404843,38404979
38404979,41.8693730807,-87.6589288566,1303577878.0,38404909,38405051
38405051,41.8693740163,-87.6586688554,1303577880.0,38404979,38405118
38405118,41.8693733099,-87.6584108915,1303577882.0,38405051,38405188
38405188,41.8693770805,-87.6581618937,1303577884.0,38405118,38405297
38405297,41.8693879139,-87.6578129135,1303577887.0,38405188,38405413
38405413,41.8694024405,-87.6574878482,1303577890.0,38405297,38405525
38405525,41.8694164942,-87.6572177363,1303577893.0,38405413,38405698
38405698,41.8694218352,-87.6569416417,1303577898.0,38405525,38406372
38406372,41.8694963146,-87.6567202633,1303577927.0,38405698,38406402
38406402,41.8696995488,-87.6567230705,1303577931.0,38406372,38406429
38406429,41.8698965708,-87.6567353497,1303577934.0,38406402,38406456
38406456,41.8701508344,-87.6567518909,1303577937.0,38406429,38406476
38406476,41.870333894,-87.656759369,1303577939.0,38406456,38406496
38406496,41.8705228893,-87.656764105,1303577941.0,38406476,38406518
38406518,41.8707178442,-87.6567674048,1303577943.0,38406496,38406540
38406540,41.8709088142,-87.6567712632,1303577945.0,38406518,38406563
38406563,41.8710957999,-87.6567756047,1303577947.0,38406540,38406587
38406587,41.8712788211,-87.6567787986,1303577949.0,38406563,38406623
38406623,41.871534907,-87.6567814391,1303577952.0,38406587,38406662
38406662,41.8717732574,-87.6567844258,1303577955.0,38406623,38406701
38406701,41.8719812988,-87.656782796,1303577958.0,38406662,38406785
38406785,41.8721702569,-87.6567749291,1303577964.0,38406701,38406859
38406859,41.8723931966,-87.6567643156,1303577969.0,38406785,38406898
38406898,41.8725848309,-87.6567752512,1303577972.0,38406859,38406941
38406941,41.8728034283,-87.6567971595,1303577975.0,38406898,38406993
38406993,41.8730533305,-87.6567754922,1303577978.0,38406941,38407037
38407037,41.8732978319,-87.6567525768,1303577981.0,38406993,38407090
38407090,41.873530055,-87.6567403627,1303577984.0,38407037,38407141
38407141,41.8737480758,-87.6567418514,1303577987.0,38407090,38407192
38407192,41.8739360196,-87.656739065,1303577990.0,38407141,38407283
38407283,41.8741231832,-87.6567374048,1303577995.0,38407192,None
