38857124,41.8729610307,-87.6764372008,1303650847.0,None,38858026
38858026,41.8727790237,-87.6764324521,1303650874.0,38857124,38858093
38858093,41.8725880442,-87.6764253574,1303650877.0,38858026,38858176
38858176,41.8723481715,-87.6764164473,1303650880.0,38858093,38858264
38858264,41.872082188,-87.6763875401,1303650883.0,38858176,38858347
38858347,41.8718222179,-87.6763659629,1303650886.0,38858264,38858441
38858441,41.8716111586,-87.6763538416,1303650889.0,38858347,38858565
38858565,41.8714618169,-87.6761980204,1303650893.0,38858441,38858681
38858681,41.8714560753,-87.6758711217,1303650897.0,38858565,38858768
38858768,41.8714623272,-87.6755839283,1303650900.0,38858681,38858864
38858864,41.8714603924,-87.6753250298,1303650903.0,38858768,38859329
38859329,41.8714805019,-87.6750729223,1303650917.0,38858864,38859497
38859497,41.8714991346,-87.674760116,1303650922.0,38859329,38859600
38859600,41.8715109675,-87.6744980362,1303650925.0,38859497,38859701
38859701,41.8715162695,-87.674227128,1303650928.0,38859600,38859834
38859834,41.8715234858,-87.6739492612,1303650932.0,38859701,38860030
38860030,41.8715311286,-87.6736584597,1303650938.0,38859834,38860128
38860128,41.8715444536,-87.6734161747,1303650941.0,38860030,38860223
38860223,41.8715575166,-87.6731208714,1303650944.0,38860128,38860323
38860323,41.8715677421,-87.67280076,1303650947.0,38860223,38860424
38860424,41.8715791299,-87.6724737152,1303650950.0,38860323,38860532
38860532,41.8715871274,-87.6721508242,1303650953.0,38860424,38860633
38860633,41.8715893396,-87.6718279454,1303650956.0,38860532,38860728
38860728,41.8715824871,-87.6714816097,1303650959.0,38860633,38860822
38860822,41.8715808725,-87.6711436967,1303650962.0,38860728,38860915
38860915,41.8715862462,-87.670817774,1303650965.0,38860822,38861010
38861010,41.8715933407,-87.6704818963,1303650968.0,38860915,38861118
38861118,41.87159281,-87.6701416313,1303650971.0,38861010,38861222
38861222,41.8715913545,-87.6698087185,1303650974.0,38861118,38861318
38861318,41.8715954592,-87.6695105818,1303650977.0,38861222,38861459
38861459,41.8716199538,-87.6692472675,1303650981.0,38861318,38861683
38861683,41.8714883085,-87.6690664686,1303650988.0,38861459,38861821
38861821,41.8712746504,-87.6690503956,1303650992.0,38861683,38861917
38861917,41.8710755914,-87.6690372502,1303650995.0,38861821,38862023
38862023,41.8708607629,-87.6690304774,1303650998.0,38861917,38862130
38862130,41.870637877,-87.6690198241,1303651001.0,38862023,38862223
38862223,41.8704208946,-87.6690102913,1303651004.0,38862130,38862298
38862298,41.8702028474,-87.6690046093,1303651007.0,38862223,38862397
38862397,41.8699758416,-87.6690039923,1303651010.0,38862298,38862500
38862500,41.8697548621,-87.669002739,1303651013.0,38862397,38862607
38862607,41.8695528562,-87.6690011589,1303651016.0,38862500,38862778
38862778,41.8693587866,-87.668995272,1303651021.0,38862607,38862969
38862969,41.8692240067,-87.6688016782,1303651027.0,38862778,38863101
38863101,41.8692344817,-87.668482791,1303651031.0,38862969,38863209
38863209,41.8692491416,-87.6681799252,1303651034.0,38863101,38863314
38863314,41.869261349,-87.6678619692,1303651037.0,38863209,38863405
38863405,41.8692695811,-87.667543895,1303651040.0,38863314,38863498
38863498,41.8692615444,-87.6672188351,1303651043.0,38863405,38863599
38863599,41.8692556806,-87.6669166533,1303651046.0,38863498,38863767
38863767,41.8692411861,-87.6666577169,1303651051.0,38863599,38864194
38864194,41.869245489,-87.6663438615,1303651064.0,38863767,38864301
38864301,41.8692565148,-87.6660788196,1303651067.0,38864194,38864401
38864401,41.8692717301,-87.6657727913,1303651070.0,38864301,38864495
38864495,41.8692828368,-87.6654488511,1303651073.0,38864401,38864602
38864602,41.8692860693,-87.6651218587,1303651076.0,38864495,38864694
38864694,41.8692890244,-87.6648068627,1303651079.0,38864602,38864791
38864791,41.8692920575,-87.6645179211,1303651082.0,38864694,38864935
38864935,41.86929623,-87.6642399229,1303651086.0,38864791,38865134
38865134,41.8693129961,-87.6639929259,1303651092.0,38864935,38865261
38865261,41.8693304094,-87.6636639476,1303651096.0,38865134,38865356
38865356,41.869336665,-87.6633669269,1303651099.0,38865261,38865463
38865463,41.8693446096,-87.6630448931,1303651102.0,38865356,38865562
38865562,41.8693536279,-87.6627129426,1303651105.0,38865463,38865667
38865667,41.8693597243,-87.662380978,1303651108.0,38865562,38865769
38865769,41.8693643814,-87.6620560465,1303651111.0,38865667,38865864
38865864,41.8693688077,-87.6617169196,1303651114.0,38865769,38865961
38865961,41.8693822949,-87.6613678462,1303651117.0,38865864,38866016
38866016,41.8693898305,-87.6611258401,1303651119.0,38865961,38866093
38866093,41.8693960549,-87.6608738666,1303651121.0,38866016,38866158
38866158,41.8694010995,-87.6606169002,1303651123.0,38866093,38866225
38866225,41.8694051624,-87.6603519266,1303651125.0,38866158,38866294
38866294,41.8694070852,-87.6600859098,1303651127.0,38866225,38866365
38866365,41.8694101226,-87.6598149082,1303651129.0,38866294,38866436
38866436,41.8694141141,-87.6595388906,1303651131.0,38866365,38866498
38866498,41.8694103297,-87.6592579167,1303651133.0,38866436,38866562
38866562,41.8694123125,-87.6589889048,1303651135.0,38866498,38866627
38866627,41.8694089369,-87.6587278918,1303651137.0,38866562,38866692
38866692,41.8694068186,-87.6584659144,1303651139.0,38866627,38866756
38866756,41.8694053624,-87.6582109039,1303651141.0,38866692,38866856
38866856,41.8694084045,-87.6578579034,1303651144.0,38866756,38866957
38866957,41.869414314,-87.657520849,1303651147.0,38866856,38867064
38867064,41.8694224107,-87.657217724,1303651150.0,38866957,38867193
38867193,41.8694277872,-87.6569364005,1303651154.0,38867064,38867975
38867975,41.8695082499,-87.656717533,1303651180.0,38867193,38868085
38868085,41.8696924791,-87.6567147705,1303651184.0,38867975,38868180
38868180,41.8698935,-87.6567270685,1303651187.0,38868085,38868269
38868269,41.8701197774,-87.656743925,1303651190.0,38868180,38868360
38868360,41.8703688709,-87.6567526155,1303651193.0,38868269,38868448
38868448,41.8706218484,-87.6567604076,1303651196.0,38868360,38868542
38868542,41.8708818034,-87.6567696424,1303651199.0,38868448,38868643
38868643,41.8711428165,-87.6567800338,1303651202.0,38868542,38868731
38868731,41.8713948068,-87.656783427,1303651205.0,38868643,38868828
38868828,41.871624085,-87.6567759184,1303651208.0,38868731,38868923
38868923,41.8718344247,-87.65676429,1303651211.0,38868828,38869053
38869053,41.8720554899,-87.6567611752,1303651215.0,38868923,38869242
38869242,41.872237406,-87.6567614391,1303651221.0,38869053,38869365
38869365,41.872460265,-87.6567579532,1303651225.0,38869242,38869454
38869454,41.8726612476,-87.65674795,1303651228.0,38869365,38869557
38869557,41.8728694564,-87.6567358998,1303651231.0,38869454,38869656
38869656,41.8730864701,-87.6567189084,1303651234.0,38869557,38869753
38869753,41.8733081236,-87.6567082109,1303651237.0,38869656,38869844
38869844,41.8735409319,-87.6567090622,1303651240.0,38869753,38869939
38869939,41.8737649741,-87.6567128922,1303651243.0,38869844,38870030
38870030,41.8739601444,-87.6567146227,1303651246.0,38869939,38870157
38870157,41.874168383,-87.6566965571,1303651250.0,38870030,38870334
38870334,41.8742344478,-87.6564069894,1303651255.0,38870157,38870462
38870462,41.874237489,-87.6560808084,1303651259.0,38870334,38870557
38870557,41.8742404215,-87.6557967742,1303651262.0,38870462,38870646
38870646,41.8742471556,-87.6554948668,1303651265.0,38870557,38870745
38870745,41.8742522337,-87.6551958916,1303651268.0,38870646,38870844
38870844,41.8742557359,-87.654888909,1303651271.0,38870745,38870945
38870945,41.8742586936,-87.6545759626,1303651274.0,38870844,38871040
38871040,41.8742630858,-87.6542589575,1303651277.0,38870945,38871134
38871134,41.8742690914,-87.653948951,1303651280.0,38871040,38871231
38871231,41.8742749122,-87.6536409376,1303651283.0,38871134,38871316
38871316,41.8742807561,-87.6533439839,1303651286.0,38871231,38871410
38871410,41.8742874894,-87.6530519399,1303651289.0,38871316,38871506
38871506,41.8742935023,-87.6527579111,1303651292.0,38871410,38871608
38871608,41.8742960842,-87.6524659353,1303651295.0,38871506,38871705
38871705,41.8743003448,-87.6521877992,1303651298.0,38871608,38871798
38871798,41.8743103004,-87.6519036472,1303651301.0,38871705,38871893
38871893,41.8743192035,-87.6516067242,1303651304.0,38871798,38871992
38871992,41.8743258064,-87.6512877845,1303651307.0,38871893,38872087
38872087,41.8743302432,-87.6509598519,1303651310.0,38871992,38872183
38872183,41.8743359724,-87.6506448883,1303651313.0,38872087,38872278
38872278,41.8743441724,-87.6503278097,1303651316.0,38872183,38872376
38872376,41.8743487962,-87.6500117689,1303651319.0,38872278,38872475
38872475,41.8743574456,-87.649691882,1303651322.0,38872376,38872568
38872568,41.8743741729,-87.6493717596,1303651325.0,38872475,None
