27022093,41.8730478997,-87.6762644214,1304048704.0,None,27022629
27022629,41.8728049589,-87.676230754,1304048719.0,27022093,27022723
27022723,41.8725479537,-87.6762190306,1304048722.0,27022629,27022793
27022793,41.8723499553,-87.676197918,1304048724.0,27022723,27022866
27022866,41.8721469088,-87.6761882501,1304048726.0,27022793,27022925
27022925,41.8719498787,-87.6761777869,1304048728.0,27022866,27022995
27022995,41.8717658843,-87.6761661255,1304048730.0,27022925,27023110
27023110,41.8715506512,-87.6761819826,1304048733.0,27022995,27023328
27023328,41.8714384879,-87.6759921092,1304048739.0,27023110,27023430
27023430,41.8714557438,-87.6757328916,1304048742.0,27023328,27023535
27023535,41.8714681782,-87.6754279402,1304048745.0,27023430,27023631
27023631,41.8714839843,-87.6751485609,1304048748.0,27023535,27023823
27023823,41.8714940972,-87.6748979351,1304048753.0,27023631,27024225
27024225,41.8715158426,-87.6746518123,1304048764.0,27023823,27024326
27024326,41.8715462833,-87.6743497348,1304048767.0,27024225,27024439
27024439,41.871592017,-87.6740587661,1304048770.0,27024326,27024585
27024585,41.8716106393,-87.6737517033,1304048774.0,27024439,27024699
27024699,41.87162304,-87.6734944447,1304048777.0,27024585,27024789
27024789,41.8716545758,-87.6731517547,1304048780.0,27024699,27024867
27024867,41.8716696899,-87.6728698618,1304048782.0,27024789,27024937
27024937,41.8716766827,-87.6725669189,1304048784.0,27024867,27025008
27025008,41.8716761769,-87.6722680183,1304048786.0,27024937,27025084
27025084,41.8716719538,-87.6719889618,1304048788.0,27025008,27025197
27025197,41.8716377163,-87.6716720368,1304048791.0,27025084,27026011
27026011,41.871640833,-87.6713767306,1304048816.0,27025197,27026086
27026086,41.8716627647,-87.6711037897,1304048819.0,27026011,27026171
27026171,41.8716609223,-87.6707868669,1304048822.0,27026086,27026263
27026263,41.8716551074,-87.6704659989,1304048825.0,27026171,27026360
27026360,41.8716442175,-87.6701459521,1304048828.0,27026263,27026460
27026460,41.8716347866,-87.6698302509,1304048831.0,27026360,27026558
27026558,41.8716665192,-87.6695548609,1304048834.0,27026460,27026688
27026688,41.8717295103,-87.6692890217,1304048838.0,27026558,27027194
27027194,41.8716179017,-87.669061996,1304048853.0,27026688,27027290
27027290,41.8714382621,-87.6690477815,1304048856.0,27027194,27027388
27027388,41.8711624182,-87.6690081761,1304048859.0,27027290,27027455
27027455,41.8709474632,-87.6689811116,1304048861.0,27027388,27027510
27027510,41.8707075669,-87.668933499,1304048863.0,27027455,27027578
27027578,41.870475768,-87.6688941978,1304048865.0,27027510,27027649
27027649,41.8702598816,-87.6688654747,1304048867.0,27027578,27027715
27027715,41.8700628722,-87.6688590575,1304048869.0,27027649,27027808
27027808,41.8698238053,-87.6689087079,1304048872.0,27027715,27027936
27027936,41.869615695,-87.6689669501,1304048876.0,27027808,27028279
27028279,41.8694191427,-87.668904759,1304048886.0,27027936,27028368
27028368,41.8691720515,-87.6688523588,1304048889.0,27028279,27028428
27028428,41.8689537407,-87.6688629798,1304048891.0,27028368,27028494
27028494,41.8687068505,-87.6688732423,1304048893.0,27028428,27028565
27028565,41.8684488782,-87.6688927205,1304048895.0,27028494,27028633
27028633,41.8681918965,-87.6688771215,1304048897.0,27028565,27028703
27028703,41.8679549089,-87.6688888703,1304048899.0,27028633,27028774
27028774,41.867751888,-87.6688896858,1304048901.0,27028703,27028879
27028879,41.8675108426,-87.6688978886,1304048904.0,27028774,27028971
27028971,41.8673278974,-87.6689139846,1304048907.0,27028879,27029103
27029103,41.8671438588,-87.6688836672,1304048911.0,27028971,27029268
27029268,41.8671450366,-87.6685819738,1304048916.0,27029103,27029359
27029359,41.8671729255,-87.6682490355,1304048919.0,27029268,27029428
27029428,41.8671769902,-87.6679790047,1304048921.0,27029359,27029526
27029526,41.8671669998,-87.6676310001,1304048924.0,27029428,27029635
27029635,41.8671520005,-87.667388,1304048927.0,27029526,27029800
27029800,41.8671520013,-87.667127,1304048932.0,27029635,27029924
27029924,41.8671590018,-87.66686,1304048936.0,27029800,27030022
27030022,41.8671630005,-87.6665250004,1304048939.0,27029924,27030084
27030084,41.8671659993,-87.6662579985,1304048941.0,27030022,27030154
27030154,41.8671700001,-87.6659800004,1304048943.0,27030084,27030223
27030223,41.867172,-87.665695,1304048945.0,27030154,27030297
27030297,41.867178,-87.665386,1304048947.0,27030223,27030369
27030369,41.8671830001,-87.665061,1304048949.0,27030297,27030434
27030434,41.867188,-87.664722,1304048951.0,27030369,27030499
27030499,41.867191,-87.664375,1304048953.0,27030434,27030563
27030563,41.867196,-87.664025,1304048955.0,27030499,27030622
27030622,41.867204,-87.663671,1304048957.0,27030563,27030682
27030682,41.867209,-87.663318,1304048959.0,27030622,27030750
27030750,41.867212,-87.662968,1304048961.0,27030682,27030822
27030822,41.867209,-87.662629,1304048963.0,27030750,27030895
27030895,41.8672050011,-87.662297,1304048965.0,27030822,27030966
27030966,41.867202,-87.661965,1304048967.0,27030895,27031034
27031034,41.8672059989,-87.661625,1304048969.0,27030966,27031097
27031097,41.8672119994,-87.66128,1304048971.0,27031034,27031157
27031157,41.8672160053,-87.660927,1304048973.0,27031097,27031184
27031184,41.8672170005,-87.66057,1304048975.0,27031157,27031191
27031191,41.8672180105,-87.660214,1304048977.0,27031184,27031200
27031200,41.8672170029,-87.659859,1304048979.0,27031191,27031211
27031211,41.8672180099,-87.659517,1304048981.0,27031200,27031223
27031223,41.8672080156,-87.659183,1304048983.0,27031211,27031237
27031237,41.8671929991,-87.65885,1304048985.0,27031223,27031252
27031252,41.8671819943,-87.6585179999,1304048987.0,27031237,27031268
27031268,41.8671699545,-87.6581910001,1304048989.0,27031252,27031285
27031285,41.8671498313,-87.6578879933,1304048991.0,27031268,27031303
27031303,41.8671337441,-87.6576359907,1304048993.0,27031285,27031332
27031332,41.8671154163,-87.6573759821,1304048996.0,27031303,27031384
27031384,41.8670884128,-87.6571249327,1304049001.0,27031332,27031680
27031680,41.8671418953,-87.6568739756,1304049024.0,27031384,27031725
27031725,41.8671755118,-87.6566359604,1304049027.0,27031680,27031764
27031764,41.8671990887,-87.6563100137,1304049030.0,27031725,27031797
27031797,41.8672031806,-87.6560440032,1304049032.0,27031764,27031829
27031829,41.8672110374,-87.6557519933,1304049034.0,27031797,27031860
27031860,41.8672100594,-87.655437988,1304049036.0,27031829,27031891
27031891,41.8672037472,-87.6550999615,1304049038.0,27031860,27031927
27031927,41.8672116396,-87.6547509813,1304049040.0,27031891,27031961
27031961,41.8672207006,-87.6544030027,1304049042.0,27031927,27031986
27031986,41.8672277637,-87.6540590188,1304049044.0,27031961,27032021
27032021,41.8672329668,-87.6537250002,1304049046.0,27031986,27032059
27032059,41.867231006,-87.6533959799,1304049048.0,27032021,27032095
27032095,41.8672337763,-87.6530770413,1304049050.0,27032059,27032128
27032128,41.867236872,-87.6527650015,1304049052.0,27032095,27032164
27032164,41.867242894,-87.6524759999,1304049054.0,27032128,27032202
27032202,41.867240781,-87.6522060033,1304049056.0,27032164,27032241
27032241,41.8672390282,-87.6519580028,1304049058.0,27032202,27032295
27032295,41.867264996,-87.6516069863,1304049061.0,27032241,27032351
27032351,41.8672929001,-87.6512859769,1304049064.0,27032295,27032410
27032410,41.8673999558,-87.6510668023,1304049067.0,27032351,27032492
27032492,41.8676107838,-87.6509385979,1304049071.0,27032410,27032531
27032531,41.8677987214,-87.6509248872,1304049073.0,27032492,27032568
27032568,41.8680148174,-87.6509112988,1304049075.0,27032531,27032609
27032609,41.8682498284,-87.65092278,1304049077.0,27032568,27032654
27032654,41.8684888305,-87.6509376572,1304049079.0,27032609,27032694
27032694,41.8687337939,-87.6509491064,1304049081.0,27032654,27032735
27032735,41.8689726806,-87.6509608875,1304049083.0,27032694,27032776
27032776,41.8691765156,-87.6509614395,1304049085.0,27032735,27032830
27032830,41.8693894218,-87.6509437829,1304049088.0,27032776,27033008
27033008,41.8695747994,-87.6508358288,1304049096.0,27032830,27033099
27033099,41.8696134553,-87.6505510433,1304049100.0,27033008,27033173
27033173,41.8696406792,-87.6502109722,1304049103.0,27033099,27033216
27033216,41.8696602656,-87.6499499751,1304049105.0,27033173,27033261
27033261,41.8696653276,-87.6495069848,1304049108.0,27033216,27033305
27033305,41.8696623246,-87.6492050097,1304049110.0,27033261,27033341
27033341,41.8696509237,-87.6489179902,1304049112.0,27033305,27033409
27033409,41.8696330249,-87.648607986,1304049115.0,27033341,27033513
27033513,41.8696226401,-87.6483518519,1304049120.0,27033409,None
