47248333,41.8669428141,-87.6510523628,1302651861.0,None,47248903
47248903,41.867130954,-87.6511433566,1302651877.0,47248333,47249037
47249037,41.867157219,-87.6514078128,1302651881.0,47248903,47249144
47249144,41.8671518895,-87.6516806376,1302651884.0,47249037,47249254
47249254,41.8671463049,-87.651980124,1302651887.0,47249144,47249365
47249365,41.8671412934,-87.6522981208,1302651890.0,47249254,47249475
47249475,41.8671337656,-87.6526221949,1302651893.0,47249365,47249581
47249581,41.867124813,-87.6529382324,1302651896.0,47249475,47249692
47249692,41.8671198676,-87.6532623611,1302651899.0,47249581,47249802
47249802,41.86711527,-87.6535854318,1302651902.0,47249692,47249900
47249900,41.8671081896,-87.6539143751,1302651905.0,47249802,47250010
47250010,41.8671035739,-87.6542552855,1302651908.0,47249900,47250126
47250126,41.8670958172,-87.6546144271,1302651911.0,47250010,47250206
47250206,41.8670884699,-87.6548564786,1302651913.0,47250126,47250283
47250283,41.8670808752,-87.6551044573,1302651915.0,47250206,47250354
47250354,41.8670744011,-87.6553554106,1302651917.0,47250283,47250424
47250424,41.8670690013,-87.6556004471,1302651919.0,47250354,47250530
47250530,41.8670629032,-87.6559514249,1302651922.0,47250424,47250631
47250631,41.8670632644,-87.6562692474,1302651925.0,47250530,47250781
47250781,41.8670640141,-87.656561403,1302651929.0,47250631,47250994
47250994,41.8672299109,-87.6566721907,1302651935.0,47250781,47251145
47251145,41.8674591412,-87.6566933882,1302651939.0,47250994,47251255
47251255,41.8676790082,-87.6567048826,1302651942.0,47251145,47251359
47251359,41.867908991,-87.6567115987,1302651945.0,47251255,47251462
47251462,41.8681350249,-87.6567199007,1302651948.0,47251359,47251569
47251569,41.8683660047,-87.6567265582,1302651951.0,47251462,47251676
47251676,41.8686100063,-87.6567366239,1302651954.0,47251569,47251788
47251788,41.8688529786,-87.6567387218,1302651957.0,47251676,47251900
47251900,41.8690750129,-87.6567360175,1302651960.0,47251788,47252084
47252084,41.8692731033,-87.656735245,1302651965.0,47251900,47252274
47252274,41.8694864568,-87.6567402913,1302651970.0,47252084,47252378
47252378,41.8696701572,-87.6567524894,1302651973.0,47252274,47252487
47252487,41.8698903472,-87.6567735995,1302651976.0,47252378,47252594
47252594,41.8701282316,-87.656784958,1302651979.0,47252487,47252696
47252696,41.8703841209,-87.6567920581,1302651982.0,47252594,47252809
47252809,41.8706500796,-87.6567916701,1302651985.0,47252696,47252887
47252887,41.8708311053,-87.6567961066,1302651987.0,47252809,47252948
47252948,41.8710130983,-87.6568025797,1302651989.0,47252887,47253008
47253008,41.871195057,-87.6568063383,1302651991.0,47252948,47253017
47253017,41.8714461368,-87.6568189305,1302651994.0,47253008,47253031
47253031,41.871691909,-87.6568203677,1302651997.0,47253017,47253049
47253049,41.8719798533,-87.6568043939,1302652001.0,47253031,47253141
47253141,41.872167825,-87.6567972985,1302652012.0,47253049,47253182
47253182,41.872354762,-87.6567959373,1302652016.0,47253141,47253214
47253214,41.8725526917,-87.6567860125,1302652019.0,47253182,47253248
47253248,41.8727746512,-87.656774223,1302652022.0,47253214,47253284
47253284,41.8730116959,-87.6567534815,1302652025.0,47253248,47253321
47253321,41.8732478995,-87.6567349296,1302652028.0,47253284,47253360
47253360,41.8734779914,-87.6567314313,1302652031.0,47253321,47253400
47253400,41.8736970301,-87.6567312432,1302652034.0,47253360,47253442
47253442,41.8739010363,-87.6567272343,1302652037.0,47253400,47253499
47253499,41.8741256935,-87.6567241871,1302652041.0,47253442,47253570
47253570,41.8742370453,-87.6565140621,1302652046.0,47253499,47253632
47253632,41.8742393848,-87.6561948406,1302652050.0,47253570,47253680
47253680,41.8742438018,-87.6559146947,1302652053.0,47253632,47253731
47253731,41.8742473443,-87.6556287292,1302652056.0,47253680,47253779
47253779,41.8742501606,-87.6553279073,1302652059.0,47253731,47253832
47253832,41.8742546892,-87.6550168957,1302652062.0,47253779,47253885
47253885,41.8742604997,-87.6546958713,1302652065.0,47253832,47253937
47253937,41.874266286,-87.6543688578,1302652068.0,47253885,47253992
47253992,41.8742688532,-87.6540548766,1302652071.0,47253937,47254048
47254048,41.8742729762,-87.6537379487,1302652074.0,47253992,47254102
47254102,41.8742788092,-87.6534269774,1302652077.0,47254048,47254160
47254160,41.8742835939,-87.6531400056,1302652080.0,47254102,47254220
47254220,41.8742858778,-87.6528709841,1302652083.0,47254160,47254278
47254278,41.8742865306,-87.6525990264,1302652086.0,47254220,47254338
47254338,41.8742875365,-87.6523501132,1302652089.0,47254278,47254419
47254419,41.8742961023,-87.6520849926,1302652093.0,47254338,47254704
47254704,41.8743042933,-87.6518388746,1302652107.0,47254419,47254765
47254765,41.8743112477,-87.6515790063,1302652111.0,47254704,47254823
47254823,41.8743130336,-87.6513311371,1302652115.0,47254765,47254890
47254890,41.874333842,-87.6510507579,1302652119.0,47254823,47254938
47254938,41.8743310786,-87.6507859357,1302652122.0,47254890,47255000
47255000,41.8743315524,-87.6505150229,1302652125.0,47254938,47255070
47255070,41.8743341014,-87.650247,1302652128.0,47255000,47255138
47255138,41.8743390866,-87.6499889725,1302652131.0,47255070,47255235
47255235,41.8743442409,-87.6497102778,1302652135.0,47255138,47255572
47255572,41.8743530845,-87.6494361474,1302652149.0,47255235,47255675
47255675,41.8743663487,-87.6491429644,1302652153.0,47255572,47255746
47255746,41.8743692292,-87.6488989003,1302652156.0,47255675,47255821
47255821,41.8743731393,-87.6486429514,1302652159.0,47255746,47255903
47255903,41.8743688593,-87.6483944446,1302652162.0,47255821,47256008
47256008,41.8743432984,-87.6480934294,1302652166.0,47255903,47256154
47256154,41.8743191929,-87.6478366744,1302652172.0,47256008,47256484
47256484,41.8742884592,-87.6475475295,1302652184.0,47256154,47256593
47256593,41.8742154523,-87.6472874367,1302652189.0,47256484,47256738
47256738,41.8739990973,-87.6472195373,1302652194.0,47256593,47256855
47256855,41.873787973,-87.647209273,1302652198.0,47256738,47257452
47257452,41.8735859802,-87.6472020915,1302652219.0,47256855,47257561
47257561,41.8733609853,-87.6471904763,1302652223.0,47257452,47257647
47257647,41.8731590402,-87.6471847125,1302652226.0,47257561,47257742
47257742,41.8729491137,-87.64717715,1302652229.0,47257647,47257835
47257835,41.8727391668,-87.6471679038,1302652232.0,47257742,47257927
47257927,41.8725441673,-87.6471627585,1302652235.0,47257835,47258043
47258043,41.8723351355,-87.6471591478,1302652239.0,47257927,47258579
47258579,41.8721503181,-87.647152825,1302652257.0,47258043,47258707
47258707,41.8719581951,-87.6471445305,1302652261.0,47258579,47258802
47258802,41.8717681307,-87.6471345858,1302652264.0,47258707,47258899
47258899,41.8715571759,-87.6471306603,1302652267.0,47258802,47258998
47258998,41.8713241411,-87.6471257419,1302652270.0,47258899,47259097
47259097,41.8710811374,-87.6471190387,1302652273.0,47258998,47259179
47259179,41.8708431234,-87.6471105513,1302652276.0,47259097,47259275
47259275,41.8706071422,-87.6471059888,1302652279.0,47259179,47259371
47259371,41.870380239,-87.6471010474,1302652282.0,47259275,47259437
47259437,41.870135117,-87.6470840503,1302652285.0,47259371,47259507
47259507,41.8699490189,-87.6470659417,1302652287.0,47259437,47259581
47259581,41.8697624664,-87.6470634793,1302652289.0,47259507,47259642
47259642,41.8695817697,-87.6470739779,1302652291.0,47259581,47259742
47259742,41.8693130754,-87.6470681959,1302652294.0,47259642,47259806
47259806,41.8691309041,-87.6470619596,1302652296.0,47259742,47259873
47259873,41.8689479489,-87.6470551527,1302652298.0,47259806,47259934
47259934,41.8687649594,-87.6470493113,1302652300.0,47259873,47259999
47259999,41.8685850022,-87.6470446962,1302652302.0,47259934,47260095
47260095,41.868319999,-87.6470392384,1302652305.0,47259999,47260192
47260192,41.8680752002,-87.6470354721,1302652308.0,47260095,47260290
47260290,41.8678521353,-87.6470293164,1302652311.0,47260192,47260393
47260393,41.8676569423,-87.6470229606,1302652314.0,47260290,47260563
47260563,41.8674520258,-87.6470198293,1302652319.0,47260393,47261108
47261108,41.8672551311,-87.6470127079,1302652335.0,47260563,47261252
47261252,41.867021146,-87.6470025676,1302652339.0,47261108,47261361
47261361,41.866813157,-87.6469863645,1302652342.0,47261252,47261464
47261464,41.8665980799,-87.6469573463,1302652345.0,47261361,47261567
47261567,41.866377064,-87.6469339295,1302652348.0,47261464,47261667
47261667,41.8661570536,-87.6469210404,1302652351.0,47261567,47261766
47261766,41.8659750121,-87.6469140236,1302652354.0,47261667,47261948
47261948,41.8657870358,-87.6469379055,1302652359.0,47261766,None
