76958379,41.8694864294,-87.6470954998,1303503610.0,None,76958515
76958515,41.8692869674,-87.6470462382,1303503614.0,76958379,76958653
76958653,41.8690919867,-87.647070368,1303503618.0,76958515,76959334
76959334,41.8688780013,-87.6470571403,1303503637.0,76958653,76959439
76959439,41.8686290578,-87.6470509049,1303503640.0,76959334,76959509
76959509,41.868419019,-87.6470498161,1303503642.0,76959439,76959583
76959583,41.8681920249,-87.6470519902,1303503644.0,76959509,76959655
76959655,41.8679651238,-87.6470546702,1303503646.0,76959583,76959730
76959730,41.8677440865,-87.6470561075,1303503648.0,76959655,76959804
76959804,41.8675430989,-87.6470551453,1303503650.0,76959730,76959917
76959917,41.8673264998,-87.6470697471,1303503653.0,76959804,76960067
76960067,41.8672171568,-87.6472670556,1303503657.0,76959917,76960642
76960642,41.8672153168,-87.6475190656,1303503673.0,76960067,76960789
76960789,41.8671873076,-87.6478581789,1303503677.0,76960642,76960859
76960859,41.8671805436,-87.6481132434,1303503679.0,76960789,76960926
76960926,41.8671769119,-87.6484082697,1303503681.0,76960859,76960998
76960998,41.867178654,-87.6487172064,1303503683.0,76960926,76961069
76961069,41.8671789964,-87.6490261382,1303503685.0,76960998,76961107
76961107,41.8671775959,-87.6493360881,1303503687.0,76961069,76961181
76961181,41.8671760658,-87.6496510365,1303503689.0,76961107,76961257
76961257,41.8671759906,-87.6499669741,1303503691.0,76961181,76961332
76961332,41.8671762822,-87.6502749603,1303503693.0,76961257,76961410
76961410,41.8671760629,-87.6505777657,1303503695.0,76961332,76961482
76961482,41.8671742781,-87.650883744,1303503697.0,76961410,76961554
76961554,41.8671678942,-87.6511952553,1303503699.0,76961482,76961617
76961617,41.8671626848,-87.6515034855,1303503701.0,76961554,76961686
76961686,41.8671598151,-87.6518230891,1303503703.0,76961617,76961757
76961757,41.8671535177,-87.6521378412,1303503705.0,76961686,76961837
76961837,41.8671512436,-87.6524107651,1303503707.0,76961757,76961945
76961945,41.8671464897,-87.6526857885,1303503710.0,76961837,76962402
76962402,41.8671479341,-87.6529336428,1303503723.0,76961945,76962529
76962529,41.8671412039,-87.6532476241,1303503727.0,76962402,76962639
76962639,41.8671342755,-87.6536236676,1303503730.0,76962529,76962710
76962710,41.8671290985,-87.6539146953,1303503732.0,76962639,76962785
76962785,41.8671277759,-87.6542056029,1303503734.0,76962710,76962859
76962859,41.8671217135,-87.6544955792,1303503736.0,76962785,76962933
76962933,41.8671130866,-87.6547854494,1303503738.0,76962859,76963007
76963007,41.867110312,-87.6550705805,1303503740.0,76962933,76963074
76963074,41.8671055403,-87.655344734,1303503742.0,76963007,76963141
76963141,41.8671043602,-87.6556046352,1303503744.0,76963074,76963243
76963243,41.8670965917,-87.6559096198,1303503747.0,76963141,76963871
76963871,41.8670953936,-87.6561567388,1303503765.0,76963243,76964013
76964013,41.8670953596,-87.6564109812,1303503770.0,76963871,76964096
76964096,41.8670986226,-87.6567345286,1303503773.0,76964013,76964161
76964161,41.8670939121,-87.656997799,1303503775.0,76964096,76964220
76964220,41.8670899801,-87.6572797674,1303503777.0,76964161,76964284
76964284,41.8670875524,-87.6575797745,1303503779.0,76964220,76964349
76964349,41.8670815327,-87.6578877473,1303503781.0,76964284,76964408
76964408,41.8670763959,-87.6581977705,1303503783.0,76964349,76964467
76964467,41.8670732209,-87.6585127899,1303503785.0,76964408,76964526
76964526,41.8670691338,-87.6588297762,1303503787.0,76964467,76964598
76964598,41.8670641548,-87.6591507238,1303503789.0,76964526,76964669
76964669,41.867059155,-87.659474766,1303503791.0,76964598,76964741
76964741,41.8670533553,-87.6597937459,1303503793.0,76964669,76964811
76964811,41.8670520449,-87.6601147229,1303503795.0,76964741,76964886
76964886,41.867047072,-87.6604167088,1303503797.0,76964811,76964960
76964960,41.867042256,-87.6606697756,1303503799.0,76964886,76965069
76965069,41.8670345617,-87.6609367981,1303503802.0,76964960,76965280
76965280,41.8670210562,-87.6611848913,1303503808.0,76965069,76966052
76966052,41.8670279484,-87.6614918299,1303503834.0,76965280,76966068
76966068,41.8670247345,-87.6618148767,1303503837.0,76966052,76966080
76966080,41.8670228323,-87.6620757029,1303503839.0,76966068,76966094
76966094,41.8670189367,-87.6623447117,1303503841.0,76966080,76966109
76966109,41.8670149024,-87.6626147475,1303503843.0,76966094,76966125
76966125,41.8670099452,-87.6628877673,1303503845.0,76966109,76966142
76966142,41.8670067637,-87.663171726,1303503847.0,76966125,76966160
76966160,41.8670008354,-87.6634607179,1303503849.0,76966142,76966179
76966179,41.8669930251,-87.6637447603,1303503851.0,76966160,76966199
76966199,41.8669870286,-87.6640147423,1303503853.0,76966179,76966219
76966219,41.8669810914,-87.6642647789,1303503855.0,76966199,76966252
76966252,41.866977921,-87.664567778,1303503858.0,76966219,76966286
76966286,41.8669813438,-87.664824779,1303503861.0,76966252,76966322
76966322,41.866985191,-87.6650787684,1303503864.0,76966286,76966359
76966359,41.8669800856,-87.6653448304,1303503867.0,76966322,76966398
76966398,41.8669660858,-87.6655928972,1303503870.0,76966359,76966452
76966452,41.8669610293,-87.665920979,1303503874.0,76966398,76966494
76966494,41.8669583732,-87.6662391273,1303503877.0,76966452,76966522
76966522,41.8669552038,-87.6664874242,1303503879.0,76966494,76966549
76966549,41.8669531502,-87.6667449863,1303503881.0,76966522,76966580
76966580,41.8669516233,-87.667006947,1303503883.0,76966549,76966612
76966612,41.8669453001,-87.667272016,1303503885.0,76966580,76966642
76966642,41.8669426167,-87.6675470814,1303503887.0,76966612,76966672
76966672,41.8669448063,-87.6678211181,1303503889.0,76966642,76966705
76966705,41.8669485152,-87.6680841561,1303503891.0,76966672,76966738
76966738,41.8669503012,-87.6683311365,1303503893.0,76966705,76966786
76966786,41.8669546792,-87.6686433705,1303503896.0,76966738,76966856
76966856,41.8670139058,-87.6689000038,1303503900.0,76966786,76966924
76966924,41.8671894755,-87.6689454518,1303503904.0,76966856,76966996
76966996,41.8674280989,-87.6689460227,1303503908.0,76966924,76967031
76967031,41.8676851079,-87.6689522425,1303503911.0,76966996,76967070
76967070,41.8678651312,-87.6689581182,1303503913.0,76967031,76967129
76967129,41.8681231774,-87.668965445,1303503916.0,76967070,76967183
76967183,41.8683661176,-87.6689623958,1303503919.0,76967129,76967241
76967241,41.868601171,-87.6689724913,1303503922.0,76967183,76967301
76967301,41.8688131406,-87.6689813119,1303503925.0,76967241,76967381
76967381,41.8690093738,-87.6689815641,1303503929.0,76967301,76967811
76967811,41.8691981392,-87.6690173308,1303503950.0,76967381,76967949
76967949,41.8692564413,-87.6692686102,1303503956.0,76967811,76968038
76968038,41.8692389248,-87.6695564232,1303503960.0,76967949,76968101
76968101,41.8692260175,-87.6698428509,1303503963.0,76968038,76968159
76968159,41.8692268712,-87.6701309092,1303503966.0,76968101,76968217
76968217,41.8692291045,-87.6703920768,1303503969.0,76968159,76968270
76968270,41.8692305638,-87.6706629869,1303503972.0,76968217,76968326
76968326,41.8692328827,-87.6709369313,1303503975.0,76968270,76968418
76968418,41.8692394122,-87.6712009757,1303503979.0,76968326,76968638
76968638,41.8690610473,-87.6713429636,1303503988.0,76968418,76968747
76968747,41.8689823508,-87.6715710813,1303503993.0,76968638,76968826
76968826,41.8689545325,-87.6719059254,1303503996.0,76968747,76968876
76968876,41.868964631,-87.6721610019,1303503998.0,76968826,76968925
76968925,41.8689866561,-87.6724189388,1303504000.0,76968876,76968974
76968974,41.8690067584,-87.6726659592,1303504002.0,76968925,76969052
76969052,41.8690313001,-87.6729978804,1303504005.0,76968974,76969158
76969158,41.8691102896,-87.673247996,1303504009.0,76969052,76969286
76969286,41.8692268544,-87.6734506451,1303504014.0,76969158,76969369
76969369,41.8694185034,-87.6734784584,1303504017.0,76969286,76969446
76969446,41.8696649149,-87.6734820867,1303504020.0,76969369,76969501
76969501,41.8698469535,-87.6734980499,1303504022.0,76969446,76969557
76969557,41.8700339634,-87.6735080565,1303504024.0,76969501,76969611
76969611,41.8702169749,-87.6735130786,1303504026.0,76969557,76969693
76969693,41.8704690145,-87.6735148398,1303504029.0,76969611,76969774
76969774,41.8706969892,-87.6735266402,1303504032.0,76969693,76969856
76969856,41.8709219736,-87.6735403349,1303504035.0,76969774,76969938
76969938,41.8711361281,-87.6735388607,1303504038.0,76969856,76970052
76970052,41.8713332995,-87.6735342553,1303504042.0,76969938,76970359
76970359,41.8714745968,-87.673689813,1303504053.0,76970052,76970528
76970528,41.8715047295,-87.6734295642,1303504059.0,76970359,None
