34137824,41.869374077,-87.6569600693,1302373145.0,None,34138510
34138510,41.8694902629,-87.6567439598,1302373164.0,34137824,34138723
34138723,41.869675034,-87.6567459301,1302373170.0,34138510,34138835
34138835,41.8698829562,-87.6567562401,1302373173.0,34138723,34138948
34138948,41.870137033,-87.6567698853,1302373176.0,34138835,34139022
34139022,41.8703270024,-87.6567735664,1302373178.0,34138948,34139096
34139096,41.8705289681,-87.6567764296,1302373180.0,34139022,34139166
34139166,41.8707339841,-87.6567828688,1302373182.0,34139096,34139237
34139237,41.8709419298,-87.656786051,1302373184.0,34139166,34139312
34139312,41.8711519222,-87.656793118,1302373186.0,34139237,34139380
34139380,41.8713559874,-87.6568019291,1302373188.0,34139312,34139448
34139448,41.8715500268,-87.6568089055,1302373190.0,34139380,34139518
34139518,41.8717389772,-87.6568082433,1302373192.0,34139448,34139636
34139636,41.8719669722,-87.6567987172,1302373195.0,34139518,34139893
34139893,41.8721718809,-87.6567936502,1302373202.0,34139636,34140035
34140035,41.8723799288,-87.6567820533,1302373206.0,34139893,34140145
34140145,41.872600825,-87.6567743001,1302373209.0,34140035,34140253
34140253,41.872855801,-87.6567617678,1302373212.0,34140145,34140364
34140364,41.8731188077,-87.6567425779,1302373215.0,34140253,34140479
34140479,41.873380964,-87.65673094,1302373218.0,34140364,34140588
34140588,41.8736450276,-87.6567308767,1302373221.0,34140479,34140690
34140690,41.8738709955,-87.6567311829,1302373224.0,34140588,34140863
34140863,41.8740557859,-87.6567279023,1302373229.0,34140690,34141445
34141445,41.874210084,-87.6565765997,1302373245.0,34140863,34141586
34141586,41.874213796,-87.6562490082,1302373249.0,34141445,34141691
34141691,41.8742206316,-87.6559510604,1302373252.0,34141586,34141796
34141796,41.8742265032,-87.6556122613,1302373255.0,34141691,34141902
34141902,41.8742326088,-87.6552602942,1302373258.0,34141796,34142007
34142007,41.8742414117,-87.6548982263,1302373261.0,34141902,34142083
34142083,41.8742482418,-87.6546521792,1302373263.0,34142007,34142155
34142155,41.8742529329,-87.654403141,1302373265.0,34142083,34142227
34142227,41.874258013,-87.654150094,1302373267.0,34142155,34142294
34142294,41.8742656118,-87.6538960638,1302373269.0,34142227,34142363
34142363,41.8742709904,-87.6536480419,1302373271.0,34142294,34142435
34142435,41.8742763613,-87.6534050596,1302373273.0,34142363,34142493
34142493,41.8742817945,-87.6531620247,1302373275.0,34142435,34142595
34142595,41.874287824,-87.6528109951,1302373278.0,34142493,34142687
34142687,41.8742904932,-87.6524889668,1302373281.0,34142595,34142793
34142793,41.8742957721,-87.6522129597,1302373284.0,34142687,34142923
34142923,41.874298191,-87.6519130128,1302373288.0,34142793,34143021
34143021,41.874298005,-87.6516413188,1302373291.0,34142923,34143121
34143121,41.8743095234,-87.6513172578,1302373294.0,34143021,34143228
34143228,41.8743186905,-87.6509611273,1302373297.0,34143121,34143301
34143301,41.8743226381,-87.6507181131,1302373299.0,34143228,34143376
34143376,41.8743227368,-87.6504741709,1302373301.0,34143301,34143451
34143451,41.874323886,-87.6502261523,1302373303.0,34143376,34143528
34143528,41.8743264278,-87.6499702595,1302373305.0,34143451,34143593
34143593,41.8743341643,-87.6497064651,1302373307.0,34143528,34143667
34143667,41.8743403228,-87.6494453645,1302373309.0,34143593,34143745
34143745,41.8743446632,-87.649186295,1302373311.0,34143667,34143811
34143811,41.8743534436,-87.648919147,1302373313.0,34143745,34143880
34143880,41.8743634716,-87.6486440088,1302373315.0,34143811,34143952
34143952,41.8743610181,-87.648370315,1302373317.0,34143880,34144024
34144024,41.8743386303,-87.6481128827,1302373319.0,34143952,34144091
34144091,41.8743123717,-87.6478608837,1302373321.0,34144024,34144203
34144203,41.8742763632,-87.6475215792,1302373324.0,34144091,34144313
34144313,41.8742115621,-87.6472789039,1302373327.0,34144203,34144445
34144445,41.8740077566,-87.6471759768,1302373331.0,34144313,34144553
34144553,41.8737958033,-87.6471770381,1302373334.0,34144445,34144661
34144661,41.8735527605,-87.6471741396,1302373337.0,34144553,34144731
34144731,41.8733688242,-87.6471753119,1302373339.0,34144661,34144803
34144803,41.8731798899,-87.6471741835,1302373341.0,34144731,34144875
34144875,41.8729899835,-87.6471698443,1302373343.0,34144803,34144941
34144941,41.8727940354,-87.6471630347,1302373345.0,34144875,34145010
34145010,41.8726090991,-87.6471576373,1302373347.0,34144941,34145119
34145119,41.8723460847,-87.6471553286,1302373350.0,34145010,34145223
34145223,41.8721463273,-87.6471532094,1302373353.0,34145119,34145959
34145959,41.8719478955,-87.6471265091,1302373374.0,34145223,34146111
34146111,41.8717017734,-87.6471032326,1302373378.0,34145959,34146230
34146230,41.8714709712,-87.6470996633,1302373381.0,34146111,34146335
34146335,41.8712149658,-87.6470953962,1302373384.0,34146230,34146447
34146447,41.8709569406,-87.6470896185,1302373387.0,34146335,34146542
34146542,41.8707009338,-87.6470809549,1302373390.0,34146447,34146640
34146640,41.8704510571,-87.6470757625,1302373393.0,34146542,34146753
34146753,41.8702210861,-87.6470713277,1302373396.0,34146640,34146900
34146900,41.8700210762,-87.6470923163,1302373400.0,34146753,34147403
34147403,41.8698201083,-87.6470955025,1302373415.0,34146900,34147507
34147507,41.8696233123,-87.6470929551,1302373418.0,34147403,34147604
34147604,41.8693831487,-87.6470829597,1302373421.0,34147507,34147709
34147709,41.8691139697,-87.647071862,1302373424.0,34147604,34147786
34147786,41.8689260347,-87.6470640447,1302373426.0,34147709,34147859
34147859,41.8687370511,-87.6470553547,1302373428.0,34147786,34147930
34147930,41.8685490314,-87.6470501769,1302373430.0,34147859,34148000
34148000,41.8683690223,-87.6470456785,1302373432.0,34147930,34148109
34148109,41.868115137,-87.6470419429,1302373435.0,34148000,34148222
34148222,41.8678761534,-87.6470411111,1302373438.0,34148109,34148318
34148318,41.8676630056,-87.6470378676,1302373441.0,34148222,34148528
34148528,41.8674710327,-87.6470355174,1302373447.0,34148318,34148904
34148904,41.8672889755,-87.6470350545,1302373457.0,34148528,34149076
34149076,41.8671512648,-87.647229314,1302373462.0,34148904,34149174
34149174,41.8671458188,-87.6475052215,1302373465.0,34149076,34149282
34149282,41.8671518047,-87.6478361536,1302373468.0,34149174,34149387
34149387,41.8671554966,-87.6481912268,1302373471.0,34149282,34149489
34149489,41.8671517861,-87.6485402886,1302373474.0,34149387,34149602
34149602,41.8671489978,-87.6488882786,1302373477.0,34149489,34149708
34149708,41.8671468728,-87.649239289,1302373480.0,34149602,34149783
34149783,41.8671439764,-87.6494812664,1302373482.0,34149708,34149855
34149855,41.8671398551,-87.6497362357,1302373484.0,34149783,34149924
34149924,41.8671359349,-87.649994246,1302373486.0,34149855,34149995
34149995,41.8671309432,-87.6502541996,1302373488.0,34149924,34150065
34150065,41.8671159187,-87.650513172,1302373490.0,34149995,34150125
34150125,41.8670972986,-87.6507541254,1302373492.0,34150065,34150270
34150270,41.8670800435,-87.6510002649,1302373496.0,34150125,34150564
34150564,41.8668775741,-87.6510909637,1302373504.0,34150270,34150673
34150673,41.8666617087,-87.6510858176,1302373507.0,34150564,34150772
34150772,41.8663958064,-87.6510759401,1302373510.0,34150673,34150844
34150844,41.866199854,-87.6510669828,1302373512.0,34150772,34150916
34150916,41.8659928502,-87.6510601995,1302373514.0,34150844,34150991
34150991,41.8657828559,-87.65105097,1302373516.0,34150916,34151063
34151063,41.8655748523,-87.6510469353,1302373518.0,34150991,34151135
34151135,41.8653748638,-87.6510419548,1302373520.0,34151063,34151213
34151213,41.8651858709,-87.6510359739,1302373522.0,34151135,34151325
34151325,41.8649369046,-87.6510280443,1302373525.0,34151213,34151540
34151540,41.8647288233,-87.6510146277,1302373531.0,34151325,34151687
34151687,41.8645338849,-87.6510012812,1302373535.0,34151540,34151781
34151781,41.8643429313,-87.6509901311,1302373538.0,34151687,34151888
34151888,41.8641178849,-87.6509840198,1302373541.0,34151781,34151998
34151998,41.8638828946,-87.6509737707,1302373544.0,34151888,34152145
34152145,41.8636837,-87.65096861,1302373548.0,34151998,34152393
34152393,41.8635254885,-87.6508304691,1302373555.0,34152145,34152525
34152525,41.8635149336,-87.6505828366,1302373559.0,34152393,34152633
34152633,41.8635240012,-87.6503319326,1302373562.0,34152525,34152735
34152735,41.8635293977,-87.6500832574,1302373565.0,34152633,34152883
34152883,41.8636572089,-87.6498870936,1302373569.0,34152735,34153035
34153035,41.8638433906,-87.6499166279,1302373573.0,34152883,34153166
34153166,41.8639085011,-87.6501571096,1302373577.0,34153035,34153349
34153349,41.8638946085,-87.650407823,1302373582.0,34153166,None
