33140568,41.8637439583,-87.6505529864,1302295539.0,None,33140668
33140668,41.8638585221,-87.6503269003,1302295550.0,33140568,33140722
33140722,41.8638337677,-87.6500391664,1302295555.0,33140668,33140781
33140781,41.8636361017,-87.6499213139,1302295560.0,33140722,33140844
33140844,41.8634951892,-87.650077078,1302295565.0,33140781,33140897
33140897,41.8635031932,-87.6503230193,1302295569.0,33140844,33140951
33140951,41.863505021,-87.6506202108,1302295573.0,33140897,33141024
33141024,41.8635145497,-87.6508815475,1302295578.0,33140951,33141134
33141134,41.8637193147,-87.6509628194,1302295586.0,33141024,33141204
33141204,41.8639470602,-87.6509512043,1302295590.0,33141134,33141250
33141250,41.8641610308,-87.6509511557,1302295593.0,33141204,33141301
33141301,41.8643560341,-87.6509574634,1302295596.0,33141250,33141372
33141372,41.8645500111,-87.650954687,1302295600.0,33141301,33141620
33141620,41.8647479821,-87.6509573093,1302295614.0,33141372,33141670
33141670,41.8649319817,-87.6509655771,1302295617.0,33141620,33141724
33141724,41.8651689789,-87.650969282,1302295620.0,33141670,33141764
33141764,41.8653519866,-87.6509752118,1302295622.0,33141724,33141802
33141802,41.8655450143,-87.6509860754,1302295624.0,33141764,33141845
33141845,41.8657430312,-87.6509945012,1302295626.0,33141802,33141881
33141881,41.865940027,-87.6510013168,1302295628.0,33141845,33141921
33141921,41.8661330084,-87.651009012,1302295630.0,33141881,33141963
33141963,41.866318009,-87.6510134151,1302295632.0,33141921,33142026
33142026,41.8665649761,-87.6510213608,1302295635.0,33141963,33142089
33142089,41.8667569273,-87.65103385,1302295638.0,33142026,33142264
33142264,41.866936805,-87.6510496717,1302295652.0,33142089,33142457
33142457,41.8671422708,-87.6512620902,1302295665.0,33142264,33142542
33142542,41.8671419372,-87.6515690542,1302295669.0,33142457,33142590
33142590,41.8671390441,-87.6518605477,1302295672.0,33142542,33142664
33142664,41.8671360226,-87.6521473062,1302295675.0,33142590,33142733
33142733,41.8671349166,-87.6524042544,1302295678.0,33142664,33142832
33142832,41.8671310448,-87.6526872467,1302295682.0,33142733,33143019
33143019,41.8671253946,-87.6529372248,1302295690.0,33142832,33143199
33143199,41.8671206938,-87.6532213158,1302295697.0,33143019,33143271
33143271,41.8671154666,-87.6534824326,1302295700.0,33143199,33143345
33143345,41.8671095894,-87.6538034739,1302295703.0,33143271,33143401
33143401,41.8671062888,-87.6540462748,1302295705.0,33143345,33143457
33143457,41.8671045607,-87.6543002274,1302295707.0,33143401,33143508
33143508,41.8671011388,-87.6545502532,1302295709.0,33143457,33143558
33143558,41.8670957113,-87.6548062205,1302295711.0,33143508,33143613
33143613,41.8670905929,-87.6550701668,1302295713.0,33143558,33143664
33143664,41.8670852956,-87.6553462004,1302295715.0,33143613,33143715
33143715,41.8670797635,-87.655634199,1302295717.0,33143664,33143757
33143757,41.8670747598,-87.6559331782,1302295719.0,33143715,33143811
33143811,41.8670702113,-87.6562401721,1302295721.0,33143757,33143816
33143816,41.8670706858,-87.6565410889,1302295723.0,33143811,33143824
33143824,41.8670628493,-87.6568441356,1302295725.0,33143816,33143829
33143829,41.8670585988,-87.6571511366,1302295727.0,33143824,33143841
33143841,41.8670521495,-87.6574661604,1302295729.0,33143829,33143854
33143854,41.8670469318,-87.6577902102,1302295731.0,33143841,33143868
33143868,41.8670402937,-87.6581211835,1302295733.0,33143854,33143884
33143884,41.8670339075,-87.658456204,1302295735.0,33143868,33143900
33143900,41.8670283733,-87.6587791611,1302295737.0,33143884,33143918
33143918,41.8670220625,-87.6590882084,1302295739.0,33143900,33143936
33143936,41.8670171388,-87.659376212,1302295741.0,33143918,33143956
33143956,41.8670143859,-87.6596431758,1302295743.0,33143936,33143986
33143986,41.8670093722,-87.6599471655,1302295746.0,33143956,33144053
33144053,41.8670043038,-87.6602291925,1302295752.0,33143986,33144101
33144101,41.867001517,-87.660477148,1302295756.0,33144053,33144139
33144139,41.8669985303,-87.66075313,1302295759.0,33144101,33144178
33144178,41.8669949818,-87.6610881417,1302295762.0,33144139,33144219
33144219,41.8669905125,-87.6614551467,1302295765.0,33144178,33144247
33144247,41.8669874328,-87.6617191642,1302295767.0,33144219,33144275
33144275,41.866983434,-87.6620000897,1302295769.0,33144247,33144304
33144304,41.8669776039,-87.6622901202,1302295771.0,33144275,33144334
33144334,41.8669739096,-87.6625901379,1302295773.0,33144304,33144361
33144361,41.8669710002,-87.6628881034,1302295775.0,33144334,33144392
33144392,41.8669673502,-87.6631831147,1302295777.0,33144361,33144424
33144424,41.8669621742,-87.663477095,1302295779.0,33144392,33144454
33144454,41.8669584348,-87.6637670828,1302295781.0,33144424,33144487
33144487,41.866952132,-87.6640461037,1302295783.0,33144454,33144520
33144520,41.8669481106,-87.6642990769,1302295785.0,33144487,33144570
33144570,41.8669458466,-87.6646360381,1302295788.0,33144520,33144621
33144621,41.8669433183,-87.6649000694,1302295791.0,33144570,33144812
33144812,41.8669341828,-87.6651511221,1302295802.0,33144621,33144921
33144921,41.8669303985,-87.6654561646,1302295808.0,33144812,33144982
33144982,41.8669282785,-87.6657280982,1302295811.0,33144921,33145038
33145038,41.8669243466,-87.6660700491,1302295814.0,33144982,33145076
33145076,41.8669227127,-87.6663262427,1302295816.0,33145038,33145115
33145115,41.8669234196,-87.6665731956,1302295818.0,33145076,33145150
33145150,41.8669225693,-87.6668180106,1302295820.0,33145115,33145192
33145192,41.8669211067,-87.6670600446,1302295822.0,33145150,33145256
33145256,41.8669195522,-87.6674160165,1302295825.0,33145192,33145294
33145294,41.8669199721,-87.6677478847,1302295828.0,33145256,33145352
33145352,41.8669233833,-87.667990854,1302295831.0,33145294,33145462
33145462,41.8669300572,-87.6682919097,1302295836.0,33145352,33145541
33145541,41.8669341083,-87.6686014106,1302295840.0,33145462,33145631
33145631,41.8669721514,-87.6688492446,1302295844.0,33145541,33145766
33145766,41.8671634313,-87.6689062799,1302295851.0,33145631,33145844
33145844,41.8673450989,-87.6689086203,1302295855.0,33145766,33145883
33145883,41.867549,-87.6689159778,1302295858.0,33145844,33145931
33145931,41.8677949693,-87.6689225007,1302295861.0,33145883,33145967
33145967,41.8679789307,-87.668922852,1302295863.0,33145931,33146013
33146013,41.8681749028,-87.668924694,1302295865.0,33145967,33146061
33146061,41.8683748881,-87.6689265825,1302295867.0,33146013,33146113
33146113,41.8685668572,-87.6689326749,1302295869.0,33146061,33146183
33146183,41.868817086,-87.6689410917,1302295872.0,33146113,33146251
33146251,41.8689991293,-87.6689383886,1302295875.0,33146183,33146516
33146516,41.8691933709,-87.6689711573,1302295886.0,33146251,33146673
33146673,41.8692493465,-87.6692515136,1302295892.0,33146516,33146750
33146750,41.869235379,-87.6694977434,1302295895.0,33146673,33146822
33146822,41.8692201261,-87.6697391106,1302295898.0,33146750,33146915
33146915,41.8692053307,-87.6699869811,1302295902.0,33146822,33147202
33147202,41.8692664451,-87.6702180169,1302295913.0,33146915,None
