54241544,41.8671339277,-87.6531418555,1303953952.0,None,54241920
54241920,41.8671263792,-87.6534209848,1303953963.0,54241544,54242023
54242023,41.8671219337,-87.6536720925,1303953966.0,54241920,54242133
54242133,41.8671159579,-87.6539690358,1303953969.0,54242023,54242245
54242245,41.8671097032,-87.6542940593,1303953972.0,54242133,54242349
54242349,41.8671054518,-87.6546339409,1303953975.0,54242245,54242449
54242449,41.867093925,-87.6549781228,1303953978.0,54242349,54242550
54242550,41.8670867567,-87.655327162,1303953981.0,54242449,54242648
54242648,41.8670803816,-87.6556731519,1303953984.0,54242550,54242751
54242751,41.8670776111,-87.655993054,1303953987.0,54242648,54242860
54242860,41.8670771284,-87.6562790086,1303953990.0,54242751,54243038
54243038,41.867082855,-87.6565385595,1303953995.0,54242860,54243323
54243323,41.8672584941,-87.6566857829,1303954004.0,54243038,54243466
54243466,41.8674880818,-87.6566920063,1303954008.0,54243323,54243613
54243613,41.8677230292,-87.6567088977,1303954012.0,54243466,54243754
54243754,41.8679260214,-87.656715866,1303954016.0,54243613,54243882
54243882,41.8681321098,-87.6567303312,1303954020.0,54243754,54243979
54243979,41.8683191203,-87.6567379385,1303954023.0,54243882,54244088
54244088,41.8685160857,-87.6567427799,1303954026.0,54243979,54244234
54244234,41.8687500361,-87.6567503326,1303954030.0,54244088,54244388
54244388,41.8689589743,-87.6567463656,1303954034.0,54244234,54244554
54244554,41.8691630528,-87.6567304704,1303954039.0,54244388,54244873
54244873,41.8693723651,-87.6567326395,1303954049.0,54244554,54245027
54245027,41.8696009068,-87.6567379223,1303954053.0,54244873,54245135
54245135,41.8698160291,-87.6567537967,1303954056.0,54245027,54245239
54245239,41.8700500536,-87.6567685353,1303954059.0,54245135,54245344
54245344,41.8702870204,-87.6567750188,1303954062.0,54245239,54245447
54245447,41.8705339706,-87.6567763799,1303954065.0,54245344,54245540
54245540,41.8707799589,-87.6567818664,1303954068.0,54245447,54245652
54245652,41.8710299113,-87.6567865071,1303954071.0,54245540,54245755
54245755,41.87127691,-87.6567920886,1303954074.0,54245652,54245853
54245853,41.8715099842,-87.656803071,1303954077.0,54245755,54245961
54245961,41.8717350678,-87.6567997043,1303954080.0,54245853,54246066
54246066,41.8719401356,-87.6567933732,1303954083.0,54245961,54246300
54246300,41.8721340085,-87.6567893322,1303954090.0,54246066,54246466
54246466,41.8723509002,-87.65678535,1303954095.0,54246300,54246570
54246570,41.8725368064,-87.6567795245,1303954098.0,54246466,54246671
54246671,41.8727457833,-87.6567686478,1303954101.0,54246570,54246779
54246779,41.8729609487,-87.6567485825,1303954104.0,54246671,54246881
54246881,41.8731680833,-87.6567286643,1303954107.0,54246779,54246979
54246979,41.87337199,-87.6567227385,1303954110.0,54246881,54247085
54247085,41.873555997,-87.6567252302,1303954113.0,54246979,54247225
54247225,41.8737909644,-87.6567275115,1303954117.0,54247085,54247372
54247372,41.8740058856,-87.6567300924,1303954121.0,54247225,54247649
54247649,41.8741974775,-87.6567058794,1303954129.0,54247372,54247830
54247830,41.8742425478,-87.6564380164,1303954134.0,54247649,54247959
54247959,41.8742501703,-87.6561226657,1303954138.0,54247830,54248070
54248070,41.8742512858,-87.6558646107,1303954141.0,54247959,54248176
54248176,41.874250605,-87.655594721,1303954144.0,54248070,54248289
54248289,41.8742512843,-87.6553238826,1303954147.0,54248176,54248375
54248375,41.8742538739,-87.655053917,1303954150.0,54248289,54248449
54248449,41.8742548466,-87.6547789783,1303954153.0,54248375,54248545
54248545,41.8742558942,-87.6544940669,1303954156.0,54248449,54248646
54248646,41.8742582221,-87.6542060702,1303954159.0,54248545,54248736
54248736,41.8742619032,-87.6539211367,1303954162.0,54248646,54248825
54248825,41.8742651929,-87.6536471879,1303954165.0,54248736,54248920
54248920,41.874264995,-87.6533943121,1303954168.0,54248825,54249012
54249012,41.8742711856,-87.6531492564,1303954171.0,54248920,54249145
54249145,41.8742832902,-87.6528300759,1303954175.0,54249012,54249258
54249258,41.8742876051,-87.6525870092,1303954178.0,54249145,54249403
54249403,41.874284882,-87.6522861513,1303954182.0,54249258,54249542
54249542,41.8742912125,-87.6519881946,1303954186.0,54249403,54249645
54249645,41.8742969587,-87.6517332419,1303954189.0,54249542,54249748
54249748,41.8743034183,-87.6514393609,1303954192.0,54249645,54249857
54249857,41.8743104192,-87.6511352954,1303954195.0,54249748,54249966
54249966,41.8743201208,-87.6508311484,1303954198.0,54249857,54250076
54250076,41.8743236726,-87.6505381472,1303954201.0,54249966,54250170
54250170,41.8743243514,-87.6502701187,1303954204.0,54250076,54250275
54250275,41.8743227378,-87.6500153007,1303954207.0,54250170,54250407
54250407,41.8743284815,-87.649757535,1303954211.0,54250275,54251024
54251024,41.8743385965,-87.649516373,1303954229.0,54250407,54251173
54251173,41.8743425096,-87.6492333104,1303954233.0,54251024,54251281
54251281,41.8743412963,-87.6489783215,1303954236.0,54251173,54251389
54251389,41.8743429873,-87.648702234,1303954239.0,54251281,54251485
54251485,41.8743418213,-87.6484165575,1303954242.0,54251389,54251584
54251584,41.8743201465,-87.6481535596,1303954245.0,54251485,54251726
54251726,41.8742863278,-87.6478543331,1303954249.0,54251584,54251858
54251858,41.874254216,-87.6475770344,1303954253.0,54251726,54252731
54252731,41.8742539402,-87.6473393287,1303954279.0,54251858,54252909
54252909,41.8740844285,-87.6472075871,1303954284.0,54252731,54253051
54253051,41.8738518742,-87.6471993637,1303954288.0,54252909,54253154
54253154,41.8736588845,-87.6471933131,1303954291.0,54253051,54253258
54253258,41.873456871,-87.6471856862,1303954294.0,54253154,54253364
54253364,41.873253913,-87.6471801097,1303954297.0,54253258,54253449
54253449,41.8730589985,-87.6471741234,1303954300.0,54253364,54253557
54253557,41.8728760556,-87.6471689283,1303954303.0,54253449,54253702
54253702,41.8726571415,-87.6471651056,1303954307.0,54253557,54253851
54253851,41.8724771421,-87.6471604887,1303954311.0,54253702,54254165
54254165,41.8722880816,-87.6471557078,1303954320.0,54253851,54254812
54254812,41.8720821388,-87.6471487439,1303954338.0,54254165,54254951
54254951,41.8718780338,-87.6471297346,1303954342.0,54254812,54255059
54255059,41.8716800368,-87.6471211907,1303954345.0,54254951,54255170
54255170,41.8714621031,-87.6471167453,1303954348.0,54255059,54255273
54255273,41.8712310786,-87.6471116271,1303954351.0,54255170,54255382
54255382,41.8709960574,-87.6471042556,1303954354.0,54255273,54255485
54255485,41.8707670756,-87.6471035981,1303954357.0,54255382,54255592
54255592,41.8705411413,-87.647097487,1303954360.0,54255485,54255704
54255704,41.8703262154,-87.647090843,1303954363.0,54255592,54255811
54255811,41.8701351168,-87.647084049,1303954366.0,54255704,54255939
54255939,41.8699041226,-87.6470796904,1303954370.0,54255811,None
