114358378,41.8678540651,-87.647074621,1303769961.0,None,114358388
114358388,41.8676161059,-87.6470572512,1303769966.0,114358378,114358394
114358394,41.8674203697,-87.6470547766,1303769969.0,114358388,114358404
114358404,41.8672576804,-87.6472335682,1303769974.0,114358394,114358412
114358412,41.8672331712,-87.6474937715,1303769978.0,114358404,114358418
114358418,41.8672256174,-87.6477539607,1303769981.0,114358412,114358423
114358423,41.8672199927,-87.6480449262,1303769984.0,114358418,114358429
114358429,41.8672128393,-87.6483409381,1303769987.0,114358423,114358435
114358435,41.8672055954,-87.6486418832,1303769990.0,114358429,114358442
114358442,41.8672002733,-87.6490568225,1303769994.0,114358435,114358448
114358448,41.8671964276,-87.6493947857,1303769997.0,114358442,114358454
114358454,41.8671995192,-87.6497438182,1303770000.0,114358448,114358460
114358460,41.867197951,-87.6500957806,1303770003.0,114358454,114358466
114358466,41.867195078,-87.6504407365,1303770006.0,114358460,114358472
114358472,41.867194767,-87.6507068928,1303770009.0,114358466,114358498
114358498,41.8671849786,-87.6509949333,1303770023.0,114358472,114358504
114358504,41.867171112,-87.6512881182,1303770026.0,114358498,114358510
114358510,41.8671620402,-87.6516543067,1303770029.0,114358504,114358514
114358514,41.8671567704,-87.6519338923,1303770031.0,114358510,114358518
114358518,41.8671510181,-87.6522288744,1303770033.0,114358514,114358522
114358522,41.8671452232,-87.652530893,1303770035.0,114358518,114358526
114358526,41.8671401019,-87.6528288663,1303770037.0,114358522,114358530
114358530,41.8671347611,-87.653119854,1303770039.0,114358526,114358534
114358534,41.8671272628,-87.6534109394,1303770041.0,114358530,114358538
114358538,41.8671193798,-87.6537101776,1303770043.0,114358534,114358542
114358542,41.8671143381,-87.6540120468,1303770045.0,114358538,114358546
114358546,41.8671124612,-87.6543209362,1303770047.0,114358542,114358550
114358550,41.867109705,-87.6546257476,1303770049.0,114358546,114358554
114358554,41.8671040464,-87.6549266921,1303770051.0,114358550,114358558
114358558,41.8670987581,-87.6552238105,1303770053.0,114358554,114358562
114358562,41.867094678,-87.6555118579,1303770055.0,114358558,114358566
114358566,41.8670902605,-87.6557697945,1303770057.0,114358562,114358574
114358574,41.8670856124,-87.6560338328,1303770061.0,114358566,114358627
114358627,41.8670798846,-87.6563450106,1303770088.0,114358574,114358633
114358633,41.8670804382,-87.6566735165,1303770091.0,114358627,114358637
114358637,41.8670731189,-87.6569220301,1303770093.0,114358633,114358641
114358641,41.8670683463,-87.6571949887,1303770095.0,114358637,114358645
114358645,41.8670628317,-87.6574729979,1303770097.0,114358641,114358649
114358649,41.8670585072,-87.6577500298,1303770099.0,114358645,114358653
114358653,41.8670527699,-87.6580330099,1303770101.0,114358649,114358657
114358657,41.867046383,-87.6583220552,1303770103.0,114358653,114358661
114358661,41.8670430245,-87.6586170278,1303770105.0,114358657,114358665
114358665,41.8670388543,-87.6589090136,1303770107.0,114358661,114358669
114358669,41.8670321258,-87.6591920212,1303770109.0,114358665,114358673
114358673,41.8670279182,-87.6594630366,1303770111.0,114358669,114358677
114358677,41.8670244332,-87.6597259908,1303770113.0,114358673,114358681
114358681,41.867020501,-87.6599770038,1303770115.0,114358677,114358687
114358687,41.8670125278,-87.6603170346,1303770118.0,114358681,114358693
114358693,41.8670076198,-87.6605670097,1303770121.0,114358687,114358735
114358735,41.8670076181,-87.6608530086,1303770142.0,114358693,114358741
114358741,41.8670050272,-87.6611100466,1303770145.0,114358735,114358747
114358747,41.866999615,-87.6614800353,1303770148.0,114358741,114358751
114358751,41.8669950133,-87.6617530705,1303770150.0,114358747,114358755
114358755,41.8669909464,-87.6620389501,1303770152.0,114358751,114358759
114358759,41.8669886347,-87.6623399506,1303770154.0,114358755,114358763
114358763,41.8669850898,-87.6626419622,1303770156.0,114358759,114358767
114358767,41.8669814102,-87.662940943,1303770158.0,114358763,114358771
114358771,41.8669778363,-87.6632429353,1303770160.0,114358767,114358775
114358775,41.8669712134,-87.663541942,1303770162.0,114358771,114358779
114358779,41.866966135,-87.6638429557,1303770164.0,114358775,114358783
114358783,41.8669610084,-87.6641449413,1303770166.0,114358779,114358787
114358787,41.8669568255,-87.6644499543,1303770168.0,114358783,114358791
114358791,41.8669520214,-87.6647539508,1303770170.0,114358787,114358795
114358795,41.8669478223,-87.6650459782,1303770172.0,114358791,114358799
114358799,41.86694395,-87.6653190239,1303770174.0,114358795,114358805
114358805,41.8669414776,-87.6656600154,1303770177.0,114358799,114358815
114358815,41.8669408786,-87.6659069918,1303770182.0,114358805,114358840
114358840,41.8669396134,-87.6661810906,1303770195.0,114358815,114358846
114358846,41.8669383906,-87.6665502748,1303770198.0,114358840,114358850
114358850,41.8669380425,-87.6668469706,1303770200.0,114358846,114358854
114358854,41.8669364678,-87.6671670386,1303770202.0,114358850,114358858
114358858,41.8669358613,-87.6674970613,1303770204.0,114358854,114358862
114358862,41.8669386851,-87.6678260587,1303770206.0,114358858,114358866
114358866,41.8669441605,-87.6681491059,1303770208.0,114358862,114358870
114358870,41.8669486644,-87.6684540617,1303770210.0,114358866,114358874
114358874,41.866952121,-87.6686957487,1303770212.0,114358870,114358881
114358881,41.8670325047,-87.6689183692,1303770216.0,114358874,114358889
114358889,41.8672322161,-87.6689436162,1303770220.0,114358881,114358895
114358895,41.8674480985,-87.6689445227,1303770223.0,114358889,114358899
114358899,41.8676311069,-87.6689481458,1303770225.0,114358895,114358903
114358903,41.8678381072,-87.6689521763,1303770227.0,114358899,114358907
114358907,41.8680571125,-87.6689552984,1303770229.0,114358903,114358911
114358911,41.8682760628,-87.6689571223,1303770231.0,114358907,114358915
114358915,41.8684930875,-87.6689587021,1303770233.0,114358911,114358919
114358919,41.8686980824,-87.6689619083,1303770235.0,114358915,114358923
114358923,41.8688901693,-87.66896315,1303770237.0,114358919,114358929
114358929,41.8691122152,-87.6689630649,1303770240.0,114358923,114358943
114358943,41.8692681205,-87.6690766402,1303770247.0,114358929,114358951
114358951,41.8692773062,-87.6693786931,1303770251.0,114358943,114358957
114358957,41.8692935987,-87.669674876,1303770254.0,114358951,114358963
114358963,41.8692636446,-87.6700428257,1303770257.0,114358957,114358967
114358967,41.8692499249,-87.6702910792,1303770259.0,114358963,114358973
114358973,41.869240889,-87.6706449932,1303770262.0,114358967,114358979
114358979,41.8692424035,-87.6709632134,1303770265.0,114358973,114358984
114358984,41.8692399116,-87.6712077855,1303770268.0,114358979,114358997
114358997,41.869237249,-87.6714804334,1303770275.0,114358984,114359005
114359005,41.8692630009,-87.6717659108,1303770279.0,114358997,114359009
114359009,41.8692428229,-87.6720678281,1303770281.0,114359005,114359013
114359013,41.8692327534,-87.6723701029,1303770283.0,114359009,114359017
114359017,41.8692243255,-87.6726710334,1303770285.0,114359013,114359021
114359021,41.8692243818,-87.6729754045,1303770287.0,114359017,114359025
114359025,41.8692302438,-87.6732276646,1303770289.0,114359021,114359033
114359033,41.8692256791,-87.6734807756,1303770293.0,114359025,114359047
114359047,41.8693369421,-87.6737059729,1303770300.0,114359033,114359052
114359052,41.8695320747,-87.6737476394,1303770303.0,114359047,114359056
114359056,41.8697150328,-87.6737633558,1303770305.0,114359052,114359060
114359060,41.8699239424,-87.6737630584,1303770307.0,114359056,114359064
114359064,41.8701309789,-87.6737608548,1303770309.0,114359060,114359068
114359068,41.8703319808,-87.673752495,1303770311.0,114359064,114359072
114359072,41.8705250103,-87.6737480527,1303770313.0,114359068,114359076
114359076,41.870706978,-87.6737414802,1303770315.0,114359072,114359082
114359082,41.8709260721,-87.673737813,1303770318.0,114359076,114359088
114359088,41.8711060505,-87.6737338145,1303770321.0,114359082,114359096
114359096,41.8713315282,-87.6737341511,1303770325.0,114359088,114359122
114359122,41.8715075657,-87.6737046655,1303770338.0,114359096,114359132
114359132,41.8715612967,-87.6734571137,1303770343.0,114359122,114359168
114359168,41.8716344625,-87.6732198488,1303770361.0,114359132,114359178
114359178,41.8716467494,-87.6729338921,1303770366.0,114359168,114359184
114359184,41.8716559339,-87.6726819462,1303770369.0,114359178,114359190
114359190,41.8716623835,-87.6723929306,1303770372.0,114359184,114359195
114359195,41.8716648833,-87.67208805,1303770375.0,114359190,114359201
114359201,41.8716675125,-87.6717759719,1303770378.0,114359195,114359207
114359207,41.8716748398,-87.6714550085,1303770381.0,114359201,114359213
114359213,41.8716618159,-87.6711397638,1303770384.0,114359207,114359219
114359219,41.8716599621,-87.6708158295,1303770387.0,114359213,114359225
114359225,41.8716541463,-87.6705130135,1303770390.0,114359219,114359231
114359231,41.8716425274,-87.670245008,1303770393.0,114359225,114359241
114359241,41.8716260111,-87.669998504,1303770398.0,114359231,114359287
114359287,41.871622117,-87.6697056226,1303770421.0,114359241,114359295
114359295,41.8716450518,-87.669444087,1303770425.0,114359287,114359305
114359305,41.8716479854,-87.6691783994,1303770430.0,114359295,114359317
114359317,41.8714607688,-87.6690573885,1303770436.0,114359305,114359323
114359323,41.871248484,-87.6690244163,1303770439.0,114359317,114359329
114359329,41.8709775376,-87.669017265,1303770442.0,114359323,114359333
114359333,41.8707746416,-87.6690126462,1303770444.0,114359329,114359337
114359337,41.8705628353,-87.6690097145,1303770446.0,114359333,114359341
114359341,41.870349855,-87.6690048567,1303770448.0,114359337,114359345
114359345,41.8701378341,-87.6690042116,1303770450.0,114359341,114359349
114359349,41.8699378595,-87.6690045864,1303770452.0,114359345,114359355
114359355,41.8696839258,-87.6690050059,1303770455.0,114359349,114359361
114359361,41.8695017541,-87.6689986752,1303770458.0,114359355,114359373
114359373,41.8693196843,-87.6689940072,1303770464.0,114359361,114359381
114359381,41.869128799,-87.6689964032,1303770468.0,114359373,114359387
114359387,41.8688859496,-87.6689932841,1303770471.0,114359381,114359391
114359391,41.868697921,-87.6689872609,1303770473.0,114359387,114359395
114359395,41.8684968834,-87.6689841077,1303770475.0,114359391,114359399
114359399,41.8682919082,-87.6689806334,1303770477.0,114359395,114359403
114359403,41.8680818697,-87.6689770793,1303770479.0,114359399,114359407
114359407,41.8678728784,-87.6689743592,1303770481.0,114359403,114359411
114359411,41.8676729007,-87.6689700545,1303770483.0,114359407,114359415
114359415,41.8674878862,-87.6689633736,1303770485.0,114359411,114359421
114359421,41.8672788759,-87.6689552886,1303770488.0,114359415,None
