33942435,41.8691185197,-87.6666980342,1302366020.0,None,33942789
33942789,41.8691185347,-87.6664111178,1302366044.0,33942435,33942816
33942816,41.869128493,-87.6661371845,1302366047.0,33942789,33942845
33942845,41.8691444534,-87.6658231433,1302366050.0,33942816,33942875
33942875,41.869150273,-87.6655100361,1302366053.0,33942845,33942908
33942908,41.8691521534,-87.6651900474,1302366056.0,33942875,33942942
33942942,41.8691540328,-87.6648930358,1302366059.0,33942908,33942977
33942977,41.8691590178,-87.6646300389,1302366062.0,33942942,33943027
33943027,41.8691657451,-87.664334056,1302366066.0,33942977,33943247
33943247,41.8691706402,-87.6640830549,1302366082.0,33943027,33943322
33943322,41.8691773572,-87.6638120279,1302366087.0,33943247,33943370
33943370,41.8691792451,-87.6635530203,1302366090.0,33943322,33943420
33943420,41.8691873539,-87.6632430201,1302366093.0,33943370,33943470
33943470,41.8691933225,-87.6629009853,1302366096.0,33943420,33943522
33943522,41.8691964286,-87.6625609861,1302366099.0,33943470,33943573
33943573,41.8692005085,-87.6622559644,1302366102.0,33943522,33943663
33943663,41.8692015526,-87.6619789861,1302366107.0,33943573,33943753
33943753,41.8692014768,-87.6616681303,1302366112.0,33943663,33943807
33943807,41.8692054568,-87.661399085,1302366115.0,33943753,33943866
33943866,41.8692173842,-87.661087004,1302366118.0,33943807,33943923
33943923,41.8692273095,-87.6607440053,1302366121.0,33943866,33943981
33943981,41.8692353005,-87.6603859824,1302366124.0,33943923,33944019
33944019,41.8692423482,-87.6601329872,1302366126.0,33943981,33944058
33944058,41.8692494184,-87.6598719828,1302366128.0,33944019,33944102
33944102,41.86925449,-87.6596029875,1302366130.0,33944058,33944144
33944144,41.8692606225,-87.6593299981,1302366132.0,33944102,33944186
33944186,41.8692655688,-87.6590609977,1302366134.0,33944144,33944225
33944225,41.869268757,-87.6587940073,1302366136.0,33944186,33944259
33944259,41.8692729116,-87.6585260221,1302366138.0,33944225,33944299
33944299,41.8692778208,-87.6582640558,1302366140.0,33944259,33944345
33944345,41.8692817215,-87.6580110519,1302366142.0,33944299,33944392
33944392,41.8692866751,-87.6577630467,1302366144.0,33944345,33944447
33944447,41.8692956628,-87.657407082,1302366147.0,33944392,33944502
33944502,41.8693083922,-87.657082064,1302366150.0,33944447,33944544
33944544,41.8693136284,-87.6568195042,1302366153.0,33944502,33944627
33944627,41.8694498563,-87.6566646199,1302366158.0,33944544,33944700
33944700,41.8696727458,-87.6567330985,1302366162.0,33944627,33944762
33944762,41.8699090106,-87.6567604451,1302366165.0,33944700,33944824
33944824,41.8701820596,-87.6567733192,1302366168.0,33944762,33944865
33944865,41.8703760283,-87.6567790737,1302366170.0,33944824,33944909
33944909,41.8705770301,-87.6567841556,1302366172.0,33944865,33944957
33944957,41.8707820467,-87.6567891879,1302366174.0,33944909,33945003
33945003,41.8709870307,-87.6567957731,1302366176.0,33944957,33945048
33945048,41.8711879959,-87.6568011364,1302366178.0,33945003,33945093
33945093,41.8713769479,-87.6567992791,1302366180.0,33945048,33945160
33945160,41.871642059,-87.6567979353,1302366183.0,33945093,33945233
33945233,41.871888224,-87.6567906998,1302366186.0,33945160,33945332
33945332,41.872084273,-87.656778775,1302366190.0,33945233,33945497
33945497,41.8723141607,-87.6567733408,1302366197.0,33945332,33945571
33945571,41.8725130758,-87.6567669704,1302366200.0,33945497,33945647
33945647,41.8727530473,-87.6567564177,1302366203.0,33945571,33945717
33945717,41.87300218,-87.6567386233,1302366206.0,33945647,33945793
33945793,41.8732490236,-87.6567249974,1302366209.0,33945717,33945872
33945872,41.8735089928,-87.6567198981,1302366212.0,33945793,33945946
33945946,41.8737570051,-87.6567231819,1302366215.0,33945872,33946019
33946019,41.8739691018,-87.6567236316,1302366218.0,33945946,33946549
33946549,41.8741566081,-87.6567106683,1302366238.0,33946019,33946658
33946658,41.8742145121,-87.6564541421,1302366243.0,33946549,33946737
33946737,41.8742091685,-87.6561871023,1302366246.0,33946658,33946819
33946819,41.8742128138,-87.655872183,1302366249.0,33946737,33946906
33946906,41.8742211314,-87.6555363572,1302366252.0,33946819,33946990
33946990,41.8742270677,-87.6551923841,1302366255.0,33946906,33947077
33947077,41.8742345991,-87.6548383303,1302366258.0,33946990,33947136
33947136,41.8742397043,-87.6545923162,1302366260.0,33947077,33947191
33947191,41.8742459218,-87.6543422201,1302366262.0,33947136,33947250
33947250,41.874248358,-87.6540892607,1302366264.0,33947191,33947309
33947309,41.874252638,-87.6538393485,1302366266.0,33947250,33947365
33947365,41.8742568223,-87.6535903555,1302366268.0,33947309,33947446
33947446,41.8742615466,-87.6532314438,1302366271.0,33947365,33947535
33947535,41.8742687371,-87.6528912076,1302366274.0,33947446,33947631
33947631,41.8742739969,-87.6525751152,1302366277.0,33947535,33947719
33947719,41.8742728064,-87.6522962628,1302366280.0,33947631,33948129
33948129,41.8742699752,-87.6520145919,1302366294.0,33947719,33948256
33948256,41.8742771192,-87.6517325818,1302366298.0,33948129,33948344
33948344,41.8742867381,-87.6514555715,1302366301.0,33948256,33948432
33948432,41.8742955445,-87.6511354825,1302366304.0,33948344,33948530
33948530,41.8743041212,-87.6508013571,1302366307.0,33948432,33948605
33948605,41.8743153771,-87.6504482527,1302366310.0,33948530,33948659
33948659,41.8743217863,-87.6502061781,1302366312.0,33948605,33948757
33948757,41.8743336684,-87.6498452628,1302366315.0,33948659,33948826
33948826,41.8743403234,-87.6495934327,1302366317.0,33948757,33948899
33948899,41.874346111,-87.6493342914,1302366319.0,33948826,33948963
33948963,41.874349972,-87.6490702043,1302366321.0,33948899,33949022
33949022,41.8743554669,-87.6488101286,1302366323.0,33948963,33949082
33949082,41.8743622091,-87.6485499623,1302366325.0,33949022,33949144
33949144,41.8743578059,-87.6482953324,1302366327.0,33949082,33949211
33949211,41.87433544,-87.648049097,1302366329.0,33949144,33949306
33949306,41.8743051837,-87.6477035563,1302366332.0,33949211,33949407
33949407,41.87427556,-87.6474145805,1302366335.0,33949306,33949545
33949545,41.8741753352,-87.6471890326,1302366339.0,33949407,33949640
33949640,41.8739966414,-87.6471664123,1302366342.0,33949545,33949739
33949739,41.8737697741,-87.6471640121,1302366345.0,33949640,33949838
33949838,41.8735136599,-87.647155535,1302366348.0,33949739,33949904
33949904,41.8733216691,-87.6471486917,1302366350.0,33949838,33949968
33949968,41.8731286111,-87.6471430652,1302366352.0,33949904,33950030
33950030,41.8729376618,-87.6471385041,1302366354.0,33949968,33950099
33950099,41.8727507438,-87.6471352184,1302366356.0,33950030,33950167
33950167,41.8725708077,-87.6471295253,1302366358.0,33950099,33950273
33950273,41.8723256425,-87.6471112963,1302366361.0,33950167,33950839
33950839,41.87214156,-87.6470591223,1302366378.0,33950273,None
