38942670,41.8692915325,-87.6662503903,1303653987.0,None,38943635
38943635,41.8692984201,-87.6665322133,1303654015.0,38942670,38943732
38943732,41.8692937467,-87.6668110854,1303654018.0,38943635,38943835
38943835,41.869281007,-87.6671269867,1303654021.0,38943732,38943937
38943937,41.8692711734,-87.6674490497,1303654024.0,38943835,38944052
38944052,41.869258039,-87.6677750045,1303654027.0,38943937,38944161
38944161,41.869250911,-87.6680969323,1303654030.0,38944052,38944250
38944250,41.8692567364,-87.6683922164,1303654033.0,38944161,38944351
38944351,41.8692527424,-87.6687129308,1303654037.0,38944250,38944580
38944580,41.8692356454,-87.6690146365,1303654044.0,38944351,38944727
38944727,41.8692355686,-87.6693227634,1303654048.0,38944580,38944833
38944833,41.8692233175,-87.6696049467,1303654051.0,38944727,38944942
38944942,41.869209232,-87.669913035,1303654054.0,38944833,38945045
38945045,41.8692108648,-87.6702359949,1303654057.0,38944942,38945142
38945142,41.8692186722,-87.6705669763,1303654060.0,38945045,38945244
38945244,41.8692226184,-87.67087078,1303654063.0,38945142,38945351
38945351,41.869220115,-87.6711259676,1303654066.0,38945244,38945551
38945551,41.8691860159,-87.6713759761,1303654072.0,38945351,38945732
38945732,41.8690955468,-87.6716244463,1303654077.0,38945551,38945910
38945910,41.8690501569,-87.6719119741,1303654082.0,38945732,38946009
38946009,41.8690514927,-87.6722309576,1303654085.0,38945910,38946114
38946114,41.8690507784,-87.6725529397,1303654088.0,38946009,38946216
38946216,41.869052792,-87.672858981,1303654091.0,38946114,38946312
38946312,41.8690528014,-87.6731399661,1303654094.0,38946216,38946445
38946445,41.8690715196,-87.6734039407,1303654098.0,38946312,38946663
38946663,41.8691582687,-87.6736838465,1303654104.0,38946445,38946773
38946773,41.8691520589,-87.6739284322,1303654107.0,38946663,38946876
38946876,41.8691462569,-87.6742132704,1303654110.0,38946773,38946964
38946964,41.86914053,-87.6745122283,1303654113.0,38946876,38947071
38947071,41.869130981,-87.674818243,1303654116.0,38946964,38947181
38947181,41.8691212703,-87.6751251856,1303654119.0,38947071,38947296
38947296,41.8691194765,-87.675407055,1303654122.0,38947181,38947406
38947406,41.8691246636,-87.6756527691,1303654125.0,38947296,38947562
38947562,41.8691306219,-87.6759150023,1303654130.0,38947406,38948018
38948018,41.8691324771,-87.676170905,1303654143.0,38947562,38948128
38948128,41.8691301583,-87.6764283254,1303654146.0,38948018,38948231
38948231,41.869117557,-87.6767362443,1303654149.0,38948128,38948317
38948317,41.8691076915,-87.6770691094,1303654152.0,38948231,38948424
38948424,41.869102467,-87.6774101249,1303654155.0,38948317,38948531
38948531,41.8690973156,-87.6777470817,1303654158.0,38948424,38948641
38948641,41.8690949241,-87.6780840872,1303654161.0,38948531,38948743
38948743,41.8690880128,-87.67841512,1303654164.0,38948641,38948846
38948846,41.8690793271,-87.6787451203,1303654167.0,38948743,38948947
38948947,41.8690676718,-87.6790720878,1303654170.0,38948846,38949058
38949058,41.8690615904,-87.6793951018,1303654173.0,38948947,38949169
38949169,41.8690569517,-87.67970008,1303654176.0,38949058,38949279
38949279,41.8690674692,-87.6799790858,1303654179.0,38949169,38949368
38949368,41.8690815772,-87.6802222171,1303654182.0,38949279,38949498
38949498,41.8690880034,-87.6804891934,1303654186.0,38949368,38949830
38949830,41.8690921953,-87.6807490848,1303654195.0,38949498,38949839
38949839,41.8690950843,-87.6810380563,1303654199.0,38949830,38949891
38949891,41.8690993399,-87.6813058949,1303654202.0,38949839,38949969
38949969,41.8690926958,-87.6815917934,1303654205.0,38949891,38950049
38950049,41.8690832989,-87.6818908204,1303654208.0,38949969,38950151
38950151,41.8690672976,-87.6823089692,1303654212.0,38950049,38950262
38950262,41.869061071,-87.6826269377,1303654215.0,38950151,38950359
38950359,41.8690634622,-87.6829179326,1303654218.0,38950262,38950448
38950448,41.8690724284,-87.6831629673,1303654221.0,38950359,38950914
38950914,41.8690821485,-87.6834147293,1303654236.0,38950448,38951065
38951065,41.8690632277,-87.6836608814,1303654242.0,38950914,38951200
38951200,41.8690450813,-87.6839616808,1303654246.0,38951065,38951304
38951304,41.8690308661,-87.6842298428,1303654249.0,38951200,38951411
38951411,41.8690262471,-87.684477985,1303654252.0,38951304,38951556
38951556,41.8690233461,-87.684721976,1303654257.0,38951411,38951696
38951696,41.8690200451,-87.6849988074,1303654262.0,38951556,38951802
38951802,41.8690144247,-87.6852809575,1303654265.0,38951696,38951912
38951912,41.8690203644,-87.6855740375,1303654268.0,38951802,38952016
38952016,41.8690332195,-87.6858250838,1303654271.0,38951912,38952185
38952185,41.8691582379,-87.686035881,1303654277.0,38952016,38952313
38952313,41.8693560885,-87.6860357718,1303654281.0,38952185,38952419
38952419,41.8695638591,-87.6860404219,1303654284.0,38952313,38952528
38952528,41.8698058847,-87.6860520946,1303654287.0,38952419,38952588
38952588,41.8699858403,-87.6860609109,1303654289.0,38952528,38952676
38952676,41.8702368931,-87.6860691537,1303654292.0,38952588,38952767
38952767,41.8704609207,-87.6860745575,1303654295.0,38952676,38952865
38952865,41.8706669689,-87.6860815636,1303654298.0,38952767,38952971
38952971,41.8709040315,-87.6860866758,1303654301.0,38952865,38953075
38953075,41.8711618251,-87.6860963826,1303654304.0,38952971,38953133
38953133,41.8713427762,-87.6861052444,1303654306.0,38953075,38953196
38953196,41.8715267347,-87.68611267,1303654308.0,38953133,38953260
38953260,41.8717127605,-87.6861191868,1303654310.0,38953196,38953327
38953327,41.8718927834,-87.6861256847,1303654312.0,38953260,38953415
38953415,41.8721568537,-87.6861343909,1303654315.0,38953327,38953477
38953477,41.8723408744,-87.686136886,1303654317.0,38953415,38953573
38953573,41.8726058743,-87.6861403213,1303654320.0,38953477,38953674
38953674,41.8728668858,-87.6861461235,1303654323.0,38953573,38953769
38953769,41.8731178994,-87.6861543099,1303654326.0,38953674,38953874
38953874,41.8733459024,-87.686162167,1303654329.0,38953769,38953972
38953972,41.873544994,-87.6861548996,1303654332.0,38953874,38954464
38954464,41.8737325687,-87.6861498415,1303654347.0,38953972,38954655
38954655,41.8738862864,-87.6859688781,1303654353.0,38954464,38954783
38954783,41.8738910282,-87.6856580089,1303654357.0,38954655,38954879
38954879,41.8738994141,-87.6853741058,1303654360.0,38954783,38954981
38954981,41.8739071995,-87.6850600936,1303654363.0,38954879,38955079
38955079,41.8739148022,-87.684727069,1303654366.0,38954981,38955176
38955176,41.8739214339,-87.6843870358,1303654369.0,38955079,38955277
38955277,41.8739235971,-87.6840279661,1303654372.0,38955176,38955341
38955341,41.873918677,-87.6837779664,1303654374.0,38955277,38955402
38955402,41.8739161998,-87.6835260631,1303654376.0,38955341,38955469
38955469,41.8739218394,-87.683274112,1303654378.0,38955402,38955502
38955502,41.8739259724,-87.6830231722,1303654380.0,38955469,38955566
38955566,41.8739291625,-87.6827741384,1303654382.0,38955502,38955665
38955665,41.8739282294,-87.6824181079,1303654385.0,38955566,38955770
38955770,41.8739276447,-87.6820791194,1303654388.0,38955665,38955869
38955869,41.8739312324,-87.681776227,1303654391.0,38955770,38955985
38955985,41.873932135,-87.6815123177,1303654395.0,38955869,38956177
38956177,41.8739364958,-87.6812132265,1303654401.0,38955985,38956273
38956273,41.8739390091,-87.6809392766,1303654404.0,38956177,38956368
38956368,41.8739461335,-87.6806113118,1303654407.0,38956273,38956465
38956465,41.8739521541,-87.6802572186,1303654410.0,38956368,38956563
38956563,41.8739533159,-87.6798942266,1303654413.0,38956465,38956629
38956629,41.8739562825,-87.6796441583,1303654415.0,38956563,38956699
38956699,41.8739592988,-87.6793931752,1303654417.0,38956629,38956770
38956770,41.8739584027,-87.6791421949,1303654419.0,38956699,38956835
38956835,41.8739614431,-87.6788942184,1303654421.0,38956770,38956899
38956899,41.8739645196,-87.6786482115,1303654423.0,38956835,38956967
38956967,41.8739694899,-87.6784021974,1303654425.0,38956899,38957031
38957031,41.8739791836,-87.6781561945,1303654427.0,38956967,38957132
38957132,41.8739831704,-87.6778031764,1303654430.0,38957031,38957231
38957231,41.8739880524,-87.6774842218,1303654433.0,38957132,38957329
38957329,41.8739899042,-87.6771937694,1303654436.0,38957231,38957416
38957416,41.8739761417,-87.6769401978,1303654439.0,38957329,38957780
38957780,41.8739625319,-87.6766906776,1303654450.0,38957416,38957947
38957947,41.8738113882,-87.676520451,1303654455.0,38957780,38958073
38958073,41.8735708496,-87.6764785815,1303654459.0,38957947,38958167
38958167,41.8733388813,-87.6764631076,1303654462.0,38958073,38958270
38958270,41.8730911093,-87.6764516567,1303654465.0,38958167,38958368
38958368,41.8728351028,-87.6764417678,1303654468.0,38958270,38958473
38958473,41.8725721227,-87.6764298647,1303654471.0,38958368,38958567
38958567,41.8723141971,-87.6764143154,1303654474.0,38958473,38958661
38958661,41.8720671658,-87.676384864,1303654477.0,38958567,38958759
38958759,41.8718290647,-87.6763566495,1303654480.0,38958661,38958857
38958857,41.8716224343,-87.6763428598,1303654483.0,38958759,38959020
38959020,41.8714523772,-87.6761666367,1303654488.0,38958857,38959146
38959146,41.8714492727,-87.6758572262,1303654492.0,38959020,38959221
38959221,41.8714496561,-87.6756089345,1303654495.0,38959146,38959314
38959314,41.8714551658,-87.6753130877,1303654499.0,38959221,38959823
38959823,41.8714605469,-87.6750279789,1303654517.0,38959314,38959948
38959948,41.8714730437,-87.6747458093,1303654521.0,38959823,38960045
38960045,41.8714790805,-87.6745004591,1303654524.0,38959948,38960147
38960147,41.8714846914,-87.6742472705,1303654527.0,38960045,38960266
38960266,41.8714865356,-87.6739752633,1303654531.0,38960147,38960444
38960444,41.8714912296,-87.6737098146,1303654537.0,38960266,38960559
38960559,41.8715000077,-87.6733796695,1303654541.0,38960444,38960656
38960656,41.871498426,-87.673072263,1303654544.0,38960559,38960750
38960750,41.8714958005,-87.6727412439,1303654547.0,38960656,38960846
38960846,41.8715027472,-87.6723992113,1303654550.0,38960750,38960936
38960936,41.8715031213,-87.6720749734,1303654553.0,38960846,38961029
38961029,41.871497671,-87.6718217806,1303654556.0,38960936,None
