88239337,41.8717451485,-87.646960787,1302179819.0,None,88239475
88239475,41.8719421301,-87.6469632211,1302179823.0,88239337,88239595
88239595,41.872176304,-87.6469650947,1302179826.0,88239475,88239670
88239670,41.8723571073,-87.6469669027,1302179828.0,88239595,88239745
88239745,41.8725510543,-87.6469668202,1302179830.0,88239670,88239823
88239823,41.8727560729,-87.6469693895,1302179832.0,88239745,88239843
88239843,41.8729579987,-87.6469757687,1302179834.0,88239823,88239850
88239850,41.873142949,-87.646986591,1302179836.0,88239843,88239859
88239859,41.8733249306,-87.6470042218,1302179838.0,88239850,88239870
88239870,41.8735129068,-87.6470230507,1302179840.0,88239859,88239889
88239889,41.8737469868,-87.6470411301,1302179843.0,88239870,88239911
88239911,41.8739321896,-87.6470822527,1302179846.0,88239889,88239935
88239935,41.874129096,-87.6471089385,1302179849.0,88239911,88239971
88239971,41.8743317098,-87.6472526496,1302179853.0,88239935,88240001
88240001,41.8743866577,-87.6475361414,1302179856.0,88239971,88240021
88240021,41.8744185811,-87.6477894436,1302179858.0,88240001,88240043
88240043,41.8744442325,-87.6480794795,1302179860.0,88240021,88240065
88240065,41.8744649951,-87.648382389,1302179862.0,88240043,88240088
88240088,41.8744684059,-87.648686199,1302179864.0,88240065,88240112
88240112,41.8744667326,-87.6489943254,1302179866.0,88240088,88240136
88240136,41.8744625331,-87.649307358,1302179868.0,88240112,88240161
88240161,41.8744588279,-87.6496354352,1302179870.0,88240136,88240176
88240176,41.8744539505,-87.6499792012,1302179872.0,88240161,88240202
88240202,41.8744505178,-87.6503190786,1302179874.0,88240176,88240229
88240229,41.8744552027,-87.6506210661,1302179876.0,88240202,88240251
88240251,41.8744519747,-87.6508801264,1302179878.0,88240229,88240294
88240294,41.8744553996,-87.6511401086,1302179881.0,88240251,88240396
88240396,41.8744708645,-87.65142003,1302179888.0,88240294,88240782
88240782,41.8744793505,-87.6516909023,1302179911.0,88240396,88240833
88240833,41.8744779633,-87.6519858734,1302179914.0,88240782,88240888
88240888,41.8744749988,-87.6523358993,1302179917.0,88240833,88240927
88240927,41.874474993,-87.6525948964,1302179919.0,88240888,88240967
88240967,41.8744681287,-87.6528738933,1302179921.0,88240927,88241002
88241002,41.8744622522,-87.6531659282,1302179923.0,88240967,88241039
88241039,41.8744572873,-87.6534529291,1302179925.0,88241002,88241080
88241080,41.8744503752,-87.6537469293,1302179927.0,88241039,88241120
88241120,41.8744424987,-87.6540489133,1302179929.0,88241080,88241160
88241160,41.8744385331,-87.6543519422,1302179931.0,88241120,88241198
88241198,41.8744375644,-87.65465096,1302179933.0,88241160,88241238
88241238,41.8744384865,-87.6549469534,1302179935.0,88241198,88241279
88241279,41.8744364202,-87.6552319381,1302179937.0,88241238,88241322
88241322,41.8744334259,-87.6555039389,1302179939.0,88241279,88241366
88241366,41.8744314527,-87.6557539498,1302179941.0,88241322,88241425
88241425,41.8744264995,-87.6560669492,1302179944.0,88241366,88241509
88241509,41.8744244315,-87.6563479928,1302179948.0,88241425,88242075
88242075,41.8744212887,-87.6566239583,1302179977.0,88241509,88242199
88242199,41.8744174394,-87.6568949077,1302179982.0,88242075,88242265
88242265,41.8744070632,-87.6571999276,1302179985.0,88242199,88242335
88242335,41.8743976367,-87.6575687485,1302179988.0,88242265,88242385
88242385,41.8743946815,-87.6578557263,1302179990.0,88242335,88242439
88242439,41.874389894,-87.6581838034,1302179992.0,88242385,88242489
88242489,41.8743872377,-87.6585278399,1302179994.0,88242439,88242536
88242536,41.8743802693,-87.6588848408,1302179996.0,88242489,88242583
88242583,41.8743743345,-87.659238877,1302179998.0,88242536,88242636
88242636,41.874369291,-87.6595928659,1302180000.0,88242583,88242674
88242674,41.8743654252,-87.659930862,1302180002.0,88242636,88242724
88242724,41.8743604213,-87.6602578647,1302180004.0,88242674,88242774
88242774,41.8743542543,-87.6605648439,1302180006.0,88242724,88242829
88242829,41.874351379,-87.6608418456,1302180008.0,88242774,88242907
88242907,41.8743432822,-87.6611788261,1302180011.0,88242829,88243008
88243008,41.8743330996,-87.6614668668,1302180015.0,88242907,88243356
88243356,41.8743260161,-87.6617349257,1302180028.0,88243008,88243460
88243460,41.8743244417,-87.6620638613,1302180032.0,88243356,88243541
88243541,41.8743215221,-87.6623568727,1302180035.0,88243460,88243627
88243627,41.8743155523,-87.6626678721,1302180038.0,88243541,88243711
88243711,41.8743095922,-87.6629969222,1302180041.0,88243627,88243795
88243795,41.8743096772,-87.6633590041,1302180044.0,88243711,88243852
88243852,41.8743138067,-87.6636100227,1302180046.0,88243795,88243909
88243909,41.8743188947,-87.6638730348,1302180048.0,88243852,88243969
88243969,41.8743239513,-87.6641410564,1302180050.0,88243909,88244025
88244025,41.8743258755,-87.664419062,1302180052.0,88243969,88244080
88244080,41.8743287794,-87.6647330812,1302180054.0,88244025,88244140
88244140,41.8743317951,-87.6650660001,1302180056.0,88244080,88244186
88244186,41.8743276884,-87.6655658656,1302180059.0,88244140,88244240
88244240,41.874323072,-87.6658828084,1302180061.0,88244186,88244311
88244311,41.874315095,-87.6661788678,1302180063.0,88244240,88244371
88244371,41.8743080317,-87.6664428825,1302180065.0,88244311,88244460
88244460,41.874294978,-87.6667339358,1302180068.0,88244371,88244574
88244574,41.8742819352,-87.6670155507,1302180072.0,88244460,88244655
88244655,41.8742579864,-87.6673116281,1302180075.0,88244574,88244747
88244747,41.8742336007,-87.667656727,1302180078.0,88244655,88244843
88244843,41.8742076395,-87.6680208696,1302180081.0,88244747,88244904
88244904,41.8741963119,-87.6682629371,1302180083.0,88244843,88244992
88244992,41.8741732435,-87.6685511139,1302180086.0,88244904,88245108
88245108,41.8741543102,-87.6688650092,1302180090.0,88244992,88245488
88245488,41.8742112956,-87.6691092826,1302180102.0,88245108,88245852
88245852,41.8740244639,-87.669144147,1302180114.0,88245488,88245934
88245934,41.8737598197,-87.6691811408,1302180117.0,88245852,88245997
88245997,41.8735279544,-87.6691997779,1302180119.0,88245934,88246089
88246089,41.8732729881,-87.6691997519,1302180122.0,88245997,88246200
88246200,41.8730758994,-87.669190894,1302180126.0,88246089,88246340
88246340,41.8728702475,-87.6692089205,1302180130.0,88246200,88246445
88246445,41.8726091414,-87.669189422,1302180133.0,88246340,88246516
88246516,41.8724119377,-87.6691766484,1302180135.0,88246445,88246565
88246565,41.8722229366,-87.669173179,1302180137.0,88246516,88246655
88246655,41.8719688892,-87.6691592454,1302180140.0,88246565,88246787
88246787,41.8717693398,-87.6691559629,1302180144.0,88246655,88247053
88247053,41.8715401561,-87.6691639306,1302180152.0,88246787,88247159
88247159,41.8712922158,-87.6691454382,1302180155.0,88247053,88247227
88247227,41.8710893362,-87.6691334715,1302180157.0,88247159,88247291
88247291,41.8708633512,-87.6691199388,1302180159.0,88247227,88247358
88247358,41.870624256,-87.6691113821,1302180161.0,88247291,88247428
88247428,41.8703831483,-87.669104281,1302180163.0,88247358,88247497
88247497,41.8701481286,-87.6691020519,1302180165.0,88247428,88247568
88247568,41.869925117,-87.6690918975,1302180167.0,88247497,88247638
88247638,41.8697370223,-87.669082742,1302180169.0,88247568,88247742
88247742,41.8695310268,-87.6690675571,1302180172.0,88247638,None
