57265095,41.867082931,-87.6566458741,1302303603.0,None,57265197
57265197,41.8670787246,-87.656891938,1302303606.0,57265095,57265301
57265301,41.8670765282,-87.6572368799,1302303609.0,57265197,57265373
57265373,41.8670768976,-87.6575148312,1302303611.0,57265301,57265443
57265443,41.8670717358,-87.65783283,1302303613.0,57265373,57265516
57265516,41.8670657215,-87.6581738385,1302303615.0,57265443,57265588
57265588,41.8670629314,-87.6585158426,1302303617.0,57265516,57265657
57265657,41.8670587746,-87.6588518197,1302303619.0,57265588,57265717
57265717,41.8670553228,-87.6591877581,1302303621.0,57265657,57265785
57265785,41.8670511532,-87.6595167782,1302303623.0,57265717,57265856
57265856,41.8670462831,-87.6598317686,1302303625.0,57265785,57265924
57265924,41.8670355137,-87.6601327953,1302303627.0,57265856,57265993
57265993,41.8670252406,-87.6604028288,1302303629.0,57265924,57266093
57266093,41.8670158347,-87.6607359142,1302303632.0,57265993,57266240
57266240,41.8670117454,-87.661010991,1302303636.0,57266093,57266343
57266343,41.8670152975,-87.6612569279,1302303641.0,57266240,57266364
57266364,41.8670175134,-87.661518922,1302303644.0,57266343,57266392
57266392,41.8670099604,-87.6620127626,1302303648.0,57266364,57266405
57266405,41.8670018647,-87.6623087971,1302303650.0,57266392,57266416
57266416,41.8669915101,-87.6626218921,1302303652.0,57266405,57266442
57266442,41.8669836289,-87.6629379211,1302303654.0,57266416,57266464
57266464,41.8669764542,-87.6632379565,1302303656.0,57266442,57266494
57266494,41.8669658186,-87.6635280228,1302303658.0,57266464,57266528
57266528,41.866958176,-87.6638090773,1302303660.0,57266494,57266551
57266551,41.8669512562,-87.6640831084,1302303662.0,57266528,57266584
57266584,41.8669453408,-87.6643441202,1302303664.0,57266551,57266599
57266599,41.8669414753,-87.6645921191,1302303666.0,57266584,57266625
57266625,41.8669332188,-87.6649451845,1302303669.0,57266599,57266654
57266654,41.8669286443,-87.6652321918,1302303672.0,57266625,57266680
57266680,41.8669276791,-87.6655001818,1302303676.0,57266654,57266816
57266816,41.866937876,-87.6657480234,1302303698.0,57266680,57266844
57266844,41.8669421061,-87.6660490463,1302303702.0,57266816,57266856
57266856,41.8669416368,-87.6664685261,1302303706.0,57266844,57266861
57266861,41.8669413955,-87.6667319966,1302303708.0,57266856,57266867
57266867,41.8669411952,-87.6670229707,1302303710.0,57266861,57266872
57266872,41.866950493,-87.6680141673,1302303717.0,57266867,57266887
57266887,41.8669507154,-87.6682741537,1302303719.0,57266872,57266911
57266911,41.866952427,-87.6685629694,1302303722.0,57266887,57267063
57267063,41.8669670705,-87.6688201229,1302303738.0,57266911,57267124
57267124,41.8671794046,-87.6689352964,1302303743.0,57267063,57267163
57267163,41.8674180651,-87.6689315536,1302303746.0,57267124,57267189
57267189,41.8676110691,-87.6689397658,1302303748.0,57267163,57267212
57267212,41.8678240747,-87.6689450286,1302303750.0,57267189,57267241
57267241,41.8680550874,-87.6689509051,1302303752.0,57267212,57267269
57267269,41.8682820586,-87.6689564563,1302303754.0,57267241,57267298
57267298,41.8684931092,-87.6689608591,1302303756.0,57267269,57267314
57267314,41.8686821012,-87.6689660081,1302303758.0,57267298,57267355
57267355,41.8689061747,-87.6689703773,1302303761.0,57267314,57267397
57267397,41.8691402218,-87.6689800839,1302303766.0,57267355,57267486
57267486,41.8692564568,-87.6691947527,1302303774.0,57267397,57267538
57267538,41.8692521158,-87.6694659097,1302303777.0,57267486,57267590
57267590,41.869263827,-87.6698182302,1302303780.0,57267538,57267623
57267623,41.8692716694,-87.6700988972,1302303782.0,57267590,57267658
57267658,41.8692762176,-87.6703879522,1302303784.0,57267623,57267688
57267688,41.8692788289,-87.6706672154,1302303786.0,57267658,57267723
57267723,41.8692854535,-87.6709155612,1302303788.0,57267688,57267782
57267782,41.8692905567,-87.6711857769,1302303791.0,57267723,57267911
57267911,41.8692749819,-87.6714680988,1302303798.0,57267782,57268008
57268008,41.8692783214,-87.671814411,1302303803.0,57267911,57268047
57268047,41.8692777503,-87.6720849765,1302303805.0,57268008,57268088
57268088,41.8692680502,-87.6723481345,1302303807.0,57268047,57268128
57268128,41.8692633746,-87.6726020436,1302303809.0,57268088,57268192
57268192,41.8693009029,-87.6729140468,1302303812.0,57268128,57268364
57268364,41.8692378847,-87.6731844334,1302303826.0,57268192,57268420
57268420,41.8692388481,-87.6734976509,1302303829.0,57268364,57268456
57268456,41.8692346519,-87.6737621863,1302303831.0,57268420,57268498
57268498,41.8692278329,-87.674059813,1302303833.0,57268456,57268544
57268544,41.8692198164,-87.6743659552,1302303835.0,57268498,57268585
57268585,41.8692074186,-87.6746530166,1302303837.0,57268544,57268625
57268625,41.869202481,-87.6749180386,1302303839.0,57268585,57268692
57268692,41.8691993413,-87.675220086,1302303842.0,57268625,57268933
57268933,41.8691950097,-87.6754654061,1302303853.0,57268692,57269049
57269049,41.8691824978,-87.6757844477,1302303858.0,57268933,57269114
57269114,41.8691674752,-87.6761176843,1302303861.0,57269049,57269162
57269162,41.8691563887,-87.6763621386,1302303863.0,57269114,57269209
57269209,41.8691541466,-87.6766129867,1302303865.0,57269162,57269257
57269257,41.8691531061,-87.6768559409,1302303867.0,57269209,57269331
57269331,41.869152312,-87.6771989085,1302303870.0,57269257,57269395
57269395,41.8691510375,-87.6775249185,1302303873.0,57269331,57269469
57269469,41.8691589623,-87.6778539094,1302303876.0,57269395,57269545
57269545,41.8691682514,-87.6781858926,1302303879.0,57269469,57269619
57269619,41.8691809597,-87.6784948891,1302303882.0,57269545,57269718
57269718,41.8691267593,-87.6788029393,1302303886.0,57269619,57269895
57269895,41.8691164439,-87.6790609546,1302303893.0,57269718,57270022
57270022,41.8691234541,-87.6793129651,1302303898.0,57269895,57270103
57270103,41.8691249569,-87.6795939572,1302303901.0,57270022,57270179
57270179,41.8691219713,-87.6798691,1302303904.0,57270103,57270252
57270252,41.8691216734,-87.6801412833,1302303907.0,57270179,57270333
57270333,41.8691254617,-87.6804011073,1302303910.0,57270252,57270415
57270415,41.8691178197,-87.6806450811,1302303913.0,57270333,57270442
57270442,41.8690986989,-87.6811199928,1302303918.0,57270415,57270524
57270524,41.8690978778,-87.6814118294,1302303921.0,57270442,57270606
57270606,41.8690887052,-87.6816787903,1302303924.0,57270524,57270718
57270718,41.8690744973,-87.6819808872,1302303928.0,57270606,57270825
57270825,41.869062653,-87.6822590171,1302303932.0,57270718,57270966
57270966,41.869055015,-87.6825320056,1302303937.0,57270825,57271109
57271109,41.8690467227,-87.6828080142,1302303942.0,57270966,57271270
57271270,41.8690437485,-87.6830799975,1302303948.0,57271109,57271515
57271515,41.8690523435,-87.6833479293,1302303957.0,57271270,57271651
57271651,41.8690440202,-87.6841616858,1302303969.0,57271515,57271767
57271767,41.8690420655,-87.6844388782,1302303973.0,57271651,57271982
57271982,41.8690264513,-87.6847079199,1302303980.0,57271767,57272051
57272051,41.8690216912,-87.6849967992,1302303985.0,57271982,57272229
57272229,41.8690178773,-87.6852619332,1302303991.0,57272051,57272393
57272393,41.8690244543,-87.6855080022,1302303997.0,57272229,57272586
57272586,41.8690522998,-87.6857578638,1302304003.0,57272393,57273243
57273243,41.8692147278,-87.6859488646,1302304023.0,57272586,57273370
57273370,41.8694698765,-87.6859669473,1302304027.0,57273243,57273472
57273472,41.8697338136,-87.6859695697,1302304030.0,57273370,57273542
57273542,41.8699267515,-87.6859923545,1302304032.0,57273472,57273614
57273614,41.8701187964,-87.6860121107,1302304034.0,57273542,57273682
57273682,41.8703048391,-87.6860181682,1302304036.0,57273614,57273784
57273784,41.8705618449,-87.6860319889,1302304039.0,57273682,57273886
57273886,41.8708108876,-87.6860384084,1302304042.0,57273784,57273949
57273949,41.8709918302,-87.6860622496,1302304044.0,57273886,57274016
57274016,41.8711846908,-87.686078502,1302304046.0,57273949,57274087
57274087,41.8713906826,-87.6860963586,1302304048.0,57274016,57274157
57274157,41.8715956906,-87.6861087637,1302304050.0,57274087,57274226
57274226,41.8718137334,-87.6861209691,1302304052.0,57274157,57274292
57274292,41.8720428255,-87.6861274759,1302304054.0,57274226,57274365
57274365,41.872268877,-87.6861349472,1302304056.0,57274292,57274433
57274433,41.8724908812,-87.6861373897,1302304058.0,57274365,57274503
57274503,41.8727068802,-87.6861431579,1302304060.0,57274433,57274572
57274572,41.8729109107,-87.6861532186,1302304062.0,57274503,57274636
57274636,41.8731059458,-87.6861643642,1302304064.0,57274572,57274743
57274743,41.8733659707,-87.686177546,1302304067.0,57274636,57274856
57274856,41.8735540257,-87.686178254,1302304070.0,57274743,57275637
57275637,41.8737585788,-87.6861557948,1302304092.0,57274856,57275873
57275873,41.8738903827,-87.6859459978,1302304099.0,57275637,57276021
57276021,41.8739093917,-87.6856209159,1302304103.0,57275873,57276138
57276138,41.8739266615,-87.6852538147,1302304106.0,57276021,57276217
57276217,41.8739301075,-87.6849899169,1302304108.0,57276138,57276292
57276292,41.8739332298,-87.6846129536,1302304111.0,57276217,57276401
57276401,41.8739281883,-87.6842999751,1302304114.0,57276292,57276583
57276583,41.8739283666,-87.6840569023,1302304119.0,57276401,57277065
57277065,41.8739525996,-87.6837548153,1302304135.0,57276583,57277172
57277172,41.8739598619,-87.6834248871,1302304138.0,57277065,57277230
57277230,41.8739653556,-87.6831638449,1302304140.0,57277172,57277292
57277292,41.8739719696,-87.6828908542,1302304142.0,57277230,57277358
57277358,41.8739741104,-87.6826138852,1302304144.0,57277292,57277428
57277428,41.873976101,-87.6823458974,1302304146.0,57277358,57277495
57277495,41.873978952,-87.6820879508,1302304148.0,57277428,57277595
57277595,41.8739832027,-87.6817539308,1302304151.0,57277495,57277769
57277769,41.8739841231,-87.6814987814,1302304156.0,57277595,57277914
57277914,41.8739877933,-87.6812567884,1302304160.0,57277769,57278025
57278025,41.8739954553,-87.6809338364,1302304163.0,57277914,57278101
57278101,41.874000518,-87.68066787,1302304165.0,57278025,57278177
57278177,41.8740048162,-87.6803769225,1302304167.0,57278101,57278242
57278242,41.8740106851,-87.6800589521,1302304169.0,57278177,57278315
57278315,41.8740166578,-87.679720905,1302304171.0,57278242,57278390
57278390,41.8740223431,-87.6793569027,1302304173.0,57278315,57278457
57278457,41.8740291133,-87.6789748613,1302304175.0,57278390,57278533
57278533,41.8740351552,-87.6785868724,1302304177.0,57278457,57278610
57278610,41.8740383887,-87.6782118943,1302304179.0,57278533,57278680
57278680,41.8740459395,-87.6778528785,1302304181.0,57278610,57278754
57278754,41.8740505853,-87.677528931,1302304183.0,57278680,57278829
57278829,41.8740509765,-87.6772611729,1302304185.0,57278754,57278943
57278943,41.874044158,-87.6770124101,1302304188.0,57278829,57279444
57279444,41.8740229007,-87.6767309796,1302304202.0,57278943,57279586
57279586,41.8738689833,-87.6765230459,1302304206.0,57279444,57279691
57279691,41.873650784,-87.6764841885,1302304209.0,57279586,57279794
57279794,41.8734419397,-87.6764718701,1302304212.0,57279691,57279937
57279937,41.8732310243,-87.6764585081,1302304216.0,57279794,None
