67623805,41.8691870894,-87.6663064641,1302273413.0,None,67624095
67624095,41.8693899217,-87.6663166007,1302273421.0,67623805,67624198
67624198,41.8695749427,-87.666322603,1302273424.0,67624095,67624294
67624294,41.8697809952,-87.6663266043,1302273427.0,67624198,67624401
67624401,41.8700189918,-87.6663383811,1302273430.0,67624294,67624494
67624494,41.8702859919,-87.6663453818,1302273433.0,67624401,67624566
67624566,41.8704719936,-87.6663543118,1302273435.0,67624494,67624639
67624639,41.8706749878,-87.6663613654,1302273437.0,67624566,67624709
67624709,41.8708899861,-87.6663655476,1302273439.0,67624639,67624777
67624777,41.8711099789,-87.6663716522,1302273441.0,67624709,67624843
67624843,41.8713249714,-87.6663739109,1302273443.0,67624777,67624905
67624905,41.871511982,-87.6663809189,1302273445.0,67624843,67624999
67624999,41.8717700738,-87.6663895812,1302273448.0,67624905,67625105
67625105,41.8719999669,-87.6663919769,1302273451.0,67624999,67625214
67625214,41.8721879268,-87.6663932238,1302273454.0,67625105,67625327
67625327,41.8723879793,-87.6664000637,1302273457.0,67625214,67625420
67625420,41.8725869857,-87.6664059367,1302273460.0,67625327,67625556
67625556,41.872781944,-87.6664031444,1302273464.0,67625420,67625981
67625981,41.8730009099,-87.6664011977,1302273476.0,67625556,67626082
67626082,41.8732379044,-87.6664051066,1302273479.0,67625981,67626186
67626186,41.873505908,-87.6664108101,1302273482.0,67626082,67626251
67626251,41.8736939741,-87.6664115471,1302273484.0,67626186,67626325
67626325,41.8738770797,-87.6664144902,1302273486.0,67626251,67626433
67626433,41.8741297219,-87.6664124942,1302273489.0,67626325,67626676
67626676,41.8742600499,-87.6661779078,1302273496.0,67626433,67626774
67626774,41.8742357036,-87.6658678807,1302273499.0,67626676,67626870
67626870,41.8742134835,-87.6655078841,1302273502.0,67626774,67626942
67626942,41.8742022067,-87.6652589965,1302273504.0,67626870,67627013
67627013,41.87419058,-87.6650041086,1302273506.0,67626942,67627086
67627086,41.874178182,-87.6647501327,1302273508.0,67627013,67627159
67627159,41.8741623886,-87.6644930667,1302273510.0,67627086,67627234
67627234,41.8741468086,-87.664234012,1302273512.0,67627159,67627299
67627299,41.8741259877,-87.6639629357,1302273514.0,67627234,67627365
67627365,41.8741127999,-87.6636949155,1302273516.0,67627299,67627435
67627435,41.874110637,-87.6634289385,1302273518.0,67627365,67627500
67627500,41.8741141011,-87.6631609559,1302273520.0,67627435,67627569
67627569,41.8741078352,-87.6628860086,1302273522.0,67627500,67627640
67627640,41.8741129328,-87.6626229927,1302273524.0,67627569,67627707
67627707,41.8741231791,-87.6623679628,1302273526.0,67627640,67627782
67627782,41.8741273107,-87.6621129908,1302273528.0,67627707,67627857
67627857,41.8741269627,-87.6618610269,1302273530.0,67627782,67627925
67627925,41.8741294414,-87.6616050248,1302273532.0,67627857,67627993
67627993,41.8741309116,-87.6613410421,1302273534.0,67627925,67628061
67628061,41.8741322777,-87.6610740115,1302273536.0,67627993,67628127
67628127,41.8741344934,-87.6608050248,1302273538.0,67628061,67628183
67628183,41.8741320808,-87.6605370509,1302273540.0,67628127,67628209
67628209,41.8741332719,-87.6602730516,1302273542.0,67628183,67628214
67628214,41.8741306702,-87.6600060615,1302273544.0,67628209,67628222
67628222,41.8741336218,-87.6597420596,1302273546.0,67628214,67628232
67628232,41.8741298778,-87.6594710842,1302273548.0,67628222,67628244
67628244,41.8741348863,-87.6592031007,1302273550.0,67628232,67628257
67628257,41.874137011,-87.6589330833,1302273552.0,67628244,67628271
67628271,41.8741401098,-87.6586620609,1302273554.0,67628257,67628287
67628287,41.8741528345,-87.6584000639,1302273556.0,67628271,67628303
67628303,41.8741614514,-87.658152064,1302273558.0,67628287,67628330
67628330,41.8741598909,-87.6578200552,1302273561.0,67628303,67628359
67628359,41.8741673407,-87.6575570946,1302273564.0,67628330,67628525
67628525,41.8741661997,-87.6572851397,1302273579.0,67628359,67628577
67628577,41.8741750491,-87.6569981947,1302273583.0,67628525,67628617
67628617,41.8741805181,-87.6567266495,1302273586.0,67628577,67628657
67628657,41.8742103079,-87.6564451158,1302273589.0,67628617,67628694
67628694,41.8742243167,-87.6561289772,1302273592.0,67628657,67628733
67628733,41.8742201517,-87.6557901447,1302273595.0,67628694,67628782
67628782,41.8742246009,-87.6554403552,1302273598.0,67628733,67628827
67628827,41.8742250063,-87.6550844063,1302273601.0,67628782,67628857
67628857,41.8742258247,-87.6548404167,1302273603.0,67628827,67628891
67628891,41.8742272132,-87.654591402,1302273605.0,67628857,67628924
67628924,41.8742284994,-87.6543393318,1302273607.0,67628891,67628957
67628957,41.874221689,-87.6540873924,1302273609.0,67628924,67628989
67628989,41.8742204493,-87.6538414652,1302273611.0,67628957,67629042
67629042,41.8742318505,-87.6534954699,1302273614.0,67628989,67629095
67629095,41.8742542638,-87.653171421,1302273617.0,67629042,67629144
67629144,41.8742667565,-87.652830241,1302273620.0,67629095,67629200
67629200,41.8742718524,-87.6524680918,1302273623.0,67629144,67629237
67629237,41.8742735101,-87.6522233285,1302273625.0,67629200,67629274
67629274,41.8742725088,-87.6519795045,1302273627.0,67629237,67629329
67629329,41.8742755358,-87.651623601,1302273630.0,67629274,67629385
67629385,41.8742757585,-87.6512615888,1302273633.0,67629329,67629444
67629444,41.8742795859,-87.6509014436,1302273636.0,67629385,67629484
67629484,41.8742846468,-87.650659341,1302273638.0,67629444,67629523
67629523,41.8742888722,-87.6504143385,1302273640.0,67629484,67629563
67629563,41.8742918053,-87.6501723039,1302273642.0,67629523,67629624
67629624,41.8742966557,-87.6498305701,1302273645.0,67629563,67629689
67629689,41.8743057649,-87.6494824701,1302273648.0,67629624,67629751
67629751,41.8743133966,-87.6491253925,1302273651.0,67629689,67629793
67629793,41.8743171909,-87.6488813886,1302273653.0,67629751,67629859
67629859,41.874322535,-87.6485247903,1302273656.0,67629793,67629922
67629922,41.8743165794,-87.6482015202,1302273659.0,67629859,67629990
67629990,41.8742928476,-87.6478934326,1302273662.0,67629922,67630056
67630056,41.874273697,-87.647640664,1302273665.0,67629990,67630212
67630212,41.8742503789,-87.6473896541,1302273672.0,67630056,67630353
67630353,41.8741365702,-87.6471675692,1302273678.0,67630212,67630422
67630422,41.8739517113,-87.6471459625,1302273681.0,67630353,67630491
67630491,41.873705745,-87.6471640379,1302273684.0,67630422,67630539
67630539,41.8735136832,-87.6471642747,1302273686.0,67630491,67630590
67630590,41.8733097301,-87.6471622713,1302273688.0,67630539,67630638
67630638,41.8730957435,-87.647158194,1302273690.0,67630590,67630687
67630687,41.8728778127,-87.6471527338,1302273692.0,67630638,67630735
67630735,41.8726619113,-87.6471479509,1302273694.0,67630687,67630782
67630782,41.8724619488,-87.6471413342,1302273696.0,67630735,67630831
67630831,41.8722748471,-87.6471383337,1302273698.0,67630782,67630910
67630910,41.8720130559,-87.6471383994,1302273701.0,67630831,67630978
67630978,41.8717611873,-87.6471388036,1302273704.0,67630910,67631033
67631033,41.8714911842,-87.6471332949,1302273707.0,67630978,67631040
67631040,41.8712981608,-87.6471300693,1302273709.0,67631033,67631049
67631049,41.8710991721,-87.6471267146,1302273711.0,67631040,67631060
67631060,41.8708961548,-87.6471177567,1302273713.0,67631049,67631072
67631072,41.8706871344,-87.6471102524,1302273715.0,67631060,67631086
67631086,41.8704802276,-87.6471062378,1302273717.0,67631072,67631101
67631101,41.8702852517,-87.6471048484,1302273719.0,67631086,67631125
67631125,41.8700421025,-87.6471028197,1302273722.0,67631101,67631154
67631154,41.8698331896,-87.6471017151,1302273726.0,67631125,67631435
67631435,41.8696410226,-87.6471703737,1302273750.0,67631154,67631492
67631492,41.8696258774,-87.6474430785,1302273754.0,67631435,67631535
67631535,41.869625867,-87.6477271165,1302273757.0,67631492,67631579
67631579,41.8696209778,-87.6480701786,1302273760.0,67631535,67631616
67631616,41.8696127351,-87.6484050924,1302273763.0,67631579,67631667
67631667,41.8696042435,-87.6486800346,1302273766.0,67631616,67631710
67631710,41.8695943712,-87.6489310357,1302273769.0,67631667,67631762
67631762,41.8695977249,-87.6492220191,1302273772.0,67631710,67631814
67631814,41.8695956014,-87.6495600542,1302273775.0,67631762,67631862
67631862,41.8695931685,-87.6499090492,1302273778.0,67631814,67631918
67631918,41.8695723116,-87.6502460725,1302273781.0,67631862,67631971
67631971,41.8695445034,-87.6505018883,1302273784.0,67631918,67632041
67632041,41.8695130331,-87.6507730851,1302273788.0,67631971,67632121
67632121,41.8695104557,-87.6510372408,1302273792.0,67632041,67632211
67632211,41.8693182761,-87.6512118086,1302273797.0,67632121,67632269
67632269,41.8691227088,-87.6512224696,1302273800.0,67632211,67632329
67632329,41.8688909244,-87.651218943,1302273803.0,67632269,67632390
67632390,41.8686369432,-87.6512090918,1302273806.0,67632329,67632432
67632432,41.8684519423,-87.651204912,1302273808.0,67632390,67632473
67632473,41.8682649318,-87.6511970335,1302273810.0,67632432,67632516
67632516,41.8680819381,-87.6511909426,1302273812.0,67632473,67632564
67632564,41.8678319352,-87.6511809959,1302273815.0,67632516,67632621
67632621,41.8676199689,-87.6511730867,1302273818.0,67632564,67632710
67632710,41.8674081619,-87.6511676489,1302273822.0,67632621,67632791
67632791,41.8672271274,-87.6511639289,1302273826.0,67632710,67632853
67632853,41.8670366026,-87.6511485356,1302273829.0,67632791,67632905
67632905,41.8668276497,-87.6511284104,1302273832.0,67632853,67632954
67632954,41.8665867523,-87.6511050307,1302273835.0,67632905,67633002
67633002,41.8663238262,-87.6510950228,1302273838.0,67632954,67633039
67633039,41.8661438468,-87.6510900688,1302273840.0,67633002,67633079
67633079,41.8659618451,-87.6510839772,1302273842.0,67633039,67633118
67633118,41.8657808606,-87.6510761019,1302273844.0,67633079,67633158
67633158,41.865598853,-87.6510680542,1302273846.0,67633118,67633203
67633203,41.8654148484,-87.6510582175,1302273848.0,67633158,67633253
67633253,41.8652318638,-87.6510531295,1302273850.0,67633203,67633326
67633326,41.8649998725,-87.651052286,1302273853.0,67633253,67633437
67633437,41.8647888146,-87.6510404079,1302273858.0,67633326,67633532
67633532,41.8645957945,-87.6510202956,1302273862.0,67633437,67633608
67633608,41.864395948,-87.6510099248,1302273865.0,67633532,67633681
67633681,41.8642038765,-87.651004648,1302273868.0,67633608,67633752
67633752,41.8640048262,-87.651004919,1302273871.0,67633681,67633826
67633826,41.8637978693,-87.6509946113,1302273874.0,67633752,67633949
67633949,41.8636006475,-87.650988495,1302273879.0,67633826,67634098
67634098,41.8635211475,-87.6507402344,1302273885.0,67633949,67634251
67634251,41.86357577,-87.6505005476,1302273891.0,67634098,None
