65158024,41.8692147873,-87.6666438659,1301755748.0,None,65158172
65158172,41.8692304847,-87.6663229584,1301755759.0,65158024,65158213
65158213,41.8692505073,-87.6660248521,1301755762.0,65158172,65158250
65158250,41.8692731306,-87.6656798496,1301755765.0,65158213,65158299
65158299,41.869279247,-87.6653338672,1301755768.0,65158250,65158330
65158330,41.8692794865,-87.6650778817,1301755770.0,65158299,65158359
65158359,41.8692824103,-87.6648348805,1301755772.0,65158330,65158409
65158409,41.869284531,-87.6645299322,1301755775.0,65158359,65158474
65158474,41.8692869498,-87.6642879732,1301755779.0,65158409,65158629
65158629,41.8692910861,-87.6640441908,1301755788.0,65158474,65158683
65158683,41.8693063634,-87.663754093,1301755791.0,65158629,65158720
65158720,41.8693162563,-87.6635089894,1301755793.0,65158683,65158758
65158758,41.8693212388,-87.6632459376,1301755795.0,65158720,65158794
65158794,41.869321531,-87.6629699908,1301755797.0,65158758,65158832
65158832,41.8693179304,-87.6626949975,1301755799.0,65158794,65158871
65158871,41.8693189102,-87.6624359471,1301755801.0,65158832,65158929
65158929,41.869312682,-87.6621188894,1301755804.0,65158871,65159026
65159026,41.8693151506,-87.6618759222,1301755809.0,65158929,65159282
65159282,41.8693370752,-87.6616348988,1301755822.0,65159026,65159346
65159346,41.8693521681,-87.6613469908,1301755825.0,65159282,65159407
65159407,41.8693631568,-87.6609969328,1301755828.0,65159346,65159474
65159474,41.8693743659,-87.6606359263,1301755831.0,65159407,65159522
65159522,41.869380443,-87.6603859312,1301755833.0,65159474,65159569
65159569,41.8693842857,-87.6601169125,1301755835.0,65159522,65159610
65159610,41.8693861704,-87.6598399244,1301755837.0,65159569,65159654
65159654,41.8693861327,-87.6595519171,1301755839.0,65159610,65159698
65159698,41.8693890849,-87.6592649013,1301755841.0,65159654,65159744
65159744,41.8693931209,-87.6589738811,1301755843.0,65159698,65159793
65159793,41.8693948348,-87.6586858638,1301755845.0,65159744,65159839
65159839,41.8693958233,-87.6583958984,1301755847.0,65159793,65159886
65159886,41.8693973588,-87.6581059038,1301755849.0,65159839,65159935
65159935,41.8694034395,-87.6578169008,1301755851.0,65159886,65159981
65159981,41.8694082662,-87.6575288528,1301755853.0,65159935,65160026
65160026,41.8694135738,-87.6572657727,1301755855.0,65159981,65160095
65160095,41.8694316857,-87.656957458,1301755858.0,65160026,65160213
65160213,41.8695092819,-87.6567004435,1301755864.0,65160095,65160392
65160392,41.8697046604,-87.6567304435,1301755871.0,65160213,65160454
65160454,41.869921678,-87.656743128,1301755874.0,65160392,65160505
65160505,41.8701078619,-87.6567539613,1301755876.0,65160454,65160556
65160556,41.8703129091,-87.6567606762,1301755878.0,65160505,65160612
65160612,41.8705308862,-87.656762686,1301755880.0,65160556,65160665
65160665,41.870752844,-87.6567674544,1301755882.0,65160612,65160716
65160716,41.870982813,-87.6567745735,1301755884.0,65160665,65160762
65160762,41.8712167889,-87.6567785094,1301755886.0,65160716,65160810
65160810,41.8714338505,-87.6567858749,1301755888.0,65160762,65160864
65160864,41.8716340772,-87.656790162,1301755890.0,65160810,65160918
65160918,41.8718152322,-87.6567881318,1301755892.0,65160864,65161003
65161003,41.8720394387,-87.6567704617,1301755895.0,65160918,65161263
65161263,41.8722283715,-87.6567636316,1301755905.0,65161003,65161348
65161348,41.872421241,-87.6567609005,1301755908.0,65161263,65161427
65161427,41.8726872266,-87.6567489019,1301755911.0,65161348,65161480
65161480,41.8728793852,-87.6567388377,1301755913.0,65161427,65161532
65161532,41.8730764663,-87.6567215001,1301755915.0,65161480,65161584
65161584,41.8732881716,-87.6567055525,1301755917.0,65161532,65161645
65161645,41.8734859963,-87.6567035046,1301755919.0,65161584,65161735
65161735,41.8737249513,-87.6567076148,1301755922.0,65161645,65161847
65161847,41.8739140218,-87.656708842,1301755926.0,65161735,65161969
65161969,41.8741140306,-87.6567025559,1301755931.0,65161847,65162211
65162211,41.8742598431,-87.6565104939,1301755939.0,65161969,65162300
65162300,41.8742697848,-87.6562398064,1301755942.0,65162211,65162381
65162381,41.8742812541,-87.6558665473,1301755945.0,65162300,65162438
65162438,41.8742848236,-87.6555794939,1301755947.0,65162381,65162497
65162497,41.8742918527,-87.6552835113,1301755949.0,65162438,65162561
65162561,41.8743011687,-87.6549675154,1301755951.0,65162497,65162622
65162622,41.8743091001,-87.6546455392,1301755953.0,65162561,65162681
65162681,41.8743160659,-87.6543246166,1301755955.0,65162622,65162740
65162740,41.8743186677,-87.6540005233,1301755957.0,65162681,65162801
65162801,41.8743212845,-87.6536795018,1301755959.0,65162740,65162865
65162865,41.8743250271,-87.6533704814,1301755961.0,65162801,65162925
65162925,41.8743289506,-87.6530725517,1301755963.0,65162865,65162986
65162986,41.8743248962,-87.6527966716,1301755965.0,65162925,65163075
65163075,41.8743135242,-87.6524688441,1301755968.0,65162986,65163222
65163222,41.8743112479,-87.6522116636,1301755973.0,65163075,65163605
65163605,41.8743223501,-87.6519563953,1301755986.0,65163222,65163672
65163672,41.8743344046,-87.6516364263,1301755989.0,65163605,65163724
65163724,41.874341228,-87.6513724839,1301755991.0,65163672,65163782
65163782,41.8743503967,-87.6510985289,1301755993.0,65163724,65163838
65163838,41.874358063,-87.6508045813,1301755995.0,65163782,65163892
65163892,41.8743586656,-87.650502709,1301755997.0,65163838,65163953
65163953,41.8743647514,-87.6502027139,1301755999.0,65163892,65164022
65164022,41.8743663879,-87.6499104926,1301756001.0,65163953,65164082
65164082,41.8743675222,-87.6496577085,1301756003.0,65164022,65164142
65164142,41.8743715313,-87.6494158085,1301756005.0,65164082,65164237
65164237,41.8743790103,-87.6490547644,1301756008.0,65164142,65164306
65164306,41.8743871542,-87.6488056967,1301756010.0,65164237,65164370
65164370,41.8743951087,-87.6485441971,1301756012.0,65164306,65164429
65164429,41.8743933922,-87.6482745384,1301756014.0,65164370,65164490
65164490,41.8743668342,-87.6480043022,1301756016.0,65164429,65164551
65164551,41.8743400375,-87.6477582997,1301756018.0,65164490,65164655
65164655,41.8743056122,-87.6474670781,1301756021.0,65164551,65164785
65164785,41.8742029206,-87.6472220709,1301756025.0,65164655,65164887
65164887,41.8740321627,-87.6471692824,1301756028.0,65164785,65164985
65164985,41.8737727745,-87.6471691662,1301756031.0,65164887,65165050
65165050,41.8735527401,-87.6471710563,1301756033.0,65164985,65165111
65165111,41.873332757,-87.6471662833,1301756035.0,65165050,65165174
65165174,41.8731117522,-87.6471602258,1301756037.0,65165111,65165243
65165243,41.8728858464,-87.6471554873,1301756039.0,65165174,65165311
65165311,41.8726619349,-87.6471497284,1301756041.0,65165243,65165376
65165376,41.8724509493,-87.6471412034,1301756043.0,65165311,65165445
65165445,41.8722687755,-87.6471325776,1301756045.0,65165376,65165583
65165583,41.8720559093,-87.6471305112,1301756049.0,65165445,65166094
65166094,41.871829821,-87.6471134901,1301756064.0,65165583,65166199
65166199,41.8715768831,-87.647100101,1301756067.0,65166094,65166266
65166266,41.8713739261,-87.647092614,1301756069.0,65166199,65166339
65166339,41.8711589044,-87.6470872471,1301756071.0,65166266,65166413
65166413,41.8709318775,-87.6470809286,1301756073.0,65166339,65166483
65166483,41.8706958987,-87.6470760271,1301756075.0,65166413,65166553
65166553,41.8704729884,-87.6470696576,1301756077.0,65166483,65166628
65166628,41.8702760468,-87.6470652606,1301756079.0,65166553,65166740
65166740,41.8700489687,-87.6470567178,1301756082.0,65166628,65166876
65166876,41.8698450662,-87.6470535953,1301756086.0,65166740,65167291
65167291,41.8696161932,-87.6470656584,1301756098.0,65166876,65167403
65167403,41.8694004531,-87.6470644018,1301756101.0,65167291,65167478
65167478,41.8692149278,-87.6470589528,1301756103.0,65167403,65167550
65167550,41.869003929,-87.6470538799,1301756105.0,65167478,65167621
65167621,41.8687789423,-87.6470488501,1301756107.0,65167550,65167692
65167692,41.8685619743,-87.6470419169,1301756109.0,65167621,65167755
65167755,41.8683589933,-87.6470373071,1301756111.0,65167692,65167820
65167820,41.8681681111,-87.6470396426,1301756113.0,65167755,65167919
65167919,41.8679211283,-87.6470556745,1301756116.0,65167820,65168032
65168032,41.8677280881,-87.6470635497,1301756119.0,65167919,None
