113324539,41.8689780536,-87.6713952905,1303946516.0,None,113324561
113324561,41.8687809991,-87.6713994056,1303946519.0,113324539,113324585
113324585,41.8685240104,-87.6713965321,1303946522.0,113324561,113324600
113324600,41.8683270005,-87.6713875026,1303946524.0,113324585,113324616
113324616,41.8681159968,-87.6713814118,1303946526.0,113324600,113324636
113324636,41.8678959885,-87.6713734375,1303946528.0,113324616,113324654
113324654,41.8676709918,-87.6713723631,1303946530.0,113324636,113324667
113324667,41.8674549913,-87.6713674077,1303946532.0,113324654,113324687
113324687,41.8672539511,-87.6713585653,1303946534.0,113324667,113324719
113324719,41.8670268622,-87.6713578091,1303946537.0,113324687,113324775
113324775,41.8668440223,-87.6713379447,1303946542.0,113324719,113324826
113324826,41.8666946422,-87.6711488725,1303946546.0,113324775,113324864
113324864,41.8667171259,-87.6708350716,1303946549.0,113324826,113324884
113324884,41.8667409576,-87.6705730608,1303946551.0,113324864,113324914
113324914,41.8667548572,-87.6702980498,1303946553.0,113324884,113324940
113324940,41.8667618749,-87.6700430356,1303946555.0,113324914,113324967
113324967,41.866768851,-87.6698010273,1303946557.0,113324940,113325010
113325010,41.8667758279,-87.6695039991,1303946560.0,113324967,113325157
113325157,41.8667690425,-87.6692329921,1303946570.0,113325010,113325216
113325216,41.8667634319,-87.6689197924,1303946574.0,113325157,113325262
113325262,41.8667583579,-87.6685749144,1303946577.0,113325216,113325296
113325296,41.8667562962,-87.6683170842,1303946579.0,113325262,113325326
113325326,41.8667547178,-87.668022063,1303946581.0,113325296,113325359
113325359,41.866756089,-87.667710191,1303946583.0,113325326,113325394
113325394,41.8667592155,-87.6674062069,1303946585.0,113325359,113325428
113325428,41.8667592594,-87.6671091522,1303946587.0,113325394,113325462
113325462,41.8667580576,-87.6668221033,1303946589.0,113325428,113325496
113325496,41.8667591769,-87.6665292596,1303946591.0,113325462,113325534
113325534,41.8667598018,-87.6662271729,1303946593.0,113325496,113325574
113325574,41.8667576179,-87.6659051883,1303946595.0,113325534,113325608
113325608,41.8667634525,-87.6655662282,1303946597.0,113325574,113325643
113325643,41.8667702711,-87.6652042261,1303946599.0,113325608,113325681
113325681,41.8667761314,-87.6648231757,1303946601.0,113325643,113325723
113325723,41.8667822154,-87.6644281439,1303946603.0,113325681,113325763
113325763,41.8667860731,-87.6640301743,1303946605.0,113325723,113325803
113325803,41.8667919723,-87.663638184,1303946607.0,113325763,113325841
113325841,41.8667999471,-87.6632591743,1303946609.0,113325803,113325878
113325878,41.8668048371,-87.6629031407,1303946611.0,113325841,113325897
113325897,41.8668087682,-87.662574137,1303946613.0,113325878,113325904
113325904,41.8668137991,-87.6622960932,1303946615.0,113325897,113325914
113325914,41.8668155527,-87.6619821036,1303946618.0,113325904,113326057
113326057,41.8668112394,-87.6617312126,1303946636.0,113325914,113326083
113326083,41.866809886,-87.6614821726,1303946639.0,113326057,113326113
113326113,41.8668168457,-87.6611191347,1303946642.0,113326083,113326137
113326137,41.8668250441,-87.6608241327,1303946644.0,113326113,113326156
113326156,41.866833179,-87.6605101304,1303946646.0,113326137,113326180
113326180,41.866839213,-87.6601891516,1303946648.0,113326156,113326203
113326203,41.866844081,-87.6598701356,1303946650.0,113326180,113326227
113326227,41.8668491187,-87.6595551324,1303946652.0,113326203,113326251
113326251,41.8668530277,-87.6592431218,1303946654.0,113326227,113326277
113326277,41.8668537597,-87.6589410979,1303946656.0,113326251,113326304
113326304,41.866859785,-87.6586511099,1303946658.0,113326277,113326332
113326332,41.8668658994,-87.6583591333,1303946660.0,113326304,113326353
113326353,41.8668709847,-87.6580641382,1303946662.0,113326332,113326383
113326383,41.866875882,-87.657773147,1303946664.0,113326353,113326408
113326408,41.8668786945,-87.6574931366,1303946666.0,113326383,113326439
113326439,41.8668918258,-87.6572191292,1303946668.0,113326408,113326462
113326462,41.866910828,-87.6569691483,1303946670.0,113326439,113326505
113326505,41.8669248687,-87.6567171187,1303946673.0,113326462,113326580
113326580,41.8670638092,-87.6565570793,1303946678.0,113326505,113326629
113326629,41.8672591323,-87.6565874317,1303946681.0,113326580,113326673
113326673,41.8675335944,-87.656633515,1303946684.0,113326629,113326710
113326710,41.8677557593,-87.6566495254,1303946686.0,113326673,113326746
113326746,41.8680018203,-87.6566583441,1303946688.0,113326710,113326779
113326779,41.8682547733,-87.6566712254,1303946690.0,113326746,113326809
113326809,41.868499801,-87.656688703,1303946692.0,113326779,113326845
113326845,41.8687248786,-87.6566991645,1303946694.0,113326809,113326885
113326885,41.8689140387,-87.6567059974,1303946696.0,113326845,113326937
113326937,41.8691181366,-87.6567038812,1303946699.0,113326885,113327008
113327008,41.8693238583,-87.6566991141,1303946703.0,113326937,113327059
113327059,41.8695191804,-87.6566958666,1303946706.0,113327008,113327124
113327124,41.8697734497,-87.6567229383,1303946709.0,113327059,113327163
113327163,41.8699766723,-87.656740122,1303946711.0,113327124,113327196
113327196,41.870207869,-87.6567531235,1303946713.0,113327163,113327231
113327231,41.8704518739,-87.6567573502,1303946715.0,113327196,113327261
113327261,41.8707038162,-87.6567630935,1303946717.0,113327231,113327306
113327306,41.8709627815,-87.6567701775,1303946719.0,113327261,113327346
113327346,41.871214763,-87.6567733966,1303946721.0,113327306,113327377
113327377,41.8714548612,-87.6567868087,1303946723.0,113327346,113327408
113327408,41.8716780755,-87.6567926582,1303946725.0,113327377,113327449
113327449,41.871872245,-87.6567892526,1303946727.0,113327408,113327517
113327517,41.8720722954,-87.6567796891,1303946730.0,113327449,113327788
113327788,41.8722901773,-87.6567732203,1303946743.0,113327517,113327851
113327851,41.8725321404,-87.6567608218,1303946746.0,113327788,113327884
113327884,41.8727341646,-87.6567515731,1303946748.0,113327851,113327921
113327921,41.8730524373,-87.6567246118,1303946751.0,113327884,113327958
113327958,41.8732711717,-87.6567112428,1303946753.0,113327921,113327990
113327990,41.8734889934,-87.6567089596,1303946755.0,113327958,113328030
113328030,41.8736969626,-87.6567155467,1303946757.0,113327990,113328086
113328086,41.8739460519,-87.6567246942,1303946760.0,113328030,113328170
113328170,41.8741576139,-87.6567217926,1303946764.0,113328086,113328304
113328304,41.8742355296,-87.6564411226,1303946770.0,113328170,113328372
113328372,41.87422452,-87.6560909915,1303946773.0,113328304,113328419
113328419,41.8742224022,-87.6557971089,1303946775.0,113328372,113328462
113328462,41.8742229608,-87.6554673557,1303946777.0,113328419,113328496
113328496,41.874224116,-87.6551204183,1303946779.0,113328462,113328530
113328530,41.8742242247,-87.6547544256,1303946781.0,113328496,113328581
113328581,41.8742274361,-87.6543883571,1303946783.0,113328530,113328640
113328640,41.8742307534,-87.6540243896,1303946785.0,113328581,113328695
113328695,41.8742319164,-87.6536744787,1303946787.0,113328640,113328743
113328743,41.8742305542,-87.6533424819,1303946789.0,113328695,113328784
113328784,41.8742255308,-87.6530203323,1303946791.0,113328743,113328827
113328827,41.8742228174,-87.6527061714,1303946793.0,113328784,113328875
113328875,41.874224905,-87.6524150825,1303946795.0,113328827,113328929
113328929,41.8742324745,-87.6521275218,1303946797.0,113328875,113328985
113328985,41.8742344874,-87.651841566,1303946799.0,113328929,113329035
113329035,41.8742460213,-87.6515565211,1303946801.0,113328985,113329080
113329080,41.8742632304,-87.6512585567,1303946803.0,113329035,113329131
113329131,41.8742723103,-87.6509504395,1303946805.0,113329080,113329182
113329182,41.8742662445,-87.6506373099,1303946807.0,113329131,113329230
113329230,41.8742553372,-87.6503332564,1303946809.0,113329182,113329288
113329288,41.8742500725,-87.650058212,1303946811.0,113329230,113329366
113329366,41.8742526078,-87.6497102263,1303946814.0,113329288,113329437
113329437,41.8742591547,-87.6493532097,1303946817.0,113329366,113329492
113329492,41.8742608722,-87.6491101964,1303946819.0,113329437,113329543
113329543,41.874264751,-87.648852222,1303946821.0,113329492,113329595
113329595,41.8742723576,-87.6485790515,1303946823.0,113329543,113329648
113329648,41.8742655073,-87.6483132194,1303946825.0,113329595,113329705
113329705,41.8742443329,-87.6480546727,1303946827.0,113329648,113329754
113329754,41.8742188588,-87.6478127213,1303946829.0,113329705,113329834
113329834,41.8741890261,-87.6475379298,1303946832.0,113329754,None
