28186553,41.8817780821,-87.6425070364,1301692624.0,None,28187033
28187033,41.881772136,-87.6427770414,1301692639.0,28186553,28187107
28187107,41.8817651279,-87.643051006,1301692643.0,28187033,28187242
28187242,41.8817781625,-87.643307023,1301692647.0,28187107,28187378
28187378,41.881792197,-87.643553011,1301692651.0,28187242,28187501
28187501,41.8818390649,-87.6437929677,1301692655.0,28187378,28187670
28187670,41.8818190449,-87.6440521713,1301692660.0,28187501,28187883
28187883,41.8816600054,-87.6442049072,1301692666.0,28187670,28187983
28187983,41.8814810024,-87.6441699506,1301692669.0,28187883,28188066
28188066,41.8812449969,-87.6441460267,1301692672.0,28187983,28188075
28188075,41.8809700056,-87.6441270733,1301692675.0,28188066,28188084
28188084,41.8807650018,-87.6441180727,1301692677.0,28188075,28188095
28188095,41.88055599,-87.6441089914,1301692679.0,28188084,28188107
28188107,41.8803379794,-87.6440969914,1301692681.0,28188095,28188121
28188121,41.8801199916,-87.6440908506,1301692683.0,28188107,28188136
28188136,41.8799090064,-87.6440847233,1301692685.0,28188121,28188152
28188152,41.8797110061,-87.6440796325,1301692687.0,28188136,28188169
28188169,41.8795250048,-87.6440795748,1301692689.0,28188152,28188196
28188196,41.8792909793,-87.6441045183,1301692692.0,28188169,28188226
28188226,41.8791641705,-87.6443210043,1301692695.0,28188196,28188257
28188257,41.8791581856,-87.6446380028,1301692698.0,28188226,28188279
28188279,41.8791662101,-87.644887001,1301692700.0,28188257,28188301
28188301,41.8791732315,-87.6451570052,1301692702.0,28188279,28188325
28188325,41.8791772534,-87.6454400066,1301692704.0,28188301,28188349
28188349,41.8791812862,-87.6457350066,1301692706.0,28188325,28188373
28188373,41.8791892964,-87.6460340099,1301692708.0,28188349,28188399
28188399,41.8791953321,-87.6463150133,1301692710.0,28188373,28188438
28188438,41.87919534,-87.6466540169,1301692713.0,28188399,28188493
28188493,41.879198344,-87.6469070176,1301692717.0,28188438,28188651
28188651,41.8791963805,-87.6471880168,1301692728.0,28188493,28188712
28188712,41.8791962559,-87.6475229829,1301692732.0,28188651,28188762
28188762,41.87919042,-87.6478679972,1301692735.0,28188712,28188796
28188796,41.8791943725,-87.6481339975,1301692737.0,28188762,28188828
28188828,41.8791953554,-87.6484090148,1301692739.0,28188796,28188861
28188861,41.8791933537,-87.6486770133,1301692741.0,28188828,28188897
28188897,41.8791933254,-87.6489400072,1301692743.0,28188861,28188949
28188949,41.8791863519,-87.6492490225,1301692746.0,28188897,28189056
28189056,41.879184404,-87.6495019929,1301692752.0,28188949,28189131
28189131,41.8791814045,-87.6497660213,1301692756.0,28189056,28189187
28189187,41.8791773625,-87.6500610149,1301692759.0,28189131,28189245
28189245,41.8791732898,-87.6503890452,1301692762.0,28189187,28189342
28189342,41.8791682341,-87.650637022,1301692767.0,28189245,28189443
28189443,41.8791689961,-87.6509349776,1301692772.0,28189342,28189495
28189495,41.8791619773,-87.6512039816,1301692775.0,28189443,28189581
28189581,41.8791432454,-87.6514920095,1301692779.0,28189495,28189678
28189678,41.8791373777,-87.6517619941,1301692784.0,28189581,28189742
28189742,41.8791324074,-87.6520300218,1301692787.0,28189678,28189808
28189808,41.8791126154,-87.6523660104,1301692790.0,28189742,28189873
28189873,41.8791096188,-87.6527150119,1301692793.0,28189808,28189915
28189915,41.8791066232,-87.6529620129,1301692795.0,28189873,28189957
28189957,41.8791046132,-87.6532260197,1301692797.0,28189915,28189996
28189996,41.8790986284,-87.6534820151,1301692799.0,28189957,28190039
28190039,41.8790886425,-87.6538360214,1301692802.0,28189996,28190071
28190071,41.8790786594,-87.654138016,1301692805.0,28190039,28190134
28190134,41.8790885732,-87.6545920055,1301692815.0,28190071,28190186
28190186,41.879084567,-87.6549340188,1301692819.0,28190134,28190217
28190217,41.8790795416,-87.6552840183,1301692822.0,28190186,28190238
28190238,41.8790765208,-87.6555270136,1301692824.0,28190217,28190267
28190267,41.8790724944,-87.6557690132,1301692826.0,28190238,28190314
28190314,41.8790684434,-87.6561080017,1301692829.0,28190267,28190372
28190372,41.8790624825,-87.6564150048,1301692832.0,28190314,28190432
28190432,41.8790555021,-87.6566910146,1301692835.0,28190372,28190493
28190493,41.8790475389,-87.6569330617,1301692838.0,28190432,28190547
28190547,41.8790444589,-87.6572070223,1301692841.0,28190493,28190616
28190616,41.8790433958,-87.6575350098,1301692844.0,28190547,28190666
28190666,41.8790423607,-87.6577829997,1301692846.0,28190616,28190710
28190710,41.8790403453,-87.658046011,1301692848.0,28190666,28190756
28190756,41.8790343613,-87.6583170109,1301692850.0,28190710,28190804
28190804,41.8790293783,-87.6585790121,1301692852.0,28190756,28190856
28190856,41.8790234396,-87.6588230027,1301692854.0,28190804,28190937
28190937,41.8790184565,-87.6591360088,1301692857.0,28190856,28191100
28191100,41.8790095276,-87.6593870138,1301692864.0,28190937,28191211
28191211,41.8790153829,-87.6596340102,1301692868.0,28191100,28191281
28191281,41.8790093738,-87.6599200074,1301692871.0,28191211,28191359
28191359,41.8790033429,-87.660273011,1301692874.0,28191281,28191410
28191410,41.8789993311,-87.6605400137,1301692876.0,28191359,28191465
28191465,41.87899431,-87.6608230144,1301692878.0,28191410,28191522
28191522,41.8789902448,-87.6611160109,1301692880.0,28191465,28191577
28191577,41.8789842664,-87.66141399,1301692882.0,28191522,28191629
28191629,41.8789823193,-87.6617210173,1301692884.0,28191577,28191682
28191682,41.8789791957,-87.6620300078,1301692886.0,28191629,28191736
28191736,41.8789731151,-87.6623430011,1301692888.0,28191682,28191791
28191791,41.8789651819,-87.6626610078,1301692890.0,28191736,28191848
28191848,41.8789552406,-87.6629850111,1301692892.0,28191791,28191900
28191900,41.8789482742,-87.6633060124,1301692894.0,28191848,28191960
28191960,41.8789413117,-87.6636090097,1301692896.0,28191900,28192020
28192020,41.87893534,-87.6638750105,1301692898.0,28191960,28192103
28192103,41.8789293885,-87.6641190159,1301692901.0,28192020,28192297
28192297,41.8789243867,-87.6643660153,1301692908.0,28192103,28192393
28192393,41.8789213239,-87.664612015,1301692911.0,28192297,28192484
28192484,41.8789123429,-87.6649340071,1301692914.0,28192393,28192571
28192571,41.8788975425,-87.665265009,1301692917.0,28192484,28192655
28192655,41.8788815309,-87.6655700233,1301692920.0,28192571,28192805
28192805,41.8788725248,-87.6658420291,1301692925.0,28192655,28193112
28193112,41.8788803984,-87.6661230164,1301692935.0,28192805,28193234
28193234,41.8788773157,-87.6664130029,1301692939.0,28193112,28193354
28193354,41.8788679195,-87.6666939997,1301692943.0,28193234,28193475
28193475,41.8786909814,-87.6668042602,1301692947.0,28193354,28193569
28193569,41.8784729883,-87.666794378,1301692950.0,28193475,28193653
28193653,41.8781999829,-87.6667824223,1301692953.0,28193569,28193714
28193714,41.877989991,-87.6667754225,1301692955.0,28193653,28193784
28193784,41.8777639978,-87.6667733657,1301692957.0,28193714,28193854
28193854,41.8775389956,-87.6667762034,1301692959.0,28193784,28193915
28193915,41.8773229988,-87.6667819779,1301692961.0,28193854,28193975
28193975,41.8771340023,-87.6667859137,1301692963.0,28193915,28194068
28194068,41.8769149983,-87.66678304,1301692966.0,28193975,28194228
28194228,41.8767239996,-87.6667771472,1301692971.0,28194068,28194527
28194527,41.8765360038,-87.6667573368,1301692980.0,28194228,28194713
28194713,41.8763079952,-87.6667224885,1301692986.0,28194527,28194806
28194806,41.8761109936,-87.6667125137,1301692989.0,28194713,28194904
28194904,41.8758849885,-87.6667085143,1301692992.0,28194806,28195002
28195002,41.8756139896,-87.6666965149,1301692995.0,28194904,28195068
28195068,41.8754079957,-87.6666905285,1301692997.0,28195002,28195141
28195141,41.8751979944,-87.6666865418,1301692999.0,28195068,28195212
28195212,41.8749860008,-87.6666825512,1301693001.0,28195141,28195271
28195271,41.8747699996,-87.6666855519,1301693003.0,28195212,28195331
28195331,41.8745759784,-87.6666845406,1301693005.0,28195271,28195432
28195432,41.8743727366,-87.6666915227,1301693008.0,28195331,28195601
28195601,41.8742381321,-87.6669359488,1301693013.0,28195432,28195702
28195702,41.8742281519,-87.6672278448,1301693016.0,28195601,28195802
28195802,41.8742178016,-87.6675877183,1301693019.0,28195702,28195873
28195873,41.8742000606,-87.6678398829,1301693021.0,28195802,28195945
28195945,41.8741844769,-87.6680839437,1301693023.0,28195873,28196047
28196047,41.8741716258,-87.6684359677,1301693026.0,28195945,28196149
28196149,41.8741608678,-87.6687577996,1301693029.0,28196047,28196293
28196293,41.8741916351,-87.6690439474,1301693033.0,28196149,28196531
28196531,41.8740005087,-87.6691002772,1301693040.0,28196293,28196641
28196641,41.8737469233,-87.6690873949,1301693043.0,28196531,28196715
28196715,41.8735119844,-87.6690907373,1301693045.0,28196641,28196790
28196790,41.8733178045,-87.6690894573,1301693047.0,28196715,28196899
28196899,41.8731337514,-87.6690941454,1301693050.0,28196790,28197082
28197082,41.8729092267,-87.6691351814,1301693055.0,28196899,28197187
28197187,41.8727220917,-87.6691131636,1301693058.0,28197082,28197285
28197285,41.8725050728,-87.6690433224,1301693061.0,28197187,28197395
28197395,41.8722840397,-87.6689799778,1301693064.0,28197285,28197553
28197553,41.8720698236,-87.6690050306,1301693068.0,28197395,28197887
28197887,41.8718828228,-87.669038596,1301693077.0,28197553,28198098
28198098,41.8716742953,-87.6690459174,1301693083.0,28197887,28198212
28198212,41.8714605105,-87.6690399178,1301693086.0,28198098,28198322
28198322,41.8712074536,-87.669021115,1301693089.0,28198212,28198437
28198437,41.8709625216,-87.6690123101,1301693092.0,28198322,28198547
28198547,41.87075355,-87.6690000814,1301693095.0,28198437,28198724
28198724,41.8705649407,-87.6690201192,1301693101.0,28198547,None
