97982396,41.8743738693,-87.6562440419,1303754775.0,None,97982644
97982644,41.8743673325,-87.6565271963,1303754782.0,97982396,97982786
97982786,41.8743621229,-87.6567950419,1303754786.0,97982644,97982964
97982964,41.8743359441,-87.6570711557,1303754791.0,97982786,97983113
97983113,41.8743295508,-87.6573221824,1303754795.0,97982964,97983373
97983373,41.8743517077,-87.6575690128,1303754802.0,97983113,97983926
97983926,41.8743399769,-87.6579069661,1303754818.0,97983373,97984034
97984034,41.8743376781,-87.6582528751,1303754821.0,97983926,97984099
97984099,41.8743342258,-87.6585188775,1303754823.0,97984034,97984169
97984169,41.8743309973,-87.6587948851,1303754825.0,97984099,97984237
97984237,41.8743260616,-87.659078918,1303754827.0,97984169,97984310
97984310,41.8743194555,-87.6593689141,1303754829.0,97984237,97984381
97984381,41.8743136689,-87.6596579209,1303754831.0,97984310,97984456
97984456,41.8743078767,-87.6599439337,1303754833.0,97984381,97984532
97984532,41.8743055274,-87.6602259257,1303754835.0,97984456,97984599
97984599,41.874300686,-87.660491933,1303754837.0,97984532,97984710
97984710,41.874295508,-87.6608359102,1303754840.0,97984599,97984810
97984810,41.8742956926,-87.6610808877,1303754843.0,97984710,97984993
97984993,41.8742880133,-87.6613618959,1303754848.0,97984810,97985135
97985135,41.8742873681,-87.6616068967,1303754852.0,97984993,97985282
97985282,41.8742837106,-87.661890839,1303754856.0,97985135,97985386
97985386,41.8742761339,-87.6621489321,1303754859.0,97985282,97985487
97985487,41.8742728998,-87.6624468987,1303754862.0,97985386,97985595
97985595,41.8742652264,-87.6627928952,1303754865.0,97985487,97985665
97985665,41.8742640052,-87.6630469188,1303754867.0,97985595,97985736
97985736,41.8742640182,-87.6633089609,1303754869.0,97985665,97985811
97985811,41.8742686548,-87.6635670061,1303754871.0,97985736,97985890
97985890,41.8742726164,-87.6638180023,1303754873.0,97985811,97985963
97985963,41.8742758033,-87.6640600022,1303754875.0,97985890,97986062
97986062,41.8742809766,-87.6644119967,1303754878.0,97985963,97986125
97986125,41.874282663,-87.6646619931,1303754880.0,97986062,97986189
97986189,41.8742886326,-87.6649119845,1303754882.0,97986125,97986263
97986263,41.8742907504,-87.6652549192,1303754885.0,97986189,97986364
97986364,41.8742829376,-87.6655448701,1303754888.0,97986263,97986463
97986463,41.8742789669,-87.665799862,1303754891.0,97986364,97986599
97986599,41.8742711568,-87.6660809925,1303754895.0,97986463,97986826
97986826,41.8742660598,-87.6663381783,1303754902.0,97986599,97987007
97987007,41.874257486,-87.6666520184,1303754907.0,97986826,97987146
97987146,41.8742537103,-87.6669027768,1303754911.0,97987007,97987284
97987284,41.8742554048,-87.6671655627,1303754915.0,97987146,97987382
97987382,41.8742467454,-87.6674606199,1303754918.0,97987284,97987489
97987489,41.8742242927,-87.6677797448,1303754921.0,97987382,97987594
97987594,41.8742166096,-87.6681068369,1303754924.0,97987489,97987703
97987703,41.8742112163,-87.6684239638,1303754927.0,97987594,97987807
97987807,41.8742056504,-87.6686703605,1303754930.0,97987703,97988697
97988697,41.8742243979,-87.6689398055,1303754957.0,97987807,97989178
97989178,41.8740041844,-87.6689443377,1303754971.0,97988697,97989284
97989284,41.8737869414,-87.6688984193,1303754974.0,97989178,97989374
97989374,41.8735319576,-87.6688919744,1303754977.0,97989284,97989485
97989485,41.8732930168,-87.6689021236,1303754980.0,97989374,97989660
97989660,41.8730999026,-87.6689366233,1303754985.0,97989485,97989790
97989790,41.872918786,-87.6689271285,1303754989.0,97989660,97989883
97989883,41.872698999,-87.6688118317,1303754992.0,97989790,97989985
97989985,41.8724939588,-87.6686452952,1303754995.0,97989883,97990098
97990098,41.8722479489,-87.6685210112,1303754998.0,97989985,97990204
97990204,41.8720301322,-87.6684843849,1303755001.0,97990098,97990376
97990376,41.8718391922,-87.6685755363,1303755006.0,97990204,97990515
97990515,41.8716161554,-87.6686756668,1303755010.0,97990376,97990612
97990612,41.8713560968,-87.6687197045,1303755013.0,97990515,97990680
97990680,41.8711489855,-87.6687407259,1303755015.0,97990612,97990754
97990754,41.8709199687,-87.6687508872,1303755017.0,97990680,97990826
97990826,41.8706769683,-87.6687620589,1303755019.0,97990754,97990893
97990893,41.8704289731,-87.6687690737,1303755021.0,97990826,97990961
97990961,41.8701919751,-87.6687775388,1303755023.0,97990893,97991025
97991025,41.8699659871,-87.6687819902,1303755025.0,97990961,97991098
97991098,41.8697630677,-87.6687896431,1303755027.0,97991025,97991210
97991210,41.8695558146,-87.668845351,1303755030.0,97991098,97991587
97991587,41.8693584066,-87.6688740765,1303755041.0,97991210,97991679
97991679,41.8692714171,-87.6690878632,1303755044.0,97991587,97991784
97991784,41.8692590016,-87.6693819047,1303755047.0,97991679,97991890
97991890,41.8692469893,-87.669742186,1303755050.0,97991784,97991964
97991964,41.8692450612,-87.6700197899,1303755052.0,97991890,97992036
97992036,41.869243113,-87.6704010535,1303755054.0,97991964,97992102
97992102,41.8692277561,-87.670706924,1303755056.0,97992036,97992169
97992169,41.8692314821,-87.6709529626,1303755058.0,97992102,97992278
97992278,41.8692407616,-87.6711968709,1303755061.0,97992169,97992527
97992527,41.8691533797,-87.6714173998,1303755069.0,97992278,97992637
97992637,41.8689815454,-87.6716609699,1303755072.0,97992527,97992741
97992741,41.8689022261,-87.6720078571,1303755075.0,97992637,97992809
97992809,41.8689063554,-87.6723120335,1303755077.0,97992741,97992877
97992877,41.868912261,-87.6726219371,1303755079.0,97992809,97992953
97992953,41.8689231535,-87.6729049603,1303755081.0,97992877,97993020
97993020,41.8689259787,-87.6731530441,1303755083.0,97992953,97993121
97993121,41.8689591424,-87.6734158319,1303755086.0,97993020,97993367
97993367,41.8691016712,-87.673572716,1303755093.0,97993121,97994072
97994072,41.8691204962,-87.6738843462,1303755113.0,97993367,97994164
97994164,41.8691325001,-87.6742262667,1303755116.0,97994072,97994227
97994227,41.869134725,-87.6744942301,1303755118.0,97994164,97994302
97994302,41.8691358024,-87.6747672319,1303755120.0,97994227,97994378
97994378,41.8691330108,-87.6750432192,1303755122.0,97994302,97994452
97994452,41.8691321067,-87.6753140837,1303755124.0,97994378,97994561
97994561,41.8691361863,-87.6756138806,1303755127.0,97994452,97994756
97994756,41.8691787434,-87.6758934749,1303755133.0,97994561,97994952
97994952,41.8691825036,-87.6761399212,1303755139.0,97994756,97995126
97995126,41.8694178874,-87.6762019957,1303755144.0,97994952,97995238
97995238,41.8696729881,-87.6761979953,1303755147.0,97995126,97995274
97995274,41.8698730375,-87.6761973625,1303755149.0,97995238,97995281
97995281,41.8700970624,-87.6762038792,1303755151.0,97995274,97995290
97995290,41.870330085,-87.6762161347,1303755153.0,97995281,97995301
97995301,41.8705550601,-87.6762264281,1303755155.0,97995290,97995313
97995313,41.870761948,-87.6762180189,1303755157.0,97995301,97995327
97995327,41.8709709905,-87.6762116653,1303755159.0,97995313,97995342
97995342,41.8711649945,-87.6762185343,1303755161.0,97995327,97995366
97995366,41.871368403,-87.6762114881,1303755164.0,97995342,97995412
97995412,41.8714646621,-87.6759633961,1303755169.0,97995366,97995442
97995442,41.8714544728,-87.6756898656,1303755172.0,97995412,97995474
97995474,41.8714548258,-87.6753820449,1303755175.0,97995442,None
