54877189,41.8672581096,-87.6469304998,1304004041.0,None,54877244
54877244,41.8670007715,-87.6469144558,1304004045.0,54877189,54877273
54877273,41.8668158278,-87.6469032482,1304004047.0,54877244,54877302
54877302,41.8666018584,-87.6468948984,1304004049.0,54877273,54877331
54877331,41.8663779117,-87.6468855206,1304004051.0,54877302,54877362
54877362,41.8661689466,-87.6468743532,1304004053.0,54877331,54877406
54877406,41.8659300801,-87.6468762101,1304004056.0,54877362,54877827
54877827,41.8657458192,-87.646902997,1304004081.0,54877406,54877941
54877941,41.8655409445,-87.6468898212,1304004087.0,54877827,54877991
54877991,41.8653459412,-87.6468729587,1304004090.0,54877941,54878049
54878049,41.8651258477,-87.6468597486,1304004093.0,54877991,54878129
54878129,41.8649298624,-87.6468454214,1304004097.0,54878049,54878376
54878376,41.8647469445,-87.6468063058,1304004109.0,54878129,54878436
54878436,41.8645558853,-87.6467964189,1304004112.0,54878376,54878502
54878502,41.8642989136,-87.6467911996,1304004115.0,54878436,54878545
54878545,41.8640988635,-87.6467822654,1304004117.0,54878502,54878585
54878585,41.8638858896,-87.64677831,1304004119.0,54878545,54878628
54878628,41.8636599124,-87.6467664077,1304004121.0,54878585,54878674
54878674,41.8634309062,-87.6467554365,1304004123.0,54878628,54878722
54878722,41.8631958931,-87.6467521289,1304004125.0,54878674,54878770
54878770,41.8629669921,-87.6467465262,1304004127.0,54878722,54878812
54878812,41.8627469877,-87.6467450397,1304004129.0,54878770,54878857
54878857,41.8625601512,-87.6467408465,1304004131.0,54878812,54878912
54878912,41.8623677425,-87.646743897,1304004134.0,54878857,54879009
54879009,41.8622837264,-87.6469566066,1304004138.0,54878912,54879080
54879080,41.8622980561,-87.647256793,1304004141.0,54879009,54879115
54879115,41.8623009566,-87.6475320071,1304004143.0,54879080,54879163
54879163,41.8622959826,-87.6478441119,1304004145.0,54879115,54879211
54879211,41.8622922262,-87.6481661443,1304004147.0,54879163,54879264
54879264,41.8622903681,-87.6484401357,1304004149.0,54879211,54879355
54879355,41.862292377,-87.6487050824,1304004153.0,54879264,54879488
54879488,41.8622944698,-87.6490040814,1304004158.0,54879355,54879563
54879563,41.8622873219,-87.6493590718,1304004161.0,54879488,54879611
54879611,41.8622835044,-87.6496480916,1304004163.0,54879563,54879661
54879661,41.8622784824,-87.6499611197,1304004165.0,54879611,54879712
54879712,41.8622744445,-87.6502531035,1304004167.0,54879661,54879765
54879765,41.8622692729,-87.6505011719,1304004169.0,54879712,54879870
54879870,41.8622627074,-87.6507598483,1304004173.0,54879765,54880023
54880023,41.8624399393,-87.650892922,1304004179.0,54879870,54880135
54880135,41.8626741021,-87.6509031062,1304004183.0,54880023,54880189
54880189,41.8628540881,-87.6509086285,1304004185.0,54880135,54880238
54880238,41.8630581268,-87.6509136577,1304004187.0,54880189,54880291
54880291,41.8632420562,-87.6509182117,1304004189.0,54880238,54880391
54880391,41.8634310229,-87.6509193684,1304004193.0,54880291,54880507
54880507,41.8636413406,-87.650927656,1304004197.0,54880391,54880592
54880592,41.8639000168,-87.6509383079,1304004200.0,54880507,54880647
54880647,41.8641080109,-87.6509453071,1304004202.0,54880592,54880700
54880700,41.8643150248,-87.6509517275,1304004204.0,54880647,54880779
54880779,41.8645379988,-87.6509539644,1304004207.0,54880700,54880952
54880952,41.8647659886,-87.6509590586,1304004213.0,54880779,54881024
54881024,41.8652129659,-87.6509670894,1304004218.0,54880952,54881077
54881077,41.8654499767,-87.6509749804,1304004220.0,54881024,54881134
54881134,41.8657109834,-87.6509821989,1304004222.0,54881077,54881193
54881193,41.8659939577,-87.6509895927,1304004224.0,54881134,54881252
54881252,41.8662959373,-87.6509987535,1304004226.0,54881193,54881317
54881317,41.8666009003,-87.6510094147,1304004228.0,54881252,54881372
54881372,41.8668487456,-87.6510224113,1304004230.0,54881317,54881459
54881459,41.8670658111,-87.6510678535,1304004233.0,54881372,54881573
54881573,41.867150751,-87.6513309987,1304004237.0,54881459,54881667
54881667,41.8671496928,-87.6516548064,1304004240.0,54881573,54881725
54881725,41.867144737,-87.6519232939,1304004242.0,54881667,54881792
54881792,41.8671393487,-87.6522221887,1304004244.0,54881725,54881852
54881852,41.8671330366,-87.652510254,1304004246.0,54881792,54881909
54881909,41.8671289222,-87.6527642246,1304004248.0,54881852,54881996
54881996,41.8671254176,-87.6530111881,1304004251.0,54881909,54882629
54882629,41.8671223432,-87.6532682929,1304004271.0,54881996,54882723
54882723,41.8671186982,-87.6535683132,1304004274.0,54882629,54882794
54882794,41.8671145189,-87.6538262714,1304004276.0,54882723,54882855
54882855,41.8671099685,-87.6541261453,1304004278.0,54882794,54882919
54882919,41.8671065127,-87.6544450938,1304004280.0,54882855,54882953
54882953,41.8670978189,-87.6547631771,1304004282.0,54882919,54883019
54883019,41.8670883323,-87.6550462851,1304004284.0,54882953,54883094
54883094,41.8670851183,-87.6553711934,1304004287.0,54883019,54883173
54883173,41.8670808078,-87.6556201731,1304004290.0,54883094,54883333
54883333,41.867074194,-87.6558702123,1304004296.0,54883173,54883827
54883827,41.8670604232,-87.6561133321,1304004312.0,54883333,54884795
54884795,41.8670595609,-87.6563791631,1304004341.0,54883827,54885368
54885368,41.8670768603,-87.6566178777,1304004358.0,54884795,54885492
54885492,41.8672504118,-87.6566817345,1304004362.0,54885368,54885601
54885601,41.86751111,-87.6566950567,1304004365.0,54885492,54885676
54885676,41.8677259356,-87.6567001148,1304004367.0,54885601,54885749
54885749,41.8679709314,-87.6567038723,1304004369.0,54885676,54885824
54885824,41.8682378872,-87.6567075486,1304004371.0,54885749,54885895
54885895,41.8685228771,-87.656713773,1304004373.0,54885824,54885970
54885970,41.868803927,-87.6567159813,1304004375.0,54885895,54886034
54886034,41.8690731262,-87.6567067282,1304004377.0,54885970,54886101
54886101,41.8693329573,-87.6567059228,1304004379.0,54886034,54886170
54886170,41.8695818456,-87.6567133776,1304004381.0,54886101,54886248
54886248,41.8698406268,-87.6567372193,1304004383.0,54886170,54886319
54886319,41.8701128289,-87.6567506536,1304004385.0,54886248,54886391
54886391,41.8703958796,-87.6567556097,1304004387.0,54886319,54886465
54886465,41.870682815,-87.656759269,1304004389.0,54886391,54886536
54886536,41.8709787758,-87.6567688275,1304004391.0,54886465,54886607
54886607,41.8712728054,-87.6567758306,1304004393.0,54886536,54886680
54886680,41.8715439276,-87.6567814572,1304004395.0,54886607,54886756
54886756,41.8717782749,-87.6567825201,1304004397.0,54886680,54886831
54886831,41.8719714765,-87.656769867,1304004399.0,54886756,54886989
54886989,41.8721534677,-87.6567553965,1304004403.0,54886831,54887171
54887171,41.8723753886,-87.6567471807,1304004408.0,54886989,54887281
54887281,41.8726413916,-87.6567352202,1304004411.0,54887171,54887353
54887353,41.872858608,-87.6567250753,1304004413.0,54887281,54887412
54887412,41.8730995349,-87.6567141194,1304004415.0,54887353,54887486
54887486,41.8733511157,-87.6566968058,1304004417.0,54887412,54887559
54887559,41.8735879258,-87.656688417,1304004419.0,54887486,54887671
54887671,41.873825874,-87.6566832341,1304004422.0,54887559,54887783
54887783,41.8740321683,-87.6566930429,1304004426.0,54887671,54888077
54888077,41.874209633,-87.6566019133,1304004434.0,54887783,54888185
54888185,41.8742192726,-87.6563329661,1304004437.0,54888077,54888291
54888291,41.8742138594,-87.6559631407,1304004440.0,54888185,54888357
54888357,41.8742123229,-87.6556663895,1304004442.0,54888291,54888429
54888429,41.8742175261,-87.6553403841,1304004444.0,54888357,54888499
54888499,41.8742182125,-87.6549924512,1304004446.0,54888429,54888580
54888580,41.8742165355,-87.6546384278,1304004448.0,54888499,54888653
54888653,41.8742185819,-87.6542803276,1304004450.0,54888580,54888729
54888729,41.8742193699,-87.6539234306,1304004452.0,54888653,54888808
54888808,41.8742266781,-87.6535734621,1304004454.0,54888729,54888887
54888887,41.8742259895,-87.6532394662,1304004456.0,54888808,54888959
54888959,41.8742230586,-87.6529202857,1304004458.0,54888887,54889023
54889023,41.8742262634,-87.6526261533,1304004460.0,54888959,54889124
54889124,41.874231218,-87.6523002045,1304004463.0,54889023,54889484
54889484,41.8742375124,-87.6520265859,1304004475.0,54889124,54889517
54889517,41.8742646477,-87.6517696435,1304004482.0,54889484,54889537
54889537,41.8742813671,-87.6515165482,1304004485.0,54889517,54889560
54889560,41.8742713476,-87.6511565303,1304004488.0,54889537,54889576
54889576,41.8742743566,-87.6508824283,1304004490.0,54889560,54889594
54889594,41.8742825395,-87.6505863487,1304004492.0,54889576,54889612
54889612,41.8742846648,-87.650282282,1304004494.0,54889594,54889632
54889632,41.874290711,-87.6499804402,1304004496.0,54889612,54889652
54889652,41.8743073636,-87.6496735967,1304004498.0,54889632,54889673
54889673,41.8743135367,-87.6493654576,1304004500.0,54889652,54889695
54889695,41.8743091889,-87.6490483907,1304004502.0,54889673,54889717
54889717,41.8743026381,-87.6487232831,1304004504.0,54889695,54889741
54889741,41.8743074282,-87.6484052493,1304004506.0,54889717,54889765
54889765,41.8742901911,-87.6480951033,1304004508.0,54889741,54889789
54889789,41.8742571334,-87.6478141256,1304004510.0,54889765,54889828
54889828,41.8742150548,-87.6474810902,1304004513.0,54889789,54889867
54889867,41.8741431797,-87.6472294581,1304004516.0,54889828,54889909
54889909,41.8739687509,-87.6471646874,1304004519.0,54889867,54889945
54889945,41.8737337589,-87.6471710175,1304004522.0,54889909,54889976
54889976,41.8735337167,-87.6471709176,1304004524.0,54889945,54890007
54890007,41.8733087674,-87.6471666295,1304004526.0,54889976,54890035
54890035,41.8730637891,-87.6471603026,1304004528.0,54890007,54890065
54890065,41.8728098434,-87.6471513946,1304004530.0,54890035,54890098
54890098,41.8725848953,-87.6471401709,1304004532.0,54890065,54890130
54890130,41.8723828427,-87.647127634,1304004534.0,54890098,54890160
54890160,41.8721877554,-87.6471215436,1304004536.0,54890130,54890193
54890193,41.8719877001,-87.64711459,1304004538.0,54890160,54890227
54890227,41.8717787327,-87.6471065102,1304004540.0,54890193,54890261
54890261,41.8715589254,-87.6471019132,1304004542.0,54890227,54890294
54890294,41.8713289935,-87.6471003815,1304004544.0,54890261,54890328
54890328,41.8710839009,-87.6470865547,1304004546.0,54890294,54890363
54890363,41.8708328665,-87.6470742917,1304004548.0,54890328,54890398
54890398,41.8705789008,-87.6470693996,1304004550.0,54890363,54890432
54890432,41.8703479657,-87.647055473,1304004552.0,54890398,54890470
54890470,41.8701519033,-87.6470399989,1304004554.0,54890432,54890526
54890526,41.8699299013,-87.647019877,1304004557.0,54890470,None
