47437338,41.8638639071,-87.6504628194,1302659396.0,None,47437424
47437424,41.8636792381,-87.6504837562,1302659405.0,47437338,47437505
47437505,41.8635283305,-87.6506433029,1302659412.0,47437424,47437624
47437624,41.8635606961,-87.6508985984,1302659421.0,47437505,47437695
47437695,41.8637470054,-87.650931734,1302659426.0,47437624,47437757
47437757,41.8639510116,-87.6509426028,1302659430.0,47437695,47437801
47437801,41.8641430259,-87.6509502629,1302659433.0,47437757,47437849
47437849,41.8643900238,-87.6509583121,1302659437.0,47437801,47437917
47437917,41.8645740549,-87.6509628405,1302659441.0,47437849,47438035
47438035,41.8647601467,-87.6509887745,1302659448.0,47437917,47438104
47438104,41.8649640846,-87.6509965288,1302659452.0,47438035,47438176
47438176,41.86520411,-87.6510036501,1302659456.0,47438104,47438234
47438234,41.8653921224,-87.6510088098,1302659459.0,47438176,47438286
47438286,41.8655941284,-87.6510157178,1302659462.0,47438234,47438346
47438346,41.865802115,-87.6510192251,1302659465.0,47438286,47438405
47438405,41.8660171045,-87.6510245135,1302659468.0,47438346,47438462
47438462,41.8662280797,-87.6510282582,1302659471.0,47438405,47438524
47438524,41.866416147,-87.6510335389,1302659474.0,47438462,47438603
47438603,41.8666150403,-87.6510323351,1302659478.0,47438524,47439132
47439132,41.8668100657,-87.6510549117,1302659503.0,47438603,47439523
47439523,41.8669986486,-87.6510788784,1302659522.0,47439132,47439704
47439704,41.8671470227,-87.6512625762,1302659530.0,47439523,47439800
47439800,41.8671543512,-87.6515757539,1302659534.0,47439704,47439875
47439875,41.8671506867,-87.6518552841,1302659537.0,47439800,47439952
47439952,41.8671444572,-87.6521421028,1302659540.0,47439875,47440023
47440023,41.8671393097,-87.6524271189,1302659543.0,47439952,47440097
47440097,41.8671345458,-87.6526911383,1302659546.0,47440023,47440191
47440191,41.867130099,-87.6529941053,1302659550.0,47440097,47440944
47440944,41.8671243565,-87.6532511926,1302659579.0,47440191,47441062
47441062,41.8671208535,-87.653526265,1302659583.0,47440944,47441143
47441143,41.8671172993,-87.6537841795,1302659586.0,47441062,47441210
47441210,41.8671124771,-87.6540780932,1302659589.0,47441143,47441300
47441300,41.8671081231,-87.6543960538,1302659592.0,47441210,47441385
47441385,41.8671007685,-87.6547200771,1302659595.0,47441300,47441471
47441471,41.8670917394,-87.6550561497,1302659598.0,47441385,47441552
47441552,41.8670868056,-87.6553901333,1302659601.0,47441471,47441628
47441628,41.8670819461,-87.6557080849,1302659604.0,47441552,47441722
47441722,41.8670779819,-87.6560060305,1302659607.0,47441628,47441808
47441808,41.867076314,-87.6562590212,1302659610.0,47441722,47442089
47442089,41.8670720192,-87.6565170169,1302659620.0,47441808,47442377
47442377,41.8672112095,-87.6566739769,1302659629.0,47442089,47442476
47442476,41.8674290908,-87.656688777,1302659633.0,47442377,47442568
47442568,41.8676230399,-87.6567012607,1302659636.0,47442476,47442664
47442664,41.867828006,-87.6567114679,1302659639.0,47442568,47442759
47442759,41.8680400309,-87.6567189744,1302659642.0,47442664,47442856
47442856,41.868263068,-87.656728765,1302659645.0,47442759,47442944
47442944,41.8684930662,-87.656740511,1302659648.0,47442856,47443028
47443028,41.8687240435,-87.6567481196,1302659651.0,47442944,47443118
47443118,41.8689489705,-87.6567515813,1302659654.0,47443028,47443203
47443203,41.8691609926,-87.6567498887,1302659657.0,47443118,47443306
47443306,41.8693716115,-87.6567541882,1302659660.0,47443203,47443400
47443400,41.8695788904,-87.6567603221,1302659663.0,47443306,47443495
47443495,41.8697975839,-87.6567749249,1302659666.0,47443400,47443597
47443597,41.8700283537,-87.6567877506,1302659669.0,47443495,47443690
47443690,41.8702691753,-87.6567958762,1302659672.0,47443597,47443791
47443791,41.8705211784,-87.6568074634,1302659675.0,47443690,47443898
47443898,41.8707732606,-87.6568142025,1302659678.0,47443791,47443994
47443994,41.8710202609,-87.6568212588,1302659681.0,47443898,47444091
47444091,41.8712622082,-87.6568276919,1302659684.0,47443994,47444193
47444193,41.8714951322,-87.6568278679,1302659687.0,47444091,47444291
47444291,41.8717138988,-87.6568183967,1302659690.0,47444193,47444392
47444392,41.8719178663,-87.6568074845,1302659693.0,47444291,47444531
47444531,41.8721179305,-87.6567936587,1302659697.0,47444392,47444764
47444764,41.8723348999,-87.6567856056,1302659704.0,47444531,47444905
47444905,41.8725617853,-87.6567783925,1302659708.0,47444764,47445010
47445010,41.8727567073,-87.6567721897,1302659711.0,47444905,47445110
47445110,41.8729497201,-87.656757188,1302659714.0,47445010,47445233
47445233,41.8731721076,-87.6567275287,1302659718.0,47445110,47445378
47445378,41.8733769831,-87.6567255704,1302659722.0,47445233,47445524
47445524,41.8736190203,-87.6567313517,1302659726.0,47445378,47445669
47445669,41.8738550536,-87.6567388806,1302659730.0,47445524,47445803
47445803,41.8740610702,-87.6567420508,1302659734.0,47445669,47445980
47445980,41.8742525938,-87.6566440574,1302659739.0,47445803,47446134
47446134,41.8742598798,-87.6563647743,1302659743.0,47445980,47446251
47446251,41.8742600911,-87.6561205997,1302659746.0,47446134,47446359
47446359,41.8742629433,-87.65586153,1302659749.0,47446251,47446461
47446461,41.8742636392,-87.6555905526,1302659752.0,47446359,47446573
47446573,41.874266253,-87.65530963,1302659755.0,47446461,47446670
47446670,41.8742698684,-87.6550256247,1302659758.0,47446573,47446783
47446783,41.8742719269,-87.6547256501,1302659761.0,47446670,47446894
47446894,41.874274826,-87.6544246959,1302659764.0,47446783,47447003
47447003,41.874271659,-87.6541328024,1302659767.0,47446894,47447101
47447101,41.8742730624,-87.6538418866,1302659770.0,47447003,47447218
47447218,41.8742777552,-87.6535579149,1302659773.0,47447101,47447333
47447333,41.8742834924,-87.6532839439,1302659776.0,47447218,47447443
47447443,41.874289212,-87.6530418995,1302659779.0,47447333,47447562
47447562,41.8742939443,-87.652798889,1302659782.0,47447443,47447658
47447658,41.8742976011,-87.6525428904,1302659785.0,47447562,47447757
47447757,41.8743007403,-87.6523008632,1302659788.0,47447658,47447898
47447898,41.874309819,-87.6519866404,1302659792.0,47447757,47448012
47448012,41.8743148953,-87.6517326718,1302659795.0,47447898,47448130
47448130,41.8743217999,-87.6514588283,1302659798.0,47448012,47448248
47448248,41.8743262729,-87.6511768593,1302659801.0,47448130,47448363
47448363,41.8743325611,-87.6508928482,1302659804.0,47448248,47448463
47448463,41.8743361389,-87.6506158794,1302659807.0,47448363,47448567
47448567,41.8743440474,-87.6503548136,1302659810.0,47448463,47448676
47448676,41.8743483337,-87.6500788074,1302659813.0,47448567,47448791
47448791,41.8743538814,-87.6497877414,1302659816.0,47448676,47448915
47448915,41.8743592649,-87.6494929738,1302659819.0,47448791,47448996
47448996,41.8743621127,-87.6491840395,1302659822.0,47448915,47449072
47449072,41.8743726456,-87.6488788284,1302659825.0,47448996,47449173
47449173,41.8743760095,-87.6485810195,1302659828.0,47449072,47449265
47449265,41.8743749828,-87.6482951248,1302659831.0,47449173,47449368
47449368,41.874353172,-87.6480246947,1302659834.0,47449265,47449479
47449479,41.8743294664,-87.6477648435,1302659837.0,47449368,47449613
47449613,41.8743082516,-87.6474790417,1302659841.0,47449479,47449887
47449887,41.8742206879,-87.6472194967,1302659849.0,47449613,47450042
47450042,41.8739850743,-87.6471850313,1302659853.0,47449887,47450155
47450155,41.8737567969,-87.6471824448,1302659856.0,47450042,47450268
47450268,41.8735127781,-87.6471784414,1302659859.0,47450155,47450374
47450374,41.8732698143,-87.6471724518,1302659862.0,47450268,47450476
47450476,41.8730349032,-87.6471661048,1302659865.0,47450374,47450574
47450574,41.8728099479,-87.6471576384,1302659868.0,47450476,47450686
47450686,41.8726010011,-87.6471496005,1302659871.0,47450574,47450794
47450794,41.8724170161,-87.6471456104,1302659874.0,47450686,47450951
47450951,41.8722130372,-87.6471440745,1302659878.0,47450794,None
