43328187,41.8673970156,-87.647023167,1303943518.0,None,43328563
43328563,41.8672467861,-87.6471866081,1303943539.0,43328187,43328642
43328642,41.8672138542,-87.6475220747,1303943543.0,43328563,43328712
43328712,41.8672092554,-87.6478630684,1303943546.0,43328642,43328762
43328762,41.8672043075,-87.6481220885,1303943548.0,43328712,43328815
43328815,41.8671990427,-87.6483761114,1303943550.0,43328762,43328879
43328879,41.8671921831,-87.6486910663,1303943553.0,43328815,43328969
43328969,41.8671883144,-87.6489450157,1303943557.0,43328879,43329382
43329382,41.8671850538,-87.6491900036,1303943574.0,43328969,43329487
43329487,41.867181545,-87.6494659455,1303943578.0,43329382,43329559
43329559,41.8671769754,-87.6497610543,1303943581.0,43329487,43329634
43329634,41.8671680864,-87.6500930361,1303943584.0,43329559,43329715
43329715,41.8671637744,-87.6503640342,1303943587.0,43329634,43329817
43329817,41.8671577297,-87.6506419615,1303943591.0,43329715,43329894
43329894,41.8671564211,-87.6508953982,1303943594.0,43329817,43330007
43330007,41.8671702045,-87.6511713889,1303943598.0,43329894,43330439
43330439,41.8671567759,-87.6514278425,1303943614.0,43330007,43330523
43330523,41.8671524835,-87.6516776128,1303943617.0,43330439,43330599
43330599,41.867146254,-87.6519781196,1303943620.0,43330523,43330682
43330682,41.8671410485,-87.6523361082,1303943624.0,43330599,43330866
43330866,41.8671345675,-87.6525792051,1303943630.0,43330682,43331538
43331538,41.8671258621,-87.6528932416,1303943653.0,43330866,43331630
43331630,41.8671213163,-87.6531782952,1303943656.0,43331538,43331717
43331717,41.8671148193,-87.6535064612,1303943659.0,43331630,43331808
43331808,41.8671064394,-87.6538694911,1303943662.0,43331717,43331868
43331868,41.8671034359,-87.6541273312,1303943664.0,43331808,43331926
43331926,41.8671002445,-87.6543923442,1303943666.0,43331868,43331989
43331989,41.8670935449,-87.6546614934,1303943668.0,43331926,43332055
43332055,41.8670857746,-87.6549334671,1303943670.0,43331989,43332124
43332124,41.8670815638,-87.6552143378,1303943672.0,43332055,43332185
43332185,41.8670782052,-87.6555033179,1303943674.0,43332124,43332250
43332250,41.8670748665,-87.6557932268,1303943676.0,43332185,43332307
43332307,41.867071048,-87.6560842014,1303943678.0,43332250,43332364
43332364,41.8670677657,-87.6563791836,1303943680.0,43332307,43332415
43332415,41.8670637527,-87.6566795364,1303943682.0,43332364,43332479
43332479,41.8670572965,-87.656992218,1303943684.0,43332415,43332546
43332546,41.867050134,-87.657311218,1303943686.0,43332479,43332616
43332616,41.8670450105,-87.6576382755,1303943688.0,43332546,43332690
43332690,41.867038365,-87.657967239,1303943690.0,43332616,43332762
43332762,41.8670332855,-87.6582932404,1303943692.0,43332690,43332835
43332835,41.8670284251,-87.6586112187,1303943694.0,43332762,43332889
43332889,41.8670221547,-87.6589282273,1303943696.0,43332835,43332947
43332947,41.867017268,-87.6592512358,1303943698.0,43332889,43333007
43333007,41.8670105287,-87.6595822428,1303943700.0,43332947,43333072
43333072,41.8670060206,-87.6599072014,1303943702.0,43333007,43333141
43333141,41.8670001592,-87.6602212496,1303943704.0,43333072,43333211
43333211,41.8669929178,-87.6605002591,1303943706.0,43333141,43333315
43333315,41.8669869252,-87.6608442432,1303943709.0,43333211,43333442
43333442,41.8669807961,-87.6611342658,1303943713.0,43333315,43334266
43334266,41.8669816113,-87.6614312599,1303943738.0,43333442,43334392
43334392,41.866977665,-87.6617682354,1303943742.0,43334266,43334496
43334496,41.8669702784,-87.6621102364,1303943745.0,43334392,43334572
43334572,41.8669661383,-87.6623702636,1303943747.0,43334496,43334639
43334639,41.8669627847,-87.6626392622,1303943749.0,43334572,43334707
43334707,41.8669586702,-87.6629182499,1303943751.0,43334639,43334776
43334776,41.8669545237,-87.6632043056,1303943753.0,43334707,43334841
43334841,41.8669487154,-87.6634973075,1303943755.0,43334776,43334906
43334906,41.8669443118,-87.6637912917,1303943757.0,43334841,43334983
43334983,41.8669392954,-87.664074285,1303943759.0,43334906,43335052
43335052,41.8669365396,-87.6643472171,1303943761.0,43334983,43335125
43335125,41.8669340575,-87.664609206,1303943763.0,43335052,43335200
43335200,41.8669316368,-87.6648602308,1303943765.0,43335125,43335308
43335308,41.8669259952,-87.6652092174,1303943768.0,43335200,43335419
43335419,41.8669203352,-87.6654742449,1303943771.0,43335308,43335659
43335659,41.8669177386,-87.6657301802,1303943778.0,43335419,43336408
43336408,41.8669135867,-87.6660250767,1303943799.0,43335659,43336521
43336521,41.8669128233,-87.6663052113,1303943802.0,43336408,43336632
43336632,41.8669175193,-87.6666481046,1303943805.0,43336521,43336708
43336708,41.8669199964,-87.6669040133,1303943807.0,43336632,43336783
43336783,41.8669191144,-87.6671770873,1303943809.0,43336708,43336853
43336853,41.866918918,-87.6674510069,1303943811.0,43336783,43336930
43336930,41.8669205106,-87.6677129072,1303943813.0,43336853,43337007
43337007,41.8669245023,-87.6679608862,1303943815.0,43336930,43337108
43337108,41.8669321588,-87.6683119322,1303943818.0,43337007,43337219
43337219,41.8669369923,-87.6685707397,1303943821.0,43337108,43337978
43337978,41.8669577776,-87.6688156546,1303943842.0,43337219,43338186
43338186,41.8671206491,-87.6689549506,1303943848.0,43337978,43338296
43338296,41.8673011125,-87.6689536297,1303943851.0,43338186,43338341
43338341,41.8675361306,-87.6689543064,1303943854.0,43338296,43338354
43338354,41.867801146,-87.6689618442,1303943857.0,43338341,43338371
43338371,41.8680682007,-87.6689697798,1303943860.0,43338354,43338384
43338384,41.8682481896,-87.6689768926,1303943862.0,43338371,43338406
43338406,41.8685123264,-87.6689872247,1303943865.0,43338384,43338430
43338430,41.8687421992,-87.6689953317,1303943868.0,43338406,43338466
43338466,41.8689682177,-87.6690030147,1303943872.0,43338430,43338595
43338595,41.8691596839,-87.6690243346,1303943884.0,43338466,43338682
43338682,41.8692629957,-87.6692655792,1303943891.0,43338595,43338735
43338735,41.8692482472,-87.6695769578,1303943895.0,43338682,43338791
43338791,41.8692299746,-87.6698947585,1303943899.0,43338735,43338849
43338849,41.8692224904,-87.6701739185,1303943903.0,43338791,43338909
43338909,41.8692307976,-87.6704710105,1303943907.0,43338849,43338972
43338972,41.8692394467,-87.6707540533,1303943911.0,43338909,43339036
43339036,41.8692393776,-87.6710261279,1303943915.0,43338972,43339136
43339136,41.8692425405,-87.6712692167,1303943921.0,43339036,43339241
43339241,41.8692292903,-87.6715386512,1303943927.0,43339136,43339368
43339368,41.8693050605,-87.6717754507,1303943934.0,43339241,43339406
43339406,41.8692866866,-87.6720318532,1303943936.0,43339368,43339444
43339444,41.8692778088,-87.6722940619,1303943938.0,43339406,43339483
43339483,41.8692670585,-87.6725660643,1303943940.0,43339444,43339519
43339519,41.8692571598,-87.6728230646,1303943942.0,43339483,43339560
43339560,41.8692462503,-87.6731593146,1303943945.0,43339519,43339686
43339686,41.8692371802,-87.6734160106,1303943951.0,43339560,43339846
43339846,41.8693456086,-87.6736510492,1303943960.0,43339686,43339925
43339925,41.8695669598,-87.673673748,1303943964.0,43339846,43339986
43339986,41.8697869395,-87.6736805772,1303943967.0,43339925,43340056
43340056,41.8700369522,-87.6736902381,1303943970.0,43339986,43340098
43340098,41.870296976,-87.6736960396,1303943973.0,43340056,43340138
43340138,41.8705429776,-87.6736883882,1303943976.0,43340098,43340179
43340179,41.8707699985,-87.6736980319,1303943979.0,43340138,43340238
43340238,41.8709839962,-87.673713765,1303943982.0,43340179,43340297
43340297,41.8711711086,-87.6737257627,1303943985.0,43340238,43340461
43340461,41.8713463388,-87.673779692,1303943992.0,43340297,43340713
43340713,41.8715056526,-87.6736512536,1303944003.0,43340461,43340851
43340851,41.8715067495,-87.6734085983,1303944009.0,43340713,43341450
43341450,41.8715207465,-87.6731521587,1303944034.0,43340851,43341533
43341533,41.8715259383,-87.6728769928,1303944037.0,43341450,43341602
43341602,41.871532462,-87.6725250516,1303944040.0,43341533,43341655
43341655,41.8715420905,-87.6722569172,1303944042.0,43341602,43341712
43341712,41.8715519463,-87.6719669682,1303944044.0,43341655,43341763
43341763,41.8715614365,-87.671652671,1303944046.0,43341712,43341814
43341814,41.8715639359,-87.6713537345,1303944048.0,43341763,43341868
43341868,41.8715654615,-87.6710618126,1303944050.0,43341814,43341905
43341905,41.8715636859,-87.670656948,1303944053.0,43341868,43341957
43341957,41.8715621351,-87.6704079064,1303944055.0,43341905,43342048
43342048,41.8715768261,-87.6700694934,1303944058.0,43341957,43342132
43342132,41.8715824829,-87.6697829917,1303944061.0,43342048,43342271
43342271,41.8715785807,-87.6695226331,1303944066.0,43342132,43342434
43342434,41.8716030991,-87.6692806493,1303944072.0,43342271,43342614
43342614,41.8714311323,-87.6690962828,1303944078.0,43342434,43342705
43342705,41.871245623,-87.6690522459,1303944081.0,43342614,43342790
43342790,41.870988687,-87.669036197,1303944084.0,43342705,43342847
43342847,41.8707928371,-87.6690299451,1303944086.0,43342790,43342904
43342904,41.8705979352,-87.6690211544,1303944088.0,43342847,43342962
43342962,41.8704108968,-87.6690109526,1303944090.0,43342904,43343051
43343051,41.8701508068,-87.6690003978,1303944093.0,43342962,43343128
43343128,41.8699098047,-87.6689903243,1303944096.0,43343051,43343225
43343225,41.8696938095,-87.6689824286,1303944099.0,43343128,43343354
43343354,41.8695026737,-87.6689780737,1303944103.0,43343225,43343537
43343537,41.8693125402,-87.6689729092,1303944109.0,43343354,43343649
43343649,41.8690966221,-87.6689684292,1303944113.0,43343537,43343747
43343747,41.8688618509,-87.6689554034,1303944116.0,43343649,43343810
43343810,41.8686808882,-87.6689460113,1303944118.0,43343747,43343873
43343873,41.8684859552,-87.668940836,1303944120.0,43343810,43343942
43343942,41.8682929626,-87.6689356518,1303944122.0,43343873,43344007
43344007,41.8681069405,-87.6689285789,1303944124.0,43343942,43344060
43344060,41.867918929,-87.6689255277,1303944126.0,43344007,43344118
43344118,41.8677319116,-87.6689265076,1303944128.0,43344060,43344165
43344165,41.867530885,-87.6689262633,1303944130.0,43344118,43344234
43344234,41.8673268841,-87.6689208025,1303944132.0,43344165,43344304
43344304,41.8671334588,-87.6689222688,1303944134.0,43344234,43344404
43344404,41.8669021942,-87.6689000227,1303944137.0,43344304,43344538
43344538,41.8667996252,-87.6686747532,1303944141.0,43344404,43344615
43344615,41.8668027218,-87.6684129657,1303944144.0,43344538,43344711
43344711,41.8668018184,-87.6680890283,1303944147.0,43344615,43344810
43344810,41.8668052137,-87.6677549665,1303944150.0,43344711,43344911
43344911,41.8668099047,-87.6674429571,1303944153.0,43344810,43345012
43345012,41.8668134414,-87.6671659658,1303944156.0,43344911,43345178
43345178,41.8668196973,-87.6669019517,1303944161.0,43345012,None
