112814814,41.863903054,-87.6469680458,1303838452.0,None,112814960
112814960,41.8637170456,-87.6469536454,1303838472.0,112814814,112815005
112815005,41.8634950129,-87.6469813288,1303838476.0,112814960,112815043
112815043,41.8632620454,-87.6469705825,1303838479.0,112815005,112815080
112815080,41.8630460304,-87.6469615641,1303838482.0,112815043,112815134
112815134,41.8628359849,-87.6469688665,1303838486.0,112815080,112815436
112815436,41.8626468823,-87.6469386246,1303838506.0,112815134,112815820
112815820,41.8624643403,-87.6469160997,1303838528.0,112815436,112816013
112816013,41.8623361327,-87.6471000095,1303838538.0,112815820,112816092
112816092,41.8623782201,-87.6473580294,1303838542.0,112816013,112816153
112816153,41.862442846,-87.647611058,1303838545.0,112816092,112816218
112816218,41.8624858217,-87.6479189008,1303838548.0,112816153,112816258
112816258,41.8624859197,-87.6481659502,1303838550.0,112816218,112816321
112816321,41.8624768876,-87.6484969343,1303838553.0,112816258,112816408
112816408,41.8624769034,-87.6487869451,1303838557.0,112816321,112816467
112816467,41.8624943961,-87.6490349498,1303838560.0,112816408,112816531
112816531,41.8625460261,-87.6493329651,1303838563.0,112816467,112816574
112816574,41.8625561192,-87.6495830197,1303838565.0,112816531,112816617
112816617,41.8625319193,-87.6498749591,1303838567.0,112816574,112816664
112816664,41.8625229275,-87.6501270044,1303838569.0,112816617,112816732
112816732,41.862500812,-87.6504440911,1303838572.0,112816664,112816826
112816826,41.8624679736,-87.6507198991,1303838576.0,112816732,112816960
112816960,41.8626591116,-87.6508874628,1303838582.0,112816826,112817032
112817032,41.8629110714,-87.6509046222,1303838585.0,112816960,112817081
112817081,41.8630951147,-87.6509115082,1303838587.0,112817032,112817152
112817152,41.8633379865,-87.6509161839,1303838590.0,112817081,112817245
112817245,41.8635384279,-87.650935138,1303838594.0,112817152,112817348
112817348,41.8637542164,-87.6509818996,1303838598.0,112817245,112817421
112817421,41.8639781836,-87.6510284428,1303838601.0,112817348,112817493
112817493,41.8642170488,-87.6510819032,1303838604.0,112817421,112817563
112817563,41.8644360613,-87.6510813677,1303838607.0,112817493,112817714
112817714,41.8646290706,-87.651110226,1303838613.0,112817563,112817819
112817819,41.8648400112,-87.6511569495,1303838617.0,112817714,112817894
112817894,41.8651090135,-87.651177251,1303838620.0,112817819,112817946
112817946,41.8653150087,-87.6511914045,1303838622.0,112817894,112818000
112818000,41.8655270064,-87.6512085664,1303838624.0,112817946,112818048
112818048,41.8657380052,-87.6512186123,1303838626.0,112818000,112818098
112818098,41.8659490058,-87.6512205557,1303838628.0,112818048,112818153
112818153,41.866157007,-87.6512235272,1303838630.0,112818098,112818210
112818210,41.8663600104,-87.6512325542,1303838632.0,112818153,112818262
112818262,41.8665490265,-87.6512445877,1303838634.0,112818210,112818346
112818346,41.8667529874,-87.6512878316,1303838637.0,112818262,112818450
112818450,41.8669220634,-87.6515039967,1303838641.0,112818346,112818527
112818527,41.8669804402,-87.6517960558,1303838644.0,112818450,112818581
112818581,41.8669902208,-87.65204907,1303838646.0,112818527,112818638
112818638,41.8669798585,-87.652319071,1303838648.0,112818581,112818702
112818702,41.8669643312,-87.6525740677,1303838650.0,112818638,112818790
112818790,41.8669225422,-87.6528409885,1303838653.0,112818702,112818932
112818932,41.8669276983,-87.6530880133,1303838658.0,112818790,112819354
112819354,41.867078254,-87.6532775157,1303838674.0,112818932,112819468
112819468,41.8671142787,-87.6535254627,1303838678.0,112819354,112819560
112819560,41.8671268709,-87.6537887669,1303838681.0,112819468,112819654
112819654,41.8671293374,-87.6541466231,1303838684.0,112819560,112819717
112819717,41.8671306232,-87.6544064895,1303838686.0,112819654,112819779
112819779,41.8671242666,-87.6546743528,1303838688.0,112819717,112819839
112819839,41.8671118333,-87.654924475,1303838690.0,112819779,112819929
112819929,41.8670985167,-87.6552498291,1303838693.0,112819839,112820017
112820017,41.8670934362,-87.6555508351,1303838696.0,112819929,112820112
112820112,41.8670944514,-87.6558146774,1303838699.0,112820017,112820238
112820238,41.8670784838,-87.656129023,1303838703.0,112820112,112820362
112820362,41.8670770459,-87.6564002381,1303838707.0,112820238,112820513
112820513,41.8671211995,-87.6566402936,1303838712.0,112820362,112820682
112820682,41.8673023817,-87.6566940835,1303838717.0,112820513,112820786
112820786,41.8675133641,-87.6567149343,1303838720.0,112820682,112820876
112820876,41.8677892084,-87.6567387511,1303838723.0,112820786,112820928
112820928,41.8679861953,-87.6567500038,1303838725.0,112820876,112820985
112820985,41.8681792419,-87.6567596263,1303838727.0,112820928,112820990
112820990,41.8683652426,-87.6567629409,1303838729.0,112820985,112821003
112821003,41.8686121171,-87.656754769,1303838732.0,112820990,112821020
112821020,41.8687969701,-87.6567376417,1303838735.0,112821003,112821118
112821118,41.86899594,-87.6567842327,1303838748.0,112821020,112821158
112821158,41.8692009915,-87.6568326184,1303838752.0,112821118,112821190
112821190,41.8694126667,-87.6568150047,1303838755.0,112821158,112821225
112821225,41.869649481,-87.6568007734,1303838758.0,112821190,112821260
112821260,41.8699046234,-87.6568150152,1303838761.0,112821225,112821285
112821285,41.8700873884,-87.6568308895,1303838763.0,112821260,112821311
112821311,41.8702872305,-87.6568408808,1303838765.0,112821285,112821336
112821336,41.8705012217,-87.6568352913,1303838767.0,112821311,112821363
112821363,41.8707152924,-87.6568455533,1303838769.0,112821336,112821391
112821391,41.8709283308,-87.6568454174,1303838771.0,112821363,112821418
112821418,41.8711382997,-87.6568444686,1303838773.0,112821391,112821446
112821446,41.871344296,-87.6568488172,1303838775.0,112821418,112821476
112821476,41.8715281282,-87.6568526462,1303838777.0,112821446,112821520
112821520,41.8717417951,-87.6568351298,1303838780.0,112821476,112821592
112821592,41.8719225683,-87.6568432733,1303838785.0,112821520,112821719
112821719,41.8721007392,-87.6569187479,1303838793.0,112821592,112821789
112821789,41.8722957802,-87.6569098698,1303838797.0,112821719,112821839
112821839,41.8725207425,-87.6568864578,1303838800.0,112821789,112821893
112821893,41.8727766391,-87.6568625259,1303838803.0,112821839,112821930
112821930,41.8729673911,-87.6568350793,1303838805.0,112821893,112821966
112821966,41.8731665488,-87.6568084304,1303838807.0,112821930,112822001
112822001,41.8733659114,-87.6567862304,1303838809.0,112821966,112822037
112822037,41.8735551039,-87.6567821179,1303838811.0,112822001,112822093
112822093,41.8738021249,-87.6567736888,1303838814.0,112822037,112822190
112822190,41.8739996838,-87.6567819815,1303838819.0,112822093,112822322
112822322,41.8741401128,-87.6565884155,1303838826.0,112822190,112822384
112822384,41.8741570024,-87.6562711913,1303838829.0,112822322,112822422
112822422,41.874169533,-87.6560163198,1303838831.0,112822384,112822462
112822462,41.8741772549,-87.6557584754,1303838833.0,112822422,112822506
112822506,41.8741755034,-87.6554903749,1303838835.0,112822462,112822550
112822550,41.8741759306,-87.6552233564,1303838837.0,112822506,112822585
112822585,41.8741751816,-87.6549723532,1303838839.0,112822550,112822623
112822623,41.8741778659,-87.654727308,1303838841.0,112822585,112822687
112822687,41.8741793911,-87.6543982822,1303838844.0,112822623,112822753
112822753,41.8741823598,-87.6540942919,1303838847.0,112822687,112822820
112822820,41.8741839247,-87.6537993149,1303838850.0,112822753,112822887
112822887,41.8741888884,-87.6535193015,1303838853.0,112822820,112822958
112822958,41.8741949454,-87.6532413064,1303838856.0,112822887,112823024
112823024,41.8741918401,-87.6529551804,1303838859.0,112822958,112823083
112823083,41.8741868712,-87.652692097,1303838862.0,112823024,112823124
112823124,41.8741773953,-87.6524260464,1303838866.0,112823083,None
