73611380,41.8714417725,-87.6733664175,1303150232.0,None,73611676
73611676,41.8714532747,-87.6730623757,1303150240.0,73611380,73611783
73611783,41.8714473778,-87.6728113759,1303150243.0,73611676,73611891
73611891,41.8714545214,-87.6725242818,1303150246.0,73611783,73611998
73611998,41.8714522422,-87.6722411487,1303150249.0,73611891,73612112
73612112,41.8714645587,-87.6719908517,1303150252.0,73611998,73612328
73612328,41.871448822,-87.6717342194,1303150258.0,73612112,73612558
73612558,41.8714517321,-87.67143925,1303150264.0,73612328,73612659
73612659,41.8714485523,-87.6711653874,1303150267.0,73612558,73612772
73612772,41.8714371304,-87.6708541789,1303150270.0,73612659,73612887
73612887,41.8714422262,-87.6705430805,1303150273.0,73612772,73612985
73612985,41.8714509519,-87.6702960589,1303150276.0,73612887,73613213
73613213,41.8714561105,-87.6700422934,1303150282.0,73612985,73613823
73613823,41.8714951441,-87.6697608919,1303150299.0,73613213,73614006
73614006,41.8715138648,-87.6694850497,1303150304.0,73613823,73614281
73614281,41.8715166607,-87.6692201851,1303150312.0,73614006,73615074
73615074,41.8713986357,-87.6690339892,1303150336.0,73614281,73615247
73615247,41.8711935408,-87.6690399092,1303150341.0,73615074,73615354
73615354,41.8710026909,-87.6690374452,1303150344.0,73615247,73615449
73615449,41.8707818749,-87.6690318548,1303150347.0,73615354,73615538
73615538,41.8705560628,-87.669032921,1303150350.0,73615449,73615638
73615638,41.8703099931,-87.669034778,1303150353.0,73615538,73615704
73615704,41.8700539991,-87.6690349616,1303150356.0,73615638,73615815
73615815,41.8698079559,-87.669028944,1303150359.0,73615704,73615921
73615921,41.8695899649,-87.6690222428,1303150362.0,73615815,73616062
73616062,41.8694034225,-87.6690358506,1303150366.0,73615921,73616848
73616848,41.8692009263,-87.6691187276,1303150389.0,73616062,73616947
73616947,41.8690176247,-87.6691096774,1303150392.0,73616848,73617062
73617062,41.8687720209,-87.6690900292,1303150395.0,73616947,73617139
73617139,41.8685708867,-87.6690959888,1303150397.0,73617062,73617215
73617215,41.8683519158,-87.6690999087,1303150399.0,73617139,73617284
73617284,41.8681239197,-87.6691004469,1303150401.0,73617215,73617351
73617351,41.8678879434,-87.669108848,1303150403.0,73617284,73617413
73617413,41.8676579893,-87.6691134258,1303150405.0,73617351,73617481
73617481,41.8674499829,-87.6691172465,1303150407.0,73617413,73617579
73617579,41.8672230572,-87.6691295135,1303150410.0,73617481,73618566
73618566,41.867024013,-87.669135784,1303150438.0,73617579,73618743
73618743,41.8668364472,-87.6690897257,1303150443.0,73618566,73618888
73618888,41.8667668386,-87.6688390922,1303150447.0,73618743,73618998
73618998,41.8667857715,-87.6684949836,1303150450.0,73618888,73619072
73619072,41.8667929364,-87.6682409961,1303150452.0,73618998,73619139
73619139,41.8667929057,-87.6679749953,1303150454.0,73619072,73619204
73619204,41.8667945798,-87.6677210008,1303150456.0,73619139,73619306
73619306,41.8668005443,-87.6673740201,1303150459.0,73619204,73619413
73619413,41.8668005935,-87.6670360237,1303150462.0,73619306,73619518
73619518,41.8667996073,-87.6666940412,1303150465.0,73619413,73619618
73619618,41.8667986233,-87.6663302966,1303150468.0,73619518,73619692
73619692,41.8667994816,-87.6660650734,1303150470.0,73619618,73619765
73619765,41.8668040691,-87.6657840733,1303150472.0,73619692,73619838
73619838,41.8668102978,-87.6654960511,1303150474.0,73619765,73619896
73619896,41.8668160351,-87.6652030089,1303150476.0,73619838,73619960
73619960,41.8668210092,-87.6649009982,1303150478.0,73619896,73620019
73620019,41.8668280703,-87.6645889445,1303150480.0,73619960,73620093
73620093,41.8668314247,-87.6642659496,1303150482.0,73620019,73620166
73620166,41.8668366189,-87.6639349614,1303150484.0,73620093,73620240
73620240,41.866843405,-87.663595954,1303150486.0,73620166,73620307
73620307,41.8668494716,-87.6632529579,1303150488.0,73620240,73620378
73620378,41.866855386,-87.6629089578,1303150490.0,73620307,73620450
73620450,41.8668589971,-87.6625679802,1303150492.0,73620378,73620519
73620519,41.8668593875,-87.6622370023,1303150494.0,73620450,73620585
73620585,41.8668618079,-87.6619140407,1303150496.0,73620519,73620655
73620655,41.8668654272,-87.6615921362,1303150498.0,73620585,73620728
73620728,41.8668706242,-87.6612650494,1303150500.0,73620655,73620799
73620799,41.8668747581,-87.6609290698,1303150502.0,73620728,73620870
73620870,41.866879823,-87.6605830235,1303150504.0,73620799,73620936
73620936,41.8668843125,-87.6602370521,1303150506.0,73620870,73621003
73621003,41.8668870636,-87.65989307,1303150508.0,73620936,73621075
73621075,41.8668888693,-87.6595541095,1303150510.0,73621003,73621144
73621144,41.8668911546,-87.6592150975,1303150512.0,73621075,73621207
73621207,41.8668943614,-87.6588741019,1303150514.0,73621144,73621281
73621281,41.8669001752,-87.6585411196,1303150516.0,73621207,73621355
73621355,41.866905943,-87.6582391145,1303150518.0,73621281,73621423
73621423,41.8669108482,-87.6579581039,1303150520.0,73621355,73621493
73621493,41.8669149265,-87.6576761575,1303150522.0,73621423,73621564
73621564,41.8669180497,-87.6573891445,1303150524.0,73621493,73621631
73621631,41.8669231136,-87.6570861335,1303150526.0,73621564,73621699
73621699,41.8669270749,-87.656768124,1303150528.0,73621631,73621769
73621769,41.866928874,-87.6564401899,1303150530.0,73621699,73621831
73621831,41.866933577,-87.6560939844,1303150532.0,73621769,73621901
73621901,41.8669414937,-87.655739992,1303150534.0,73621831,73621976
73621976,41.8669439963,-87.6553890406,1303150536.0,73621901,73622035
73622035,41.8669480174,-87.6550540552,1303150538.0,73621976,73622105
73622105,41.866954921,-87.6547570019,1303150540.0,73622035,73622183
73622183,41.8669627816,-87.6545030674,1303150542.0,73622105,73622293
73622293,41.8669712347,-87.6542150356,1303150545.0,73622183,73622460
73622460,41.8669661823,-87.6539071462,1303150550.0,73622293,73622564
73622564,41.866965269,-87.653633167,1303150553.0,73622460,73622663
73622663,41.8669680162,-87.6532861556,1303150556.0,73622564,73622730
73622730,41.8669723049,-87.6530330508,1303150558.0,73622663,73622800
73622800,41.8669773192,-87.6527720504,1303150560.0,73622730,73622873
73622873,41.8669794534,-87.6525170643,1303150562.0,73622800,73622946
73622946,41.8669844059,-87.652274068,1303150564.0,73622873,73623051
73623051,41.8669943053,-87.6519760574,1303150567.0,73622946,73623194
73623194,41.8670048253,-87.6516964787,1303150571.0,73623051,73623367
73623367,41.8670343886,-87.6514029218,1303150576.0,73623194,73623787
73623787,41.86703543,-87.6511588554,1303150588.0,73623367,73623944
73623944,41.8671476261,-87.650968026,1303150593.0,73623787,73624069
73624069,41.867391933,-87.6509452738,1303150597.0,73623944,73624177
73624177,41.8676378057,-87.6509667095,1303150600.0,73624069,73624252
73624252,41.8678257803,-87.650984794,1303150602.0,73624177,73624328
73624328,41.868024833,-87.6509970175,1303150604.0,73624252,73624401
73624401,41.86823284,-87.6510067847,1303150606.0,73624328,73624468
73624468,41.8684408512,-87.6510161066,1303150608.0,73624401,73624537
73624537,41.8686478811,-87.6510275329,1303150610.0,73624468,73624606
73624606,41.8688529018,-87.6510411934,1303150612.0,73624537,73624675
73624675,41.869043833,-87.6510570005,1303150614.0,73624606,73624777
73624777,41.8692528655,-87.6510840498,1303150617.0,73624675,None
