96542196,41.8743177661,-87.6569682065,1303495973.0,None,96542418
96542418,41.8743200526,-87.6572941904,1303495980.0,96542196,96543129
96543129,41.874338466,-87.6575361551,1303496000.0,96542418,96543316
96543316,41.8743181774,-87.6578742252,1303496005.0,96543129,96543422
96543422,41.8743092766,-87.6582291373,1303496008.0,96543316,96543495
96543495,41.8743048822,-87.6585091207,1303496010.0,96543422,96543538
96543538,41.8743022941,-87.6588140789,1303496012.0,96543495,96543618
96543618,41.8742972714,-87.6591270756,1303496014.0,96543538,96543649
96543649,41.874292295,-87.6594500632,1303496016.0,96543618,96543721
96543721,41.8742889568,-87.6597750674,1303496018.0,96543649,96543798
96543798,41.8742823804,-87.6600990848,1303496020.0,96543721,96543869
96543869,41.8742774915,-87.6604180847,1303496022.0,96543798,96543936
96543936,41.8742717541,-87.6607321116,1303496024.0,96543869,96544003
96544003,41.8742650601,-87.6610421305,1303496026.0,96543936,96544068
96544068,41.8742583169,-87.6613381535,1303496028.0,96544003,96544132
96544132,41.8742540214,-87.6616261196,1303496030.0,96544068,96544199
96544199,41.874249814,-87.6619150779,1303496032.0,96544132,96544267
96544267,41.8742405994,-87.6622211491,1303496034.0,96544199,96544339
96544339,41.8742346464,-87.6625391387,1303496036.0,96544267,96544409
96544409,41.8742303577,-87.6628640974,1303496038.0,96544339,96544475
96544475,41.8742282387,-87.6631969583,1303496040.0,96544409,96544549
96544549,41.8742294537,-87.6635358275,1303496042.0,96544475,96544629
96544629,41.8742360753,-87.6638747761,1303496044.0,96544549,96544698
96544698,41.8742437383,-87.6642117601,1303496046.0,96544629,96544771
96544771,41.8742480989,-87.664547742,1303496048.0,96544698,96544837
96544837,41.8742549583,-87.6648817699,1303496050.0,96544771,96544908
96544908,41.8742588718,-87.6652228935,1303496052.0,96544837,96544982
96544982,41.8742576429,-87.665558981,1303496054.0,96544908,96545053
96545053,41.8742514502,-87.6658660434,1303496056.0,96544982,96545119
96545119,41.874246281,-87.666109118,1303496058.0,96545053,96545267
96545267,41.8742406444,-87.6664024913,1303496062.0,96545119,96545417
96545417,41.8742305683,-87.6666632622,1303496066.0,96545267,96545561
96545561,41.8742370377,-87.6669828702,1303496070.0,96545417,96545663
96545663,41.8742322868,-87.6672437312,1303496073.0,96545561,96545757
96545757,41.8742264535,-87.6675366421,1303496076.0,96545663,96545864
96545864,41.8742133556,-87.6678967854,1303496079.0,96545757,96545939
96545939,41.8742074886,-87.6681498564,1303496081.0,96545864,96546005
96546005,41.8742084136,-87.6684169286,1303496083.0,96545939,96546077
96546077,41.8742037449,-87.6686753277,1303496085.0,96546005,96546183
96546183,41.8742097353,-87.6690157023,1303496088.0,96546077,96546398
96546398,41.8740316505,-87.669117415,1303496097.0,96546183,96546412
96546412,41.873797867,-87.669087179,1303496100.0,96546398,96546430
96546430,41.8735409655,-87.6690694386,1303496103.0,96546412,96546451
96546451,41.8733238077,-87.669036569,1303496106.0,96546430,96546492
96546492,41.8731217957,-87.6690616102,1303496111.0,96546451,96546529
96546529,41.8729415803,-87.6690362056,1303496115.0,96546492,96546549
96546549,41.8728319073,-87.6688177675,1303496117.0,96546529,96546569
96546569,41.8727240494,-87.6686078671,1303496119.0,96546549,96546602
96546602,41.8725029937,-87.6684600389,1303496122.0,96546569,96546624
96546624,41.8723229173,-87.6684722143,1303496124.0,96546602,96546660
96546660,41.8721059854,-87.6685180653,1303496127.0,96546624,96546709
96546709,41.8719390494,-87.6686364813,1303496131.0,96546660,96546844
96546844,41.8717620773,-87.6687940606,1303496141.0,96546709,96546902
96546902,41.8715449186,-87.6688680581,1303496145.0,96546844,96546946
96546946,41.8712969973,-87.6688836507,1303496148.0,96546902,96546977
96546977,41.8710968298,-87.6689026564,1303496150.0,96546946,96547009
96547009,41.8708796837,-87.668914182,1303496152.0,96546977,96547039
96547039,41.8706765318,-87.6689530171,1303496154.0,96547009,96547070
96547070,41.8704646572,-87.6689622305,1303496156.0,96547039,96547103
96547103,41.87025677,-87.6689646745,1303496158.0,96547070,96547137
96547137,41.8700637201,-87.6689664356,1303496160.0,96547103,96547187
96547187,41.8698247477,-87.6689811987,1303496163.0,96547137,96547239
96547239,41.869630839,-87.6689932406,1303496166.0,96547187,96547311
96547311,41.8694405704,-87.668997482,1303496170.0,96547239,96547627
96547627,41.8692600868,-87.669058243,1303496187.0,96547311,96547724
96547724,41.869242694,-87.669329666,1303496192.0,96547627,96547803
96547803,41.8692214267,-87.6695820659,1303496196.0,96547724,96547864
96547864,41.8692152295,-87.6698271909,1303496199.0,96547803,96547922
96547922,41.8692141764,-87.6700978823,1303496202.0,96547864,96547985
96547985,41.8692177365,-87.6703720601,1303496205.0,96547922,96548050
96548050,41.8692270419,-87.6706439247,1303496208.0,96547985,96548130
96548130,41.8692315908,-87.6709109376,1303496212.0,96548050,96548188
96548188,41.869245513,-87.6711671709,1303496216.0,96548130,96548329
96548329,41.8692423113,-87.6714243356,1303496225.0,96548188,96548413
96548413,41.8691785249,-87.6716805308,1303496229.0,96548329,96548480
96548480,41.8691925353,-87.6719760353,1303496232.0,96548413,96548526
96548526,41.869193114,-87.6722840785,1303496234.0,96548480,96548572
96548572,41.8691787715,-87.6725931897,1303496236.0,96548526,96548618
96548618,41.8691665219,-87.6728752487,1303496238.0,96548572,96548686
96548686,41.8691697705,-87.6732432349,1303496241.0,96548618,96548782
96548782,41.869200552,-87.6734943646,1303496245.0,96548686,96549383
96549383,41.8692102366,-87.6737405539,1303496270.0,96548782,96549509
96549509,41.8691797876,-87.6740281729,1303496275.0,96549383,96549584
96549584,41.8691806024,-87.6743231241,1303496278.0,96549509,96549665
96549665,41.8691773207,-87.6746671628,1303496281.0,96549584,96549743
96549743,41.8691699355,-87.6750211359,1303496284.0,96549665,96549818
96549818,41.8691688557,-87.6753671231,1303496287.0,96549743,96549896
96549896,41.8691743694,-87.6756564086,1303496290.0,96549818,96550003
96550003,41.8691811815,-87.6759155057,1303496294.0,96549896,96550715
96550715,41.8692194195,-87.6761642441,1303496320.0,96550003,96550859
96550859,41.8694209918,-87.6762109943,1303496325.0,96550715,96550945
96550945,41.8696549899,-87.6762014769,1303496328.0,96550859,96550997
96550997,41.8698450321,-87.6761989306,1303496330.0,96550945,96551052
96551052,41.8700510571,-87.6761987501,1303496332.0,96550997,96551111
96551111,41.8702740283,-87.6762021987,1303496334.0,96551052,96551176
96551176,41.8705050279,-87.6762117811,1303496336.0,96551111,96551229
96551229,41.8707309503,-87.6762180132,1303496338.0,96551176,96551293
96551293,41.8709219757,-87.6762140891,1303496340.0,96551229,96551383
96551383,41.871163983,-87.6762119607,1303496343.0,96551293,96551495
96551495,41.8713813534,-87.6762078174,1303496347.0,96551383,96551677
96551677,41.8714560959,-87.6759536603,1303496353.0,96551495,96551765
96551765,41.8714479982,-87.6757038842,1303496356.0,96551677,96551859
96551859,41.8714513013,-87.6754539754,1303496359.0,96551765,96551980
96551980,41.8714560594,-87.675189308,1303496364.0,96551859,None
