15293990,41.865552915,-87.6467402217,1302541177.0,None,15294054
15294054,41.8653679962,-87.6466788308,1302541181.0,15293990,15294084
15294084,41.865162998,-87.6466244648,1302541184.0,15294054,15294139
15294139,41.8649589845,-87.6466184527,1302541187.0,15294084,15294199
15294199,41.8647540214,-87.6465913554,1302541191.0,15294139,15294254
15294254,41.8645660031,-87.6465170972,1302541194.0,15294199,15294306
15294306,41.8642859985,-87.6464890147,1302541197.0,15294254,15294339
15294339,41.8640610062,-87.6464810069,1302541199.0,15294306,15294376
15294376,41.8638279994,-87.6464790104,1302541201.0,15294339,15294415
15294415,41.8635859986,-87.6464830302,1302541203.0,15294376,15294449
15294449,41.863343997,-87.6464880656,1302541205.0,15294415,15294485
15294485,41.8631089959,-87.646507154,1302541207.0,15294449,15294522
15294522,41.8629049795,-87.6465314068,1302541209.0,15294485,15294583
15294583,41.8626799853,-87.6465678586,1302541212.0,15294522,15294779
15294779,41.8625021319,-87.6466572985,1302541222.0,15294583,15294856
15294856,41.8624447661,-87.6469672477,1302541226.0,15294779,15294917
15294917,41.8624053497,-87.6473081618,1302541229.0,15294856,15294960
15294960,41.8623775428,-87.6475719666,1302541231.0,15294917,15295006
15295006,41.8623500046,-87.6478380431,1302541233.0,15294960,15295046
15295046,41.8623208072,-87.6480861456,1302541235.0,15295006,15295096
15295096,41.8622862474,-87.6483381304,1302541238.0,15295046,15295164
15295164,41.8622669328,-87.6485881001,1302541241.0,15295096,15295233
15295233,41.8622363058,-87.6488550351,1302541244.0,15295164,15295387
15295387,41.862139161,-87.6490630185,1302541251.0,15295233,15295503
15295503,41.8621161293,-87.6493420327,1302541256.0,15295387,15295555
15295555,41.8621150752,-87.6497060143,1302541259.0,15295503,15295598
15295598,41.8621100987,-87.6499830057,1302541261.0,15295555,15295639
15295639,41.8620990747,-87.6503059984,1302541264.0,15295598,15295744
15295744,41.8620890069,-87.6505560222,1302541271.0,15295639,15295930
15295930,41.8622341027,-87.6507228178,1302541279.0,15295744,15296031
15296031,41.8624580616,-87.650739948,1302541283.0,15295930,15296095
15296095,41.8627239066,-87.6507602964,1302541286.0,15296031,15296142
15296142,41.8629049557,-87.650780063,1302541288.0,15296095,15296220
15296220,41.8631358247,-87.6507979902,1302541291.0,15296142,15296291
15296291,41.8633268767,-87.6508221473,1302541294.0,15296220,15296362
15296362,41.8635462111,-87.6508352843,1302541297.0,15296291,15296435
15296435,41.8638188936,-87.6508491535,1302541300.0,15296362,15296487
15296487,41.8640208817,-87.650858427,1302541302.0,15296435,15296538
15296538,41.8642139303,-87.650857118,1302541304.0,15296487,15296609
15296609,41.8644619724,-87.6508503439,1302541307.0,15296538,15296720
15296720,41.8647038499,-87.6508924278,1302541311.0,15296609,15296796
15296796,41.8649309185,-87.6509105335,1302541314.0,15296720,15296849
15296849,41.865115877,-87.650917403,1302541316.0,15296796,15296903
15296903,41.8653208876,-87.650925535,1302541318.0,15296849,15296956
15296956,41.8655308903,-87.6509334024,1302541320.0,15296903,15297011
15297011,41.8657538906,-87.6509424497,1302541322.0,15296956,15297067
15297067,41.865982871,-87.6509514724,1302541324.0,15297011,15297119
15297119,41.8661998729,-87.650966008,1302541326.0,15297067,15297175
15297175,41.8663878768,-87.6509755537,1302541328.0,15297119,15297262
15297262,41.8666088286,-87.6509902832,1302541331.0,15297175,15297728
15297728,41.8668297246,-87.651012549,1302541348.0,15297262,15297823
15297823,41.8670129735,-87.6511708844,1302541351.0,15297728,15297909
15297909,41.8670510936,-87.6515241656,1302541354.0,15297823,15297960
15297960,41.8670489338,-87.6518242997,1302541356.0,15297909,15298016
15298016,41.8670463064,-87.6521752456,1302541358.0,15297960,15298072
15298072,41.8670376431,-87.6525512522,1302541360.0,15298016,15298132
15298132,41.8670377884,-87.6529422805,1302541362.0,15298072,15298188
15298188,41.8670488256,-87.6533343617,1302541364.0,15298132,15298248
15298248,41.8670483791,-87.6537124822,1302541366.0,15298188,15298310
15298310,41.8670476438,-87.6540863866,1302541368.0,15298248,15298372
15298372,41.8670517455,-87.6544626296,1302541370.0,15298310,15298427
15298427,41.8670529685,-87.65481784,1302541372.0,15298372,15298478
15298478,41.8670447771,-87.6551156113,1302541374.0,15298427,15298575
15298575,41.8670351361,-87.6554504649,1302541377.0,15298478,15298879
15298879,41.8670369147,-87.6557045986,1302541387.0,15298575,15298997
15298997,41.8670411393,-87.6559765698,1302541391.0,15298879,15299095
15299095,41.8670378962,-87.6562943595,1302541394.0,15298997,15299189
15299189,41.8670423444,-87.6565799648,1302541397.0,15299095,15299310
15299310,41.8672412853,-87.6566786904,1302541401.0,15299189,15299408
15299408,41.8674899163,-87.6566808835,1302541404.0,15299310,15299462
15299462,41.8676908388,-87.6566898867,1302541406.0,15299408,15299514
15299514,41.8679068666,-87.6566924622,1302541408.0,15299462,15299583
15299583,41.8681378982,-87.6567038269,1302541410.0,15299514,15299650
15299650,41.8683799037,-87.6567140948,1302541412.0,15299583,15299719
15299719,41.8686349449,-87.656725548,1302541414.0,15299650,15299781
15299781,41.8688960128,-87.6567250162,1302541416.0,15299719,15299846
15299846,41.8691540674,-87.6567262647,1302541418.0,15299781,15299895
15299895,41.8694065822,-87.6567371205,1302541420.0,15299846,15299929
15299929,41.8696559253,-87.6567444457,1302541422.0,15299895,15299989
15299989,41.8699089027,-87.656755696,1302541424.0,15299929,15300055
15300055,41.8701739051,-87.6567588505,1302541426.0,15299989,15300127
15300127,41.8704618888,-87.6567607904,1302541428.0,15300055,15300187
15300187,41.8707528084,-87.6567618671,1302541430.0,15300127,15300257
15300257,41.8710367744,-87.6567677686,1302541432.0,15300187,15300323
15300323,41.8713067887,-87.6567761796,1302541434.0,15300257,15300390
15300390,41.871560974,-87.6567907738,1302541436.0,15300323,15300457
15300457,41.8717890938,-87.6567990143,1302541438.0,15300390,15300516
15300516,41.8719920061,-87.6567965175,1302541440.0,15300457,15300619
15300619,41.8722418697,-87.6567898603,1302541443.0,15300516,15300746
15300746,41.87246673,-87.6567911712,1302541447.0,15300619,15300882
15300882,41.8727086238,-87.6567819902,1302541451.0,15300746,15300979
15300979,41.8729264273,-87.6567725139,1302541454.0,15300882,15301084
15301084,41.8731847119,-87.6567510196,1302541457.0,15300979,15301156
15301156,41.8733709326,-87.6567485928,1302541459.0,15301084,15301223
15301223,41.8735621079,-87.6567631246,1302541461.0,15301156,15301331
15301331,41.8737800545,-87.6567442866,1302541464.0,15301223,15301415
15301415,41.8739009155,-87.6565649994,1302541467.0,15301331,15301521
15301521,41.8739761564,-87.6562640141,1302541470.0,15301415,15301597
15301597,41.8740003263,-87.6560160829,1302541472.0,15301521,15301665
15301665,41.8740476578,-87.6557730713,1302541474.0,15301597,15301733
15301733,41.8740960432,-87.6555110774,1302541476.0,15301665,15301808
15301808,41.8741217536,-87.6552011247,1302541478.0,15301733,15301876
15301876,41.8741377931,-87.6548601452,1302541480.0,15301808,15301947
15301947,41.8741749852,-87.6545052886,1302541482.0,15301876,15302013
15302013,41.8741974957,-87.6541283307,1302541484.0,15301947,15302080
15302080,41.8742159482,-87.6537424509,1302541486.0,15302013,15302154
15302154,41.874220853,-87.653376445,1302541488.0,15302080,15302226
15302226,41.8742290585,-87.6530393534,1302541490.0,15302154,15302303
15302303,41.8742416823,-87.6527292151,1302541492.0,15302226,15302375
15302375,41.8742671226,-87.6524321046,1302541494.0,15302303,15302451
15302451,41.8742766869,-87.6521243971,1302541496.0,15302375,15302522
15302522,41.8742873488,-87.6518054188,1302541498.0,15302451,15302594
15302594,41.8742956787,-87.6514824639,1302541500.0,15302522,15302671
15302671,41.8742970652,-87.6511514832,1302541502.0,15302594,15302744
15302744,41.8742962548,-87.6508244106,1302541504.0,15302671,15302816
15302816,41.8742898913,-87.6505203459,1302541506.0,15302744,15302886
15302886,41.8742867399,-87.6502602738,1302541508.0,15302816,15302999
15302999,41.8742968546,-87.6499094932,1302541511.0,15302886,15303116
15303116,41.8742913552,-87.649582451,1302541514.0,15302999,15303293
15303293,41.8742762412,-87.649339281,1302541519.0,15303116,15303424
15303424,41.8743091683,-87.6490423878,1302541523.0,15303293,15303498
15303498,41.8743257681,-87.6487943541,1302541525.0,15303424,15303577
15303577,41.87433945,-87.6485147441,1302541527.0,15303498,15303649
15303649,41.8743469595,-87.6482477759,1302541529.0,15303577,15303722
15303722,41.8743353483,-87.6479886975,1302541531.0,15303649,15303800
15303800,41.8743033365,-87.6477281811,1302541533.0,15303722,15303874
15303874,41.8742669065,-87.6474837573,1302541535.0,15303800,15303984
15303984,41.8741474966,-87.6472124285,1302541538.0,15303874,15304091
15304091,41.8739357089,-87.6471293108,1302541541.0,15303984,15304163
15304163,41.8737337932,-87.6471334033,1302541543.0,15304091,15304236
15304236,41.873495651,-87.6471505957,1302541545.0,15304163,15304314
15304314,41.8732247294,-87.6471621746,1302541547.0,15304236,15304388
15304388,41.8729359817,-87.6471668492,1302541549.0,15304314,15304465
15304465,41.8726472461,-87.6471778719,1302541551.0,15304388,15304541
15304541,41.872362211,-87.6471739454,1302541553.0,15304465,15304619
15304619,41.8720933101,-87.6471616637,1302541555.0,15304541,15304692
15304692,41.8718412432,-87.6471449698,1302541557.0,15304619,15304760
15304760,41.8715991709,-87.6471311525,1302541559.0,15304692,15304837
15304837,41.8713500974,-87.6471159238,1302541561.0,15304760,15304912
15304912,41.8710920394,-87.6471043069,1302541563.0,15304837,15304980
15304980,41.8708330282,-87.647095757,1302541565.0,15304912,15305052
15305052,41.8705890733,-87.6470915424,1302541567.0,15304980,15305124
15305124,41.8703661751,-87.6470840239,1302541569.0,15305052,15305202
15305202,41.87016808,-87.647076171,1302541571.0,15305124,15305286
15305286,41.8699460143,-87.6470659715,1302541574.0,15305202,15305950
15305950,41.8697304836,-87.6470058444,1302541596.0,15305286,15306092
15306092,41.8695501406,-87.6469015153,1302541600.0,15305950,15306237
15306237,41.8695216671,-87.646591074,1302541604.0,15306092,15306337
15306337,41.8695507447,-87.6462512885,1302541607.0,15306237,15306437
15306437,41.8695679708,-87.6459431892,1302541610.0,15306337,15306571
15306571,41.8695866866,-87.6456561562,1302541614.0,15306437,None
