43051242,41.8694136872,-87.6470745625,1303930775.0,None,43051383
43051383,41.8691670062,-87.6470822339,1303930779.0,43051242,43051496
43051496,41.8689341126,-87.6470750644,1303930782.0,43051383,43051563
43051563,41.8687541712,-87.647069853,1303930784.0,43051496,43051638
43051638,41.8685591211,-87.6470670217,1303930786.0,43051563,43051703
43051703,41.8683680586,-87.6470629082,1303930788.0,43051638,43051768
43051768,41.8681859714,-87.6470641009,1303930790.0,43051703,43051850
43051850,41.8679330126,-87.6470726273,1303930793.0,43051768,43051938
43051938,41.8677220722,-87.6470760878,1303930796.0,43051850,43052649
43052649,41.8675352544,-87.6470738655,1303930817.0,43051938,43053668
43053668,41.867347845,-87.6470691555,1303930846.0,43052649,43054021
43054021,41.8672207336,-87.647258014,1303930856.0,43053668,43054152
43054152,41.8672096593,-87.6475560993,1303930860.0,43054021,43054260
43054260,41.8672051534,-87.6478220841,1303930863.0,43054152,43054366
43054366,41.8672022586,-87.6480981104,1303930866.0,43054260,43054480
43054480,41.8671990319,-87.6483781113,1303930869.0,43054366,43054589
43054589,41.8671951073,-87.6486390449,1303930872.0,43054480,43054728
43054728,41.8671909731,-87.6489529776,1303930876.0,43054589,43054968
43054968,41.8671889381,-87.6491949307,1303930883.0,43054728,43055393
43055393,41.8671848055,-87.6494608905,1303930895.0,43054968,43055496
43055496,41.8671803797,-87.6497250038,1303930898.0,43055393,43055595
43055595,41.8671722834,-87.6500540186,1303930901.0,43055496,43055702
43055702,41.8671685419,-87.6503849784,1303930904.0,43055595,43055807
43055807,41.8671632169,-87.6507009085,1303930907.0,43055702,43055903
43055903,41.8671575909,-87.6510101803,1303930910.0,43055807,43056014
43056014,41.8671558639,-87.6513184974,1303930913.0,43055903,43056131
43056131,41.8671514341,-87.6516437805,1303930916.0,43056014,43056239
43056239,41.8671472722,-87.6519322017,1303930919.0,43056131,43056386
43056386,41.8671416064,-87.6522461321,1303930923.0,43056239,43056530
43056530,41.8671380027,-87.6525331292,1303930927.0,43056386,43056631
43056631,41.8671346988,-87.6527870662,1303930930.0,43056530,43056730
43056730,41.8671292805,-87.6530840618,1303930933.0,43056631,43056825
43056825,41.8671223649,-87.6534241487,1303930936.0,43056730,43056902
43056902,41.8671172088,-87.6536743117,1303930938.0,43056825,43056979
43056979,41.8671124812,-87.6539382346,1303930940.0,43056902,43057057
43057057,41.8671076807,-87.6542161588,1303930942.0,43056979,43057135
43057135,41.8671035889,-87.6545051779,1303930944.0,43057057,43057210
43057210,41.8670977083,-87.6547971185,1303930946.0,43057135,43057280
43057280,41.8670921708,-87.6550940969,1303930948.0,43057210,43057340
43057340,41.8670881229,-87.6553951005,1303930950.0,43057280,43057410
43057410,41.8670839,-87.655704032,1303930952.0,43057340,43057479
43057479,41.8670789693,-87.6560160246,1303930954.0,43057410,43057550
43057550,41.8670730245,-87.6563301368,1303930956.0,43057479,43057621
43057621,41.8670679793,-87.6566417047,1303930958.0,43057550,43057693
43057693,41.8670575296,-87.6569592247,1303930960.0,43057621,43057735
43057735,41.8670517598,-87.6572791998,1303930962.0,43057693,43057813
43057813,41.8670459111,-87.6575992591,1303930964.0,43057735,43057893
43057893,41.8670407147,-87.6579182354,1303930966.0,43057813,43057965
43057965,41.8670356065,-87.6582402131,1303930968.0,43057893,43058033
43058033,41.8670307024,-87.658561209,1303930970.0,43057965,43058097
43058097,41.867026606,-87.6588711858,1303930972.0,43058033,43058165
43058165,41.8670209587,-87.6591801975,1303930974.0,43058097,43058228
43058228,41.8670158636,-87.659493202,1303930976.0,43058165,43058295
43058295,41.8670100312,-87.6598081702,1303930978.0,43058228,43058369
43058369,41.8670049023,-87.6601242126,1303930980.0,43058295,43058441
43058441,41.8670003541,-87.660442177,1303930982.0,43058369,43058522
43058522,41.8669957706,-87.660759163,1303930984.0,43058441,43058598
43058598,41.8669916819,-87.6610771769,1303930986.0,43058522,43058671
43058671,41.8669879648,-87.6613971975,1303930988.0,43058598,43058728
43058728,41.8669828033,-87.6617182172,1303930990.0,43058671,43058802
43058802,41.8669777099,-87.662043158,1303930992.0,43058728,43058876
43058876,41.8669710827,-87.6623692051,1303930994.0,43058802,43058955
43058955,41.8669652152,-87.6626962113,1303930996.0,43058876,43059016
43059016,41.8669610498,-87.6630222278,1303930998.0,43058955,43059089
43059089,41.8669558741,-87.6633442669,1303931000.0,43059016,43059167
43059167,41.8669484439,-87.6636632738,1303931002.0,43059089,43059236
43059236,41.866942633,-87.6639702854,1303931004.0,43059167,43059306
43059306,41.8669370241,-87.6642602321,1303931006.0,43059236,43059375
43059375,41.8669325514,-87.6645192282,1303931008.0,43059306,43059476
43059476,41.8669260866,-87.6648532702,1303931011.0,43059375,43059587
43059587,41.8669213823,-87.6651612795,1303931014.0,43059476,43059698
43059698,41.866917708,-87.6654172608,1303931017.0,43059587,43059962
43059962,41.8669176959,-87.6656682047,1303931024.0,43059698,43060140
43060140,41.8669152679,-87.6659720651,1303931029.0,43059962,43060253
43060253,41.8669154661,-87.6662711373,1303931032.0,43060140,43060355
43060355,41.8669169358,-87.6666261165,1303931035.0,43060253,43060430
43060430,41.866917399,-87.6668790166,1303931037.0,43060355,43060505
43060505,41.8669178914,-87.6671350761,1303931039.0,43060430,43060574
43060574,41.8669176592,-87.6673920335,1303931041.0,43060505,43060639
43060639,41.8669176325,-87.6676509143,1303931043.0,43060574,43060718
43060718,41.8669207493,-87.6680428269,1303931046.0,43060639,43060723
43060723,41.8669246875,-87.668292855,1303931048.0,43060718,43060736
43060736,41.8669318767,-87.6686312223,1303931051.0,43060723,43060755
43060755,41.8669840703,-87.6688821758,1303931055.0,43060736,43060905
43060905,41.8671821709,-87.6689243166,1303931072.0,43060755,43060936
43060936,41.8673660877,-87.6689295043,1303931075.0,43060905,43060971
43060971,41.8676030488,-87.6689361946,1303931078.0,43060936,43061007
43061007,41.8678670472,-87.6689418715,1303931081.0,43060971,43061030
43061030,41.8680550512,-87.6689452797,1303931083.0,43061007,43061056
43061056,41.8682519877,-87.6689463042,1303931085.0,43061030,43061080
43061080,41.8684480738,-87.6689544952,1303931087.0,43061056,43061101
43061101,41.8686410404,-87.6689577034,1303931089.0,43061080,43061145
43061145,41.868899172,-87.6689609783,1303931092.0,43061101,43061200
43061200,41.869093957,-87.6689671251,1303931096.0,43061145,43061415
43061415,41.8692475655,-87.6691233668,1303931110.0,43061200,43061482
43061482,41.8692450686,-87.6694155448,1303931114.0,43061415,43061532
43061532,41.8692399769,-87.6696673495,1303931117.0,43061482,43061584
43061584,41.8692297555,-87.6699577515,1303931120.0,43061532,43061638
43061638,41.8692191433,-87.6702539992,1303931123.0,43061584,43061692
43061692,41.8692256475,-87.6705339945,1303931126.0,43061638,43061746
43061746,41.8692226285,-87.6707788826,1303931129.0,43061692,43061842
43061842,41.8692194108,-87.6710435713,1303931134.0,43061746,43062396
43062396,41.8692150154,-87.671288615,1303931162.0,43061842,43062499
43062499,41.8692270905,-87.6715705809,1303931168.0,43062396,43062569
43062569,41.8692207429,-87.6718416566,1303931171.0,43062499,43062637
43062637,41.8692146839,-87.6721660148,1303931174.0,43062569,43062703
43062703,41.8692144537,-87.6725300504,1303931177.0,43062637,43062749
43062749,41.8692059181,-87.6727751803,1303931179.0,43062703,43062818
43062818,41.8691997401,-87.6730961849,1303931182.0,43062749,43062892
43062892,41.8691891005,-87.6733805892,1303931185.0,43062818,43063105
43063105,41.8692121126,-87.6736360888,1303931194.0,43062892,43063254
43063254,41.8694070004,-87.673751881,1303931200.0,43063105,43063351
43063351,41.8696370937,-87.6738264291,1303931204.0,43063254,43063425
43063425,41.8698690647,-87.6738311911,1303931207.0,43063351,43063490
43063490,41.8700920181,-87.6738190892,1303931210.0,43063425,43063532
43063532,41.8702840345,-87.6738253965,1303931213.0,43063490,43063540
43063540,41.8705240259,-87.6738277456,1303931217.0,43063532,None
