39188401,41.8693032879,-87.6662412989,1303664688.0,None,39189062
39189062,41.8693008891,-87.6665511973,1303664708.0,39188401,39189169
39189169,41.8692920275,-87.6668141042,1303664711.0,39189062,39189263
39189263,41.869281164,-87.6671109996,1303664714.0,39189169,39189363
39189363,41.8692765508,-87.6674290365,1303664717.0,39189263,39189465
39189465,41.8692678056,-87.6677639954,1303664720.0,39189363,39189557
39189557,41.86925842,-87.6681009179,1303664723.0,39189465,39189660
39189660,41.8692567334,-87.6684162356,1303664726.0,39189557,39189759
39189759,41.8692585174,-87.6686802589,1303664729.0,39189660,39190069
39190069,41.8692689288,-87.6689751062,1303664738.0,39189759,39190195
39190195,41.8692582735,-87.6692726264,1303664742.0,39190069,39190302
39190302,41.8692447316,-87.6695661335,1303664745.0,39190195,39190406
39190406,41.8692374603,-87.6698866151,1303664748.0,39190302,39190515
39190515,41.8692490311,-87.6702179444,1303664751.0,39190406,39190630
39190630,41.8692529978,-87.6705419154,1303664754.0,39190515,39190746
39190746,41.8692508429,-87.6708513482,1303664757.0,39190630,39190843
39190843,41.8692494402,-87.6711164966,1303664760.0,39190746,39191050
39191050,41.8692392366,-87.6713724307,1303664766.0,39190843,39191194
39191194,41.8692373408,-87.6716693179,1303664770.0,39191050,39191305
39191305,41.8692485597,-87.6719717886,1303664773.0,39191194,39191413
39191413,41.869261209,-87.6723050698,1303664776.0,39191305,39191526
39191526,41.8692873008,-87.672635956,1303664779.0,39191413,39191631
39191631,41.8693438056,-87.6729319632,1303664782.0,39191526,39191765
39191765,41.8694089539,-87.6732188432,1303664786.0,39191631,39192025
39192025,41.8692557055,-87.6733735474,1303664793.0,39191765,39192311
39192311,41.8692078108,-87.673612372,1303664801.0,39192025,39192424
39192424,41.8691902832,-87.6738552169,1303664804.0,39192311,39192542
39192542,41.8691777504,-87.6741511811,1303664807.0,39192424,39192658
39192658,41.8691605623,-87.6744752168,1303664810.0,39192542,39192771
39192771,41.8691514696,-87.6748032402,1303664813.0,39192658,39192870
39192870,41.8691441268,-87.6751211871,1303664816.0,39192771,39192977
39192977,41.86913775,-87.67540807,1303664819.0,39192870,39193109
39193109,41.8691441337,-87.6757009666,1303664823.0,39192977,39193738
39193738,41.8691480472,-87.6759650367,1303664848.0,39193109,39193764
39193764,41.8691362314,-87.6762843153,1303664852.0,39193738,39193787
39193787,41.8691296723,-87.676580239,1303664855.0,39193764,39193812
39193812,41.8691232305,-87.6769121219,1303664858.0,39193787,39193839
39193839,41.8691145554,-87.6772670737,1303664861.0,39193812,39193859
39193859,41.8691131588,-87.6775120676,1303664863.0,39193839,39193879
39193879,41.8691108684,-87.6777590319,1303664865.0,39193859,39193900
39193900,41.8691086384,-87.678011036,1303664867.0,39193879,39193922
39193922,41.8691054893,-87.6782600818,1303664869.0,39193900,39193944
39193944,41.8691032695,-87.6785100846,1303664871.0,39193922,39193980
39193980,41.8690981651,-87.678872019,1303664874.0,39193944,39194016
39194016,41.8690913484,-87.6792270221,1303664877.0,39193980,39194055
39194055,41.8690881537,-87.6795670524,1303664880.0,39194016,39194094
39194094,41.8690908029,-87.6798821295,1303664883.0,39194055,39194136
39194136,41.8691056799,-87.6801742602,1303664886.0,39194094,39194192
39194192,41.869107148,-87.680467181,1303664890.0,39194136,39194436
39194436,41.8691102594,-87.6807380894,1303664906.0,39194192,39194504
39194504,41.8691060709,-87.6810659177,1303664910.0,39194436,39194555
39194555,41.8690893032,-87.6813639773,1303664913.0,39194504,39194606
39194606,41.8690667275,-87.6816901369,1303664916.0,39194555,39194659
39194659,41.8690413121,-87.6820382586,1303664919.0,39194606,39194715
39194715,41.8690342408,-87.6823892367,1303664922.0,39194659,39194771
39194771,41.8690331141,-87.6827171576,1303664925.0,39194715,39194827
39194827,41.8690273282,-87.6830150489,1303664928.0,39194771,39194905
39194905,41.8690197284,-87.6832930489,1303664932.0,39194827,39195247
39195247,41.8690209886,-87.6835573932,1303664949.0,39194905,39195325
39195325,41.8689869249,-87.6838261635,1303664953.0,39195247,39195384
39195384,41.8689755681,-87.6840680794,1303664956.0,39195325,39195453
39195453,41.8689683175,-87.6843331734,1303664959.0,39195384,39195535
39195535,41.868961098,-87.6846112467,1303664963.0,39195453,39195608
39195608,41.8689896973,-87.6848650713,1303664970.0,39195535,39195672
39195672,41.8689829897,-87.685180045,1303664974.0,39195608,39195721
39195721,41.8689775656,-87.6854649901,1303664977.0,39195672,39195783
39195783,41.8689711967,-87.6857369358,1303664980.0,39195721,39195873
39195873,41.8689773459,-87.6860165654,1303664984.0,39195783,39195990
39195990,41.8691727434,-87.6860945446,1303664989.0,39195873,39196058
39196058,41.8693672273,-87.6860797589,1303664992.0,39195990,39196127
39196127,41.8695952285,-87.6860897289,1303664995.0,39196058,39196202
39196202,41.8698612112,-87.6860982683,1303664998.0,39196127,39196276
39196276,41.8701281721,-87.6861114725,1303665001.0,39196202,39196350
39196350,41.8703921156,-87.6861111787,1303665004.0,39196276,39196422
39196422,41.8706391008,-87.6861148174,1303665007.0,39196350,39196479
39196479,41.8708992243,-87.686126551,1303665010.0,39196422,39196532
39196532,41.8710902158,-87.6861234957,1303665012.0,39196479,39196588
39196588,41.8712820215,-87.6861226408,1303665014.0,39196532,39196645
39196645,41.8714719723,-87.6861296307,1303665016.0,39196588,39196691
39196691,41.871666014,-87.6861413457,1303665018.0,39196645,39196738
39196738,41.871861011,-87.6861494708,1303665020.0,39196691,39196788
39196788,41.8720560434,-87.6861596288,1303665022.0,39196738,39196840
39196840,41.8722420344,-87.6861658684,1303665024.0,39196788,39196867
39196867,41.8724250651,-87.6861718678,1303665026.0,39196840,39196922
39196922,41.8726080646,-87.6861758449,1303665028.0,39196867,39197010
39197010,41.8729590377,-87.6861809568,1303665032.0,39196922,39197062
39197062,41.8732040007,-87.6861790858,1303665035.0,39197010,39197142
39197142,41.8734249739,-87.6861804993,1303665038.0,39197062,39197222
39197222,41.8736230695,-87.6861934183,1303665041.0,39197142,39197391
39197391,41.8738025682,-87.6862103271,1303665047.0,39197222,39197548
39197548,41.8738927757,-87.6859741979,1303665053.0,39197391,39197632
39197632,41.8738895907,-87.6857030077,1303665056.0,39197548,39197716
39197716,41.8738896698,-87.6854081835,1303665059.0,39197632,39197802
39197802,41.8738949785,-87.6850931859,1303665062.0,39197716,39197896
39197896,41.8738948954,-87.6847751953,1303665065.0,39197802,39197974
39197974,41.8739005601,-87.6844831146,1303665068.0,39197896,39198057
39198057,41.8739103608,-87.6842280464,1303665071.0,39197974,39198321
39198321,41.8739043835,-87.683984165,1303665081.0,39198057,39198472
39198472,41.873899613,-87.6837300963,1303665086.0,39198321,39198561
39198561,41.87390315,-87.6834631385,1303665089.0,39198472,39198651
39198651,41.8739073846,-87.6831462383,1303665092.0,39198561,39198735
39198735,41.8739134458,-87.682803204,1303665095.0,39198651,39198825
39198825,41.8739175979,-87.6824431283,1303665098.0,39198735,39198925
39198925,41.8739212916,-87.6820881094,1303665101.0,39198825,39199021
39199021,41.8739221616,-87.6817652193,1303665104.0,39198925,39199139
39199139,41.8739258021,-87.6814923211,1303665108.0,39199021,39199329
39199329,41.8739317564,-87.6812052455,1303665114.0,39199139,39199410
39199410,41.8739333516,-87.6809403007,1303665117.0,39199329,39199493
39199493,41.8739356689,-87.6806283384,1303665120.0,39199410,39199591
39199591,41.8739416075,-87.6802842444,1303665123.0,39199493,39199652
39199652,41.8739484734,-87.680040217,1303665125.0,39199591,39199717
39199717,41.8739543941,-87.679789198,1303665127.0,39199652,39199784
39199784,41.8739592365,-87.6795351589,1303665129.0,39199717,39199850
39199850,41.8739631127,-87.6792791833,1303665131.0,39199784,39199921
39199921,41.8739661241,-87.6790191954,1303665133.0,39199850,39199981
39199981,41.8739683318,-87.6787622116,1303665135.0,39199921,39200039
39200039,41.8739713717,-87.6785061969,1303665137.0,39199981,39200102
39200102,41.8739753295,-87.6782521959,1303665139.0,39200039,39200167
39200167,41.8739773776,-87.6780051956,1303665141.0,39200102,39200265
39200265,41.8739803342,-87.6776521501,1303665144.0,39200167,39200368
39200368,41.8739861658,-87.6773300751,1303665147.0,39200265,39200472
39200472,41.8739762567,-87.6770373672,1303665150.0,39200368,39200601
39200601,41.8739521184,-87.6767366818,1303665154.0,39200472,39200792
39200792,41.8738638534,-87.6764983919,1303665161.0,39200601,39200930
39200930,41.8736183646,-87.6764566166,1303665165.0,39200792,39201036
39201036,41.8733845487,-87.6764455882,1303665168.0,39200930,39201144
39201144,41.8731198105,-87.6764327937,1303665171.0,39201036,39201214
39201214,41.8729308618,-87.676424344,1303665173.0,39201144,39201274
39201274,41.8727338493,-87.676416893,1303665175.0,39201214,39201337
39201337,41.8725369209,-87.6764112666,1303665177.0,39201274,39201402
39201402,41.8723379825,-87.6764043167,1303665179.0,39201337,39201469
39201469,41.8721429639,-87.6763867636,1303665181.0,39201402,39201539
39201539,41.8719569431,-87.6763632435,1303665183.0,39201469,39201640
39201640,41.8717048893,-87.6763417516,1303665186.0,39201539,39201747
39201747,41.8715265469,-87.6763130811,1303665189.0,39201640,39201894
39201894,41.8714167201,-87.6761089483,1303665193.0,39201747,39201996
39201996,41.8714090089,-87.6758633429,1303665196.0,39201894,39202098
39202098,41.8714049206,-87.6756021261,1303665199.0,39201996,39202205
39202205,41.8713927449,-87.6753591267,1303665202.0,39202098,39202674
39202674,41.8713990124,-87.6750697319,1303665215.0,39202205,39202813
39202813,41.871411157,-87.6747796425,1303665219.0,39202674,39202922
39202922,41.871423202,-87.6745084605,1303665222.0,39202813,39203036
39203036,41.8714289751,-87.6742401408,1303665225.0,39202922,39203176
39203176,41.8714444663,-87.6739669207,1303665229.0,39203036,39203385
39203385,41.8714438114,-87.6736966958,1303665235.0,39203176,39203492
39203492,41.8714431458,-87.6734505,1303665238.0,39203385,39203600
39203600,41.8714444676,-87.6731576209,1303665241.0,39203492,39203720
39203720,41.871448403,-87.672842367,1303665244.0,39203600,39203840
39203840,41.8714514843,-87.672517279,1303665247.0,39203720,39203954
39203954,41.8714635818,-87.6721040149,1303665251.0,39203840,39204061
39204061,41.8714696503,-87.6717819785,1303665254.0,39203954,39204168
39204168,41.8715132347,-87.6714380369,1303665257.0,39204061,39204233
39204233,41.8715194909,-87.6710902862,1303665260.0,39204168,39204338
39204338,41.8715194192,-87.6707381661,1303665263.0,39204233,39204419
39204419,41.8715223356,-87.6703829847,1303665266.0,39204338,39204527
39204527,41.871524273,-87.670040217,1303665269.0,39204419,39204630
39204630,41.8715350875,-87.6697116762,1303665272.0,39204527,39204718
39204718,41.8715397318,-87.6694107487,1303665275.0,39204630,39204852
39204852,41.8715364703,-87.6691631258,1303665279.0,39204718,39205034
39205034,41.8713367937,-87.6690370531,1303665285.0,39204852,39205148
39205148,41.8711345945,-87.6690369504,1303665288.0,39205034,39205259
39205259,41.870891759,-87.6690322241,1303665291.0,39205148,39205368
39205368,41.8706259506,-87.6690248577,1303665294.0,39205259,39205448
39205448,41.8704439764,-87.6690218407,1303665296.0,39205368,39205524
39205524,41.8702609139,-87.6690191003,1303665298.0,39205448,39205596
39205596,41.8700788972,-87.6690149875,1303665300.0,39205524,39205694
39205694,41.8698198568,-87.6690065653,1303665303.0,39205596,39205808
39205808,41.8695788446,-87.6690014769,1303665306.0,39205694,39205913
39205913,41.8693747891,-87.6689979748,1303665309.0,39205808,39206158
39206158,41.8691920291,-87.6689175667,1303665316.0,39205913,39206305
39206305,41.8691742261,-87.6686570559,1303665320.0,39206158,39206426
39206426,41.8691810277,-87.6683711632,1303665323.0,39206305,39206537
39206537,41.8691865444,-87.6680388807,1303665326.0,39206426,39206637
39206637,41.8691863134,-87.6676959205,1303665329.0,39206537,39206742
39206742,41.8691869879,-87.6673378638,1303665332.0,39206637,39206844
39206844,41.8691833242,-87.6670027887,1303665335.0,39206742,None
