44748888,41.8657205999,-87.6468585998,1304047227.0,None,44749002
44749002,41.8655327696,-87.6468206203,1304047233.0,44748888,44749057
44749057,41.8653399076,-87.6468131374,1304047236.0,44749002,44749118
44749118,41.8651258275,-87.6468060827,1304047239.0,44749057,44749200
44749200,41.8649337681,-87.6467963307,1304047243.0,44749118,44749743
44749743,41.8647238908,-87.6467907358,1304047269.0,44749200,44749809
44749809,41.86453788,-87.6467885967,1304047272.0,44749743,44749873
44749873,41.8643079117,-87.6467824593,1304047275.0,44749809,44749941
44749941,41.8640618985,-87.6467764367,1304047278.0,44749873,44750005
44750005,41.8638119175,-87.6467703965,1304047281.0,44749941,44750071
44750071,41.8635509164,-87.6467653721,1304047284.0,44750005,44750132
44750132,41.8632959245,-87.646762911,1304047287.0,44750071,44750167
44750167,41.8630379725,-87.6467592651,1304047290.0,44750132,44750222
44750222,41.8627969734,-87.6467528667,1304047293.0,44750167,44750288
44750288,41.8625910253,-87.6467501644,1304047296.0,44750222,44750381
44750381,41.8624067034,-87.6467567173,1304047300.0,44750288,44750536
44750536,41.8623146496,-87.6469697399,1304047306.0,44750381,44750636
44750636,41.8623259713,-87.6472878232,1304047310.0,44750536,44750707
44750707,41.8623268049,-87.6476200298,1304047313.0,44750636,44750758
44750758,41.8623237904,-87.64786511,1304047315.0,44750707,44750837
44750837,41.8623172476,-87.6482201563,1304047318.0,44750758,44750919
44750919,41.8623140829,-87.6485131087,1304047321.0,44750837,44751044
44751044,41.8623120817,-87.6487740706,1304047326.0,44750919,44751148
44751148,41.8623065437,-87.6490930834,1304047330.0,44751044,44751236
44751236,41.8623024501,-87.6494130566,1304047333.0,44751148,44751313
44751313,41.8622966245,-87.6497741013,1304047336.0,44751236,44751361
44751361,41.8622926137,-87.6500170903,1304047338.0,44751313,44751435
44751435,41.8622866311,-87.6503571038,1304047341.0,44751361,44751519
44751519,41.8622839521,-87.650614168,1304047344.0,44751435,44751735
44751735,41.8623177131,-87.6508608934,1304047352.0,44751519,44751905
44751905,41.8625082727,-87.6509137868,1304047358.0,44751735,44752026
44752026,41.8627490866,-87.6509057676,1304047362.0,44751905,44752100
44752100,41.8629800999,-87.6509057469,1304047365.0,44752026,44752182
44752182,41.8632000591,-87.6509061721,1304047368.0,44752100,44752331
44752331,41.8634009835,-87.6509126634,1304047373.0,44752182,44752451
44752451,41.8635814558,-87.6509179424,1304047377.0,44752331,44752536
44752536,41.863780974,-87.6509288756,1304047380.0,44752451,44752612
44752612,41.8639820016,-87.6509428355,1304047383.0,44752536,44752702
44752702,41.8641820444,-87.6509551877,1304047386.0,44752612,44752793
44752793,41.8643810182,-87.6509496036,1304047389.0,44752702,44752943
44752943,41.8645740172,-87.6509556729,1304047394.0,44752793,44753111
44753111,41.8648040672,-87.6509752369,1304047400.0,44752943,44753202
44753202,41.8650200068,-87.6509788402,1304047403.0,44753111,44753298
44753298,41.8652860376,-87.6509861819,1304047406.0,44753202,44753364
44753364,41.8654820468,-87.6509937205,1304047408.0,44753298,44753437
44753437,41.865682063,-87.6510013843,1304047410.0,44753364,44753493
44753493,41.8658820554,-87.6510057435,1304047412.0,44753437,44753553
44753553,41.8660810379,-87.6510102487,1304047414.0,44753493,44753613
44753613,41.8662810226,-87.651018042,1304047416.0,44753553,44753672
44753672,41.8664750397,-87.6510228344,1304047418.0,44753613,44753765
44753765,41.866736018,-87.651036718,1304047421.0,44753672,44753866
44753866,41.8669339678,-87.6510561963,1304047424.0,44753765,44753994
44753994,41.8670986872,-87.6512304489,1304047428.0,44753866,44754094
44754094,41.8671191788,-87.6514897966,1304047431.0,44753994,44754191
44754191,41.8671197697,-87.6518197622,1304047434.0,44754094,44754286
44754286,41.8671135375,-87.6521684625,1304047437.0,44754191,44754372
44754372,41.8671064483,-87.6525055012,1304047440.0,44754286,44754469
44754469,41.8671035197,-87.6528154757,1304047443.0,44754372,44754595
44754595,41.8671077728,-87.6530694432,1304047447.0,44754469,44755445
44755445,41.8671106763,-87.6533664702,1304047472.0,44754595,44755552
44755552,41.8671054632,-87.6536446563,1304047475.0,44755445,44755644
44755644,41.8670993141,-87.6539904573,1304047478.0,44755552,44755711
44755711,41.8670977719,-87.6542494083,1304047480.0,44755644,44755781
44755781,41.867093347,-87.6545235377,1304047482.0,44755711,44755849
44755849,41.8670872915,-87.6547975816,1304047484.0,44755781,44755917
44755917,41.8670829064,-87.6550634293,1304047486.0,44755849,44755991
44755991,41.8670737354,-87.6553134271,1304047488.0,44755917,44756102
44756102,41.8670652238,-87.6556644715,1304047491.0,44755991,44756191
44756191,41.8670582233,-87.6559925118,1304047494.0,44756102,44756290
44756290,41.8670525596,-87.6562843389,1304047497.0,44756191,44756436
44756436,41.8670594075,-87.6565518937,1304047501.0,44756290,44756609
44756609,41.8672441498,-87.6566606926,1304047506.0,44756436,44756723
44756723,41.8674398647,-87.6566727713,1304047509.0,44756609,44756827
44756827,41.8676948032,-87.6566855197,1304047512.0,44756723,44756890
44756890,41.8678878562,-87.6566922568,1304047514.0,44756827,44756951
44756951,41.8680808874,-87.6566996085,1304047516.0,44756890,44757020
44757020,41.8682698813,-87.65670723,1304047518.0,44756951,44757099
44757099,41.8684538784,-87.6567125136,1304047520.0,44757020,44757178
44757178,41.8686359124,-87.6567182487,1304047522.0,44757099,44757284
44757284,41.8688960147,-87.656719724,1304047525.0,44757178,44757389
44757389,41.869138088,-87.6567212053,1304047528.0,44757284,44757494
44757494,41.8693522298,-87.6567236869,1304047531.0,44757389,44757605
44757605,41.8695629165,-87.6567335149,1304047535.0,44757494,44758136
44758136,41.8697813744,-87.6567641974,1304047549.0,44757605,44758238
44758238,41.8699932862,-87.6567794495,1304047552.0,44758136,44758335
44758335,41.8702571184,-87.6567850877,1304047555.0,44758238,44758412
44758412,41.8704590549,-87.6567848675,1304047557.0,44758335,44758486
44758486,41.8706660262,-87.6567861537,1304047559.0,44758412,44758559
44758559,41.8708650927,-87.656795936,1304047561.0,44758486,44758636
44758636,41.8710580768,-87.6568018417,1304047563.0,44758559,44758708
44758708,41.8712430418,-87.6568070096,1304047565.0,44758636,44758765
44758765,41.8714240547,-87.6568091841,1304047567.0,44758708,44758876
44758876,41.8716859843,-87.6568085788,1304047570.0,44758765,44758985
44758985,41.8719079951,-87.6568012185,1304047573.0,44758876,44759161
44759161,41.87210386,-87.65679834,1304047578.0,44758985,44759354
44759354,41.8723209652,-87.6567831263,1304047583.0,44759161,44759453
44759453,41.8725459045,-87.6567729738,1304047586.0,44759354,44759566
44759566,41.8728128372,-87.6567635059,1304047589.0,44759453,44759658
44759658,41.8730777791,-87.6567454675,1304047592.0,44759566,44759730
44759730,41.8733379353,-87.6567346837,1304047595.0,44759658,44759830
44759830,41.873583031,-87.6567311423,1304047598.0,44759730,44759938
44759938,41.8737859795,-87.6567293792,1304047601.0,44759830,44760083
44760083,41.8739771323,-87.6567236712,1304047605.0,44759938,44760391
44760391,41.8741689039,-87.6566336439,1304047614.0,44760083,44760539
44760539,41.874175669,-87.6563040952,1304047618.0,44760391,44760644
44760644,41.8741772983,-87.6559763575,1304047621.0,44760539,44760718
44760718,41.8741860139,-87.6557214729,1304047623.0,44760644,44760793
44760793,41.8741943218,-87.6554694291,1304047625.0,44760718,44760859
44760859,41.8742004435,-87.655223447,1304047627.0,44760793,44760922
44760922,41.8742094822,-87.6549774732,1304047629.0,44760859,44760991
44760991,41.8742194839,-87.6547244378,1304047631.0,44760922,44761068
44761068,41.8742283751,-87.6544693907,1304047633.0,44760991,44761127
44761127,41.8742385959,-87.6542142953,1304047635.0,44761068,44761200
44761200,41.8742418826,-87.653958384,1304047637.0,44761127,44761274
44761274,41.8742468561,-87.6536994403,1304047639.0,44761200,44761350
44761350,41.8742542994,-87.6534514407,1304047641.0,44761274,44761450
44761450,41.8742658123,-87.6531023343,1304047644.0,44761350,44761560
44761560,41.8742734843,-87.6527751424,1304047647.0,44761450,44761670
44761670,41.8742787747,-87.6525040583,1304047650.0,44761560,44761852
44761852,41.8742868987,-87.6522481909,1304047655.0,44761670,None
