74251799,41.8714605924,-87.6733805414,1303228278.0,None,74251905
74251905,41.8714560211,-87.6730523571,1303228282.0,74251799,74251982
74251982,41.871464136,-87.6727172882,1303228285.0,74251905,74252035
74252035,41.871469203,-87.6724732551,1303228287.0,74251982,74252117
74252117,41.8714732704,-87.6721310052,1303228290.0,74252035,74252195
74252195,41.8714773324,-87.6718539177,1303228293.0,74252117,74252329
74252329,41.8714820155,-87.6716100833,1303228298.0,74252195,74253008
74253008,41.8715058794,-87.6713052513,1303228325.0,74252329,74253089
74253089,41.8715126331,-87.6710203347,1303228328.0,74253008,74253170
74253170,41.8715203835,-87.6707001178,1303228331.0,74253089,74253259
74253259,41.8715257709,-87.6703739708,1303228334.0,74253170,74253346
74253346,41.8715217502,-87.6701140504,1303228337.0,74253259,74254060
74254060,41.8715432572,-87.6698695307,1303228361.0,74253346,74254203
74254203,41.871668901,-87.669679592,1303228366.0,74254060,74254645
74254645,41.8716694678,-87.6694271968,1303228380.0,74254203,74254937
74254937,41.8716171505,-87.6691809085,1303228389.0,74254645,74255128
74255128,41.8714245125,-87.669091753,1303228395.0,74254937,74255222
74255222,41.8712308956,-87.6690800479,1303228398.0,74255128,74255322
74255322,41.8709689934,-87.6690593213,1303228401.0,74255222,74255391
74255391,41.8707770833,-87.6690481391,1303228403.0,74255322,74255455
74255455,41.8705810676,-87.6690335812,1303228405.0,74255391,74255526
74255526,41.8703869818,-87.6690262855,1303228407.0,74255455,74255593
74255593,41.8701839333,-87.6690243722,1303228409.0,74255526,74255655
74255655,41.8699859399,-87.6690231638,1303228411.0,74255593,74255719
74255719,41.8697999146,-87.6690221429,1303228413.0,74255655,74255815
74255815,41.8695679107,-87.6690194522,1303228416.0,74255719,74255906
74255906,41.8693877408,-87.66900369,1303228420.0,74255815,74256184
74256184,41.8691855532,-87.6689906711,1303228428.0,74255906,74256321
74256321,41.8689738215,-87.6689771215,1303228432.0,74256184,74256421
74256421,41.8687609358,-87.6689738702,1303228435.0,74256321,74256511
74256511,41.8685209209,-87.6689731676,1303228438.0,74256421,74256615
74256615,41.8682599415,-87.6689689524,1303228441.0,74256511,74256723
74256723,41.8679918954,-87.6689653914,1303228444.0,74256615,74256828
74256828,41.8677329101,-87.6689505624,1303228447.0,74256723,74256926
74256926,41.8675028812,-87.6689407121,1303228450.0,74256828,74257062
74257062,41.8673088949,-87.6689412256,1303228454.0,74256926,74257530
74257530,41.8671116119,-87.6689524763,1303228468.0,74257062,74257695
74257695,41.8669018362,-87.6689108962,1303228473.0,74257530,74257835
74257835,41.8668076228,-87.6686760105,1303228477.0,74257695,74257944
74257944,41.8668074168,-87.6683899658,1303228480.0,74257835,74258056
74258056,41.8668084503,-87.6680370447,1303228483.0,74257944,74258170
74258170,41.8668118115,-87.6676769503,1303228486.0,74258056,74258282
74258282,41.8668137093,-87.6673469377,1303228489.0,74258170,74258381
74258381,41.866815718,-87.667085945,1303228492.0,74258282,74258528
74258528,41.86681458,-87.6668249531,1303228496.0,74258381,74258675
74258675,41.8668136704,-87.6664941859,1303228500.0,74258528,74258789
74258789,41.8668131605,-87.6661390043,1303228503.0,74258675,74258862
74258862,41.866817604,-87.6658609236,1303228505.0,74258789,74258933
74258933,41.86682387,-87.6655558754,1303228507.0,74258862,74259003
74259003,41.8668303921,-87.6652388031,1303228509.0,74258933,74259078
74259078,41.866838285,-87.66490878,1303228511.0,74259003,74259149
74259149,41.8668469934,-87.6645767418,1303228513.0,74259078,74259225
74259225,41.8668540553,-87.6642527018,1303228515.0,74259149,74259295
74259295,41.8668584407,-87.6639306623,1303228517.0,74259225,74259371
74259371,41.866862981,-87.6636136764,1303228519.0,74259295,74259443
74259443,41.8668675809,-87.6632986926,1303228521.0,74259371,74259514
74259514,41.8668727203,-87.6629807384,1303228523.0,74259443,74259581
74259581,41.866879202,-87.6626597402,1303228525.0,74259514,74259651
74259651,41.8668842468,-87.6623417326,1303228527.0,74259581,74259716
74259716,41.866889121,-87.6620267626,1303228529.0,74259651,74259786
74259786,41.8668919874,-87.6617178134,1303228531.0,74259716,74259856
74259856,41.8668950962,-87.6614178382,1303228533.0,74259786,74259934
74259934,41.8668978598,-87.6611118461,1303228535.0,74259856,74260006
74260006,41.8669027085,-87.6607987955,1303228537.0,74259934,74260080
74260080,41.8669062295,-87.6604907431,1303228539.0,74260006,74260155
74260155,41.8669120653,-87.6601897498,1303228541.0,74260080,74260220
74260220,41.8669171285,-87.6598977715,1303228543.0,74260155,74260288
74260288,41.8669205972,-87.6596138106,1303228545.0,74260220,74260357
74260357,41.8669234283,-87.6593248269,1303228547.0,74260288,74260426
74260426,41.86692852,-87.6590208516,1303228549.0,74260357,74260497
74260497,41.8669319207,-87.6587068657,1303228551.0,74260426,74260533
74260533,41.8669368097,-87.6582419025,1303228554.0,74260497,74260602
74260602,41.8669412037,-87.6579298735,1303228556.0,74260533,74260653
74260653,41.8669479076,-87.6576189057,1303228558.0,74260602,74260721
74260721,41.8669538467,-87.6573118495,1303228560.0,74260653,74260787
74260787,41.8669582357,-87.65700987,1303228562.0,74260721,74260848
74260848,41.8669607872,-87.6567139973,1303228564.0,74260787,74260916
74260916,41.8669624052,-87.6564221108,1303228566.0,74260848,74260979
74260979,41.8669663528,-87.6561317854,1303228568.0,74260916,74261043
74261043,41.8669701192,-87.6558426347,1303228570.0,74260979,74261108
74261108,41.8669751954,-87.6555567405,1303228572.0,74261043,74261176
74261176,41.8669798049,-87.6552727731,1303228574.0,74261108,74261243
74261243,41.8669847663,-87.6549976734,1303228576.0,74261176,74261311
74261311,41.8669880675,-87.6547436209,1303228578.0,74261243,74261425
74261425,41.8669933025,-87.6544017584,1303228581.0,74261311,74261538
74261538,41.8669991043,-87.6540719009,1303228584.0,74261425,74261645
74261645,41.8670050511,-87.6537358677,1303228587.0,74261538,74261752
74261752,41.8670099292,-87.6533809132,1303228590.0,74261645,74261813
74261813,41.8670146654,-87.6531358541,1303228592.0,74261752,74261876
74261876,41.8670185939,-87.6528858327,1303228594.0,74261813,74261944
74261944,41.8670218337,-87.6526408651,1303228596.0,74261876,74262049
74262049,41.8670267898,-87.652311872,1303228599.0,74261944,74262156
74262156,41.8670307588,-87.6520667998,1303228602.0,74262049,74262338
74262338,41.8670364258,-87.6518109874,1303228607.0,74262156,74262700
74262700,41.8670647249,-87.6515675929,1303228617.0,74262338,74262875
74262875,41.8670774095,-87.6512626176,1303228622.0,74262700,74263019
74263019,41.8672053967,-87.6510276796,1303228626.0,74262875,74263166
74263166,41.8674162341,-87.651001786,1303228630.0,74263019,74263329
74263329,41.8676081111,-87.6510088187,1303228635.0,74263166,74263610
74263610,41.8677930919,-87.6510173362,1303228643.0,74263329,74263857
74263857,41.8680100067,-87.6510188083,1303228650.0,74263610,74263966
74263966,41.8681909817,-87.6510235435,1303228653.0,74263857,74264068
74264068,41.868403924,-87.6510259375,1303228656.0,74263966,74264177
74264177,41.8686229134,-87.6510294169,1303228659.0,74264068,74264286
74264286,41.8688308669,-87.6510367391,1303228662.0,74264177,74264390
74264390,41.8690106843,-87.6510451977,1303228665.0,74264286,74264588
74264588,41.869192696,-87.6510719404,1303228671.0,74264390,74264990
74264990,41.8693726277,-87.6510809287,1303228682.0,74264588,74265156
74265156,41.8694751942,-87.6508225386,1303228687.0,74264990,74265261
74265261,41.8694711647,-87.6505637003,1303228690.0,74265156,74265364
74265364,41.8694709743,-87.650222957,1303228693.0,74265261,74265435
74265435,41.8694740803,-87.6499630266,1303228695.0,74265364,74265509
74265509,41.8694737503,-87.6496980722,1303228697.0,74265435,74265587
74265587,41.8694794108,-87.6494370451,1303228699.0,74265509,74265665
74265665,41.8694832358,-87.649184018,1303228701.0,74265587,74265759
74265759,41.869487906,-87.6488339829,1303228704.0,74265665,74265845
74265845,41.869489513,-87.6485680358,1303228707.0,74265759,None
