83950531,41.8744093883,-87.6564360173,1301674251.0,None,83951125
83951125,41.8744055188,-87.6566969165,1301674279.0,83950531,83951289
83951289,41.8743876856,-87.6569929374,1301674286.0,83951125,83951392
83951392,41.8743638095,-87.6572380039,1301674290.0,83951289,83951507
83951507,41.8743526842,-87.657543036,1301674295.0,83951392,83951587
83951587,41.8743511103,-87.6578548664,1301674298.0,83951507,83951637
83951637,41.8743491034,-87.6581208025,1301674300.0,83951587,83951688
83951688,41.8743540897,-87.6584228029,1301674302.0,83951637,83951740
83951740,41.8743538219,-87.6587538201,1301674304.0,83951688,83951787
83951787,41.874350773,-87.6591118611,1301674306.0,83951740,83951841
83951841,41.8743438512,-87.65948985,1301674308.0,83951787,83951897
83951897,41.8743398835,-87.6598688414,1301674310.0,83951841,83951953
83951953,41.8743339064,-87.6602418596,1301674312.0,83951897,83952008
83952008,41.8743286931,-87.6605968311,1301674314.0,83951953,83952059
83952059,41.8743226636,-87.6609148123,1301674316.0,83952008,83952118
83952118,41.8743206103,-87.6611778061,1301674318.0,83952059,83952198
83952198,41.8743136756,-87.6614678427,1301674321.0,83952118,83952372
83952372,41.8743050026,-87.66175288,1301674327.0,83952198,83952460
83952460,41.8743100012,-87.6620198492,1301674330.0,83952372,83952549
83952549,41.8743021541,-87.662393857,1301674333.0,83952460,83952606
83952606,41.8742961035,-87.6626868442,1301674335.0,83952549,83952660
83952660,41.8742901497,-87.6630129058,1301674337.0,83952606,83952713
83952713,41.8742872866,-87.6633640013,1301674339.0,83952660,83952769
83952769,41.874289412,-87.6637350384,1301674341.0,83952713,83952827
83952827,41.8742954619,-87.6640970566,1301674343.0,83952769,83952891
83952891,41.8743044967,-87.6644510653,1301674345.0,83952827,83952958
83952958,41.874314526,-87.6648120837,1301674347.0,83952891,83953026
83953026,41.874319645,-87.6651729591,1301674349.0,83952958,83953091
83953091,41.8743166864,-87.6655118686,1301674351.0,83953026,83953150
83953150,41.8743129649,-87.6658117613,1301674353.0,83953091,83953208
83953208,41.8743098917,-87.6660588477,1301674355.0,83953150,83953323
83953323,41.8743115719,-87.6663299256,1301674359.0,83953208,83953608
83953608,41.8743152906,-87.6665719502,1301674370.0,83953323,83953632
83953632,41.8743018941,-87.6668376091,1301674375.0,83953608,83953658
83953658,41.8742966504,-87.6671645837,1301674379.0,83953632,83953681
83953681,41.8742836736,-87.6674397069,1301674382.0,83953658,83953706
83953706,41.8742641428,-87.667723636,1301674385.0,83953681,83953733
83953733,41.8742265998,-87.668064863,1301674388.0,83953706,83953763
83953763,41.8741981358,-87.6684049554,1301674391.0,83953733,83953783
83953783,41.874182844,-87.6686482917,1301674393.0,83953763,83953816
83953816,41.8741836541,-87.6689048226,1301674396.0,83953783,83953886
83953886,41.8740589623,-87.6691249271,1301674402.0,83953816,83953936
83953936,41.8738218687,-87.6691389868,1301674406.0,83953886,83953975
83953975,41.8735818622,-87.6691482518,1301674409.0,83953936,83954016
83954016,41.8733228987,-87.6691459586,1301674412.0,83953975,83954058
83954058,41.8731158797,-87.6691430027,1301674415.0,83954016,83954134
83954134,41.8729269776,-87.6691179129,1301674421.0,83954058,83954202
83954202,41.8727210338,-87.6690778325,1301674425.0,83954134,83954229
83954229,41.8725390489,-87.6690732109,1301674427.0,83954202,83954258
83954258,41.8723328582,-87.6690893524,1301674429.0,83954229,83954311
83954311,41.8720807955,-87.6690849842,1301674432.0,83954258,83954375
83954375,41.8718966573,-87.669073036,1301674436.0,83954311,83954569
83954569,41.87170063,-87.669067767,1301674447.0,83954375,83954662
83954662,41.8714480032,-87.6690507891,1301674452.0,83954569,83954713
83954713,41.871193493,-87.6690339543,1301674455.0,83954662,83954751
83954751,41.8710075686,-87.6690245455,1301674457.0,83954713,83954790
83954790,41.8708096256,-87.6690146842,1301674459.0,83954751,83954834
83954834,41.870596765,-87.6690057797,1301674461.0,83954790,83954872
83954872,41.870379836,-87.6690006133,1301674463.0,83954834,83954910
83954910,41.8701678052,-87.6689968196,1301674465.0,83954872,83954949
83954949,41.8699718116,-87.6689943227,1301674467.0,83954910,83955012
83955012,41.8697258449,-87.6689875638,1301674470.0,83954949,83955092
83955092,41.8695096657,-87.6689822804,1301674474.0,83955012,83955299
83955299,41.8693169716,-87.6690092417,1301674484.0,83955092,83955410
83955410,41.8692751301,-87.6692577958,1301674489.0,83955299,83955477
83955477,41.8693002986,-87.6695369603,1301674492.0,83955410,83955543
83955543,41.8693475365,-87.6698406027,1301674495.0,83955477,83955613
83955613,41.8693180661,-87.6701739621,1301674498.0,83955543,83955683
83955683,41.8693021217,-87.670477946,1301674501.0,83955613,83955740
83955740,41.8692978393,-87.6707692612,1301674504.0,83955683,83955787
83955787,41.8693049084,-87.6710146703,1301674507.0,83955740,83955885
83955885,41.8693082971,-87.6712655175,1301674513.0,83955787,83956297
83956297,41.8692544138,-87.6715534095,1301674531.0,83955885,83956380
83956380,41.8692170401,-87.6718736879,1301674535.0,83956297,83956428
83956428,41.8691949931,-87.6721500632,1301674537.0,83956380,83956485
83956485,41.8691855926,-87.6724611465,1301674539.0,83956428,83956538
83956538,41.8691834085,-87.6727432377,1301674541.0,83956485,83956592
83956592,41.869183398,-87.6729942605,1301674543.0,83956538,83956642
83956642,41.8692006476,-87.6732374553,1301674545.0,83956592,83956742
83956742,41.8692233602,-87.6735114276,1301674549.0,83956642,83956845
83956845,41.8692263432,-87.6737542111,1301674553.0,83956742,83956922
83956922,41.8692230078,-87.6740888602,1301674556.0,83956845,83956973
83956973,41.869218823,-87.6743619573,1301674558.0,83956922,83957029
83957029,41.8692166656,-87.6746589855,1301674560.0,83956973,83957086
83957086,41.8692143521,-87.6749459887,1301674562.0,83957029,83957141
83957141,41.8692103549,-87.675210064,1301674564.0,83957086,83957227
83957227,41.8692109673,-87.6755205291,1301674567.0,83957141,83957330
83957330,41.869222423,-87.6758031682,1301674571.0,83957227,83957435
83957435,41.86922903,-87.6760606941,1301674575.0,83957330,83957561
83957561,41.8694165867,-87.6761769787,1301674579.0,83957435,83957651
83957651,41.8696520592,-87.6761696411,1301674582.0,83957561,83957705
83957705,41.8698519903,-87.6761685843,1301674584.0,83957651,83957750
83957750,41.8700760002,-87.6761727958,1301674586.0,83957705,83957799
83957799,41.870310929,-87.6761789636,1301674588.0,83957750,83957855
83957855,41.8705529485,-87.6761889677,1301674590.0,83957799,83957915
83957915,41.8708009333,-87.6761950224,1301674592.0,83957855,83957973
83957973,41.8710389815,-87.6762018411,1301674594.0,83957915,83958030
83958030,41.8712469954,-87.6762081567,1301674596.0,83957973,83958123
83958123,41.8714467754,-87.6762011803,1301674599.0,83958030,83958230
83958230,41.8715127931,-87.6759768128,1301674603.0,83958123,83958313
83958313,41.8714983857,-87.6756820847,1301674606.0,83958230,83958408
83958408,41.8714892705,-87.6753779386,1301674609.0,83958313,83959050
83959050,41.8714736068,-87.6751379241,1301674631.0,83958408,83959181
83959181,41.8714987642,-87.6748948075,1301674635.0,83959050,83959284
83959284,41.8715081193,-87.6745720562,1301674638.0,83959181,83959354
83959354,41.8715043413,-87.6743291421,1301674640.0,83959284,83959444
83959444,41.8714916927,-87.674010358,1301674643.0,83959354,83959563
83959563,41.8714791499,-87.6737560554,1301674647.0,83959444,83959688
83959688,41.8714724575,-87.6734696296,1301674651.0,83959563,83960108
83960108,41.8714625435,-87.6732185989,1301674664.0,83959688,83960214
83960214,41.8714706004,-87.6729452603,1301674667.0,83960108,83960308
83960308,41.8714739177,-87.6726082686,1301674670.0,83960214,83960404
83960404,41.8714762526,-87.6722831793,1301674673.0,83960308,83960506
83960506,41.8714800704,-87.671991835,1301674676.0,83960404,83960679
83960679,41.8714831015,-87.6717370417,1301674681.0,83960506,83961166
83961166,41.8714926778,-87.6714471917,1301674696.0,83960679,83961268
83961268,41.871503198,-87.6711493843,1301674699.0,83961166,83961382
83961382,41.8715148521,-87.6708282604,1301674702.0,83961268,83961487
83961487,41.8715213722,-87.6705260178,1301674705.0,83961382,83961589
83961589,41.871510609,-87.6702799791,1301674708.0,83961487,83961723
83961723,41.8715314971,-87.6699654513,1301674712.0,83961589,83961826
83961826,41.8715288266,-87.6696585519,1301674715.0,83961723,83961922
83961922,41.8715192184,-87.6693612593,1301674718.0,83961826,83962100
83962100,41.8715287361,-87.6690754878,1301674723.0,83961922,83962247
83962247,41.8717261096,-87.6689761411,1301674727.0,83962100,83962346
83962346,41.8719878987,-87.668980865,1301674730.0,83962247,83962423
83962423,41.8721919895,-87.6689928783,1301674732.0,83962346,83962498
83962498,41.8724008911,-87.6689911712,1301674734.0,83962423,83962570
83962570,41.8725931185,-87.6689744201,1301674736.0,83962498,83962674
83962674,41.8727822062,-87.6689689538,1301674739.0,83962570,83962811
83962811,41.8729891532,-87.6689987789,1301674743.0,83962674,83962914
83962914,41.8732419791,-87.6690111144,1301674746.0,83962811,83962980
83962980,41.8734530649,-87.6690296641,1301674748.0,83962914,83963047
83963047,41.8736688635,-87.6690489096,1301674750.0,83962980,83963161
83963161,41.8739189721,-87.6690910714,1301674753.0,83963047,83963348
83963348,41.8741098631,-87.6691134102,1301674758.0,83963161,83963523
83963523,41.8741779324,-87.6688210213,1301674763.0,83963348,83963619
83963619,41.8741683771,-87.6685001395,1301674766.0,83963523,83963680
83963680,41.8741624577,-87.6682280036,1301674768.0,83963619,83963753
83963753,41.8741579692,-87.667947815,1301674770.0,83963680,83963829
83963829,41.8741505267,-87.6676776735,1301674772.0,83963753,83963904
83963904,41.8741385748,-87.6674318184,1301674774.0,83963829,83964018
83964018,41.874113921,-87.6671456284,1301674777.0,83963904,83964210
83964210,41.8741044553,-87.6668929771,1301674782.0,83964018,83965120
83965120,41.8740945643,-87.6665938609,1301674807.0,83964210,83965269
83965269,41.8740963494,-87.6663205286,1301674811.0,83965120,83965373
83965373,41.8740973502,-87.666026957,1301674814.0,83965269,83965445
83965445,41.8740993507,-87.6657689716,1301674816.0,83965373,83965517
83965517,41.8741033894,-87.6654769629,1301674818.0,83965445,83965583
83965583,41.87410363,-87.6651529251,1301674820.0,83965517,83965602
83965602,41.8741000546,-87.6648058826,1301674822.0,83965583,83965675
83965675,41.8740922387,-87.6644478704,1301674824.0,83965602,83965716
83965716,41.8740823876,-87.6640998666,1301674826.0,83965675,83965784
83965784,41.8740705879,-87.6637608595,1301674828.0,83965716,83965840
83965840,41.8740667634,-87.6634359136,1301674830.0,83965784,83965906
83965906,41.8740638336,-87.6631289834,1301674832.0,83965840,83965974
83965974,41.8740669872,-87.6628520555,1301674834.0,83965906,83966042
83966042,41.8740730511,-87.6626030954,1301674836.0,83965974,83966135
83966135,41.8740781928,-87.662300078,1301674839.0,83966042,83966358
83966358,41.8740851615,-87.6620351011,1301674846.0,83966135,83966536
83966536,41.8740903145,-87.6617101229,1301674851.0,83966358,83966638
83966638,41.8740954364,-87.6613551152,1301674854.0,83966536,83966713
83966713,41.8741005381,-87.661075062,1301674856.0,83966638,83966779
83966779,41.8741057431,-87.6607620832,1301674858.0,83966713,83966844
83966844,41.8741089631,-87.6604280744,1301674860.0,83966779,83966914
83966914,41.8741059008,-87.6600960707,1301674862.0,83966844,83966980
83966980,41.8741027418,-87.6597600682,1301674864.0,83966914,83967048
83967048,41.8741057735,-87.659424089,1301674866.0,83966980,83967116
83967116,41.8741149306,-87.6590921065,1301674868.0,83967048,83967184
83967184,41.8741210574,-87.6587660846,1301674870.0,83967116,83967253
83967253,41.8741220997,-87.6584460846,1301674872.0,83967184,83967325
83967325,41.8741302899,-87.6581320963,1301674874.0,83967253,83967397
83967397,41.8741333635,-87.6578220711,1301674876.0,83967325,83967464
83967464,41.8741373767,-87.6575460685,1301674878.0,83967397,83967562
83967562,41.8741389305,-87.6572500949,1301674881.0,83967464,83968051
83968051,41.874149822,-87.6569742192,1301674895.0,83967562,83968154
83968154,41.8741598021,-87.6566786763,1301674898.0,83968051,83968219
83968219,41.8741754343,-87.6564270699,1301674900.0,83968154,83968286
83968286,41.8741812032,-87.6561372994,1301674902.0,83968219,83968355
83968355,41.8741880711,-87.6558154242,1301674904.0,83968286,83968429
83968429,41.874193371,-87.6554664296,1301674906.0,83968355,83968501
83968501,41.8741981172,-87.6551004464,1301674908.0,83968429,83968573
83968573,41.8742040307,-87.6547204221,1301674910.0,83968501,83968640
83968640,41.8742089687,-87.6543363383,1301674912.0,83968573,83968709
83968709,41.8742174198,-87.6539564168,1301674914.0,83968640,83968761
83968761,41.874221272,-87.6535874421,1301674916.0,83968709,83968827
83968827,41.8742270435,-87.6532404688,1301674918.0,83968761,83968895
83968895,41.8742309698,-87.6529183067,1301674920.0,83968827,83968970
83968970,41.8742363398,-87.6526261661,1301674922.0,83968895,83969075
83969075,41.874239098,-87.6523151861,1301674925.0,83968970,83969843
83969843,41.874247657,-87.6520716162,1301674949.0,83969075,None
