50299457,41.8694395715,-87.6566331434,1303066953.0,None,50299612
50299612,41.8694366522,-87.6568907467,1303066959.0,50299457,50299687
50299687,41.8694276435,-87.6571683149,1303066962.0,50299612,50299771
50299771,41.8694186232,-87.6574691534,1303066965.0,50299687,50299862
50299862,41.8694156666,-87.6577681087,1303066968.0,50299771,50299946
50299946,41.8694096014,-87.6580811111,1303066971.0,50299862,50300014
50300014,41.8694036734,-87.6584270963,1303066974.0,50299946,50300064
50300064,41.8694005455,-87.6586731085,1303066976.0,50300014,50300118
50300118,41.8693956552,-87.6589270812,1303066978.0,50300064,50300180
50300180,41.8693925901,-87.6591821023,1303066980.0,50300118,50300242
50300242,41.8693903809,-87.6594350816,1303066982.0,50300180,50300301
50300301,41.8693882916,-87.6596910604,1303066984.0,50300242,50300359
50300359,41.8693842805,-87.6599480776,1303066986.0,50300301,50300407
50300407,41.8693793251,-87.6601950782,1303066988.0,50300359,50300459
50300459,41.8693752153,-87.6604390648,1303066990.0,50300407,50300542
50300542,41.8693692835,-87.6607920638,1303066993.0,50300459,50300634
50300634,41.8693655898,-87.6611031081,1303066996.0,50300542,50300747
50300747,41.8693898877,-87.6613641547,1303067000.0,50300634,50301200
50301200,41.8693806498,-87.6616451309,1303067015.0,50300747,50301285
50301285,41.8693624571,-87.661898035,1303067018.0,50301200,50301368
50301368,41.8693348985,-87.6621910635,1303067021.0,50301285,50301459
50301459,41.8693226679,-87.6625140628,1303067024.0,50301368,50301557
50301557,41.8693193994,-87.6628480308,1303067027.0,50301459,50301649
50301649,41.8693183694,-87.6631640908,1303067030.0,50301557,50301732
50301732,41.8693135423,-87.6634531006,1303067033.0,50301649,50301860
50301860,41.8693113491,-87.6637060527,1303067037.0,50301732,50301930
50301930,41.8693078456,-87.6639550928,1303067044.0,50301860,50301998
50301998,41.8693085617,-87.6642041499,1303067054.0,50301930,50302024
50302024,41.8692995842,-87.6644690863,1303067057.0,50301998,50302052
50302052,41.869295612,-87.6647811217,1303067060.0,50302024,50302082
50302082,41.8692926978,-87.6651001141,1303067063.0,50302052,50302112
50302112,41.8692883814,-87.6654161162,1303067066.0,50302082,50302145
50302145,41.8692848659,-87.6657462069,1303067069.0,50302112,50302181
50302181,41.8692895073,-87.6660843343,1303067072.0,50302145,50302217
50302217,41.869289801,-87.6664502401,1303067075.0,50302181,50302243
50302243,41.8692845111,-87.6667041664,1303067077.0,50302217,50302269
50302269,41.8692776162,-87.6669612201,1303067079.0,50302243,50302295
50302295,41.8692647332,-87.6672171655,1303067081.0,50302269,50302323
50302323,41.8692594614,-87.667475109,1303067083.0,50302295,50302351
50302351,41.8692543155,-87.6677240892,1303067085.0,50302323,50302393
50302393,41.8692471611,-87.6680779355,1303067088.0,50302351,50302438
50302438,41.8692416532,-87.6684061836,1303067091.0,50302393,50302470
50302470,41.8692480771,-87.6686892558,1303067094.0,50302438,50302567
50302567,41.8692401219,-87.6689348989,1303067100.0,50302470,50302629
50302629,41.8692438441,-87.6691778506,1303067104.0,50302567,50302683
50302683,41.8692321396,-87.6694640836,1303067107.0,50302629,50302730
50302730,41.8692184585,-87.669745122,1303067110.0,50302683,50302782
50302782,41.8692001887,-87.670083962,1303067113.0,50302730,50302819
50302819,41.869201537,-87.6703410111,1303067115.0,50302782,50302873
50302873,41.8692003545,-87.6706978058,1303067118.0,50302819,50302927
50302927,41.8691984323,-87.6710074035,1303067121.0,50302873,50303024
50303024,41.869203984,-87.6712520317,1303067126.0,50302927,50303115
50303115,41.8692041647,-87.6714974376,1303067131.0,50303024,50303235
50303235,41.869221924,-87.6718044874,1303067137.0,50303115,50303294
50303294,41.8692039222,-87.6721750442,1303067140.0,50303235,50303335
50303335,41.8692029226,-87.6724601116,1303067142.0,50303294,50303378
50303378,41.8692076588,-87.6727211187,1303067144.0,50303335,50303419
50303419,41.8692137595,-87.6729633401,1303067146.0,50303378,50303479
50303479,41.8692160437,-87.6732757887,1303067149.0,50303419,50303602
50303602,41.8691904248,-87.6735171658,1303067155.0,50303479,50303825
50303825,41.8691191225,-87.6738083482,1303067165.0,50303602,50303894
50303894,41.8691018824,-87.674092174,1303067168.0,50303825,50303965
50303965,41.8691028237,-87.6744271609,1303067171.0,50303894,50304031
50304031,41.8691012423,-87.6747751748,1303067174.0,50303965,50304094
50304094,41.8690994584,-87.6751061523,1303067177.0,50304031,50304168
50304168,41.8690975626,-87.6754200184,1303067180.0,50304094,50304215
50304215,41.8691216622,-87.6756617528,1303067183.0,50304168,50304492
50304492,41.8691366684,-87.6759281145,1303067197.0,50304215,50304596
50304596,41.8691181159,-87.6762282938,1303067201.0,50304492,50304670
50304670,41.8691033812,-87.6765193731,1303067204.0,50304596,50304742
50304742,41.8690877259,-87.6768492323,1303067207.0,50304670,50304813
50304813,41.8690795047,-87.6772001534,1303067210.0,50304742,50304860
50304860,41.8690754192,-87.6774451495,1303067212.0,50304813,50304914
50304914,41.8690693832,-87.6776911409,1303067214.0,50304860,50304965
50304965,41.8690643143,-87.6779431442,1303067216.0,50304914,50305019
50305019,41.8690623057,-87.6781961551,1303067218.0,50304965,50305075
50305075,41.8690572477,-87.6784431639,1303067220.0,50305019,50305129
50305129,41.869054338,-87.6786931546,1303067222.0,50305075,50305173
50305173,41.8690502734,-87.6789401323,1303067224.0,50305129,50305249
50305249,41.8690490884,-87.6792901116,1303067227.0,50305173,50305325
50305325,41.8690472052,-87.6796101072,1303067230.0,50305249,50305408
50305408,41.8690483525,-87.6799000439,1303067233.0,50305325,50305479
50305479,41.869060746,-87.6803531857,1303067239.0,50305408,50305580
50305580,41.869070575,-87.6806700497,1303067246.0,50305479,50305627
50305627,41.8690645944,-87.6813443096,1303067253.0,50305580,50305713
50305713,41.8690514712,-87.6816903331,1303067256.0,50305627,50305795
50305795,41.8690386488,-87.6820512698,1303067259.0,50305713,50305851
50305851,41.8690335779,-87.6822932383,1303067261.0,50305795,50305937
50305937,41.869029125,-87.6826432007,1303067264.0,50305851,50306022
50306022,41.8690248471,-87.6829660936,1303067267.0,50305937,50306107
50306107,41.8690306271,-87.6832280545,1303067270.0,50306022,50306732
50306732,41.8690526417,-87.6834679938,1303067291.0,50306107,50307191
50307191,41.8690347474,-87.6837481075,1303067306.0,50306732,50307279
50307279,41.8690187168,-87.6840137937,1303067309.0,50307191,50307379
50307379,41.8690067862,-87.6843110045,1303067312.0,50307279,50307476
50307476,41.868999924,-87.684583227,1303067315.0,50307379,50307667
50307667,41.8689965256,-87.6848680343,1303067321.0,50307476,50307771
50307771,41.8689968637,-87.6851639959,1303067325.0,50307667,50307863
50307863,41.8689966595,-87.6854529921,1303067328.0,50307771,50307959
50307959,41.8689954871,-87.6857289218,1303067331.0,50307863,50308080
50308080,41.8690042269,-87.6859947425,1303067335.0,50307959,50308277
50308277,41.8691794337,-87.6860689299,1303067341.0,50308080,50308663
50308663,41.8694011911,-87.686069194,1303067353.0,50308277,50308767
50308767,41.8696061154,-87.6860763847,1303067356.0,50308663,50308869
50308869,41.8698461242,-87.6860861678,1303067359.0,50308767,50308979
50308979,41.870107105,-87.6860999318,1303067362.0,50308869,50309084
50309084,41.8703701098,-87.6861094323,1303067365.0,50308979,50309180
50309180,41.8706231178,-87.6861152411,1303067368.0,50309084,50309279
50309279,41.8708752169,-87.6861189999,1303067371.0,50309180,50309380
50309380,41.8711401954,-87.6861267011,1303067374.0,50309279,50309445
50309445,41.8714141029,-87.6861366411,1303067377.0,50309380,50309516
50309516,41.8716040736,-87.686143724,1303067379.0,50309445,50309589
50309589,41.8717960804,-87.6861526154,1303067381.0,50309516,50309649
50309649,41.8719930585,-87.6861589852,1303067383.0,50309589,50309719
50309719,41.8721870456,-87.6861661397,1303067385.0,50309649,50309788
50309788,41.8723810677,-87.6861743226,1303067387.0,50309719,50309860
50309860,41.8725740948,-87.6861804698,1303067389.0,50309788,50309922
50309922,41.8727610676,-87.6861851924,1303067391.0,50309860,50309992
50309992,41.872944074,-87.6861883989,1303067393.0,50309922,50310099
50310099,41.8732050713,-87.6861912928,1303067396.0,50309992,50310203
50310203,41.8734420067,-87.6861892762,1303067399.0,50310099,50310346
50310346,41.8736323211,-87.6861746299,1303067403.0,50310203,50310959
50310959,41.8738292575,-87.686096688,1303067421.0,50310346,50311093
50311093,41.8738522833,-87.68580722,1303067425.0,50310959,50311201
50311201,41.8738696125,-87.6855282723,1303067428.0,50311093,50311308
50311308,41.873883658,-87.6852052554,1303067431.0,50311201,50311421
50311421,41.8738954985,-87.6848591958,1303067434.0,50311308,50311530
50311530,41.8739046833,-87.6845201164,1303067437.0,50311421,50311647
50311647,41.8739119912,-87.6842220291,1303067440.0,50311530,50311858
50311858,41.8739285042,-87.683971981,1303067446.0,50311647,50312779
50312779,41.8739375317,-87.683646913,1303067471.0,50311858,50312886
50312886,41.8739423156,-87.6833350063,1303067474.0,50312779,50312995
50312995,41.8739466501,-87.6829809929,1303067477.0,50312886,50313067
50313067,41.8739505379,-87.682736982,1303067479.0,50312995,50313143
50313143,41.8739535889,-87.6824919621,1303067481.0,50313067,50313250
50313250,41.8739588614,-87.6821360191,1303067484.0,50313143,50313365
50313365,41.8739658547,-87.6818070563,1303067487.0,50313250,50313474
50313474,41.8739715748,-87.681558915,1303067490.0,50313365,None
