108831138,41.867469003,-87.6470256997,1302989340.0,None,108831576
108831576,41.8672693386,-87.6470548129,1302989354.0,108831138,108831737
108831737,41.8671609006,-87.647300168,1302989359.0,108831576,108831838
108831838,41.8671798738,-87.6476572145,1302989362.0,108831737,108831891
108831891,41.8671872608,-87.6479322013,1302989364.0,108831838,108831949
108831949,41.867188621,-87.6483572203,1302989367.0,108831891,108832013
108832013,41.8671849212,-87.6486241791,1302989369.0,108831949,108832081
108832081,41.8671811286,-87.6488691295,1302989371.0,108832013,108832178
108832178,41.8671733632,-87.649157165,1302989374.0,108832081,108833021
108833021,41.8671648869,-87.6494301747,1302989399.0,108832178,108833152
108833152,41.867168157,-87.6497341447,1302989403.0,108833021,108833254
108833254,41.8671708449,-87.6500790223,1302989406.0,108833152,108833322
108833322,41.8671706723,-87.6503370051,1302989408.0,108833254,108833394
108833394,41.8671733557,-87.6505817794,1302989410.0,108833322,108833497
108833497,41.8671757856,-87.6508920801,1302989413.0,108833394,108833629
108833629,41.8672783161,-87.6511043305,1302989417.0,108833497,108833731
108833731,41.867461994,-87.6510715183,1302989420.0,108833629,108833828
108833828,41.8677363322,-87.6510605673,1302989423.0,108833731,108833898
108833898,41.8679583018,-87.6510722398,1302989425.0,108833828,108833972
108833972,41.8681962897,-87.651075073,1302989427.0,108833898,108834038
108834038,41.8684462675,-87.6510811573,1302989429.0,108833972,108834113
108834113,41.8686952829,-87.6510854574,1302989431.0,108834038,108834188
108834188,41.8689343981,-87.6510907156,1302989433.0,108834113,108834260
108834260,41.869142824,-87.6511061268,1302989435.0,108834188,108834364
108834364,41.869372611,-87.6511484851,1302989438.0,108834260,108834502
108834502,41.8695299825,-87.651342105,1302989442.0,108834364,108834609
108834609,41.8695182429,-87.6516041649,1302989445.0,108834502,108834718
108834718,41.8695023502,-87.6519631532,1302989448.0,108834609,108834790
108834790,41.8694985105,-87.6522460736,1302989450.0,108834718,108834864
108834864,41.8694982777,-87.6525420124,1302989452.0,108834790,108834938
108834938,41.8694905888,-87.6528229818,1302989454.0,108834864,108835007
108835007,41.8694828452,-87.6531100059,1302989456.0,108834938,108835080
108835080,41.8694742579,-87.6533940099,1302989458.0,108835007,108835152
108835152,41.8694657168,-87.6536650373,1302989460.0,108835080,108835258
108835258,41.8694561238,-87.6539829488,1302989463.0,108835152,108835474
108835474,41.8694521023,-87.6542800047,1302989469.0,108835258,108835622
108835622,41.8694516372,-87.6546100137,1302989473.0,108835474,108835734
108835734,41.8694421889,-87.6548599979,1302989476.0,108835622,108835845
108835845,41.8694444939,-87.6551610746,1302989479.0,108835734,108835918
108835918,41.8694379811,-87.6554190102,1302989481.0,108835845,108836002
108836002,41.8694266778,-87.655703063,1302989483.0,108835918,108836085
108836085,41.8694186203,-87.656000012,1302989485.0,108836002,108836163
108836163,41.8694125677,-87.6562968932,1302989487.0,108836085,108836231
108836231,41.8694018824,-87.6565900123,1302989489.0,108836163,108836301
108836301,41.8693910268,-87.6568725304,1302989491.0,108836231,108836379
108836379,41.8693823824,-87.6571633297,1302989493.0,108836301,108836448
108836448,41.8693723584,-87.6574581843,1302989495.0,108836379,108836521
108836521,41.8693653639,-87.6577591217,1302989497.0,108836448,108836595
108836595,41.869358335,-87.658066097,1302989499.0,108836521,108836669
108836669,41.8693504474,-87.6583840884,1302989501.0,108836595,108836744
108836744,41.8693413272,-87.658705102,1302989503.0,108836669,108836821
108836821,41.8693362582,-87.6590061033,1302989505.0,108836744,108836903
108836903,41.8693312043,-87.6592661195,1302989507.0,108836821,108836973
108836973,41.8693186796,-87.6595120954,1302989509.0,108836903,108837085
108837085,41.869301931,-87.6598600893,1302989512.0,108836973,108837192
108837192,41.8692926831,-87.660208082,1302989515.0,108837085,108837297
108837297,41.8692897933,-87.6605640677,1302989518.0,108837192,108837340
108837340,41.8692847036,-87.6608120503,1302989520.0,108837297,108837457
108837457,41.8692774249,-87.661174047,1302989523.0,108837340,108837526
108837526,41.8692691313,-87.6615260893,1302989526.0,108837457,108837633
108837633,41.8692592547,-87.6618610677,1302989529.0,108837526,108837734
108837734,41.869257512,-87.6621810838,1302989532.0,108837633,108837833
108837833,41.869254657,-87.6624900848,1302989535.0,108837734,108837936
108837936,41.8692495899,-87.6627961086,1302989538.0,108837833,108838044
108838044,41.8692446216,-87.6630920121,1302989541.0,108837936,108838153
108838153,41.8692364718,-87.663398087,1302989544.0,108838044,108838260
108838260,41.8692231117,-87.6636691101,1302989547.0,108838153,108838437
108838437,41.8692077703,-87.663918015,1302989552.0,108838260,108838989
108838989,41.8691850442,-87.6641630083,1302989567.0,108838437,108839158
108839158,41.8691963255,-87.6644519943,1302989572.0,108838989,108839263
108839263,41.8691871219,-87.6647100332,1302989575.0,108839158,108839376
108839376,41.8691749603,-87.665033016,1302989578.0,108839263,108839488
108839488,41.8691639023,-87.6653820228,1302989581.0,108839376,108839593
108839593,41.8691485976,-87.6656680193,1302989584.0,108839488,108839701
108839701,41.8691415564,-87.6659140084,1302989587.0,108839593,108839802
108839802,41.8691314479,-87.6662039917,1302989590.0,108839701,108839903
108839903,41.8691214142,-87.6665480602,1302989593.0,108839802,108839978
108839978,41.8691073327,-87.666790015,1302989595.0,108839903,108840054
108840054,41.8690973467,-87.667038998,1302989597.0,108839978,108840128
108840128,41.8690923095,-87.6673110202,1302989599.0,108840054,108840203
108840203,41.8690842214,-87.6675860038,1302989601.0,108840128,108840271
108840271,41.8690803107,-87.6678390097,1302989603.0,108840203,108840378
108840378,41.86907439,-87.6681949894,1302989606.0,108840271,108840481
108840481,41.8690693671,-87.6684849834,1302989609.0,108840378,108840654
108840654,41.8690531702,-87.6687660441,1302989614.0,108840481,108840959
108840959,41.8690201814,-87.6690481748,1302989622.0,108840654,108841063
108841063,41.8690130256,-87.6693299949,1302989625.0,108840959,108841136
108841136,41.8690110174,-87.6695730095,1302989627.0,108841063,108841208
108841208,41.8690080103,-87.6698360038,1302989629.0,108841136,108841271
108841271,41.8690040621,-87.6701150009,1302989631.0,108841208,108841339
108841339,41.8689948912,-87.6704049869,1302989633.0,108841271,108841412
108841412,41.8689958778,-87.6706720721,1302989635.0,108841339,108841526
108841526,41.8689864234,-87.6710079457,1302989638.0,108841412,108841657
108841657,41.8689750962,-87.6713000524,1302989642.0,108841526,108841877
108841877,41.8689745114,-87.6715820801,1302989648.0,108841657,108841987
108841987,41.868994778,-87.671864938,1302989651.0,108841877,108842053
108842053,41.8689867601,-87.6721269914,1302989653.0,108841987,108842125
108842125,41.8689755641,-87.6723999522,1302989655.0,108842053,108842196
108842196,41.8689624748,-87.6726679549,1302989657.0,108842125,108842270
108842270,41.868956488,-87.6729179118,1302989659.0,108842196,108842382
108842382,41.8689621611,-87.6732430505,1302989662.0,108842270,108842539
108842539,41.8689631834,-87.6735258391,1302989666.0,108842382,108842754
108842754,41.8689290029,-87.6738499821,1302989672.0,108842539,108842860
108842860,41.8689210823,-87.6742049819,1302989675.0,108842754,108842926
108842926,41.8689150561,-87.6745019889,1302989677.0,108842860,108842997
108842997,41.8689100172,-87.6747989952,1302989679.0,108842926,108843072
108843072,41.8689039933,-87.6750720056,1302989681.0,108842997,108843152
108843152,41.8688959986,-87.6753320107,1302989683.0,108843072,108843265
108843265,41.8688860113,-87.6756719907,1302989686.0,108843152,108843380
108843380,41.8688779933,-87.6759169988,1302989689.0,108843265,108843629
108843629,41.868882015,-87.6761989329,1302989698.0,108843380,108843642
108843642,41.8688879832,-87.6764489981,1302989701.0,108843629,108843659
108843659,41.8688809633,-87.676778998,1302989704.0,108843642,108843679
108843679,41.8688960153,-87.6771269989,1302989707.0,108843659,108843694
108843694,41.8689020634,-87.6773940031,1302989709.0,108843679,108843710
108843710,41.868904104,-87.6776620041,1302989711.0,108843694,108843727
108843727,41.8688990957,-87.6779300054,1302989713.0,108843710,108843745
108843745,41.868889058,-87.6782030095,1302989715.0,108843727,108843764
108843764,41.8688800408,-87.6784670087,1302989717.0,108843745,108843784
108843784,41.86887608,-87.6787270253,1302989719.0,108843764,108843804
108843804,41.8688710853,-87.6789790244,1302989721.0,108843784,108843826
108843826,41.8688641592,-87.6792290109,1302989723.0,108843804,108843848
108843848,41.8688601797,-87.6794720026,1302989725.0,108843826,108843883
108843883,41.8688532202,-87.6798129937,1302989728.0,108843848,108843919
108843919,41.8688522221,-87.6801369904,1302989731.0,108843883,108843970
108843970,41.8688441501,-87.6804209854,1302989735.0,108843919,108844243
108844243,41.8688271032,-87.6806669888,1302989754.0,108843970,108844339
108844339,41.868825082,-87.6809649965,1302989760.0,108844243,108844388
108844388,41.8688160551,-87.6812169996,1302989763.0,108844339,108844436
108844436,41.86881305,-87.68151,1302989766.0,108844388,108844484
108844484,41.8688170641,-87.6818390006,1302989769.0,108844436,108844538
108844538,41.8688160674,-87.6821679999,1302989772.0,108844484,108844586
108844586,41.8688200855,-87.6824870003,1302989775.0,108844538,108844643
108844643,41.868821099,-87.6828130014,1302989778.0,108844586,108844700
108844700,41.8688251304,-87.6831080015,1302989781.0,108844643,108844755
108844755,41.8688221276,-87.6833780029,1302989784.0,108844700,108844833
108844833,41.8688191242,-87.6836199873,1302989788.0,108844755,108844972
108844972,41.8688241113,-87.6839130002,1302989795.0,108844833,108845031
108845031,41.8688211133,-87.6842370006,1302989798.0,108844972,108845093
108845093,41.8688161471,-87.6845900152,1302989801.0,108845031,108845138
108845138,41.868811153,-87.6848459982,1302989804.0,108845093,108845219
108845219,41.8688131768,-87.6851110015,1302989809.0,108845138,108845278
108845278,41.8688222736,-87.6854180035,1302989812.0,108845219,108845307
108845307,41.8688312974,-87.6857700025,1302989815.0,108845278,108845358
108845358,41.868821022,-87.6860609449,1302989818.0,108845307,108845506
108845506,41.8689790862,-87.686198656,1302989825.0,108845358,108845659
108845659,41.869148271,-87.6860499584,1302989832.0,108845506,108845729
108845729,41.8693310031,-87.6860208881,1302989835.0,108845659,108845799
108845799,41.8696117785,-87.6860030232,1302989838.0,108845729,108845845
108845845,41.8698297476,-87.6860042215,1302989840.0,108845799,108845893
108845893,41.8700617915,-87.6860014567,1302989842.0,108845845,108845942
108845942,41.870296845,-87.6860053248,1302989844.0,108845893,108845990
108845990,41.8705218507,-87.6860081048,1302989846.0,108845942,108846035
108846035,41.8707219037,-87.686017976,1302989848.0,108845990,108846105
108846105,41.8709697993,-87.6860266667,1302989851.0,108846035,108846177
108846177,41.8712106882,-87.6860365417,1302989854.0,108846105,108846257
108846257,41.8714356275,-87.6860567081,1302989857.0,108846177,108846322
108846322,41.8716296669,-87.6860731343,1302989860.0,108846257,108846395
108846395,41.8718597,-87.6861112841,1302989863.0,108846322,108846448
108846448,41.8720617954,-87.6861137762,1302989865.0,108846395,108846498
108846498,41.8722948432,-87.6861094049,1302989867.0,108846448,108846551
108846551,41.8725358376,-87.6861052169,1302989869.0,108846498,108846603
108846603,41.8727718592,-87.6861026871,1302989871.0,108846551,108846652
108846652,41.8729998516,-87.6861122133,1302989873.0,108846603,108846706
108846706,41.8732098442,-87.686116483,1302989875.0,108846652,108846785
108846785,41.8734659327,-87.6861203639,1302989878.0,108846706,108846897
108846897,41.8736670012,-87.6861330005,1302989882.0,108846785,108847316
108847316,41.8738030483,-87.6859438006,1302989899.0,108846897,108847428
108847428,41.8738081362,-87.685613189,1302989903.0,108847316,108847482
108847482,41.8738186045,-87.6853592243,1302989905.0,108847428,108847537
108847537,41.8738277989,-87.6850721742,1302989907.0,108847482,108847594
108847594,41.8738402008,-87.6847801727,1302989909.0,108847537,108847647
108847647,41.8738462429,-87.684504145,1302989911.0,108847594,108847702
108847702,41.8738482,-87.6842551301,1302989913.0,108847647,108847770
108847770,41.8738497524,-87.6840011684,1302989916.0,108847702,108848033
108848033,41.8738322886,-87.6837581753,1302989925.0,108847770,108848116
108848116,41.8738396343,-87.6834231631,1302989928.0,108848033,108848173
108848173,41.8738468983,-87.6831391818,1302989930.0,108848116,108848230
108848230,41.873855191,-87.6828141526,1302989932.0,108848173,108848292
108848292,41.8738669148,-87.6824621029,1302989934.0,108848230,108848355
108848355,41.8738710599,-87.682119063,1302989936.0,108848292,108848413
108848413,41.8738772964,-87.6818141075,1302989938.0,108848355,108848497
108848497,41.8738788853,-87.6815022246,1302989941.0,108848413,108848626
108848626,41.8738891334,-87.6812153294,1302989946.0,108848497,108848726
108848726,41.8739123544,-87.6809143297,1302989949.0,108848626,108848792
108848792,41.8739245161,-87.6806463285,1302989951.0,108848726,108848862
108848862,41.8739356272,-87.6803372591,1302989953.0,108848792,108848921
108848921,41.8739436346,-87.6800162303,1302989955.0,108848862,108848973
108848973,41.8739466012,-87.679693179,1302989957.0,108848921,108849024
108849024,41.873951565,-87.6793741883,1302989959.0,108848973,108849081
108849081,41.8739555018,-87.6790562032,1302989961.0,108849024,108849144
108849144,41.8739634846,-87.6787432254,1302989963.0,108849081,108849209
108849209,41.8739665545,-87.6784322018,1302989965.0,108849144,108849279
108849279,41.8739695375,-87.6781241998,1302989967.0,108849209,108849344
108849344,41.8739704012,-87.6778041828,1302989969.0,108849279,108849412
108849412,41.8739753318,-87.677492229,1302989971.0,108849344,108849470
108849470,41.8739701165,-87.6772027855,1302989973.0,108849412,108849544
108849544,41.8739592962,-87.6768720732,1302989976.0,108849470,108849905
108849905,41.873906471,-87.676608351,1302989987.0,108849544,108850029
108850029,41.8737007721,-87.676522579,1302989991.0,108849905,108850123
108850123,41.8734904325,-87.6765025887,1302989994.0,108850029,108850225
108850225,41.8732903836,-87.6764858083,1302989997.0,108850123,108850355
108850355,41.8731073741,-87.6764755907,1302990001.0,108850225,108850554
108850554,41.8728983672,-87.6764636361,1302990008.0,108850355,108850653
108850653,41.8726892875,-87.6764540619,1302990011.0,108850554,108850727
108850727,41.8725082827,-87.6764434057,1302990013.0,108850653,108850797
108850797,41.8723004824,-87.6764355147,1302990015.0,108850727,108850867
108850867,41.8720857523,-87.6764178653,1302990017.0,108850797,108850928
108850928,41.871875541,-87.6763931784,1302990019.0,108850867,108851002
108851002,41.871678628,-87.6763758068,1302990021.0,108850928,108851096
108851096,41.8714683372,-87.676364853,1302990024.0,108851002,108851258
108851258,41.8713624345,-87.6761220947,1302990029.0,108851096,108851355
108851355,41.8713824451,-87.6757761432,1302990032.0,108851258,108851466
108851466,41.87139123,-87.6754231059,1302990035.0,108851355,108851599
108851599,41.8713804419,-87.6751454245,1302990039.0,108851466,None
