103256414,41.8693915925,-87.6714947012,1301863119.0,None,103256437
103256437,41.8694987579,-87.6717800853,1301863122.0,103256414,103256453
103256453,41.8695149149,-87.6720499162,1301863124.0,103256437,103256471
103256471,41.8695249999,-87.6723099877,1301863126.0,103256453,103256499
103256499,41.8695500972,-87.6726100244,1301863129.0,103256471,103256539
103256539,41.8695489849,-87.6728659026,1301863133.0,103256499,103256630
103256630,41.8696046833,-87.6731289853,1301863141.0,103256539,103256666
103256666,41.8696144801,-87.6734520056,1301863144.0,103256630,103256692
103256692,41.8696117523,-87.6737568351,1301863146.0,103256666,103256718
103256718,41.8696058228,-87.6740509585,1301863148.0,103256692,103256744
103256744,41.869596936,-87.6743260086,1301863150.0,103256718,103256772
103256772,41.869600066,-87.6745850665,1301863152.0,103256744,103256800
103256800,41.8695890334,-87.6748651332,1301863154.0,103256772,103256828
103256828,41.8695657743,-87.6751399806,1301863156.0,103256800,103256857
103256857,41.8695456963,-87.6754039008,1301863158.0,103256828,103256887
103256887,41.8695288644,-87.6756679857,1301863160.0,103256857,103256917
103256917,41.8694989827,-87.6759749843,1301863162.0,103256887,103256947
103256947,41.8694658864,-87.6763041904,1301863164.0,103256917,103256979
103256979,41.8694135291,-87.6766889899,1301863166.0,103256947,103257011
103257011,41.8693776113,-87.6770769703,1301863168.0,103256979,103257042
103257042,41.8693484626,-87.6774429596,1301863170.0,103257011,103257072
103257072,41.8693240513,-87.6777909585,1301863172.0,103257042,103257106
103257106,41.8692893361,-87.6781239439,1301863174.0,103257072,103257140
103257140,41.8692618465,-87.678455916,1301863176.0,103257106,103257174
103257174,41.8692394571,-87.6787828879,1301863178.0,103257140,103257207
103257207,41.8692147249,-87.6790929349,1301863180.0,103257174,103257244
103257244,41.8691971731,-87.6793789194,1301863182.0,103257207,103257278
103257278,41.8691849128,-87.6796279288,1301863184.0,103257244,103257330
103257330,41.8691675544,-87.6799039618,1301863187.0,103257278,103257424
103257424,41.8691429588,-87.6801561941,1301863192.0,103257330,103257831
103257831,41.8690617432,-87.68037821,1301863213.0,103257424,103257917
103257917,41.8690594509,-87.6806580131,1301863217.0,103257831,103257982
103257982,41.869061047,-87.6809602051,1301863220.0,103257917,103258024
103258024,41.8690577513,-87.6812213439,1301863222.0,103257982,103258066
103258066,41.8690476705,-87.681505411,1301863224.0,103258024,103258110
103258110,41.8690386191,-87.6817983849,1301863226.0,103258066,103258157
103258157,41.8690340257,-87.6820882701,1301863228.0,103258110,103258201
103258201,41.8690351112,-87.6823692248,1301863230.0,103258157,103258243
103258243,41.869031689,-87.6826441839,1301863232.0,103258201,103258284
103258284,41.8690317729,-87.6828980813,1301863234.0,103258243,103258352
103258352,41.8690347777,-87.6831860063,1301863237.0,103258284,103258466
103258466,41.8690392742,-87.6834501713,1301863242.0,103258352,103258555
103258555,41.8690349351,-87.6836961934,1301863247.0,103258466,103258621
103258621,41.8690268793,-87.6839817292,1301863250.0,103258555,103258671
103258671,41.8690158858,-87.6843019571,1301863253.0,103258621,103258731
103258731,41.8690082451,-87.6845891413,1301863256.0,103258671,103258877
103258877,41.8690020543,-87.6848481077,1301863263.0,103258731,103258951
103258951,41.8690076226,-87.6851108865,1301863267.0,103258877,103259028
103259028,41.8690040922,-87.6853559513,1301863270.0,103258951,103259131
103259131,41.8689990323,-87.6856460343,1301863274.0,103259028,103259487
103259487,41.8689527962,-87.6858837067,1301863288.0,103259131,103259850
103259850,41.8690753469,-87.6860818186,1301863302.0,103259487,103260594
103260594,41.869256178,-87.6861393171,1301863329.0,103259850,103260674
103260674,41.8694642212,-87.6861351893,1301863332.0,103260594,103260732
103260732,41.8696593208,-87.6861420978,1301863334.0,103260674,103260795
103260795,41.8698923269,-87.6861406858,1301863336.0,103260732,103260854
103260854,41.8701212752,-87.6861458767,1301863338.0,103260795,103260915
103260915,41.8703432112,-87.6861468807,1301863340.0,103260854,103260973
103260973,41.8705511957,-87.6861438363,1301863342.0,103260915,103261036
103261036,41.8707441582,-87.6861406741,1301863344.0,103260973,103261122
103261122,41.8709872566,-87.6861353262,1301863347.0,103261036,103261208
103261208,41.8712322354,-87.6861406674,1301863350.0,103261122,103261293
103261293,41.8714962619,-87.6861534434,1301863353.0,103261208,103261354
103261354,41.8716852324,-87.6861631919,1301863355.0,103261293,103261416
103261416,41.8718831977,-87.6861689714,1301863357.0,103261354,103261476
103261476,41.8720780923,-87.6861672512,1301863359.0,103261416,103261527
103261527,41.8722690438,-87.6861674289,1301863361.0,103261476,103261588
103261588,41.8724710459,-87.6861694907,1301863363.0,103261527,103261656
103261656,41.8726710141,-87.6861703019,1301863365.0,103261588,103261720
103261720,41.8728750005,-87.6861722986,1301863367.0,103261656,103261779
103261779,41.8730750029,-87.6861729257,1301863369.0,103261720,103261841
103261841,41.8732609753,-87.6861754988,1301863371.0,103261779,103261925
103261925,41.8735089628,-87.6861806708,1301863374.0,103261841,103262047
103262047,41.873723729,-87.6861827073,1301863378.0,103261925,103262482
103262482,41.8738848542,-87.6859621554,1301863392.0,103262047,103262576
103262576,41.8739108858,-87.6857069154,1301863395.0,103262482,103262672
103262672,41.8739297493,-87.6853518149,1301863398.0,103262576,103262746
103262746,41.8739341231,-87.6850968667,1301863400.0,103262672,103262843
103262843,41.8739378319,-87.684743878,1301863403.0,103262746,103262930
103262930,41.8739304753,-87.6844259759,1301863406.0,103262843,103263062
103263062,41.8739154701,-87.6841640375,1301863410.0,103262930,103263233
103263233,41.8739208072,-87.683872995,1301863415.0,103263062,103263306
103263306,41.8739251229,-87.6835829998,1301863418.0,103263233,103263409
103263409,41.8739260654,-87.6832320976,1301863421.0,103263306,103263478
103263478,41.8739286059,-87.6829691351,1301863423.0,103263409,103263549
103263549,41.8739301677,-87.6827041156,1301863425.0,103263478,103263615
103263615,41.8739307328,-87.6824430941,1301863427.0,103263549,103263690
103263690,41.8739258388,-87.682195098,1301863429.0,103263615,103263781
103263781,41.8739175471,-87.6818641528,1301863432.0,103263690,103263914
103263914,41.8739303501,-87.6815802917,1301863436.0,103263781,103264152
103264152,41.8739405867,-87.6813132752,1301863443.0,103263914,103264253
103264253,41.8739486166,-87.6810401808,1301863446.0,103264152,103264325
103264325,41.8739555996,-87.6807982236,1301863448.0,103264253,103264399
103264399,41.8739606451,-87.6805292378,1301863450.0,103264325,103264472
103264472,41.8739594704,-87.6802322119,1301863452.0,103264399,103264533
103264533,41.873957033,-87.6799282262,1301863454.0,103264472,103264600
103264600,41.8739628577,-87.6796371491,1301863456.0,103264533,103264663
103264663,41.8739694664,-87.6793571801,1301863458.0,103264600,103264738
103264738,41.8739760784,-87.6790781662,1301863460.0,103264663,103264805
103264805,41.8739765747,-87.6787981879,1301863462.0,103264738,103264873
103264873,41.873979764,-87.6785121836,1301863464.0,103264805,103264942
103264942,41.8739772153,-87.6782231912,1301863466.0,103264873,103265012
103265012,41.8739735025,-87.677944203,1301863468.0,103264942,103265090
103265090,41.8739642021,-87.6776821287,1301863470.0,103265012,103265155
103265155,41.8739597209,-87.677436144,1301863472.0,103265090,103265255
103265255,41.8739599456,-87.677127626,1301863475.0,103265155,103265440
103265440,41.8739711336,-87.6768560143,1301863480.0,103265255,103266386
103266386,41.873933982,-87.6765843509,1301863507.0,103265440,103266532
103266532,41.8737451663,-87.676503723,1301863511.0,103266386,103266647
103266647,41.8735110323,-87.6764814543,1301863514.0,103266532,103266761
103266761,41.8732631085,-87.6764650351,1301863517.0,103266647,103266870
103266870,41.8730521721,-87.6764552645,1301863520.0,103266761,None
