26728998,41.8681411784,-87.6510419579,1304036893.0,None,26729635
26729635,41.8683732493,-87.6510676572,1304036911.0,26728998,26729743
26729743,41.8685632521,-87.6510797201,1304036914.0,26729635,26729849
26729849,41.8687993159,-87.651093113,1304036917.0,26729743,26729954
26729954,41.869033625,-87.6511012959,1304036920.0,26729849,26730109
26730109,41.8692254991,-87.6511053756,1304036925.0,26729954,26730864
26730864,41.8694101888,-87.6509517556,1304036949.0,26730109,26730970
26730970,41.8694567133,-87.6506606098,1304036952.0,26730864,26731034
26731034,41.8694621968,-87.6504018251,1304036954.0,26730970,26731102
26731102,41.8694659871,-87.6501000201,1304036956.0,26731034,26731175
26731175,41.8694744779,-87.6497700612,1304036958.0,26731102,26731247
26731247,41.8694845145,-87.6494400269,1304036960.0,26731175,26731321
26731321,41.8694824552,-87.6491380177,1304036962.0,26731247,26731392
26731392,41.8694844885,-87.6488839796,1304036964.0,26731321,26731496
26731496,41.869489526,-87.6485740419,1304036967.0,26731392,26732231
26732231,41.8695166057,-87.6483010064,1304036988.0,26731496,26732371
26732371,41.8695618119,-87.6480139133,1304036992.0,26732231,26732452
26732452,41.8696034721,-87.6477069658,1304036995.0,26732371,26732566
26732566,41.8696212511,-87.6474188717,1304036998.0,26732452,26733570
26733570,41.8695853902,-87.6471732488,1304037026.0,26732566,26733743
26733743,41.8693537492,-87.6471023444,1304037031.0,26733570,26733838
26733838,41.8690772269,-87.6471146141,1304037034.0,26733743,26733902
26733902,41.8688522209,-87.6471196975,1304037036.0,26733838,26733971
26733971,41.8685932068,-87.6471084743,1304037038.0,26733902,26734045
26734045,41.8683300252,-87.6470921233,1304037040.0,26733971,26734128
26734128,41.8680798893,-87.647079499,1304037042.0,26734045,26734206
26734206,41.8678550681,-87.647073715,1304037044.0,26734128,26734281
26734281,41.8676611055,-87.6470619902,1304037046.0,26734206,26734382
26734382,41.8674273563,-87.6470440857,1304037049.0,26734281,26734508
26734508,41.867237439,-87.6470682781,1304037053.0,26734382,26734661
26734661,41.8672136557,-87.6473751149,1304037057.0,26734508,26734767
26734767,41.8672124834,-87.647747061,1304037060.0,26734661,26734840
26734840,41.8672128283,-87.6480500032,1304037062.0,26734767,26734913
26734913,41.867207762,-87.6483789875,1304037064.0,26734840,26734980
26734980,41.8671981101,-87.6486889846,1304037066.0,26734913,26735050
26735050,41.8671902451,-87.6489669844,1304037068.0,26734980,26735151
26735151,41.8671792949,-87.6492710694,1304037071.0,26735050,26735905
26735905,41.8671586447,-87.6495221924,1304037093.0,26735151,26736037
26736037,41.8671732052,-87.6498630461,1304037097.0,26735905,26736145
26736145,41.8671815241,-87.650204884,1304037100.0,26736037,26736255
26736255,41.8671852915,-87.6505227475,1304037103.0,26736145,26736353
26736353,41.8671837015,-87.6508840022,1304037106.0,26736255,26736417
26736417,41.8671799843,-87.6511759726,1304037108.0,26736353,26736481
26736481,41.8671711238,-87.6514872211,1304037110.0,26736417,26736548
26736548,41.8671594142,-87.6518061016,1304037112.0,26736481,26736618
26736618,41.867149351,-87.6521079723,1304037114.0,26736548,26736685
26736685,41.8671439773,-87.6523739991,1304037116.0,26736618,26736796
26736796,41.8671359947,-87.6527031046,1304037119.0,26736685,26736937
26736937,41.8671291449,-87.6529861149,1304037123.0,26736796,26737088
26737088,41.867125824,-87.6532431321,1304037127.0,26736937,26737191
26737191,41.8671237366,-87.6534931331,1304037130.0,26737088,26737294
26737294,41.8671151218,-87.6538172541,1304037133.0,26737191,26737363
26737363,41.8671062529,-87.6540582791,1304037135.0,26737294,26737438
26737438,41.8671007467,-87.6543393458,1304037137.0,26737363,26737513
26737513,41.8670968009,-87.6546603622,1304037139.0,26737438,26737574
26737574,41.8670923835,-87.6550181426,1304037141.0,26737513,26737641
26737641,41.8670848507,-87.6554041909,1304037143.0,26737574,26737712
26737712,41.8670765289,-87.6557841896,1304037145.0,26737641,26737788
26737788,41.8670661873,-87.6561572339,1304037147.0,26737712,26737856
26737856,41.8670623691,-87.6565302665,1304037149.0,26737788,26737926
26737926,41.8670562581,-87.6569192248,1304037151.0,26737856,26737992
26737992,41.8670501746,-87.6573192203,1304037153.0,26737926,26738063
26738063,41.86704038,-87.6577183218,1304037155.0,26737992,26738132
26738132,41.8670265825,-87.658102333,1304037157.0,26738063,26738211
26738211,41.8670215324,-87.6584933154,1304037159.0,26738132,26738283
26738283,41.8670164234,-87.65889028,1304037161.0,26738211,26738337
26738337,41.8670095899,-87.6592903126,1304037163.0,26738283,26738408
26738408,41.8670027135,-87.6596963065,1304037165.0,26738337,26738481
26738481,41.8669954338,-87.6601013208,1304037167.0,26738408,26738555
26738555,41.8669875828,-87.6605033176,1304037169.0,26738481,26738618
26738618,41.8669765297,-87.6609043615,1304037171.0,26738555,26738684
26738684,41.8669692325,-87.6612983022,1304037173.0,26738618,26738757
26738757,41.8669664741,-87.6616923498,1304037175.0,26738684,26738829
26738829,41.8669619275,-87.6620963058,1304037177.0,26738757,26738898
26738898,41.8669579944,-87.662506329,1304037179.0,26738829,26738967
26738967,41.8669505725,-87.6629223305,1304037181.0,26738898,26739026
26739026,41.8669444224,-87.6633334112,1304037183.0,26738967,26739100
26739100,41.8669381432,-87.6637423856,1304037185.0,26739026,26739167
26739167,41.866935499,-87.6641353066,1304037187.0,26739100,26739232
26739232,41.8669304278,-87.664505247,1304037189.0,26739167,26739302
26739302,41.8669247208,-87.6648593043,1304037191.0,26739232,26739372
26739372,41.8669191408,-87.6651823019,1304037193.0,26739302,26739449
26739449,41.866916192,-87.665461281,1304037195.0,26739372,26739557
26739557,41.8669116775,-87.6657851812,1304037198.0,26739449,26739707
26739707,41.8669054348,-87.6660450846,1304037202.0,26739557,26740358
26740358,41.8669162084,-87.6663112146,1304037223.0,26739707,26740367
26740367,41.866926374,-87.666636097,1304037226.0,26740358,26740376
26740376,41.866927444,-87.666924992,1304037228.0,26740367,26740387
26740387,41.8669240312,-87.6672500559,1304037230.0,26740376,26740399
26740399,41.8669142613,-87.6675629425,1304037232.0,26740387,26740413
26740413,41.8669029948,-87.6678307802,1304037234.0,26740399,26740428
26740428,41.8669015359,-87.6680777036,1304037236.0,26740413,26740444
26740444,41.8669061059,-87.6683367451,1304037238.0,26740428,26740470
26740470,41.8669043956,-87.6686631148,1304037241.0,26740444,26740615
26740615,41.8669193402,-87.6689339327,1304037255.0,26740470,26740668
26740668,41.867093494,-87.6689973463,1304037260.0,26740615,26740705
26740705,41.8673169983,-87.6689867141,1304037263.0,26740668,26740731
26740731,41.8675081733,-87.6689968579,1304037265.0,26740705,26740759
26740759,41.8677372031,-87.6689981194,1304037267.0,26740731,26740787
26740787,41.8679942317,-87.6690025215,1304037269.0,26740759,26740812
26740812,41.8682632841,-87.6690131544,1304037271.0,26740787,26740841
26740841,41.868530364,-87.6690253951,1304037273.0,26740812,26740869
26740869,41.8687761997,-87.6690228505,1304037275.0,26740841,26740899
26740899,41.8689863224,-87.6690185069,1304037277.0,26740869,26740945
26740945,41.8692128454,-87.6690108823,1304037280.0,26740899,26741024
26741024,41.8694164072,-87.6690138728,1304037285.0,26740945,26741103
26741103,41.8694244465,-87.6693239969,1304037290.0,26741024,26741153
26741153,41.869345002,-87.6696299439,1304037293.0,26741103,26741183
26741183,41.8693465648,-87.6698736643,1304037295.0,26741153,26741220
26741220,41.8693547095,-87.6701348155,1304037297.0,26741183,26741253
26741253,41.8693454846,-87.6704149886,1304037299.0,26741220,26741285
26741285,41.8693285273,-87.6706931456,1304037301.0,26741253,26741322
26741322,41.8693212533,-87.6709373413,1304037303.0,26741285,26741394
26741394,41.8693040469,-87.6712187671,1304037307.0,26741322,26741719
26741719,41.869269769,-87.6714570097,1304037324.0,26741394,26741795
26741795,41.8692857351,-87.6717340869,1304037328.0,26741719,26741851
26741851,41.8693013362,-87.6720539391,1304037331.0,26741795,26741897
26741897,41.8692990857,-87.672331042,1304037333.0,26741851,26741938
26741938,41.8692919457,-87.672620031,1304037335.0,26741897,26741982
26741982,41.8692764806,-87.672892062,1304037337.0,26741938,26742023
26742023,41.8692557491,-87.6731363813,1304037339.0,26741982,26742081
26742081,41.8692280336,-87.6733990234,1304037342.0,26742023,26742181
26742181,41.8692002856,-87.6736713044,1304037347.0,26742081,26742245
26742245,41.8691999166,-87.6739259831,1304037350.0,26742181,26742288
26742288,41.8692006188,-87.6741690342,1304037352.0,26742245,26742330
26742330,41.869195445,-87.6744390347,1304037354.0,26742288,26742372
26742372,41.8691906305,-87.6747051101,1304037356.0,26742330,26742418
26742418,41.8691824666,-87.674962119,1304037358.0,26742372,26742482
26742482,41.8691880359,-87.6752741469,1304037361.0,26742418,26742595
26742595,41.8692054898,-87.6755405775,1304037366.0,26742482,None
