112780734,41.8639000674,-87.646853631,1303834863.0,None,112780757
112780757,41.8636701065,-87.6468493384,1303834866.0,112780734,112780782
112780782,41.8634171042,-87.6468402601,1303834869.0,112780757,112780800
112780800,41.8632301058,-87.6468396321,1303834871.0,112780782,112780819
112780819,41.8630341197,-87.6468402765,1303834873.0,112780800,112780839
112780839,41.8628440897,-87.6468444621,1303834875.0,112780819,112780870
112780870,41.8626128251,-87.6468596018,1303834878.0,112780839,112780903
112780903,41.8624275621,-87.6469624441,1303834881.0,112780870,112780950
112780950,41.8623062261,-87.6471509064,1303834885.0,112780903,112780999
112780999,41.8622263007,-87.6474050152,1303834889.0,112780950,112781038
112781038,41.8621701701,-87.6477090099,1303834892.0,112780999,112781078
112781078,41.8621350496,-87.6480500026,1303834895.0,112781038,112781106
112781106,41.8621130222,-87.648294001,1303834897.0,112781078,112781148
112781148,41.8620950149,-87.6485950012,1303834900.0,112781106,112781207
112781207,41.8620830209,-87.6488750073,1303834904.0,112781148,112781252
112781252,41.8620660948,-87.6492000151,1303834907.0,112781207,112781283
112781283,41.8620551461,-87.6494720325,1303834909.0,112781252,112781315
112781315,41.8620451636,-87.6497520107,1303834911.0,112781283,112781347
112781347,41.8620331576,-87.6500280123,1303834913.0,112781315,112781379
112781379,41.8620261552,-87.6502950108,1303834915.0,112781347,112781429
112781429,41.8620181187,-87.6506200045,1303834918.0,112781379,112781567
112781567,41.8621170706,-87.6508458094,1303834926.0,112781429,112781674
112781674,41.8623345734,-87.6509031464,1303834932.0,112781567,112781731
112781731,41.8626251447,-87.650900742,1303834936.0,112781674,112781760
112781760,41.8628180692,-87.6509001098,1303834938.0,112781731,112781799
112781799,41.8630131005,-87.6508999646,1303834940.0,112781760,112781857
112781857,41.8632510023,-87.6509117358,1303834943.0,112781799,112781933
112781933,41.8634570649,-87.6509259853,1303834947.0,112781857,112781991
112781991,41.8636691822,-87.6509292138,1303834950.0,112781933,112782052
112782052,41.8639319539,-87.6509271891,1303834953.0,112781991,112782089
112782089,41.8641229578,-87.6509309097,1303834955.0,112782052,112782129
112782129,41.864312994,-87.6509373865,1303834957.0,112782089,112782193
112782193,41.8645569856,-87.6509484813,1303834960.0,112782129,112782298
112782298,41.8647930258,-87.6509655624,1303834965.0,112782193,112782362
112782362,41.8650289374,-87.6509603374,1303834968.0,112782298,112782409
112782409,41.8652369708,-87.6509672276,1303834970.0,112782362,112782450
112782450,41.8654719687,-87.6509751001,1303834972.0,112782409,112782490
112782490,41.8657139931,-87.6509846683,1303834974.0,112782450,112782531
112782531,41.8659479802,-87.6509933665,1303834976.0,112782490,112782567
112782567,41.8661729868,-87.6510052924,1303834978.0,112782531,112782603
112782603,41.8663890457,-87.6510204313,1303834980.0,112782567,112782634
112782634,41.8665840703,-87.6510360962,1303834982.0,112782603,112782678
112782678,41.8668039825,-87.6510491098,1303834985.0,112782634,112783006
112783006,41.8669996661,-87.6510605331,1303835009.0,112782678,112783117
112783117,41.8671692647,-87.6511813224,1303835014.0,112783006,112783168
112783168,41.8671953062,-87.6514279953,1303835017.0,112783117,112783249
112783249,41.8671840452,-87.6517997277,1303835020.0,112783168,112783306
112783306,41.8671686756,-87.6520875947,1303835022.0,112783249,112783354
112783354,41.8671587639,-87.6523886511,1303835024.0,112783306,112783403
112783403,41.8671511988,-87.6526926879,1303835026.0,112783354,112783453
112783453,41.8671438049,-87.6529977301,1303835028.0,112783403,112783501
112783501,41.867138779,-87.6533047029,1303835030.0,112783453,112783550
112783550,41.8671344965,-87.653599687,1303835032.0,112783501,112783606
112783606,41.8671299101,-87.6538836274,1303835034.0,112783550,112783658
112783658,41.8671271966,-87.654182611,1303835036.0,112783606,112783713
112783713,41.8671273088,-87.6544985042,1303835038.0,112783658,112783765
112783765,41.8671244209,-87.654823298,1303835040.0,112783713,112783816
112783816,41.8671185981,-87.6551484962,1303835042.0,112783765,112783865
112783865,41.8671118398,-87.6554696844,1303835044.0,112783816,112783917
112783917,41.8671044569,-87.6557805788,1303835046.0,112783865,112783965
112783965,41.8670910466,-87.6562137934,1303835049.0,112783917,112784046
112784046,41.867094344,-87.6565446221,1303835052.0,112783965,112784108
112784108,41.8673512585,-87.6567008184,1303835060.0,112784046,112784167
112784167,41.8679869315,-87.6567040013,1303835067.0,112784108,112784221
112784221,41.868229896,-87.6567083164,1303835069.0,112784167,112784225
112784225,41.8688169347,-87.6567173786,1303835074.0,112784221,112784281
112784281,41.8690170533,-87.6567209765,1303835076.0,112784225,112784283
112784283,41.8693663124,-87.6567232471,1303835084.0,112784281,112784482
112784482,41.8699389743,-87.6567599533,1303835104.0,112784283,112784538
112784538,41.8706969909,-87.6567829749,1303835111.0,112784482,112784595
112784595,41.871484969,-87.6568009809,1303835118.0,112784538,112784651
112784651,41.8720830098,-87.6567907912,1303835124.0,112784595,112784771
112784771,41.8722978587,-87.6567873297,1303835128.0,112784651,112784964
112784964,41.8725221831,-87.6567598378,1303835134.0,112784771,112785071
112785071,41.8727725519,-87.6567254569,1303835137.0,112784964,112785135
112785135,41.8729847999,-87.6567015791,1303835139.0,112785071,112785185
112785185,41.873225368,-87.6566833968,1303835141.0,112785135,112785245
112785245,41.8734740277,-87.6566773183,1303835143.0,112785185,112785306
112785306,41.8737149559,-87.6566801854,1303835145.0,112785245,112785375
112785375,41.8739210419,-87.6566826934,1303835147.0,112785306,112785479
112785479,41.8741632002,-87.6566782205,1303835150.0,112785375,112785611
112785611,41.8743426815,-87.6565144703,1303835154.0,112785479,112785707
112785707,41.8743453494,-87.6562258828,1303835157.0,112785611,112785761
112785761,41.8743364128,-87.6559617983,1303835159.0,112785707,112785820
112785820,41.8743295589,-87.6556567245,1303835161.0,112785761,112785882
112785882,41.8743319729,-87.6553426835,1303835163.0,112785820,112785951
112785951,41.8743344725,-87.6550326451,1303835165.0,112785882,112786018
112786018,41.8743405386,-87.6547176785,1303835167.0,112785951,112786087
112786087,41.8743466776,-87.6543977427,1303835169.0,112786018,112786164
112786164,41.8743600885,-87.6540727697,1303835171.0,112786087,112786239
112786239,41.8743636325,-87.6537307143,1303835173.0,112786164,112786307
112786307,41.8743647139,-87.6533856709,1303835175.0,112786239,112786360
112786360,41.874373195,-87.6530497271,1303835177.0,112786307,112786423
112786423,41.8743746278,-87.6527367989,1303835179.0,112786360,112786491
112786491,41.8743679163,-87.6524648413,1303835181.0,112786423,112786598
112786598,41.8743572572,-87.6521845382,1303835184.0,112786491,112786882
112786882,41.8743386403,-87.6518722719,1303835192.0,112786598,112786981
112786981,41.8743422708,-87.6515864358,1303835195.0,112786882,112787075
112787075,41.8743565777,-87.6512264612,1303835198.0,112786981,112787146
112787146,41.8743633098,-87.6509765398,1303835200.0,112787075,112787225
112787225,41.874360843,-87.6507325973,1303835202.0,112787146,112787330
112787330,41.8743579588,-87.6503936954,1303835205.0,112787225,112787429
112787429,41.8743555746,-87.650113721,1303835208.0,112787330,112787687
112787687,41.8743489011,-87.6498477985,1303835216.0,112787429,112787879
112787879,41.8743684103,-87.6495598432,1303835221.0,112787687,112787991
112787991,41.8743750595,-87.6492298268,1303835224.0,112787879,112788066
112788066,41.8743802875,-87.6489477213,1303835226.0,112787991,112788128
112788128,41.8743823435,-87.6486439191,1303835228.0,112788066,112788196
112788196,41.8743699684,-87.6483367503,1303835230.0,112788128,112788263
112788263,41.8743440809,-87.6480320183,1303835232.0,112788196,112788337
112788337,41.8743179027,-87.6477502172,1303835234.0,112788263,112788406
112788406,41.874289323,-87.6475030373,1303835236.0,112788337,112788511
112788511,41.8741930851,-87.6472488886,1303835239.0,112788406,112788627
112788627,41.8740093021,-87.6471493447,1303835242.0,112788511,112788708
112788708,41.8738178179,-87.6471609383,1303835244.0,112788627,112788781
112788781,41.873603751,-87.647170223,1303835246.0,112788708,112788850
112788850,41.8733968269,-87.6471772385,1303835248.0,112788781,112788917
112788917,41.8731989716,-87.647181163,1303835250.0,112788850,112788991
112788991,41.8729920588,-87.647175424,1303835252.0,112788917,112789065
112789065,41.8727751876,-87.6471725339,1303835254.0,112788991,112789131
112789131,41.8724451607,-87.6471646775,1303835257.0,112789065,112789204
112789204,41.8722342038,-87.6471572796,1303835259.0,112789131,112789280
112789280,41.8720332242,-87.6471505539,1303835261.0,112789204,112789354
112789354,41.8718292184,-87.6471418749,1303835263.0,112789280,112789436
112789436,41.8716262245,-87.6471377131,1303835265.0,112789354,112789511
112789511,41.8714181653,-87.6471345216,1303835267.0,112789436,112789568
112789568,41.8712161585,-87.6471289543,1303835269.0,112789511,112789628
112789628,41.8710181663,-87.6471233314,1303835271.0,112789568,112789706
112789706,41.8708191517,-87.6471180527,1303835273.0,112789628,112789780
112789780,41.8706211861,-87.6471212593,1303835275.0,112789706,112789853
112789853,41.8704212505,-87.6471132473,1303835277.0,112789780,112789924
112789924,41.8702251908,-87.6470958983,1303835279.0,112789853,112790034
112790034,41.8699700244,-87.6470790034,1303835282.0,112789924,112790173
112790173,41.8697723175,-87.6470780357,1303835286.0,112790034,112790558
112790558,41.8695812768,-87.6470135989,1303835298.0,112790173,112790661
112790661,41.8694935631,-87.6467476872,1303835301.0,112790558,112790723
112790723,41.8695240201,-87.6464872466,1303835303.0,112790661,112790791
112790791,41.8695490806,-87.6462163187,1303835305.0,112790723,112790853
112790853,41.8695699072,-87.6459591895,1303835307.0,112790791,112790959
112790959,41.8695847173,-87.6456801687,1303835310.0,112790853,None
