113783609,41.8670829496,-87.6713988864,1304001301.0,None,113783868
113783868,41.8669012979,-87.6714338333,1304001327.0,113783609,113784070
113784070,41.8667201515,-87.671427928,1304001342.0,113783868,113784146
113784146,41.8666645467,-87.671121008,1304001347.0,113784070,113784177
113784177,41.8666890225,-87.6708720695,1304001349.0,113784146,113784207
113784207,41.8667111388,-87.6705780778,1304001351.0,113784177,113784240
113784240,41.8667341655,-87.6702740687,1304001353.0,113784207,113784274
113784274,41.8667441837,-87.6699890559,1304001355.0,113784240,113784307
113784307,41.8667501939,-87.6697260374,1304001357.0,113784274,113784356
113784356,41.8667582115,-87.6694279967,1304001360.0,113784307,113784442
113784442,41.8667651297,-87.669182989,1304001365.0,113784356,113784550
113784550,41.8667619196,-87.66887444,1304001371.0,113784442,113784606
113784606,41.8667550139,-87.6685459912,1304001374.0,113784550,113784643
113784643,41.866745945,-87.6682680915,1304001376.0,113784606,113784681
113784681,41.8667360306,-87.6679681176,1304001378.0,113784643,113784719
113784719,41.8667383939,-87.6676432394,1304001380.0,113784681,113784757
113784757,41.8667474133,-87.6672941822,1304001382.0,113784719,113784795
113784795,41.8667572091,-87.6669411157,1304001384.0,113784757,113784834
113784834,41.8667675679,-87.6666311132,1304001386.0,113784795,113784894
113784894,41.8668183465,-87.6663103027,1304001389.0,113784834,113784955
113784955,41.8670172834,-87.6661392731,1304001392.0,113784894,113785016
113785016,41.8672849822,-87.6661408373,1304001395.0,113784955,113785058
113785058,41.8674909648,-87.6661639579,1304001397.0,113785016,113785095
113785095,41.8677059748,-87.6661840311,1304001399.0,113785058,113785111
113785111,41.8679369769,-87.666199164,1304001401.0,113785095,113785131
113785131,41.8681669819,-87.666218137,1304001403.0,113785111,113785167
113785167,41.8683889792,-87.6662272902,1304001405.0,113785131,113785203
113785203,41.868607976,-87.6662322293,1304001407.0,113785167,113785241
113785241,41.8688049763,-87.6662422304,1304001409.0,113785203,113785304
113785304,41.8690609863,-87.6662701394,1304001412.0,113785241,113785350
113785350,41.8692409346,-87.666269276,1304001414.0,113785304,113785396
113785396,41.8694318972,-87.666275407,1304001416.0,113785350,113785440
113785440,41.8696379665,-87.6662893906,1304001418.0,113785396,113785480
113785480,41.8698609823,-87.6662973557,1304001420.0,113785440,113785523
113785523,41.8700899788,-87.6663053306,1304001422.0,113785480,113785567
113785567,41.8703219819,-87.6663318837,1304001424.0,113785523,113785611
113785611,41.8705629969,-87.6663650504,1304001426.0,113785567,113785659
113785659,41.8708080162,-87.6663944075,1304001428.0,113785611,113785708
113785708,41.8710600133,-87.6664073504,1304001430.0,113785659,113785755
113785755,41.8713040052,-87.6664194612,1304001432.0,113785708,113785801
113785801,41.8715290451,-87.6664352405,1304001434.0,113785755,113785847
113785847,41.8717361107,-87.6664494603,1304001436.0,113785801,113785894
113785894,41.8719360798,-87.6664586732,1304001438.0,113785847,113785940
113785940,41.8722440094,-87.6664629142,1304001441.0,113785894,113785993
113785993,41.8724450222,-87.6664786254,1304001443.0,113785940,113786047
113786047,41.8726280369,-87.6664894966,1304001445.0,113785993,113786123
113786123,41.8728210363,-87.6665014611,1304001448.0,113786047,113786710
113786710,41.8730570188,-87.6664912282,1304001472.0,113786123,113786789
113786789,41.8732969884,-87.6664861729,1304001475.0,113786710,113786867
113786867,41.8735289374,-87.6665043538,1304001478.0,113786789,113786949
113786949,41.8737540505,-87.6665222974,1304001481.0,113786867,113787025
113787025,41.8739729315,-87.6665386992,1304001484.0,113786949,113787131
113787131,41.8741467846,-87.6664468304,1304001488.0,113787025,113787209
113787209,41.8741208774,-87.666109025,1304001491.0,113787131,113787263
113787263,41.8741071959,-87.6658499388,1304001493.0,113787209,113787320
113787320,41.8741053097,-87.6655749727,1304001495.0,113787263,113787377
113787377,41.8740985451,-87.665276945,1304001497.0,113787320,113787434
113787434,41.8740889066,-87.6649499108,1304001499.0,113787377,113787493
113787493,41.8740821306,-87.6646168801,1304001501.0,113787434,113787549
113787549,41.874072226,-87.6642798875,1304001503.0,113787493,113787601
113787601,41.8740664253,-87.6639508781,1304001505.0,113787549,113787660
113787660,41.874061693,-87.6636348961,1304001507.0,113787601,113787718
113787718,41.8740568852,-87.6633249518,1304001509.0,113787660,113787775
113787775,41.8740549467,-87.6630270151,1304001511.0,113787718,113787823
113787823,41.8740600058,-87.6627540779,1304001513.0,113787775,113787867
113787867,41.8740711919,-87.662424074,1304001516.0,113787823,113787878
113787878,41.8740773103,-87.662170085,1304001519.0,113787867,113787900
113787900,41.8740753395,-87.6618661725,1304001523.0,113787878,113787920
113787920,41.8740771703,-87.6615761255,1304001526.0,113787900,113787943
113787943,41.8740791668,-87.6612241069,1304001529.0,113787920,113787959
113787959,41.8740802101,-87.6609620845,1304001531.0,113787943,113787977
113787977,41.8740864175,-87.6606910857,1304001533.0,113787959,113787995
113787995,41.8740883909,-87.6604190741,1304001535.0,113787977,113788015
113788015,41.8741038701,-87.6601410699,1304001537.0,113787995,113788035
113788035,41.8741068932,-87.6598560662,1304001539.0,113788015,113788056
113788056,41.8741057831,-87.65955708,1304001541.0,113788035,113788078
113788078,41.87410882,-87.6592521036,1304001543.0,113788056,113788100
113788100,41.8741087255,-87.6589420927,1304001545.0,113788078,113788124
113788124,41.8741096914,-87.6586260802,1304001547.0,113788100,113788148
113788148,41.8741137944,-87.6583060908,1304001549.0,113788124,113788172
113788172,41.8741199355,-87.6579930894,1304001551.0,113788148,113788198
113788198,41.8741250669,-87.6577090507,1304001553.0,113788172,113788237
113788237,41.874133122,-87.6574060396,1304001556.0,113788198,113788472
113788472,41.8741296252,-87.6571441923,1304001573.0,113788237,113788533
113788533,41.8741277574,-87.6568353619,1304001577.0,113788472,113788582
113788582,41.874128465,-87.6565011017,1304001580.0,113788533,113788617
113788617,41.8741252415,-87.6562492344,1304001582.0,113788582,113788649
113788649,41.8741341071,-87.655986269,1304001584.0,113788617,113788684
113788684,41.8741423634,-87.6557212865,1304001586.0,113788649,113788718
113788718,41.8741532294,-87.6554552591,1304001588.0,113788684,113788754
113788754,41.8741606276,-87.6551852896,1304001590.0,113788718,113788788
113788788,41.8741726115,-87.6549103224,1304001592.0,113788754,113788823
113788823,41.8741833687,-87.6546333228,1304001594.0,113788788,113788862
113788862,41.8741874941,-87.6543623075,1304001596.0,113788823,113788898
113788898,41.8741952517,-87.6540993396,1304001598.0,113788862,113788935
113788935,41.8741921544,-87.6538323567,1304001600.0,113788898,113788970
113788970,41.8741960671,-87.6535703268,1304001602.0,113788935,113789008
113789008,41.8742056696,-87.6533153843,1304001604.0,113788970,113789048
113789048,41.8742155559,-87.6530693236,1304001606.0,113789008,113789087
113789087,41.8742242025,-87.6528252289,1304001608.0,113789048,113789125
113789125,41.8742283999,-87.652570148,1304001610.0,113789087,113789164
113789164,41.8742291799,-87.6523091615,1304001612.0,113789125,113789204
113789204,41.8742332252,-87.6520585284,1304001614.0,113789164,113789242
113789242,41.8742343316,-87.6518135509,1304001616.0,113789204,113789304
113789304,41.8742248636,-87.651456358,1304001619.0,113789242,113789348
113789348,41.8742263397,-87.6512143297,1304001621.0,113789304,113789391
113789391,41.8742289475,-87.6509662816,1304001623.0,113789348,113789426
113789426,41.874230739,-87.6507151971,1304001625.0,113789391,113789490
113789490,41.8742117856,-87.6503590982,1304001628.0,113789426,113789555
113789555,41.8742113963,-87.6500740983,1304001631.0,113789490,113789643
113789643,41.8742342757,-87.649768179,1304001635.0,113789555,113789703
113789703,41.8742471305,-87.6495261468,1304001638.0,113789643,113789754
113789754,41.8742566784,-87.6492391935,1304001641.0,113789703,113789814
113789814,41.8742696151,-87.648946253,1304001644.0,113789754,113789871
113789871,41.8742836883,-87.6487052166,1304001647.0,113789814,113789966
113789966,41.874293364,-87.6484464556,1304001654.0,113789871,113790500
113790500,41.8742771552,-87.6481493843,1304001678.0,113789966,113790596
113790596,41.8742453493,-87.6478432472,1304001682.0,113790500,113790698
113790698,41.874225805,-87.647565759,1304001686.0,113790596,113790825
113790825,41.8741960815,-87.6473188012,1304001691.0,113790698,113790983
113790983,41.8740241364,-87.647154952,1304001697.0,113790825,113791092
113791092,41.8737848058,-87.6471372907,1304001701.0,113790983,113791169
113791169,41.8735567206,-87.6471270011,1304001704.0,113791092,113791252
113791252,41.8733396593,-87.6471229038,1304001707.0,113791169,113791335
113791335,41.8731455745,-87.6471212453,1304001710.0,113791252,113791421
113791421,41.8729466053,-87.6471014604,1304001713.0,113791335,113791497
113791497,41.8726927197,-87.6470560466,1304001716.0,113791421,113791572
113791572,41.872432728,-87.6470526661,1304001719.0,113791497,113791653
113791653,41.8722294888,-87.6470690609,1304001722.0,113791572,113791800
113791800,41.8720226524,-87.647050697,1304001727.0,113791653,113791912
113791912,41.8718285432,-87.6470695826,1304001731.0,113791800,113791993
113791993,41.8716026185,-87.6470601971,1304001734.0,113791912,113792050
113792050,41.8714187463,-87.6470423407,1304001736.0,113791993,113792107
113792107,41.8712237872,-87.6470242765,1304001738.0,113792050,113792168
113792168,41.8710197292,-87.6470245998,1304001740.0,113792107,113792225
113792225,41.8708107424,-87.6470308544,1304001742.0,113792168,113792285
113792285,41.870603745,-87.6470362655,1304001744.0,113792225,113792336
113792336,41.8704017835,-87.6470361127,1304001746.0,113792285,113792392
113792392,41.8702208447,-87.6470316533,1304001748.0,113792336,113792486
113792486,41.8699838647,-87.6470305906,1304001751.0,113792392,113792578
113792578,41.8698000358,-87.6470152589,1304001754.0,113792486,113792723
113792723,41.8696271663,-87.6471572009,1304001759.0,113792578,113792811
113792811,41.8696305585,-87.6474550567,1304001762.0,113792723,113792898
113792898,41.8696333418,-87.6478161483,1304001765.0,113792811,113792957
113792957,41.8696319569,-87.6480631436,1304001767.0,113792898,113793049
113793049,41.8696311824,-87.6484090578,1304001770.0,113792957,113793144
113793144,41.8696277149,-87.6487419891,1304001773.0,113793049,113793235
113793235,41.8696194361,-87.6490789957,1304001776.0,113793144,113793330
113793330,41.8696120327,-87.6494150148,1304001779.0,113793235,113793423
113793423,41.8696098432,-87.6497510032,1304001782.0,113793330,113793515
113793515,41.8695972195,-87.6500940041,1304001785.0,113793423,113793609
113793609,41.8695747796,-87.6504239167,1304001788.0,113793515,113793708
113793708,41.8695558977,-87.6506927541,1304001791.0,113793609,113793857
113793857,41.8695493906,-87.6509768314,1304001796.0,113793708,113794246
113794246,41.8694156338,-87.6511628668,1304001808.0,113793857,113794369
113794369,41.8691773471,-87.6511961576,1304001812.0,113794246,113794461
113794461,41.8689498164,-87.6512017709,1304001815.0,113794369,113794570
113794570,41.8687178936,-87.6511936137,1304001818.0,113794461,113794675
113794675,41.8684658705,-87.6511786771,1304001821.0,113794570,113794777
113794777,41.8681998423,-87.6511654184,1304001824.0,113794675,113794838
113794838,41.8680188511,-87.6511593023,1304001826.0,113794777,113794894
113794894,41.8678328497,-87.6511557152,1304001828.0,113794838,113794959
113794959,41.8676448985,-87.6511495173,1304001830.0,113794894,113795050
113795050,41.8673901929,-87.6511341699,1304001833.0,113794959,113795149
113795149,41.8672035371,-87.6511249788,1304001836.0,113795050,113795256
113795256,41.8670194606,-87.6510994924,1304001839.0,113795149,113795371
113795371,41.866790767,-87.6510744256,1304001842.0,113795256,113795473
113795473,41.8665257829,-87.6510629314,1304001845.0,113795371,113795538
113795538,41.8663348466,-87.6510614649,1304001847.0,113795473,113795603
113795603,41.8661368647,-87.6510566912,1304001849.0,113795538,113795664
113795664,41.8659338482,-87.651057062,1304001851.0,113795603,113795730
113795730,41.8657288609,-87.6510581608,1304001853.0,113795664,113795798
113795798,41.8655248567,-87.6510550971,1304001855.0,113795730,113795872
113795872,41.8653238616,-87.6510570943,1304001857.0,113795798,113795945
113795945,41.8651318647,-87.6510618204,1304001859.0,113795872,113796054
113796054,41.8648969044,-87.651076548,1304001862.0,113795945,113796217
113796217,41.8646898702,-87.6510850377,1304001867.0,113796054,113796356
113796356,41.8644569322,-87.6510670621,1304001871.0,113796217,113796465
113796465,41.8642338792,-87.6510213577,1304001874.0,113796356,113796574
113796574,41.864027834,-87.6510027659,1304001877.0,113796465,113796683
113796683,41.8638328805,-87.6509782798,1304001880.0,113796574,113796778
113796778,41.8636516424,-87.6509677093,1304001883.0,113796683,113796980
113796980,41.863493256,-87.650796953,1304001889.0,113796778,113797176
113797176,41.8634974902,-87.6505379322,1304001894.0,113796980,None
