61465271,41.871416115,-87.67348937,1303336174.0,None,61465575
61465575,41.8714221547,-87.6732066147,1303336190.0,61465271,61465655
61465655,41.8714473729,-87.6729163242,1303336194.0,61465575,61465717
61465717,41.8714671315,-87.6726512766,1303336197.0,61465655,61465780
61465780,41.8715097494,-87.6724051762,1303336200.0,61465717,61465859
61465859,41.8715813564,-87.6721668386,1303336204.0,61465780,61465968
61465968,41.8715721421,-87.6719119739,1303336209.0,61465859,61466257
61466257,41.8715780238,-87.6716207807,1303336222.0,61465968,61466325
61466325,41.8715750263,-87.6712896674,1303336225.0,61466257,61466370
61466370,41.871571842,-87.6710248169,1303336227.0,61466325,61466415
61466415,41.8715701791,-87.6707698949,1303336229.0,61466370,61466485
61466485,41.8715511901,-87.6704389654,1303336232.0,61466415,61466579
61466579,41.8715328327,-87.6701658417,1303336236.0,61466485,61466865
61466865,41.8716273091,-87.6699544724,1303336249.0,61466579,61466983
61466983,41.8717503936,-87.6697586966,1303336254.0,61466865,61467241
61467241,41.8717282793,-87.6694911521,1303336264.0,61466983,61467345
61467345,41.8714997344,-87.6693896114,1303336268.0,61467241,61467398
61467398,41.8713073942,-87.6693142803,1303336270.0,61467345,61467449
61467449,41.8711042368,-87.6692676025,1303336272.0,61467398,61467505
61467505,41.8708801813,-87.6692152916,1303336274.0,61467449,61467560
61467560,41.870661125,-87.6691859916,1303336276.0,61467505,61467607
61467607,41.8704641302,-87.6691712062,1303336278.0,61467560,61467659
61467659,41.8702671357,-87.6691638052,1303336280.0,61467607,61467716
61467716,41.8700781543,-87.6691626099,1303336282.0,61467659,61467799
61467799,41.869821115,-87.6691641565,1303336285.0,61467716,61467880
61467880,41.8696190865,-87.6691533532,1303336288.0,61467799,61467985
61467985,41.8694308475,-87.6691266411,1303336292.0,61467880,61468183
61468183,41.869195369,-87.669088117,1303336299.0,61467985,61468263
61468263,41.8689839383,-87.6690675993,1303336302.0,61468183,61468344
61468344,41.8687559885,-87.66905506,1303336305.0,61468263,61468431
61468431,41.8684897643,-87.6690433001,1303336308.0,61468344,61468493
61468493,41.8683088113,-87.6690407418,1303336310.0,61468431,61468578
61468578,41.8680428338,-87.6690350962,1303336313.0,61468493,61468660
61468660,41.867791877,-87.6690255172,1303336316.0,61468578,61468747
61468747,41.8675749196,-87.6690121646,1303336319.0,61468660,61468866
61468866,41.8673669002,-87.6690009379,1303336323.0,61468747,61469073
61469073,41.8671511838,-87.6689843154,1303336330.0,61468866,61469190
61469190,41.8669545146,-87.6689733761,1303336334.0,61469073,61469314
61469314,41.8668007553,-87.6688313377,1303336338.0,61469190,61469439
61469439,41.8667919849,-87.6685039456,1303336342.0,61469314,61469534
61469534,41.8667967404,-87.6682009844,1303336345.0,61469439,61469622
61469622,41.8667914957,-87.6679019772,1303336348.0,61469534,61469713
61469713,41.8667913256,-87.667610034,1303336351.0,61469622,61469777
61469777,41.8667921793,-87.6673340853,1303336354.0,61469713,61469902
61469902,41.8667921841,-87.6670590532,1303336358.0,61469777,61470785
61470785,41.8667869666,-87.6668030383,1303336386.0,61469902,61470917
61470917,41.8667890142,-87.6665432426,1303336390.0,61470785,61471022
61471022,41.8667923266,-87.6662011768,1303336393.0,61470917,61471089
61471089,41.8667969128,-87.6659311026,1303336395.0,61471022,61471153
61471153,41.8668046872,-87.6656310884,1303336397.0,61471089,61471222
61471222,41.8668104925,-87.665305081,1303336399.0,61471153,61471283
61471283,41.866816334,-87.6649680282,1303336401.0,61471222,61471346
61471346,41.8668229174,-87.6646289863,1303336403.0,61471283,61471405
61471405,41.8668285206,-87.6642919742,1303336405.0,61471346,61471473
61471473,41.8668343178,-87.6639549862,1303336407.0,61471405,61471540
61471540,41.8668410986,-87.6636219778,1303336409.0,61471473,61471602
61471602,41.8668456488,-87.6632969903,1303336411.0,61471540,61471670
61471670,41.8668484809,-87.6629930224,1303336413.0,61471602,61471739
61471739,41.866854038,-87.662710998,1303336415.0,61471670,61471808
61471808,41.866857912,-87.6624659879,1303336417.0,61471739,61471906
61471906,41.8668557347,-87.6621600342,1303336420.0,61471808,61472080
61472080,41.866849782,-87.6618831391,1303336425.0,61471906,61472362
61472362,41.8668555652,-87.6616212049,1303336433.0,61472080,61472467
61472467,41.866864738,-87.6613280965,1303336436.0,61472362,61472537
61472537,41.8668694974,-87.6610740734,1303336438.0,61472467,61472607
61472607,41.8668751667,-87.6607850507,1303336440.0,61472537,61472681
61472681,41.8668778131,-87.660463055,1303336442.0,61472607,61472753
61472753,41.8668863205,-87.6601310483,1303336444.0,61472681,61472829
61472829,41.8668963409,-87.6597910213,1303336446.0,61472753,61472902
61472902,41.8669038626,-87.6594510384,1303336448.0,61472829,61472979
61472979,41.86691052,-87.6591089988,1303336450.0,61472902,61473041
61473041,41.8669162342,-87.6587589886,1303336452.0,61472979,61473107
61473107,41.8669212786,-87.6584010351,1303336454.0,61473041,61473172
61473172,41.866927213,-87.6580419982,1303336456.0,61473107,61473240
61473240,41.8669347287,-87.6576970281,1303336458.0,61473172,61473305
61473305,41.8669423145,-87.6573629803,1303336460.0,61473240,61473373
61473373,41.8669435465,-87.6570730166,1303336462.0,61473305,61473448
61473448,41.8669433778,-87.6568060485,1303336464.0,61473373,61473507
61473507,41.8669469432,-87.6565554096,1303336466.0,61473448,61473580
61473580,41.8669503703,-87.6562869586,1303336468.0,61473507,61473647
61473647,41.8669533617,-87.6560038243,1303336470.0,61473580,61473720
61473720,41.8669585515,-87.6557128652,1303336472.0,61473647,61473789
61473789,41.8669604734,-87.6554269637,1303336474.0,61473720,61473856
61473856,41.8669628752,-87.6551489642,1303336476.0,61473789,61473922
61473922,41.8669671795,-87.6548699058,1303336478.0,61473856,61473989
61473989,41.8669778585,-87.654581875,1303336480.0,61473922,61474062
61474062,41.8669876344,-87.6542819255,1303336482.0,61473989,61474135
61474135,41.8669975476,-87.6539948897,1303336484.0,61474062,61474212
61474212,41.8670078904,-87.6537158286,1303336486.0,61474135,61474289
61474289,41.8670151833,-87.653424817,1303336488.0,61474212,61474367
61474367,41.8670197537,-87.6531208115,1303336490.0,61474289,61474440
61474440,41.8670216707,-87.6528228162,1303336492.0,61474367,61474513
61474513,41.867022978,-87.6525398656,1303336494.0,61474440,61474585
61474585,41.8670325596,-87.6522868205,1303336496.0,61474513,61474689
61474689,41.8670381518,-87.6519617282,1303336499.0,61474585,61474839
61474839,41.8670480478,-87.651664958,1303336503.0,61474689,61475015
61475015,41.8670683067,-87.6514143082,1303336508.0,61474839,61475643
61475643,41.867081901,-87.6511596402,1303336526.0,61475015,61475788
61475788,41.8672292599,-87.6510075086,1303336530.0,61475643,61475892
61475892,41.867449214,-87.6509883315,1303336533.0,61475788,61475954
61475954,41.8676429624,-87.6509913068,1303336535.0,61475892,61476020
61476020,41.8678528409,-87.6509945811,1303336537.0,61475954,61476089
61476089,41.868075848,-87.6510029625,1303336539.0,61476020,61476166
61476166,41.8683088647,-87.6510142505,1303336541.0,61476089,61476241
61476241,41.8685418927,-87.6510257889,1303336543.0,61476166,61476317
61476317,41.868757878,-87.6510330433,1303336545.0,61476241,61476393
61476393,41.8689527839,-87.6510419472,1303336547.0,61476317,61476509
61476509,41.8691928468,-87.6510757483,1303336550.0,61476393,61476645
61476645,41.8694149069,-87.6510833053,1303336554.0,61476509,61476787
61476787,41.8694977644,-87.6508259603,1303336558.0,61476645,61476897
61476897,41.8694887017,-87.6504998437,1303336561.0,61476787,61476969
61476969,41.8694842766,-87.6502318974,1303336563.0,61476897,61477043
61477043,41.8694833401,-87.6499579738,1303336565.0,61476969,61477114
61477114,41.8694839366,-87.6496850229,1303336567.0,61477043,61477192
61477192,41.8694837115,-87.6494150242,1303336569.0,61477114,61477267
61477267,41.8694883593,-87.6491469954,1303336571.0,61477192,61477345
61477345,41.8694912491,-87.6488949631,1303336573.0,61477267,61477457
61477457,41.8694937407,-87.6486020409,1303336576.0,61477345,61478318
61478318,41.869505753,-87.6483520819,1303336601.0,61477457,61478497
61478497,41.869544626,-87.6480909854,1303336606.0,61478318,61478799
61478799,41.8695940707,-87.6478498881,1303336614.0,61478497,61479123
61479123,41.869628547,-87.6475909109,1303336623.0,61478799,61479269
61479269,41.8696225263,-87.6473437859,1303336627.0,61479123,61479427
61479427,41.8695430141,-87.6471132893,1303336631.0,61479269,61479580
61479580,41.8693580733,-87.6470734808,1303336635.0,61479427,61479706
61479706,41.8691490377,-87.6470890584,1303336639.0,61479580,61479856
61479856,41.8689521185,-87.6470774285,1303336643.0,61479706,61480006
61480006,41.8687671576,-87.6470692604,1303336647.0,61479856,61480157
61480157,41.8685751093,-87.6470611326,1303336651.0,61480006,61480297
61480297,41.8683890619,-87.6470579562,1303336655.0,61480157,61480472
61480472,41.8681909553,-87.6470663779,1303336660.0,61480297,61480687
61480687,41.867984889,-87.6470891105,1303336666.0,61480472,None
