75012824,41.8714916753,-87.6716829858,1303313399.0,None,75013112
75013112,41.8714891464,-87.6714381616,1303313414.0,75012824,75013187
75013187,41.8714967756,-87.6711374315,1303313418.0,75013112,75013248
75013248,41.8715083137,-87.6708622821,1303313421.0,75013187,75013315
75013315,41.8715122665,-87.6705890853,1303313424.0,75013248,75013369
75013369,41.8714959759,-87.6703289815,1303313427.0,75013315,75013449
75013449,41.8714913285,-87.6700493997,1303313431.0,75013369,75013950
75013950,41.8715268188,-87.6698048034,1303313455.0,75013449,75014066
75014066,41.8715599436,-87.669564912,1303313463.0,75013950,75014265
75014265,41.8715155145,-87.6692997751,1303313472.0,75014066,75014448
75014448,41.8713506341,-87.6691506362,1303313480.0,75014265,75014542
75014542,41.8711473048,-87.6691202182,1303313484.0,75014448,75014622
75014622,41.8709152762,-87.6690855748,1303313487.0,75014542,75014699
75014699,41.8706582275,-87.6690576373,1303313490.0,75014622,75014770
75014770,41.8703920406,-87.6690365942,1303313493.0,75014699,75014847
75014847,41.8701308921,-87.6690146881,1303313496.0,75014770,75014925
75014925,41.8698738135,-87.668993064,1303313499.0,75014847,75015004
75015004,41.8696637807,-87.6689782364,1303313502.0,75014925,75015130
75015130,41.8694574907,-87.6689603531,1303313507.0,75015004,75015481
75015481,41.8692778497,-87.6689434712,1303313520.0,75015130,75015568
75015568,41.8690958287,-87.6689326431,1303313523.0,75015481,75015654
75015654,41.8688397885,-87.6689208439,1303313526.0,75015568,75015709
75015709,41.8686448777,-87.6689194394,1303313528.0,75015654,75015764
75015764,41.8684369145,-87.6689100829,1303313530.0,75015709,75015817
75015817,41.8682199217,-87.6689018781,1303313532.0,75015764,75015873
75015873,41.8680029085,-87.6688918227,1303313534.0,75015817,75015932
75015932,41.867787886,-87.6688810292,1303313536.0,75015873,75015993
75015993,41.8675738613,-87.6688809026,1303313538.0,75015932,75016056
75016056,41.8673729204,-87.668878237,1303313540.0,75015993,75016112
75016112,41.8671829332,-87.6688710868,1303313542.0,75016056,75016194
75016194,41.8669580411,-87.6688508149,1303313545.0,75016112,75016303
75016303,41.8668304631,-87.6686545078,1303313549.0,75016194,75016419
75016419,41.8668184184,-87.6683230281,1303313553.0,75016303,75016478
75016478,41.8668130848,-87.668065083,1303313555.0,75016419,75016546
75016546,41.8668073855,-87.6677729712,1303313557.0,75016478,75016601
75016601,41.8668049625,-87.6674619869,1303313559.0,75016546,75016657
75016657,41.8668031063,-87.6671450261,1303313561.0,75016601,75016711
75016711,41.8667987514,-87.6668280157,1303313563.0,75016657,75016770
75016770,41.8667958207,-87.6665082369,1303313565.0,75016711,75016833
75016833,41.866791608,-87.6661871757,1303313567.0,75016770,75016894
75016894,41.8667908606,-87.665862153,1303313569.0,75016833,75016950
75016950,41.8667958261,-87.6655371675,1303313571.0,75016894,75017012
75017012,41.866800015,-87.6652081695,1303313573.0,75016950,75017079
75017079,41.8668033331,-87.6648761575,1303313575.0,75017012,75017136
75017136,41.8668074745,-87.6645421023,1303313577.0,75017079,75017201
75017201,41.8668174093,-87.6642050766,1303313579.0,75017136,75017267
75017267,41.8668226009,-87.6638671199,1303313581.0,75017201,75017330
75017330,41.8668260596,-87.663530128,1303313583.0,75017267,75017389
75017389,41.8668320194,-87.6631911285,1303313585.0,75017330,75017450
75017450,41.8668361818,-87.6628501036,1303313587.0,75017389,75017510
75017510,41.8668393659,-87.6625040949,1303313589.0,75017450,75017576
75017576,41.8668415693,-87.6621590851,1303313591.0,75017510,75017633
75017633,41.8668447512,-87.6618172093,1303313593.0,75017576,75017694
75017694,41.8668487529,-87.6614761997,1303313595.0,75017633,75017761
75017761,41.8668520362,-87.661135152,1303313597.0,75017694,75017813
75017813,41.8668541713,-87.6607921381,1303313599.0,75017761,75017883
75017883,41.8668573692,-87.6604491418,1303313601.0,75017813,75017951
75017951,41.8668614804,-87.6601081634,1303313603.0,75017883,75018017
75018017,41.8668645381,-87.6597671524,1303313605.0,75017951,75018085
75018085,41.8668665055,-87.6594261469,1303313607.0,75018017,75018148
75018148,41.8668674125,-87.6590861149,1303313609.0,75018085,75018208
75018208,41.8668671905,-87.6587481096,1303313611.0,75018148,75018267
75018267,41.8668711398,-87.6584111399,1303313613.0,75018208,75018331
75018331,41.8668760948,-87.6580711431,1303313615.0,75018267,75018394
75018394,41.866878878,-87.6577321537,1303313617.0,75018331,75018463
75018463,41.866883781,-87.6573931459,1303313619.0,75018394,75018529
75018529,41.8668875168,-87.6570571269,1303313621.0,75018463,75018595
75018595,41.8668902936,-87.6567211149,1303313623.0,75018529,75018661
75018661,41.8668916908,-87.6563861126,1303313625.0,75018595,75018728
75018728,41.8668956667,-87.6560490376,1303313627.0,75018661,75018788
75018788,41.8669007504,-87.6557110581,1303313629.0,75018728,75018817
75018817,41.8669056926,-87.6553740654,1303313631.0,75018788,75018886
75018886,41.86691076,-87.6550370746,1303313633.0,75018817,75018956
75018956,41.8669168904,-87.6547010775,1303313635.0,75018886,75019026
75019026,41.8669228144,-87.6543680739,1303313637.0,75018956,75019093
75019093,41.8669287626,-87.6540390302,1303313639.0,75019026,75019166
75019166,41.8669304791,-87.6537121183,1303313641.0,75019093,75019223
75019223,41.8669351973,-87.6533891267,1303313643.0,75019166,75019291
75019291,41.8669392803,-87.6530680711,1303313645.0,75019223,75019354
75019354,41.8669434226,-87.6527460831,1303313647.0,75019291,75019422
75019422,41.8669494629,-87.6524270751,1303313649.0,75019354,75019487
75019487,41.8669556007,-87.6521470853,1303313651.0,75019422,75019599
75019599,41.8669615719,-87.6518331777,1303313654.0,75019487,75019726
75019726,41.8669783488,-87.6515585392,1303313658.0,75019599,75019868
75019868,41.8670181037,-87.6513085874,1303313662.0,75019726,75020069
75020069,41.8670182087,-87.6510509969,1303313668.0,75019868,75020284
75020284,41.8672114355,-87.6509214247,1303313674.0,75020069,75020389
75020389,41.8674019837,-87.6509444845,1303313677.0,75020284,75020499
75020499,41.8676467776,-87.6509613497,1303313680.0,75020389,75020565
75020565,41.8678267234,-87.6509706514,1303313682.0,75020499,75020635
75020635,41.8680117534,-87.6509797046,1303313684.0,75020565,75020705
75020705,41.8681947653,-87.6509879946,1303313686.0,75020635,75020777
75020777,41.8683817638,-87.650991534,1303313688.0,75020705,75020849
75020849,41.8685717714,-87.6509964988,1303313690.0,75020777,75020907
75020907,41.8687577315,-87.6510026748,1303313692.0,75020849,75020986
75020986,41.8689406093,-87.651011502,1303313694.0,75020907,75021098
75021098,41.869180109,-87.6510372684,1303313697.0,75020986,75021314
75021314,41.8693629519,-87.6510412163,1303313703.0,75021098,75021655
75021655,41.869437362,-87.6507998211,1303313717.0,75021314,75021672
75021672,41.8694309632,-87.6505447653,1303313720.0,75021655,75021692
75021692,41.869432278,-87.65020305,1303313723.0,75021672,75021707
75021707,41.8694302581,-87.6499521006,1303313725.0,75021692,75021723
75021723,41.8694311797,-87.6496931183,1303313727.0,75021707,75021740
75021740,41.8694383779,-87.649431092,1303313729.0,75021723,75021755
75021755,41.8694404262,-87.6491680808,1303313731.0,75021740,75021783
75021783,41.8694414126,-87.6488360553,1303313734.0,75021755,75022118
75022118,41.8694513795,-87.6485870551,1303313761.0,75021783,75022585
75022585,41.8694527624,-87.6483312631,1303313790.0,75022118,75022698
75022698,41.8694637858,-87.6480571937,1303313796.0,75022585,75022751
75022751,41.8694685426,-87.6477931166,1303313799.0,75022698,75022809
75022809,41.8694735211,-87.6474990595,1303313802.0,75022751,75022889
75022889,41.8694788097,-87.6472255225,1303313806.0,75022809,None
