39996470,41.8692241922,-87.6666108213,1303696290.0,None,39996595
39996595,41.8692353327,-87.6662819429,1303696294.0,39996470,39996694
39996694,41.869246396,-87.6659599593,1303696297.0,39996595,39996789
39996789,41.8692612991,-87.6656059235,1303696300.0,39996694,39996891
39996891,41.8692692461,-87.6652598815,1303696303.0,39996789,39996991
39996991,41.8692750177,-87.6649258882,1303696306.0,39996891,39997085
39997085,41.8692790063,-87.6646119522,1303696309.0,39996991,39997222
39997222,41.8692831162,-87.6643439871,1303696313.0,39997085,39997417
39997417,41.8692897341,-87.6640981118,1303696319.0,39997222,39997521
39997521,41.8692984673,-87.6638441883,1303696322.0,39997417,39997625
39997625,41.8693144044,-87.6635299735,1303696325.0,39997521,39997718
39997718,41.869315474,-87.6631839561,1303696328.0,39997625,39997788
39997788,41.8693186715,-87.662941998,1303696330.0,39997718,39997852
39997852,41.8693226663,-87.6626929901,1303696332.0,39997788,39997921
39997921,41.8693286422,-87.6624399513,1303696334.0,39997852,39997988
39997988,41.8693419403,-87.6621899756,1303696336.0,39997921,39998054
39998054,41.8693462975,-87.6619339469,1303696338.0,39997988,39998116
39998116,41.8693466956,-87.6616728837,1303696340.0,39998054,39998171
39998171,41.8693481251,-87.6614079631,1303696342.0,39998116,39998249
39998249,41.8693528776,-87.661138986,1303696344.0,39998171,39998323
39998323,41.8693604662,-87.6608669593,1303696346.0,39998249,39998396
39998396,41.8693624175,-87.6605949373,1303696348.0,39998323,39998469
39998469,41.8693623453,-87.6603189178,1303696350.0,39998396,39998539
39998539,41.8693661991,-87.6600429072,1303696352.0,39998469,39998605
39998605,41.8693731301,-87.6597649261,1303696354.0,39998539,39998667
39998667,41.8693781228,-87.6594789087,1303696356.0,39998605,39998733
39998733,41.8693820677,-87.6591818897,1303696358.0,39998667,39998792
39998792,41.8693850479,-87.6588888557,1303696360.0,39998733,39998858
39998858,41.8693889356,-87.6585958673,1303696362.0,39998792,39998931
39998931,41.8693857792,-87.6583078905,1303696364.0,39998858,39999007
39999007,41.869385658,-87.6580349135,1303696366.0,39998931,39999084
39999084,41.8693869884,-87.6577719058,1303696368.0,39999007,39999167
39999167,41.8693899891,-87.6575238882,1303696370.0,39999084,39999269
39999269,41.8693944666,-87.6571858088,1303696373.0,39999167,39999402
39999402,41.8694137564,-87.6568996745,1303696377.0,39999269,39999571
39999571,41.8695776748,-87.6567579485,1303696382.0,39999402,39999682
39999682,41.8697655142,-87.6567687923,1303696385.0,39999571,39999790
39999790,41.8700093019,-87.6567821516,1303696388.0,39999682,39999865
39999865,41.8701961566,-87.6567850418,1303696390.0,39999790,39999936
39999936,41.8703920949,-87.6567883231,1303696392.0,39999865,40000012
40000012,41.8705920988,-87.6567924353,1303696394.0,39999936,40000089
40000089,41.8707881291,-87.6567967992,1303696396.0,40000012,40000145
40000145,41.8709761211,-87.6568026274,1303696398.0,40000089,40000213
40000213,41.8711560868,-87.656807167,1303696400.0,40000145,40000336
40000336,41.871420091,-87.6568131379,1303696403.0,40000213,40000450
40000450,41.8716629872,-87.6568105603,1303696406.0,40000336,40000553
40000553,41.8718891156,-87.6567965639,1303696409.0,40000450,40000693
40000693,41.8720831138,-87.6567862613,1303696413.0,40000553,40000952
40000952,41.8722851522,-87.6567750849,1303696420.0,40000693,40001060
40001060,41.8724870936,-87.6567669284,1303696423.0,40000952,40001180
40001180,41.8727431079,-87.6567537541,1303696426.0,40001060,40001257
40001257,41.8729242367,-87.6567418406,1303696428.0,40001180,40001359
40001359,41.8731921421,-87.6567233652,1303696431.0,40001257,40001456
40001456,41.8734469945,-87.65671604,1303696434.0,40001359,40001567
40001567,41.8736809659,-87.6567173561,1303696437.0,40001456,40001680
40001680,41.873894025,-87.6567215644,1303696440.0,40001567,40001831
40001831,41.8740843618,-87.6567176984,1303696444.0,40001680,40002314
40002314,41.8742360599,-87.6565491152,1303696458.0,40001831,40002451
40002451,41.8742430568,-87.6562729059,1303696462.0,40002314,40002562
40002562,41.8742443018,-87.6559746997,1303696465.0,40002451,40002638
40002638,41.874241576,-87.6556208785,1303696468.0,40002562,40002719
40002719,41.8742401588,-87.6552731519,1303696471.0,40002638,40002800
40002800,41.8742436887,-87.6549381873,1303696474.0,40002719,40002895
40002895,41.874250385,-87.6546021463,1303696477.0,40002800,40002977
40002977,41.8742525548,-87.654256148,1303696480.0,40002895,40003078
40003078,41.8742550943,-87.6538982729,1303696483.0,40002977,40003145
40003145,41.8742613395,-87.6536542613,1303696485.0,40003078,40003209
40003209,41.8742633593,-87.6534113248,1303696487.0,40003145,40003275
40003275,41.8742668228,-87.6531693076,1303696489.0,40003209,40003343
40003343,41.8742672818,-87.6529242554,1303696491.0,40003275,40003419
40003419,41.8742715788,-87.6526791089,1303696493.0,40003343,40003489
40003489,41.874275413,-87.6524310933,1303696495.0,40003419,40003558
40003558,41.8742820356,-87.6521822399,1303696497.0,40003489,40003633
40003633,41.8742883108,-87.6519273035,1303696499.0,40003558,40003707
40003707,41.8742943493,-87.6516634101,1303696501.0,40003633,40003773
40003773,41.8743012532,-87.6513884348,1303696503.0,40003707,40003835
40003835,41.8743093255,-87.6511053273,1303696505.0,40003773,40003900
40003900,41.8743171257,-87.650823202,1303696507.0,40003835,40003970
40003970,41.874321159,-87.6505491741,1303696509.0,40003900,40004005
40004005,41.8743256556,-87.6502850977,1303696511.0,40003970,40004012
40004012,41.8743266889,-87.6500252421,1303696513.0,40004005,40004021
40004021,41.8743325164,-87.649766463,1303696515.0,40004012,40004032
40004032,41.8743373433,-87.6495073923,1303696517.0,40004021,40004044
40004044,41.87433828,-87.6492463807,1303696519.0,40004032,40004058
40004058,41.8743412191,-87.6489853181,1303696521.0,40004044,40004069
40004069,41.874344512,-87.6487222446,1303696523.0,40004058,40004087
40004087,41.8743496678,-87.6484657165,1303696525.0,40004069,40004112
40004112,41.8743297917,-87.6481142151,1303696528.0,40004087,40004139
40004139,41.8742944903,-87.6477910483,1303696531.0,40004112,40004170
40004170,41.8742741809,-87.6475183137,1303696534.0,40004139,40004213
40004213,41.874213931,-87.6472776497,1303696538.0,40004170,40004258
40004258,41.8739964433,-87.6471954285,1303696542.0,40004213,40004295
40004295,41.8737819199,-87.6471977701,1303696545.0,40004258,40004332
40004332,41.8735318826,-87.6471893099,1303696548.0,40004295,40004359
40004359,41.8733479584,-87.6471860934,1303696550.0,40004332,40004385
40004385,41.8731609828,-87.6471800134,1303696552.0,40004359,40004412
40004412,41.8729760314,-87.6471730153,1303696554.0,40004385,40004455
40004455,41.8727131345,-87.6471641322,1303696557.0,40004412,40004497
40004497,41.8724761926,-87.6471757379,1303696560.0,40004455,40004558
40004558,41.8722752266,-87.6471668631,1303696564.0,40004497,None
