76859270,41.8714377036,-87.6733623822,1303499408.0,None,76859366
76859366,41.8714481917,-87.6730914418,1303499418.0,76859270,76859379
76859379,41.8714562856,-87.6728143707,1303499421.0,76859366,76859396
76859396,41.8714604193,-87.6724902683,1303499424.0,76859379,76859416
76859416,41.8714543411,-87.6721570676,1303499427.0,76859396,76859439
76859439,41.8714527678,-87.6718980002,1303499430.0,76859416,76859473
76859473,41.8714720266,-87.6716551083,1303499434.0,76859439,76859511
76859511,41.8715038863,-87.6713512092,1303499438.0,76859473,76859541
76859541,41.8715168865,-87.6710952866,1303499441.0,76859511,76859571
76859571,41.8715279543,-87.6708512283,1303499444.0,76859541,76859611
76859611,41.8715308858,-87.670565045,1303499448.0,76859571,76859821
76859821,41.8715362177,-87.6702819128,1303499464.0,76859611,76860080
76860080,41.8715168629,-87.6700232912,1303499481.0,76859821,76860164
76860164,41.8715535446,-87.6697845432,1303499486.0,76860080,76860289
76860289,41.8715970593,-87.6695385432,1303499493.0,76860164,76860586
76860586,41.8715843947,-87.6692805593,1303499509.0,76860289,76860769
76860769,41.8714309044,-87.6690945952,1303499518.0,76860586,76860853
76860853,41.8712090308,-87.6690932044,1303499522.0,76860769,76860915
76860915,41.8709932144,-87.6690821012,1303499525.0,76860853,76860979
76860979,41.8707422679,-87.6690649284,1303499528.0,76860915,76861021
76861021,41.8705611931,-87.6690554212,1303499530.0,76860979,76861066
76861066,41.8703740614,-87.6690479034,1303499532.0,76861021,76861107
76861107,41.8701870067,-87.6690438237,1303499534.0,76861066,76861152
76861152,41.8700020073,-87.6690421092,1303499536.0,76861107,76861198
76861198,41.8698220141,-87.6690438501,1303499538.0,76861152,76861262
76861262,41.8695870344,-87.6690568941,1303499541.0,76861198,76861749
76861749,41.8693976321,-87.6690670904,1303499566.0,76861262,76862251
76862251,41.8692056546,-87.669050906,1303499587.0,76861749,76862407
76862407,41.8690166441,-87.6690164202,1303499593.0,76862251,76862479
76862479,41.8688200263,-87.6690023862,1303499596.0,76862407,76862552
76862552,41.8685828698,-87.6689950196,1303499599.0,76862479,76862627
76862627,41.8683168861,-87.6689890982,1303499602.0,76862552,76862682
76862682,41.868133856,-87.6689875421,1303499604.0,76862627,76862740
76862740,41.8679498877,-87.668984736,1303499606.0,76862682,76862819
76862819,41.8676849146,-87.668981661,1303499609.0,76862740,76862895
76862895,41.8674638933,-87.6689721221,1303499612.0,76862819,76862995
76862995,41.8672708759,-87.6689619303,1303499616.0,76862895,76863487
76863487,41.8670493476,-87.6689659138,1303499634.0,76862995,76863600
76863600,41.8668445354,-87.6689193118,1303499638.0,76863487,76863706
76863706,41.8667661189,-87.6686797675,1303499642.0,76863600,76863795
76863795,41.8667674992,-87.668423024,1303499645.0,76863706,76863885
76863885,41.8667696412,-87.6681120107,1303499648.0,76863795,76863968
76863968,41.8667710124,-87.6677830667,1303499651.0,76863885,76864054
76864054,41.8667806422,-87.6674621408,1303499654.0,76863968,76864133
76864133,41.866788204,-87.6671821098,1303499657.0,76864054,76864245
76864245,41.8667908357,-87.6669160632,1303499661.0,76864133,76864345
76864345,41.8667940855,-87.6666730702,1303499664.0,76864245,76864438
76864438,41.8667973168,-87.6663383018,1303499667.0,76864345,76864500
76864500,41.8667986121,-87.6660920741,1303499669.0,76864438,76864555
76864555,41.8668031039,-87.6658390698,1303499671.0,76864500,76864612
76864612,41.866808512,-87.6655770515,1303499673.0,76864555,76864670
76864670,41.8668148006,-87.6653070316,1303499675.0,76864612,76864728
76864728,41.866820334,-87.66503098,1303499677.0,76864670,76864793
76864793,41.866824479,-87.6647559432,1303499679.0,76864728,76864862
76864862,41.8668284943,-87.6644809549,1303499681.0,76864793,76864920
76864920,41.8668331694,-87.6642009295,1303499683.0,76864862,76864982
76864982,41.8668388215,-87.6639169356,1303499685.0,76864920,76865049
76865049,41.8668424591,-87.663633957,1303499687.0,76864982,76865109
76865109,41.8668467882,-87.6633559616,1303499689.0,76865049,76865173
76865173,41.8668524911,-87.6630779669,1303499691.0,76865109,76865231
76865231,41.8668573687,-87.6627939523,1303499693.0,76865173,76865290
76865290,41.8668794445,-87.6616529926,1303499701.0,76865231,76865353
76865353,41.8668881151,-87.6613679021,1303499703.0,76865290,76865417
76865417,41.8668928068,-87.6610828758,1303499705.0,76865353,76865488
76865488,41.8668976282,-87.6608008461,1303499707.0,76865417,76865550
76865550,41.8669018158,-87.6605217852,1303499709.0,76865488,76865612
76865612,41.8669053309,-87.6602448257,1303499711.0,76865550,76865671
76865671,41.8669096193,-87.6599718395,1303499713.0,76865612,76865738
76865738,41.8669152379,-87.6597048393,1303499715.0,76865671,76865802
76865802,41.8669215092,-87.6594348563,1303499717.0,76865738,76865870
76865870,41.8669271348,-87.6591668081,1303499719.0,76865802,76865934
76865934,41.8669297276,-87.6588978669,1303499721.0,76865870,76866000
76866000,41.8669315587,-87.6586228901,1303499723.0,76865934,76866074
76866074,41.8669364115,-87.6583419008,1303499725.0,76866000,76866142
76866142,41.8669405878,-87.6580618621,1303499727.0,76866074,76866202
76866202,41.8669440872,-87.6577898914,1303499729.0,76866142,76866268
76866268,41.8669498795,-87.6575209003,1303499731.0,76866202,76866334
76866334,41.8669564221,-87.6572478479,1303499733.0,76866268,76866399
76866399,41.8669628264,-87.6569668802,1303499735.0,76866334,76866466
76866466,41.8669681022,-87.6566781035,1303499737.0,76866399,76866529
76866529,41.8669696735,-87.6563890367,1303499739.0,76866466,76866598
76866598,41.8669728909,-87.6561016602,1303499741.0,76866529,76866672
76866672,41.8669755306,-87.6558185794,1303499743.0,76866598,76866742
76866742,41.8669795459,-87.6555336684,1303499745.0,76866672,76866808
76866808,41.866983929,-87.6552457151,1303499747.0,76866742,76866878
76866878,41.8669896607,-87.6549575777,1303499749.0,76866808,76866952
76866952,41.8669970798,-87.6546704742,1303499751.0,76866878,76867008
76867008,41.8670031994,-87.6543876073,1303499753.0,76866952,76867072
76867072,41.8670068099,-87.6541057767,1303499755.0,76867008,76867138
76867138,41.8670142968,-87.6538306336,1303499757.0,76867072,76867204
76867204,41.8670227216,-87.6535686583,1303499759.0,76867138,76867274
76867274,41.8670284277,-87.6533076892,1303499761.0,76867204,76867331
76867331,41.8670345555,-87.6530516766,1303499763.0,76867274,76867404
76867404,41.8670383755,-87.652808641,1303499765.0,76867331,76867512
76867512,41.867039075,-87.6525306834,1303499768.0,76867404,76867662
76867662,41.8670409778,-87.6522877334,1303499772.0,76867512,76868437
76868437,41.8670399648,-87.652016697,1303499794.0,76867662,76868585
76868585,41.8670453882,-87.6517119071,1303499798.0,76868437,76868688
76868688,41.8670627085,-87.6514383099,1303499801.0,76868585,76868876
76868876,41.8670765752,-87.6511703846,1303499806.0,76868688,None
