15917722,41.8668952309,-87.6663641056,1302577505.0,None,15918394
15918394,41.8669047103,-87.6666680649,1302577526.0,15917722,15918499
15918499,41.8669173189,-87.6670290491,1302577529.0,15918394,15918560
15918560,41.8669208328,-87.6673150481,1302577531.0,15918499,15918628
15918628,41.8669229254,-87.6676449417,1302577533.0,15918560,15918693
15918693,41.8669246553,-87.667978877,1302577535.0,15918628,15918758
15918758,41.866931314,-87.6682859238,1302577537.0,15918693,15918827
15918827,41.8669382512,-87.6685477971,1302577539.0,15918758,15918930
15918930,41.8669547878,-87.6688256688,1302577542.0,15918827,15919109
15919109,41.8671333137,-87.6689497929,1302577547.0,15918930,15919246
15919246,41.8673631082,-87.6689558,1302577551.0,15919109,15919312
15919312,41.8675491334,-87.6689583831,1302577553.0,15919246,15919376
15919376,41.8677691681,-87.6689665319,1302577555.0,15919312,15919446
15919446,41.8680122089,-87.6689781706,1302577557.0,15919376,15919500
15919500,41.8682662503,-87.6689920844,1302577559.0,15919446,15919569
15919569,41.8685153769,-87.6690023661,1302577561.0,15919500,15919635
15919635,41.8687462116,-87.6690159298,1302577563.0,15919569,15919707
15919707,41.868927204,-87.669019066,1302577565.0,15919635,15919842
15919842,41.8691205195,-87.6690241088,1302577569.0,15919707,15920254
15920254,41.869260696,-87.6692070602,1302577581.0,15919842,15920381
15920381,41.8692480487,-87.6694970418,1302577585.0,15920254,15920513
15920513,41.869297315,-87.6697892171,1302577589.0,15920381,15920621
15920621,41.8693246609,-87.6701579409,1302577592.0,15920513,15920695
15920695,41.8693342891,-87.6704269958,1302577594.0,15920621,15920800
15920800,41.8693641561,-87.6707401493,1302577597.0,15920695,15921117
15921117,41.8694274888,-87.6709681813,1302577607.0,15920800,15921365
15921365,41.8694271177,-87.6712131092,1302577614.0,15921117,15921563
15921563,41.8694859064,-87.6714473209,1302577620.0,15921365,15921698
15921698,41.8695429668,-87.6717632603,1302577624.0,15921563,15921768
15921768,41.8695543527,-87.6720179073,1302577626.0,15921698,15921838
15921838,41.8695652146,-87.6722809428,1302577628.0,15921768,15921942
15921942,41.8695560441,-87.6726070234,1302577631.0,15921838,15922082
15922082,41.8695417825,-87.6728728229,1302577635.0,15921942,15922356
15922356,41.8695486867,-87.6731410007,1302577643.0,15922082,15922494
15922494,41.8694825251,-87.6734009813,1302577647.0,15922356,15922629
15922629,41.8694662617,-87.6737217607,1302577651.0,15922494,15922734
15922734,41.8694624809,-87.6740888914,1302577654.0,15922629,15922802
15922802,41.8694707054,-87.6743509006,1302577656.0,15922734,15922869
15922869,41.8694759469,-87.6746069018,1302577658.0,15922802,15922948
15922948,41.869489439,-87.6749050474,1302577661.0,15922869,15922957
15922957,41.8695016194,-87.6751709853,1302577664.0,15922948,15922989
15922989,41.8695015267,-87.6754158517,1302577670.0,15922957,15923069
15923069,41.8694370824,-87.6756778129,1302577680.0,15922989,15923098
15923098,41.8694204004,-87.6759649228,1302577683.0,15923069,15923118
15923118,41.8694065446,-87.6762261927,1302577685.0,15923098,15923139
15923139,41.8693895551,-87.6765280145,1302577687.0,15923118,15923161
15923161,41.8693646263,-87.6768599778,1302577689.0,15923139,15923183
15923183,41.8693525023,-87.6771839653,1302577691.0,15923161,15923207
15923207,41.8693575527,-87.6774389587,1302577693.0,15923183,15923243
15923243,41.8693565717,-87.6777179687,1302577696.0,15923207,15923294
15923294,41.8693687903,-87.6780139864,1302577700.0,15923243,15923333
15923333,41.8693817934,-87.6782959693,1302577703.0,15923294,15923375
15923375,41.8693868154,-87.6786449683,1302577706.0,15923333,15923403
15923403,41.8693899009,-87.67893699,1302577708.0,15923375,15923431
15923431,41.8693929491,-87.679267998,1302577710.0,15923403,15923457
15923457,41.869397999,-87.6796029923,1302577712.0,15923431,15923487
15923487,41.8693940612,-87.6799040095,1302577714.0,15923457,15923519
15923519,41.869376148,-87.6801730103,1302577716.0,15923487,15923579
15923579,41.8693500074,-87.6804459907,1302577720.0,15923519,15923884
15923884,41.8693068113,-87.6807539415,1302577738.0,15923579,15923932
15923932,41.8692998951,-87.6810810006,1302577741.0,15923884,15923969
15923969,41.8692858188,-87.6813549918,1302577743.0,15923932,15924005
15924005,41.8692727596,-87.681669984,1302577745.0,15923969,15924041
15924041,41.8692392031,-87.6820199525,1302577747.0,15924005,15924079
15924079,41.8692010543,-87.6823918849,1302577749.0,15924041,15924118
15924118,41.8691728749,-87.6827368411,1302577751.0,15924079,15924159
15924159,41.8691493883,-87.6830459012,1302577753.0,15924118,15924198
15924198,41.8691441572,-87.6833149376,1302577755.0,15924159,15924275
15924275,41.869139273,-87.6835887144,1302577759.0,15924198,15924695
15924695,41.8691869508,-87.6838880809,1302577780.0,15924275,15924762
15924762,41.8692044301,-87.684194068,1302577783.0,15924695,15924796
15924796,41.8692034807,-87.6845019536,1302577786.0,15924762,15924873
15924873,41.869187125,-87.6847690618,1302577790.0,15924796,15924978
15924978,41.8692031389,-87.6850640772,1302577795.0,15924873,15925074
15925074,41.8692040553,-87.6853690997,1302577799.0,15924978,15925160
15925160,41.8692274636,-87.685662069,1302577803.0,15925074,15925229
15925229,41.8691902482,-87.6859498442,1302577806.0,15925160,15925355
15925355,41.8693591669,-87.6860587969,1302577811.0,15925229,15925866
15925866,41.8695318409,-87.6859556923,1302577833.0,15925355,15926079
15926079,41.8697337981,-87.6859891493,1302577841.0,15925866,15926150
15926150,41.8699197728,-87.6860408094,1302577844.0,15926079,15926201
15926201,41.8701008253,-87.6860574673,1302577846.0,15926150,15926254
15926254,41.870290882,-87.6860661982,1302577848.0,15926201,15926338
15926338,41.8705439058,-87.6860702597,1302577851.0,15926254,15926389
15926389,41.8707249549,-87.6860674144,1302577853.0,15926338,15926469
15926469,41.8709728614,-87.6860660244,1302577856.0,15926389,15926547
15926547,41.8712007113,-87.6860873028,1302577859.0,15926469,15926629
15926629,41.8714498611,-87.6861207407,1302577862.0,15926547,15926680
15926680,41.8716580787,-87.6861465329,1302577864.0,15926629,15926730
15926730,41.8718781982,-87.6861681821,1302577866.0,15926680,15926784
15926784,41.8721141538,-87.6861783746,1302577868.0,15926730,15926843
15926843,41.872354119,-87.6861843778,1302577870.0,15926784,15926905
15926905,41.8725951371,-87.6861901973,1302577872.0,15926843,15926962
15926962,41.8728261067,-87.6861968701,1302577874.0,15926905,15927022
15927022,41.8730451578,-87.6862074502,1302577876.0,15926962,15927073
15927073,41.8732541676,-87.6862230689,1302577878.0,15927022,15927127
15927127,41.873449102,-87.6862228027,1302577880.0,15927073,15927208
15927208,41.8736488466,-87.6862330337,1302577883.0,15927127,15927469
15927469,41.8737980045,-87.6860634244,1302577892.0,15927208,15927555
15927555,41.8738382331,-87.6857642346,1302577895.0,15927469,15927584
15927584,41.8738650408,-87.6855132885,1302577897.0,15927555,15927644
15927644,41.8738853996,-87.6852142502,1302577899.0,15927584,15927702
15927702,41.873897216,-87.6848891937,1302577901.0,15927644,15927757
15927757,41.8739012619,-87.6845511249,1302577903.0,15927702,15927822
15927822,41.87389931,-87.6842190945,1302577905.0,15927757,15927878
15927878,41.8739011815,-87.6838781055,1302577907.0,15927822,15927941
15927941,41.8739057471,-87.6835231236,1302577909.0,15927878,15927997
15927997,41.8739137257,-87.6831672039,1302577911.0,15927941,15928057
15928057,41.8739170239,-87.6828161976,1302577913.0,15927997,15928119
15928119,41.8739229325,-87.6824751087,1302577915.0,15928057,15928178
15928178,41.8739301501,-87.6821650947,1302577917.0,15928119,15928242
15928242,41.8739346005,-87.6819221377,1302577919.0,15928178,15928386
15928386,41.8739294358,-87.6816602925,1302577924.0,15928242,15928511
15928511,41.8739324795,-87.6814053063,1302577928.0,15928386,15928606
15928606,41.8739359956,-87.681029272,1302577931.0,15928511,15928668
15928668,41.8739450239,-87.6807173207,1302577933.0,15928606,15928732
15928732,41.8739574838,-87.6803602256,1302577935.0,15928668,15928797
15928797,41.8739650835,-87.6799852073,1302577937.0,15928732,15928856
15928856,41.8739718366,-87.6796001218,1302577939.0,15928797,15928902
15928902,41.8739852818,-87.6792061284,1302577941.0,15928856,15928965
15928965,41.873993768,-87.6788260927,1302577943.0,15928902,15929033
15929033,41.8739921833,-87.6784671451,1302577945.0,15928965,15929063
15929063,41.8739937378,-87.6781081588,1302577947.0,15929033,15929129
15929129,41.8740031992,-87.6777650919,1302577949.0,15929063,15929199
15929199,41.8740096012,-87.6774481562,1302577951.0,15929129,15929268
15929268,41.8740053217,-87.6771738087,1302577953.0,15929199,15929368
15929368,41.8739805269,-87.676855055,1302577956.0,15929268,15929584
15929584,41.8739390442,-87.6765825744,1302577963.0,15929368,15929682
15929682,41.8737405727,-87.676513334,1302577966.0,15929584,15929744
15929744,41.8735601936,-87.6764920731,1302577968.0,15929682,15929814
15929814,41.8733771075,-87.676475428,1302577970.0,15929744,15929917
15929917,41.8731313039,-87.676467424,1302577973.0,15929814,15930189
15930189,41.8729263305,-87.6764616753,1302577981.0,15929917,15930327
15930327,41.8726869975,-87.6764260514,1302577985.0,15930189,15930395
15930395,41.8724949668,-87.6764127256,1302577987.0,15930327,15930465
15930465,41.8722710639,-87.6764034024,1302577989.0,15930395,15930532
15930532,41.8720361798,-87.6763806169,1302577991.0,15930465,15930595
15930595,41.8718260381,-87.6763553233,1302577993.0,15930532,15930683
15930683,41.8715865638,-87.6763515371,1302577996.0,15930595,15930854
15930854,41.8714388133,-87.6761550354,1302578002.0,15930683,15930969
15930969,41.871449704,-87.6758781821,1302578005.0,15930854,15931076
15931076,41.8714701536,-87.6755329524,1302578008.0,15930969,15931139
15931139,41.8714745879,-87.6752718832,1302578010.0,15931076,15931211
15931211,41.871483157,-87.6750120261,1302578012.0,15931139,15931276
15931276,41.8714968153,-87.6747681673,1302578014.0,15931211,15931377
15931377,41.8715104984,-87.6744420492,1302578017.0,15931276,15931484
15931484,41.8715338348,-87.674175084,1302578020.0,15931377,15931624
15931624,41.8715525097,-87.6739130233,1302578024.0,15931484,15931796
15931796,41.8715944755,-87.6736226228,1302578029.0,15931624,15931900
15931900,41.8716059815,-87.6733328179,1302578032.0,15931796,15931970
15931970,41.871617888,-87.673082836,1302578034.0,15931900,15932036
15932036,41.8716251671,-87.6728098845,1302578036.0,15931970,15932108
15932108,41.8716161175,-87.6725316713,1302578038.0,15932036,15932184
15932184,41.871602296,-87.6722687662,1302578040.0,15932108,15932297
15932297,41.8715837042,-87.6719539275,1302578043.0,15932184,15932973
15932973,41.8715754627,-87.6716967524,1302578062.0,15932297,15933087
15933087,41.8715993206,-87.6713176635,1302578065.0,15932973,15933168
15933168,41.8716170217,-87.671037683,1302578067.0,15933087,15933249
15933249,41.871642736,-87.6707378292,1302578069.0,15933168,15933316
15933316,41.8716429877,-87.6704629556,1302578071.0,15933249,15933386
15933386,41.8716384398,-87.6702179994,1302578073.0,15933316,15933495
15933495,41.8716457793,-87.6698643212,1302578076.0,15933386,15933609
15933609,41.8716855338,-87.6695708658,1302578079.0,15933495,15933865
15933865,41.8716580834,-87.6693291027,1302578086.0,15933609,15934018
15934018,41.871417901,-87.66927346,1302578090.0,15933865,15934093
15934093,41.8712212599,-87.669235957,1302578092.0,15934018,15934154
15934154,41.8709872648,-87.669187682,1302578094.0,15934093,15934221
15934221,41.8707262863,-87.6691333353,1302578096.0,15934154,15934288
15934288,41.8704511651,-87.6690829816,1302578098.0,15934221,15934352
15934352,41.8701800345,-87.6690522025,1302578100.0,15934288,15934414
15934414,41.8699269751,-87.6690302993,1302578102.0,15934352,None
