14730530,41.8638288876,-87.6504538186,1302490809.0,None,14730877
14730877,41.8636326498,-87.65048779,1302490820.0,14730530,14731089
14731089,41.8635663412,-87.6507481383,1302490827.0,14730877,14731360
14731360,41.8637290371,-87.6509191352,1302490835.0,14731089,14731459
14731459,41.8639179519,-87.6509237987,1302490838.0,14731360,14731549
14731549,41.8641729719,-87.6509343707,1302490841.0,14731459,14731644
14731644,41.8644290119,-87.6509544012,1302490844.0,14731549,14731775
14731775,41.864634097,-87.6509698486,1302490848.0,14731644,14731981
14731981,41.8648329673,-87.6509487064,1302490854.0,14731775,14732114
14732114,41.8650369284,-87.6508759754,1302490858.0,14731981,14732246
14732246,41.8652919786,-87.6508064011,1302490862.0,14732114,14732312
14732312,41.8654829871,-87.6507959262,1302490864.0,14732246,14732380
14732380,41.8657029897,-87.650787514,1302490866.0,14732312,14732448
14732448,41.8659359942,-87.6507873951,1302490868.0,14732380,14732511
14732511,41.8661779993,-87.6507913522,1302490870.0,14732448,14732581
14732581,41.8664259925,-87.650796343,1302490872.0,14732511,14732649
14732649,41.8666739895,-87.6508063025,1302490874.0,14732581,14732721
14732721,41.8669829661,-87.6508382274,1302490876.0,14732649,14732757
14732757,41.8671762378,-87.6508690937,1302490877.0,14732721,14732822
14732822,41.8674858737,-87.6509122733,1302490879.0,14732757,14732885
14732885,41.8677956927,-87.6509412675,1302490881.0,14732822,14732953
14732953,41.8681097382,-87.6509733415,1302490883.0,14732885,14733025
14733025,41.8684078186,-87.6510088329,1302490885.0,14732953,14733094
14733094,41.8686818948,-87.6510307348,1302490887.0,14733025,14733167
14733167,41.8689269533,-87.6510510169,1302490889.0,14733094,14733236
14733236,41.8691413539,-87.6510843602,1302490891.0,14733167,14733344
14733344,41.8693836389,-87.6511067526,1302490894.0,14733236,14733479
14733479,41.869510952,-87.650870322,1302490898.0,14733344,14733583
14733583,41.8695022193,-87.6505559769,1302490901.0,14733479,14733655
14733655,41.8695050496,-87.6502938715,1302490903.0,14733583,14733722
14733722,41.8695071997,-87.6499918307,1302490905.0,14733655,14733798
14733798,41.8695157355,-87.6496558857,1302490907.0,14733722,14733875
14733875,41.8695257406,-87.6493079197,1302490909.0,14733798,14733944
14733944,41.8695310771,-87.6489679208,1302490911.0,14733875,14734015
14734015,41.8695385988,-87.6486449643,1302490913.0,14733944,14734080
14734080,41.8695573293,-87.6483317279,1302490915.0,14734015,14734148
14734148,41.8695705362,-87.6480268727,1302490917.0,14734080,14734212
14734212,41.8695798909,-87.6477500233,1302490919.0,14734148,14734286
14734286,41.8695891468,-87.6475039163,1302490921.0,14734212,14734395
14734395,41.8695891108,-87.6472254381,1302490924.0,14734286,14734609
14734609,41.8694483846,-87.6470129463,1302490930.0,14734395,14734721
14734721,41.8692258922,-87.6470293416,1302490933.0,14734609,14734795
14734795,41.8690327912,-87.6470329332,1302490935.0,14734721,14734866
14734866,41.8688087445,-87.6470264021,1302490937.0,14734795,14734923
14734923,41.8685658192,-87.6470153038,1302490939.0,14734866,14735001
14735001,41.8683139575,-87.6470071274,1302490941.0,14734923,14735077
14735077,41.8680622116,-87.6470027161,1302490943.0,14735001,14735156
14735156,41.8678230493,-87.6470065632,1302490945.0,14735077,14735233
14735233,41.8676098651,-87.6470139617,1302490947.0,14735156,14735353
14735353,41.8673706896,-87.6470259663,1302490950.0,14735233,14735491
14735491,41.8672056311,-87.6471187292,1302490954.0,14735353,14735640
14735640,41.8671948803,-87.6474353787,1302490958.0,14735491,14735761
14735761,41.8672054157,-87.6477890912,1302490961.0,14735640,14735830
14735830,41.8672024847,-87.6480621103,1302490963.0,14735761,14735904
14735904,41.8671998802,-87.648341111,1302490965.0,14735830,14735981
14735981,41.8671963906,-87.6486300278,1302490967.0,14735904,14736059
14736059,41.8671919481,-87.6489069753,1302490969.0,14735981,14736170
14736170,41.867182765,-87.649220031,1302490972.0,14736059,14736605
14736605,41.8671739644,-87.6494990605,1302490984.0,14736170,14736612
14736612,41.8671767116,-87.6498380177,1302490988.0,14736605,14736679
14736679,41.8671773587,-87.6500899374,1302490990.0,14736612,14736742
14736742,41.8671777634,-87.6503829068,1302490992.0,14736679,14736769
14736769,41.8671749353,-87.6506658736,1302490994.0,14736742,14736780
14736780,41.8671884617,-87.6509535675,1302490997.0,14736769,14736802
14736802,41.8673578351,-87.6510464618,1302491001.0,14736780,14736822
14736822,41.8675531947,-87.6510208156,1302491004.0,14736802,14736845
14736845,41.867834083,-87.6510193479,1302491007.0,14736822,14736861
14736861,41.8680680218,-87.6510227633,1302491009.0,14736845,14736879
14736879,41.8683149978,-87.6510309343,1302491011.0,14736861,14736897
14736897,41.8685670053,-87.651039654,1302491013.0,14736879,14736917
14736917,41.8688180158,-87.6510493661,1302491015.0,14736897,14736937
14736937,41.8690480163,-87.6510642442,1302491017.0,14736917,14736958
14736958,41.869229187,-87.6510893835,1302491019.0,14736937,14736991
14736991,41.8694077056,-87.6511270141,1302491022.0,14736958,14737381
14737381,41.8695604334,-87.6512832265,1302491051.0,14736991,14737443
14737443,41.8695778775,-87.6515767119,1302491055.0,14737381,14737494
14737494,41.8695737595,-87.6518606466,1302491058.0,14737443,14737544
14737544,41.8695731525,-87.6522107899,1302491061.0,14737494,14737576
14737576,41.8695682359,-87.6524868299,1302491063.0,14737544,14737592
14737592,41.8695580616,-87.6527758595,1302491065.0,14737576,14737632
14737632,41.8695541591,-87.6530688561,1302491067.0,14737592,14737671
14737671,41.8695470724,-87.6533638307,1302491069.0,14737632,14737704
14737704,41.8695631568,-87.653642857,1302491071.0,14737671,14737736
14737736,41.8695454966,-87.6539028631,1302491073.0,14737704,14737795
14737795,41.8695364363,-87.6541990164,1302491076.0,14737736,14737888
14737888,41.8695162174,-87.6544938593,1302491081.0,14737795,14737944
14737944,41.8695286224,-87.6547798836,1302491084.0,14737888,14738006
14738006,41.8695267868,-87.655144924,1302491087.0,14737944,14738045
14738045,41.8695278525,-87.6554209431,1302491089.0,14738006,14738083
14738083,41.8695290016,-87.655696891,1302491091.0,14738045,14738123
14738123,41.8695239492,-87.6559558984,1302491093.0,14738083,14738178
14738178,41.8695223244,-87.6562990643,1302491096.0,14738123,14738239
14738239,41.8695032297,-87.656589878,1302491099.0,14738178,14738698
14738698,41.8694719302,-87.6568652821,1302491122.0,14738239,14738771
14738771,41.8694435332,-87.6571222887,1302491127.0,14738698,14738809
14738809,41.8694484592,-87.657364106,1302491130.0,14738771,14738859
14738859,41.8694620654,-87.6577140103,1302491133.0,14738809,14738899
14738899,41.869464716,-87.6580029904,1302491135.0,14738859,14738944
14738944,41.8694626577,-87.6583159598,1302491137.0,14738899,14738990
14738990,41.8694575965,-87.6586369328,1302491139.0,14738944,14739032
14739032,41.8694436653,-87.6589659499,1302491141.0,14738990,14739076
14739076,41.86943482,-87.6593089679,1302491143.0,14739032,14739118
14739118,41.8694193776,-87.6596719861,1302491145.0,14739076,14739163
14739163,41.8694087846,-87.660016992,1302491147.0,14739118,14739210
14739210,41.8694055707,-87.6603489677,1302491149.0,14739163,14739254
14739254,41.8694015558,-87.6606620131,1302491151.0,14739210,14739301
14739301,41.8694034121,-87.6609471087,1302491153.0,14739254,14739347
14739347,41.8694042673,-87.6612101889,1302491155.0,14739301,14739415
14739415,41.8694155514,-87.6614691603,1302491158.0,14739347,14739559
14739559,41.8694114636,-87.6617229863,1302491164.0,14739415,14739651
14739651,41.869460254,-87.6619839267,1302491168.0,14739559,14739724
14739724,41.869509734,-87.6623319798,1302491171.0,14739651,14739771
14739771,41.8695425784,-87.6626440145,1302491173.0,14739724,14739819
14739819,41.8695506403,-87.6629670009,1302491175.0,14739771,14739873
14739873,41.8695525803,-87.6632869941,1302491177.0,14739819,14739921
14739921,41.8695417412,-87.6635780355,1302491179.0,14739873,14739994
14739994,41.8695136505,-87.6638459964,1302491182.0,14739921,14740151
14740151,41.8694429175,-87.6641071037,1302491188.0,14739994,14740303
14740303,41.8694603944,-87.6644219832,1302491194.0,14740151,14740381
14740381,41.8695177106,-87.6646729985,1302491197.0,14740303,14740464
14740464,41.8695608456,-87.6649759735,1302491200.0,14740381,14740547
14740547,41.8695928633,-87.6653349719,1302491203.0,14740464,14740600
14740600,41.869603848,-87.6656069691,1302491205.0,14740547,14740645
14740645,41.8695998503,-87.6659069639,1302491207.0,14740600,14740699
14740699,41.869574926,-87.6662750299,1302491209.0,14740645,14740753
14740753,41.8695397318,-87.6666619628,1302491211.0,14740699,14740810
14740810,41.8695388039,-87.6670070137,1302491213.0,14740753,14740870
14740870,41.8695370017,-87.6673589835,1302491215.0,14740810,14740924
14740924,41.8695308245,-87.6677070522,1302491217.0,14740870,14740976
14740976,41.869529886,-87.6680419896,1302491219.0,14740924,14741028
14741028,41.8695499024,-87.6683439815,1302491221.0,14740976,14741112
14741112,41.8695620567,-87.6686550092,1302491224.0,14741028,14741766
14741766,41.8694514664,-87.6688854742,1302491247.0,14741112,14741972
14741972,41.869380438,-87.6691453316,1302491254.0,14741766,14742127
14742127,41.869383836,-87.6694302509,1302491260.0,14741972,14742269
14742269,41.8694922908,-87.6696870475,1302491265.0,14742127,14742360
14742360,41.8695707692,-87.6699160491,1302491268.0,14742269,14742454
14742454,41.8696379461,-87.6702460072,1302491271.0,14742360,14742518
14742518,41.8696559305,-87.6705029746,1302491273.0,14742454,14742644
14742644,41.869693941,-87.6707599772,1302491277.0,14742518,14743013
14743013,41.8698370142,-87.6709070502,1302491289.0,14742644,14743269
14743269,41.8699580018,-87.6711539348,1302491297.0,14743013,14743432
14743432,41.8699588977,-87.6714042323,1302491302.0,14743269,14743534
14743534,41.8699670988,-87.671647943,1302491305.0,14743432,14743632
14743632,41.8699748529,-87.6719509706,1302491308.0,14743534,14743717
14743717,41.8699829649,-87.6723170429,1302491311.0,14743632,14743768
14743768,41.8700027375,-87.6727018908,1302491313.0,14743717,14743833
14743833,41.870012846,-87.6730830844,1302491315.0,14743768,14743901
14743901,41.8700128969,-87.6734290535,1302491317.0,14743833,14743973
14743973,41.8700068605,-87.6736961577,1302491319.0,14743901,14744087
14744087,41.8699559131,-87.6740829915,1302491322.0,14743973,14744158
14744158,41.8699080366,-87.6743930144,1302491324.0,14744087,14744218
14744218,41.8698327461,-87.6747188211,1302491326.0,14744158,14744530
14744530,41.8697628726,-87.6750028941,1302491336.0,14744218,None
