28948977,41.8715911334,-87.6734268043,1301938232.0,None,28949110
28949110,41.8717498626,-87.672659944,1301938251.0,28948977,28949169
28949169,41.8717686968,-87.6719820352,1301938258.0,28949110,28949469
28949469,41.8716885669,-87.6717352313,1301938279.0,28949169,28949641
28949641,41.8716361367,-87.6714568427,1301938284.0,28949469,28949701
28949701,41.8716381261,-87.6709187174,1301938291.0,28949641,28949788
28949788,41.8716481641,-87.6705869658,1301938296.0,28949701,28949944
28949944,41.8716408898,-87.6703430254,1301938302.0,28949788,28950110
28950110,41.8716120863,-87.6701036422,1301938307.0,28949944,28950328
28950328,41.8716058318,-87.6698244484,1301938322.0,28950110,28950344
28950344,41.8716099275,-87.6695195261,1301938326.0,28950328,28950374
28950374,41.871631641,-87.6692654282,1301938331.0,28950344,28950495
28950495,41.8714859266,-87.669076855,1301938345.0,28950374,28950538
28950538,41.8712618462,-87.669074928,1301938349.0,28950495,28950572
28950572,41.871034889,-87.6690581143,1301938352.0,28950538,28950608
28950608,41.8707648951,-87.6690308896,1301938355.0,28950572,28950632
28950632,41.8705718757,-87.6690139791,1301938357.0,28950608,28950658
28950658,41.8703788466,-87.6690036317,1301938359.0,28950632,28950684
28950684,41.8701928181,-87.668998345,1301938361.0,28950658,28950710
28950710,41.8700088089,-87.66899449,1301938363.0,28950684,28950752
28950752,41.8697498057,-87.66899051,1301938366.0,28950710,28950793
28950793,41.8695647717,-87.6689861186,1301938369.0,28950752,28950925
28950925,41.8693735327,-87.6689833948,1301938378.0,28950793,28951227
28951227,41.8691529413,-87.6689741952,1301938396.0,28950925,28951280
28951280,41.8689548124,-87.6689718371,1301938399.0,28951227,28951335
28951335,41.8687098842,-87.6689555406,1301938402.0,28951280,28951371
28951371,41.8685229652,-87.6689533958,1301938404.0,28951335,28951409
28951409,41.868322964,-87.6689506388,1301938406.0,28951371,28951446
28951446,41.8681179297,-87.6689426273,1301938408.0,28951409,28951484
28951484,41.8679169215,-87.6689407366,1301938410.0,28951446,28951523
28951523,41.8677279024,-87.6689409625,1301938412.0,28951484,28951582
28951582,41.8674698551,-87.6689314242,1301938415.0,28951523,28951640
28951640,41.8672249224,-87.6689294774,1301938418.0,28951582,28951699
28951699,41.8669983394,-87.668931237,1301938421.0,28951640,28951784
28951784,41.8668160506,-87.668823812,1301938425.0,28951699,28951864
28951864,41.8667980335,-87.6685209048,1301938429.0,28951784,28951930
28951930,41.8668104091,-87.6682290265,1301938432.0,28951864,28951996
28951996,41.8668158582,-87.6679000192,1301938435.0,28951930,28952056
28952056,41.8668171163,-87.6676079234,1301938438.0,28951996,28952122
28952122,41.8668248907,-87.66734389,1301938441.0,28952056,28952189
28952189,41.8668309729,-87.667039901,1301938444.0,28952122,28952256
28952256,41.8668353589,-87.6666869585,1301938447.0,28952189,28952299
28952299,41.8668370871,-87.6664302013,1301938449.0,28952256,28952345
28952345,41.8668388441,-87.6661600012,1301938451.0,28952299,28952379
28952379,41.8668419337,-87.6658758008,1301938453.0,28952345,28952424
28952424,41.8668458674,-87.6655807058,1301938455.0,28952379,28952462
28952462,41.8668509396,-87.6652756406,1301938457.0,28952424,28952481
28952481,41.8668542678,-87.6649636377,1301938459.0,28952462,28952514
28952514,41.8668585266,-87.6646466251,1301938461.0,28952481,28952549
28952549,41.8668626373,-87.6643326615,1301938463.0,28952514,28952586
28952586,41.8668685222,-87.6640155744,1301938465.0,28952549,28952628
28952628,41.8668737117,-87.6636915733,1301938467.0,28952586,28952673
28952673,41.8668822116,-87.6633645484,1301938469.0,28952628,28952723
28952723,41.8668874955,-87.6630316171,1301938471.0,28952673,28952772
28952772,41.8668917203,-87.662694645,1301938473.0,28952723,28952823
28952823,41.8668934852,-87.6623576594,1301938475.0,28952772,28952869
28952869,41.8668994193,-87.662027677,1301938477.0,28952823,28952920
28952920,41.8669070195,-87.6616956991,1301938479.0,28952869,28952970
28952970,41.8669177931,-87.6613616784,1301938481.0,28952920,28953020
28953020,41.866922007,-87.6610256694,1301938483.0,28952970,28953070
28953070,41.8669279026,-87.660692624,1301938485.0,28953020,28953123
28953123,41.8669383999,-87.6603605578,1301938487.0,28953070,28953162
28953162,41.866943506,-87.6600345769,1301938489.0,28953123,28953214
28953214,41.8669492402,-87.6597105839,1301938491.0,28953162,28953263
28953263,41.8669550982,-87.6593846041,1301938493.0,28953214,28953315
28953315,41.8669593227,-87.6590586067,1301938495.0,28953263,28953368
28953368,41.866963528,-87.6587286575,1301938497.0,28953315,28953417
28953417,41.866969514,-87.6583966339,1301938499.0,28953368,28953471
28953471,41.8669764761,-87.6580645923,1301938501.0,28953417,28953527
28953527,41.8669815009,-87.6577345489,1301938503.0,28953471,28953578
28953578,41.8669867172,-87.6574105622,1301938505.0,28953527,28953629
28953629,41.8669946043,-87.6570886217,1301938507.0,28953578,28953681
28953681,41.8669984551,-87.6567647708,1301938509.0,28953629,28953734
28953734,41.8669977193,-87.6564372539,1301938511.0,28953681,28953788
28953788,41.8670000523,-87.6561074641,1301938513.0,28953734,28953848
28953848,41.8670058861,-87.6557753663,1301938515.0,28953788,28953905
28953905,41.8670115418,-87.6554474867,1301938517.0,28953848,28953961
28953961,41.8670158002,-87.6551273345,1301938519.0,28953905,28954017
28954017,41.8670207881,-87.6548301067,1301938521.0,28953961,28954065
28954065,41.8670322989,-87.6545631555,1301938523.0,28954017,28954118
28954118,41.8670444239,-87.6543223986,1301938525.0,28954065,28954189
28954189,41.8670686153,-87.6539624642,1301938528.0,28954118,28954249
28954249,41.867099399,-87.6537135641,1301938530.0,28954189,28954312
28954312,41.8671085953,-87.6534487774,1301938532.0,28954249,28954372
28954372,41.8671124703,-87.6531838447,1301938534.0,28954312,28954429
28954429,41.8671115926,-87.6529237678,1301938536.0,28954372,28954480
28954480,41.8671113258,-87.6526726887,1301938538.0,28954429,28954554
28954554,41.8671030809,-87.6523556098,1301938541.0,28954480,28954764
28954764,41.867097012,-87.6521105528,1301938548.0,28954554,28955321
28955321,41.8670672758,-87.6518704747,1301938567.0,28954764,28955466
28955466,41.867071612,-87.6515913161,1301938572.0,28955321,28955592
28955592,41.8670951471,-87.6512928109,1301938576.0,28955466,28956046
28956046,41.8671306056,-87.6510462502,1301938591.0,28955592,28956211
28956211,41.8673619553,-87.6510029784,1301938596.0,28956046,28956293
28956293,41.8675641301,-87.6510071152,1301938599.0,28956211,28956380
28956380,41.8678170742,-87.6510169633,1301938602.0,28956293,28956447
28956447,41.8680020723,-87.6510246934,1301938604.0,28956380,28956515
28956515,41.8681870536,-87.6510308301,1301938606.0,28956447,28956578
28956578,41.8683740316,-87.6510368904,1301938608.0,28956515,28956643
28956643,41.8685570353,-87.651043603,1301938610.0,28956578,28956746
28956746,41.8688110794,-87.6510545361,1301938613.0,28956643,28956842
28956842,41.8690050357,-87.6510618552,1301938616.0,28956746,28956997
28956997,41.8691866591,-87.6510696593,1301938621.0,28956842,28957964
28957964,41.8693808904,-87.6510928741,1301938650.0,28956997,28958362
28958362,41.8695009806,-87.6508794962,1301938662.0,28957964,28958499
28958499,41.8694805159,-87.6505487865,1301938666.0,28958362,28958609
28958609,41.8694777396,-87.6502129376,1301938669.0,28958499,28958679
28958679,41.8694834181,-87.6499609754,1301938671.0,28958609,28958747
28958747,41.8694855977,-87.6496980161,1301938673.0,28958679,28958813
28958813,41.8694903487,-87.6494410029,1301938675.0,28958747,28958888
28958888,41.8694949605,-87.6491989698,1301938677.0,28958813,28958986
28958986,41.8694993983,-87.648870957,1301938680.0,28958888,28959095
28959095,41.8695076737,-87.6486169999,1301938683.0,28958986,None
