9767998,41.867276034,-87.6470346201,1302053438.0,None,9768588
9768588,41.86713925,-87.6472122243,1302053454.0,9767998,9768686
9768686,41.867156174,-87.6475022507,1302053457.0,9768588,9768758
9768758,41.867157951,-87.6477721693,1302053459.0,9768686,9768830
9768830,41.8671490949,-87.6480701945,1302053461.0,9768758,9768900
9768900,41.8671366784,-87.6483742365,1302053463.0,9768830,9768977
9768977,41.8671192422,-87.6486602165,1302053465.0,9768900,9769053
9769053,41.8671025964,-87.6489091998,1302053467.0,9768977,9769167
9769167,41.8670683824,-87.6492011062,1302053470.0,9769053,9769938
9769938,41.86704608,-87.6494440694,1302053492.0,9769167,9770076
9770076,41.8670659886,-87.6497730384,1302053496.0,9769938,9770184
9770184,41.8670710372,-87.6501240954,1302053499.0,9770076,9770257
9770257,41.8670714572,-87.6503971907,1302053501.0,9770184,9770334
9770334,41.8670718189,-87.650700244,1302053503.0,9770257,9770414
9770414,41.8670690671,-87.6510313045,1302053505.0,9770334,9770489
9770489,41.8670759417,-87.6513693045,1302053507.0,9770414,9770572
9770572,41.8670728505,-87.6517305375,1302053509.0,9770489,9770637
9770637,41.8670669811,-87.6520903285,1302053511.0,9770572,9770706
9770706,41.8670645204,-87.6524313612,1302053513.0,9770637,9770752
9770752,41.8670518601,-87.6527353285,1302053515.0,9770706,9770819
9770819,41.8670453926,-87.6529963315,1302053517.0,9770752,9770881
9770881,41.8670419175,-87.6532443554,1302053519.0,9770819,9770935
9770935,41.8670408668,-87.6535163525,1302053521.0,9770881,9771007
9771007,41.8670439659,-87.6538224939,1302053523.0,9770935,9771083
9771083,41.8670403812,-87.6541443557,1302053525.0,9771007,9771156
9771156,41.8670420981,-87.6544926064,1302053527.0,9771083,9771233
9771233,41.8670438231,-87.654860794,1302053529.0,9771156,9771297
9771297,41.8670460612,-87.6552465152,1302053531.0,9771233,9771360
9771360,41.8670545485,-87.6556145603,1302053533.0,9771297,9771423
9771423,41.8670542918,-87.6559665065,1302053535.0,9771360,9771490
9771490,41.867053225,-87.6563123172,1302053537.0,9771423,9771560
9771560,41.8670479082,-87.6566416645,1302053539.0,9771490,9771636
9771636,41.8670433582,-87.6569673543,1302053541.0,9771560,9771712
9771712,41.8670383459,-87.6572853547,1302053543.0,9771636,9771792
9771792,41.8670323615,-87.6576123992,1302053545.0,9771712,9771871
9771871,41.8670295948,-87.6579563399,1302053547.0,9771792,9771937
9771937,41.867025954,-87.658312307,1302053549.0,9771871,9772007
9772007,41.8670232271,-87.6586582509,1302053551.0,9771937,9772071
9772071,41.8670212175,-87.6589942437,1302053553.0,9772007,9772135
9772135,41.8670108931,-87.6593302951,1302053555.0,9772071,9772206
9772206,41.8670012776,-87.6596523312,1302053557.0,9772135,9772279
9772279,41.8669884092,-87.659962365,1302053559.0,9772206,9772349
9772349,41.8669799016,-87.6602583947,1302053561.0,9772279,9772422
9772422,41.8669701922,-87.6605424241,1302053563.0,9772349,9772496
9772496,41.8669650514,-87.6608173555,1302053565.0,9772422,9772570
9772570,41.8669640711,-87.6610973204,1302053567.0,9772496,9772639
9772639,41.8669667222,-87.6613693225,1302053569.0,9772570,9772710
9772710,41.8669674332,-87.6616363619,1302053571.0,9772639,9772777
9772777,41.8669649531,-87.661913317,1302053573.0,9772710,9772845
9772845,41.8669587834,-87.6623593324,1302053576.0,9772777,9772921
9772921,41.8669567995,-87.6626753071,1302053578.0,9772845,9772997
9772997,41.8669540434,-87.6630033066,1302053580.0,9772921,9773067
9773067,41.8669488871,-87.6633363642,1302053582.0,9772997,9773139
9773139,41.8669435904,-87.66366634,1302053584.0,9773067,9773213
9773213,41.8669403992,-87.6640013029,1302053586.0,9773139,9773290
9773290,41.8669339571,-87.6643302545,1302053588.0,9773213,9773362
9773362,41.8669270144,-87.6646442723,1302053590.0,9773290,9773430
9773430,41.8669207101,-87.6649383248,1302053592.0,9773362,9773498
9773498,41.8669138133,-87.6651993325,1302053594.0,9773430,9773603
9773603,41.8669069199,-87.6655462859,1302053597.0,9773498,9773711
9773711,41.8669024179,-87.6658311839,1302053600.0,9773603,9773853
9773853,41.8668996741,-87.6660940702,1302053604.0,9773711,9774461
9774461,41.8669156198,-87.6663582108,1302053622.0,9773853,9774477
9774477,41.8669400657,-87.6666990144,1302053626.0,9774461,9774488
9774488,41.8669448484,-87.6669449483,1302053628.0,9774477,9774500
9774500,41.8669431096,-87.6672200107,1302053630.0,9774488,9774514
9774514,41.8669397299,-87.6675070737,1302053632.0,9774500,9774529
9774529,41.8669386011,-87.6677830624,1302053634.0,9774514,9774553
9774553,41.8669394152,-87.6681160518,1302053637.0,9774529,9774580
9774580,41.8669393632,-87.668373017,1302053640.0,9774553,9774629
9774629,41.866931881,-87.6686312324,1302053645.0,9774580,9774928
9774928,41.8669574455,-87.6688835591,1302053669.0,9774629,9774987
9774987,41.8671312379,-87.6689728274,1302053673.0,9774928,9775031
9775031,41.8673521098,-87.66894387,1302053676.0,9774987,9775078
9775078,41.8676341085,-87.6689488769,1302053679.0,9775031,9775109
9775109,41.867871147,-87.6689611913,1302053681.0,9775078,9775141
9775141,41.8681342238,-87.6689751853,1302053683.0,9775109,9775173
9775173,41.8683902806,-87.6689863795,1302053685.0,9775141,9775208
9775208,41.8686312821,-87.6689948475,1302053687.0,9775173,9775241
9775241,41.8688431406,-87.6689964242,1302053689.0,9775208,9775292
9775292,41.8690640195,-87.6689934915,1302053692.0,9775241,9775658
9775658,41.8692409577,-87.6690607087,1302053712.0,9775292,9775778
9775778,41.8693291291,-87.6693196563,1302053718.0,9775658,9775857
9775857,41.8694040712,-87.6696412285,1302053722.0,9775778,9775897
9775897,41.8694398319,-87.6698921784,1302053724.0,9775857,9775939
9775939,41.8694419121,-87.6701970403,1302053726.0,9775897,9775980
9775980,41.8694369251,-87.6704979599,1302053728.0,9775939,9776024
9776024,41.8694155343,-87.670759106,1302053730.0,9775980,9776073
9776073,41.869381229,-87.6710090632,1302053733.0,9776024,9776200
9776200,41.8693381889,-87.6712464371,1302053740.0,9776073,9776325
9776325,41.8695309784,-87.6712931606,1302053747.0,9776200,9776401
9776401,41.8697285563,-87.6713521647,1302053751.0,9776325,9776457
9776457,41.8698620808,-87.6715903803,1302053754.0,9776401,9776497
9776497,41.86990797,-87.6718300959,1302053756.0,9776457,9776565
9776565,41.8699348915,-87.6721359855,1302053759.0,9776497,9776633
9776633,41.8699279047,-87.6724290259,1302053762.0,9776565,9776694
9776694,41.8699211281,-87.6727730805,1302053765.0,9776633,9776736
9776736,41.8699270625,-87.6730280302,1302053767.0,9776694,9776780
9776780,41.8699329847,-87.6733099635,1302053769.0,9776736,9776823
9776823,41.8699169277,-87.6736321101,1302053771.0,9776780,9776869
9776869,41.8698919317,-87.6739440418,1302053773.0,9776823,9776918
9776918,41.8698449969,-87.6742529603,1302053775.0,9776869,9776966
9776966,41.8697820206,-87.6745390635,1302053777.0,9776918,9777036
9777036,41.8697099714,-87.6748500179,1302053780.0,9776966,9777129
9777129,41.8696028654,-87.6750839163,1302053784.0,9777036,None
