14746812,41.8693689667,-87.6808379881,1302491428.0,None,14746849
14746849,41.8693419882,-87.6811929991,1302491431.0,14746812,14746875
14746875,41.8693309842,-87.6814819981,1302491433.0,14746849,14746902
14746902,41.8693259945,-87.6818009906,1302491435.0,14746875,14746928
14746928,41.8693150319,-87.6821229947,1302491437.0,14746902,14746956
14746956,41.8693020698,-87.6824359997,1302491439.0,14746928,14746984
14746984,41.8692980641,-87.6827250032,1302491441.0,14746956,14747013
14747013,41.8692920696,-87.6829840029,1302491443.0,14746984,14747052
14747052,41.8692830101,-87.6833740025,1302491447.0,14747013,14747304
14747304,41.8692689606,-87.6836230009,1302491463.0,14747052,14747392
14747392,41.8692357931,-87.6839390424,1302491468.0,14747304,14747445
14747445,41.869225641,-87.6842840259,1302491471.0,14747392,14747500
14747500,41.8692337601,-87.6845649819,1302491474.0,14747445,14747593
14747593,41.8692266668,-87.6848070319,1302491479.0,14747500,14747689
14747689,41.8692424993,-87.6850580077,1302491484.0,14747593,14747747
14747747,41.8692726533,-87.6853471119,1302491487.0,14747689,14747807
14747807,41.8692878703,-87.6856228931,1302491490.0,14747747,14748021
14748021,41.8693598286,-87.685857571,1302491501.0,14747807,14748126
14748126,41.8695508378,-87.6859446466,1302491506.0,14748021,14748193
14748193,41.8697548185,-87.685961654,1302491509.0,14748126,14748257
14748257,41.8700188022,-87.6859862955,1302491512.0,14748193,14748296
14748296,41.8702268288,-87.6860108843,1302491514.0,14748257,14748343
14748343,41.8704438456,-87.6860201955,1302491516.0,14748296,14748388
14748388,41.8706668988,-87.686023482,1302491518.0,14748343,14748390
14748390,41.8708698756,-87.6860396939,1302491520.0,14748388,14748428
14748428,41.8710927675,-87.6860399604,1302491522.0,14748390,14748455
14748455,41.8713256763,-87.6860417409,1302491524.0,14748428,14748494
14748494,41.8715336252,-87.6860692166,1302491526.0,14748455,14748536
14748536,41.8717616719,-87.6860895343,1302491528.0,14748494,14748576
14748576,41.8719957443,-87.6861034108,1302491530.0,14748536,14748619
14748619,41.8722178233,-87.6861074263,1302491532.0,14748576,14748664
14748664,41.8725348399,-87.6861219768,1302491535.0,14748619,14748715
14748715,41.8727308558,-87.6861304553,1302491537.0,14748664,14748767
14748767,41.8729128704,-87.6861362703,1302491539.0,14748715,14748834
14748834,41.8731568859,-87.6861523538,1302491542.0,14748767,14748921
14748921,41.8733638988,-87.6861530373,1302491546.0,14748834,14749182
14749182,41.8735560105,-87.6861726404,1302491557.0,14748921,14749274
14749274,41.8737843597,-87.6861804692,1302491561.0,14749182,14749380
14749380,41.8739645601,-87.6861519429,1302491565.0,14749274,14749496
14749496,41.8740060838,-87.6858899376,1302491570.0,14749380,14749574
14749574,41.8740074231,-87.6856258764,1302491573.0,14749496,14749654
14749654,41.8739968984,-87.6852737702,1302491576.0,14749574,14749710
14749710,41.873989134,-87.6850118157,1302491578.0,14749654,14749757
14749757,41.8739918981,-87.6847547997,1302491580.0,14749710,14749801
14749801,41.8739916485,-87.6844978432,1302491582.0,14749757,14749852
14749852,41.8739955652,-87.6842388996,1302491584.0,14749801,14749905
14749905,41.8739941928,-87.6839778495,1302491586.0,14749852,14749963
14749963,41.8739873826,-87.6837128061,1302491588.0,14749905,14750008
14750008,41.8739832722,-87.6834428309,1302491590.0,14749963,14750064
14750064,41.8739815317,-87.6831478076,1302491592.0,14750008,14750116
14750116,41.8739746512,-87.6828478565,1302491594.0,14750064,14750163
14750163,41.8739734003,-87.6825728825,1302491596.0,14750116,14750218
14750218,41.8739778375,-87.6823079112,1302491598.0,14750163,14750271
14750271,41.8739823833,-87.6820619327,1302491600.0,14750218,14750351
14750351,41.8739857052,-87.681796908,1302491603.0,14750271,14750499
14750499,41.8739907776,-87.6815217251,1302491608.0,14750351,14750577
14750577,41.8739963522,-87.6812487438,1302491611.0,14750499,14750633
14750633,41.8740020619,-87.6809987948,1302491613.0,14750577,14750682
14750682,41.8740054265,-87.6807108286,1302491615.0,14750633,14750735
14750735,41.8740030826,-87.6804049249,1302491617.0,14750682,14750783
14750783,41.8740048378,-87.6800779871,1302491619.0,14750735,14750839
14750839,41.8740049982,-87.6797399571,1302491621.0,14750783,14750898
14750898,41.8740049719,-87.6794090103,1302491623.0,14750839,14750957
14750957,41.8740050952,-87.6790860016,1302491625.0,14750898,14751016
14751016,41.874010737,-87.6787629794,1302491627.0,14750957,14751078
14751078,41.8740142608,-87.6784500212,1302491629.0,14751016,14751130
14751130,41.8740207012,-87.6781490035,1302491631.0,14751078,14751187
14751187,41.8740256563,-87.6778459861,1302491633.0,14751130,14751243
14751243,41.8740295228,-87.6775540664,1302491635.0,14751187,14751302
14751302,41.8740268711,-87.6772710792,1302491637.0,14751243,14751365
14751365,41.8740205753,-87.6770168817,1302491639.0,14751302,14751456
14751456,41.8739919643,-87.676772164,1302491642.0,14751365,14751576
14751576,41.8737973961,-87.6765992651,1302491646.0,14751456,14751660
14751660,41.873564625,-87.6765432174,1302491649.0,14751576,14751750
14751750,41.8733304267,-87.6764962962,1302491652.0,14751660,14751869
14751869,41.8731169462,-87.6764413138,1302491656.0,14751750,14752477
14752477,41.8729025803,-87.6763742502,1302491676.0,14751869,14752572
14752572,41.8726546444,-87.6763578004,1302491679.0,14752477,14752641
14752641,41.8724456273,-87.6763518633,1302491681.0,14752572,14752710
14752710,41.8722132773,-87.6763459515,1302491683.0,14752641,14752778
14752778,41.8719863084,-87.6763278822,1302491685.0,14752710,14752841
14752841,41.8717765914,-87.676312515,1302491687.0,14752778,14752928
14752928,41.8715403226,-87.6762993859,1302491690.0,14752841,14753080
14753080,41.8714495408,-87.6760410043,1302491695.0,14752928,14753179
14753179,41.8714628879,-87.6757789382,1302491698.0,14753080,14753288
14753288,41.8714743427,-87.6754259307,1302491701.0,14753179,14753358
14753358,41.871480106,-87.6751556719,1302491703.0,14753288,14753424
14753424,41.8714871887,-87.6748782881,1302491705.0,14753358,14753486
14753486,41.8714995344,-87.6746092819,1302491707.0,14753424,14753547
14753547,41.871517518,-87.6743479809,1302491709.0,14753486,14753640
14753640,41.8715353719,-87.6740301631,1302491712.0,14753547,14753842
14753842,41.8715865943,-87.6737637709,1302491718.0,14753640,14753950
14753950,41.8716189047,-87.6734914671,1302491721.0,14753842,14754023
14754023,41.8716334884,-87.6732228423,1302491723.0,14753950,14754088
14754088,41.8716377129,-87.6729209419,1302491725.0,14754023,14754155
14754155,41.8716363425,-87.6726178108,1302491727.0,14754088,14754223
14754223,41.8716271531,-87.6723278265,1302491729.0,14754155,14754281
14754281,41.8716030419,-87.6720767983,1302491731.0,14754223,14754367
14754367,41.871581562,-87.6718199187,1302491734.0,14754281,14754755
14754755,41.8715702611,-87.6715366939,1302491745.0,14754367,14754858
14754858,41.8715732378,-87.6712496413,1302491748.0,14754755,14754925
14754925,41.8715809251,-87.6710007826,1302491750.0,14754858,14754995
14754995,41.8715901034,-87.6707527977,1302491752.0,14754925,14755102
14755102,41.8715959686,-87.670400852,1302491755.0,14754995,14755176
14755176,41.8715978969,-87.6701546645,1302491757.0,14755102,14755246
14755246,41.8716073515,-87.6698913101,1302491759.0,14755176,14755317
14755317,41.8716316937,-87.6696318257,1302491761.0,14755246,14755422
14755422,41.8716484628,-87.6693822833,1302491764.0,14755317,14755786
14755786,41.8715229639,-87.6691642278,1302491774.0,14755422,14755928
14755928,41.8713072912,-87.6691503267,1302491778.0,14755786,14756032
14756032,41.8710403434,-87.6691375702,1302491781.0,14755928,14756104
14756104,41.8708183274,-87.6691266661,1302491783.0,14756032,14756181
14756181,41.8705922236,-87.6691115158,1302491785.0,14756104,14756255
14756255,41.8703661228,-87.6690869268,1302491787.0,14756181,14756331
14756331,41.8701460483,-87.6690639444,1302491789.0,14756255,14756389
14756389,41.8699380129,-87.6690424925,1302491791.0,14756331,14756394
14756394,41.8697419603,-87.6690279437,1302491793.0,14756389,14756407
14756407,41.8695217837,-87.6690101022,1302491796.0,14756394,14756459
14756459,41.8693406527,-87.668934341,1302491804.0,14756407,14756492
14756492,41.8693127732,-87.6686401268,1302491808.0,14756459,14756519
14756519,41.8693291493,-87.6682888574,1302491811.0,14756492,14756539
14756539,41.8693160934,-87.6680359852,1302491813.0,14756519,14756559
14756559,41.8693088197,-87.6677679222,1302491815.0,14756539,14756580
14756580,41.8693096496,-87.6675039521,1302491817.0,14756559,14756602
14756602,41.8693048783,-87.6672479778,1302491819.0,14756580,14756636
14756636,41.8692983431,-87.6669398048,1302491822.0,14756602,None
