10496435,41.8695901261,-87.6483918503,1302132480.0,None,10497384
10497384,41.8696191627,-87.6481238502,1302132509.0,10496435,10497432
10497432,41.8696365464,-87.6478468618,1302132512.0,10497384,10497579
10497579,41.8696367848,-87.6475948958,1302132517.0,10497432,10497763
10497763,41.8696665826,-87.64729405,1302132524.0,10497579,10497859
10497859,41.869589698,-87.6470622589,1302132528.0,10497763,10497965
10497965,41.8693953333,-87.6470557431,1302132531.0,10497859,10498071
10498071,41.8691249196,-87.6470644938,1302132534.0,10497965,10498130
10498130,41.8689000666,-87.6470663871,1302132536.0,10498071,10498191
10498191,41.868645135,-87.647061161,1302132538.0,10498130,10498253
10498253,41.8683800583,-87.6470572415,1302132540.0,10498191,10498319
10498319,41.8681249814,-87.6470630929,1302132542.0,10498253,10498388
10498388,41.8678980537,-87.6470721223,1302132544.0,10498319,10498461
10498461,41.8677030951,-87.6470761629,1302132546.0,10498388,10498562
10498562,41.8674861537,-87.6470688758,1302132549.0,10498461,10499032
10499032,41.8672956783,-87.647125383,1302132563.0,10498562,10499127
10499127,41.8672558947,-87.6473657954,1302132566.0,10499032,10499232
10499232,41.8672453133,-87.647685864,1302132569.0,10499127,10499335
10499335,41.8672419474,-87.6480137862,1302132572.0,10499232,10499438
10499438,41.8672328987,-87.6483167392,1302132575.0,10499335,10499546
10499546,41.8672230882,-87.648614711,1302132578.0,10499438,10499629
10499629,41.8672189062,-87.6489016814,1302132581.0,10499546,10499725
10499725,41.8672166661,-87.6491556382,1302132584.0,10499629,10499863
10499863,41.8672084349,-87.6494526578,1302132588.0,10499725,10500002
10500002,41.8671928387,-87.649764868,1302132592.0,10499863,10500135
10500135,41.8671820476,-87.6500728981,1302132596.0,10500002,10500264
10500264,41.8671765425,-87.6503279663,1302132600.0,10500135,10500763
10500763,41.8671815017,-87.6505727407,1302132615.0,10500264,10501255
10501255,41.867179309,-87.6508432234,1302132631.0,10500763,10501380
10501380,41.8671695874,-87.6511221824,1302132635.0,10501255,10501479
10501479,41.8671618676,-87.6514436837,1302132638.0,10501380,10501542
10501542,41.8671569885,-87.6516983907,1302132640.0,10501479,10501611
10501611,41.8671520211,-87.6519649591,1302132642.0,10501542,10501677
10501677,41.8671474787,-87.6522329634,1302132644.0,10501611,10501743
10501743,41.8671434356,-87.6525069399,1302132646.0,10501677,10501815
10501815,41.8671391168,-87.6527779304,1302132648.0,10501743,10501879
10501879,41.8671346834,-87.6530489532,1302132650.0,10501815,10501942
10501942,41.8671288362,-87.6533289909,1302132652.0,10501879,10502007
10502007,41.8671241325,-87.6536150354,1302132654.0,10501942,10502076
10502076,41.8671194188,-87.6539099788,1302132656.0,10502007,10502143
10502143,41.8671129232,-87.6542149602,1302132658.0,10502076,10502205
10502205,41.86710648,-87.6545180213,1302132660.0,10502143,10502275
10502275,41.8671001654,-87.6548169614,1302132662.0,10502205,10502341
10502341,41.8670948543,-87.6551019811,1302132664.0,10502275,10502408
10502408,41.8670887856,-87.6553700886,1302132666.0,10502341,10502481
10502481,41.867084009,-87.6556270669,1302132668.0,10502408,10502584
10502584,41.8670812481,-87.6559699614,1302132671.0,10502481,10502680
10502680,41.8670779602,-87.6562290127,1302132674.0,10502584,10503346
10503346,41.8670698245,-87.6564865017,1302132694.0,10502680,10503471
10503471,41.8670636105,-87.6568140765,1302132698.0,10503346,10503572
10503572,41.8670564207,-87.6571801641,1302132701.0,10503471,10503645
10503645,41.8670515714,-87.6574471799,1302132703.0,10503572,10503718
10503718,41.8670466627,-87.6577072388,1302132705.0,10503645,10503783
10503783,41.8670411849,-87.6579572021,1302132707.0,10503718,10503849
10503849,41.867031641,-87.6582002751,1302132709.0,10503783,10503919
10503919,41.8670290519,-87.6584602576,1302132711.0,10503849,10503982
10503982,41.8670278369,-87.6587391784,1302132713.0,10503919,10504047
10504047,41.8670245362,-87.6590281957,1302132715.0,10503982,10504110
10504110,41.8670180968,-87.6593252041,1302132717.0,10504047,10504176
10504176,41.8670124485,-87.6596182166,1302132719.0,10504110,10504242
10504242,41.8670074516,-87.6599021848,1302132721.0,10504176,10504313
10504313,41.8670039153,-87.6601742151,1302132723.0,10504242,10504381
10504381,41.867001125,-87.660428171,1302132725.0,10504313,10504485
10504485,41.8670013289,-87.660739086,1302132728.0,10504381,10504619
10504619,41.8670006727,-87.6610251048,1302132732.0,10504485,10504887
10504887,41.866986651,-87.6613892105,1302132741.0,10504619,10504987
10504987,41.866985518,-87.6616512276,1302132744.0,10504887,10505090
10505090,41.8669774164,-87.6619721873,1302132747.0,10504987,10505162
10505162,41.8669697865,-87.6622292434,1302132749.0,10505090,10505229
10505229,41.8669654921,-87.6625112524,1302132751.0,10505162,10505287
10505287,41.8669641065,-87.6627982057,1302132753.0,10505229,10505346
10505346,41.8669626551,-87.6630831964,1302132755.0,10505287,10505412
10505412,41.866960295,-87.6633621791,1302132757.0,10505346,10505483
10505483,41.8669578548,-87.6636421293,1302132759.0,10505412,10505553
10505553,41.8669562884,-87.6639050816,1302132761.0,10505483,10505616
10505616,41.866952819,-87.6641550507,1302132763.0,10505553,10505720
10505720,41.8669491358,-87.6645010307,1302132766.0,10505616,10505809
10505809,41.866945661,-87.6648130177,1302132769.0,10505720,10505903
10505903,41.8669401005,-87.6651320368,1302132773.0,10505809,10506181
10506181,41.8669279247,-87.6653761942,1302132781.0,10505903,10506437
10506437,41.8669348829,-87.6656730738,1302132789.0,10506181,10506564
10506564,41.8669321345,-87.6660190347,1302132793.0,10506437,10506623
10506623,41.8669313709,-87.6662751772,1302132795.0,10506564,10506688
10506688,41.8669306767,-87.6665552416,1302132797.0,10506623,10506756
10506756,41.866929346,-87.666844983,1302132799.0,10506688,10506831
10506831,41.866928363,-87.6671460486,1302132801.0,10506756,10506900
10506900,41.866930748,-87.6674560369,1302132803.0,10506831,10506969
10506969,41.8669353999,-87.6677670251,1302132805.0,10506900,10507028
10507028,41.8669398003,-87.6680620478,1302132807.0,10506969,10507095
10507095,41.8669462621,-87.6683431032,1302132809.0,10507028,10507184
10507184,41.86695107,-87.668653049,1302132812.0,10507095,10507929
10507929,41.8670366768,-87.6688840749,1302132838.0,10507184,10508062
10508062,41.8672781835,-87.6689277519,1302132842.0,10507929,10508148
10508148,41.8675590992,-87.6689492904,1302132845.0,10508062,10508209
10508209,41.8677961394,-87.6689578632,1302132847.0,10508148,10508271
10508271,41.8680611641,-87.6689633791,1302132849.0,10508209,10508335
10508335,41.8683451574,-87.6689697116,1302132851.0,10508271,10508391
10508391,41.8686261791,-87.6689742105,1302132853.0,10508335,10508463
10508463,41.8688671398,-87.6689669585,1302132855.0,10508391,10508532
10508532,41.8690597872,-87.6689564443,1302132857.0,10508463,10508672
10508672,41.8692662287,-87.6689232458,1302132861.0,10508532,10508860
10508860,41.8693903958,-87.6691396944,1302132867.0,10508672,10508962
10508962,41.8693321397,-87.6694086358,1302132870.0,10508860,10509065
10509065,41.8693129368,-87.6697333026,1302132873.0,10508962,10509129
10509129,41.8692965968,-87.6699987215,1302132875.0,10509065,10509198
10509198,41.8692783608,-87.6702610236,1302132877.0,10509129,10509291
10509291,41.869253142,-87.6706009703,1302132880.0,10509198,10509390
10509390,41.8692518031,-87.6708904066,1302132883.0,10509291,10509629
10509629,41.8692394091,-87.6711590944,1302132890.0,10509390,10509954
10509954,41.8692804525,-87.671427073,1302132901.0,10509629,10510024
10510024,41.8692842032,-87.6717079634,1302132903.0,10509954,10510082
10510082,41.8692905963,-87.6719848428,1302132905.0,10510024,10510087
10510087,41.8693059756,-87.6722410046,1302132907.0,10510082,10510100
10510100,41.8693141558,-87.6725070484,1302132910.0,10510087,10510144
10510144,41.8693567405,-87.6727900887,1302132917.0,10510100,10510168
10510168,41.8693581936,-87.6731380165,1302132920.0,10510144,10510185
10510185,41.8693551277,-87.6734543657,1302132922.0,10510168,10510203
10510203,41.8693551065,-87.6738196455,1302132924.0,10510185,10510222
10510222,41.8693518048,-87.6741809489,1302132926.0,10510203,10510242
10510242,41.8693554499,-87.6744988705,1302132928.0,10510222,10510262
10510262,41.8693621026,-87.6747718093,1302132930.0,10510242,10510295
10510295,41.8693822924,-87.675103924,1302132933.0,10510262,10510353
10510353,41.8693885172,-87.6753709278,1302132938.0,10510295,10510523
10510523,41.8693747404,-87.6756297715,1302132951.0,10510353,None
