86167295,41.8716151524,-87.6469538479,1302018124.0,None,86167875
86167875,41.871810294,-87.6469819194,1302018141.0,86167295,86167981
86167981,41.8720622948,-87.6469899237,1302018144.0,86167875,86168052
86168052,41.8722733326,-87.6470006227,1302018146.0,86167981,86168123
86168123,41.8724992257,-87.6470113768,1302018148.0,86168052,86168196
86168196,41.8727362957,-87.6470240862,1302018150.0,86168123,86168272
86168272,41.8729733116,-87.6470382733,1302018152.0,86168196,86168342
86168342,41.8732083177,-87.6470577195,1302018154.0,86168272,86168418
86168418,41.8734392882,-87.647077892,1302018156.0,86168342,86168485
86168485,41.8736511809,-87.6470865472,1302018158.0,86168418,86168549
86168549,41.8738411071,-87.6470919902,1302018160.0,86168485,86168636
86168636,41.8740615838,-87.6470997623,1302018163.0,86168549,86168649
86168649,41.8742553497,-87.6471325261,1302018167.0,86168636,86168677
86168677,41.8743823754,-87.6473847329,1302018172.0,86168649,86168698
86168698,41.8744198765,-87.647671052,1302018175.0,86168677,86168714
86168714,41.8744408798,-87.64791793,1302018177.0,86168698,86168730
86168730,41.8744688478,-87.6481772667,1302018179.0,86168714,86168748
86168748,41.874482015,-87.6484437373,1302018181.0,86168730,86168766
86168766,41.8744833206,-87.6486911314,1302018183.0,86168748,86168796
86168796,41.8744837496,-87.6490311949,1302018186.0,86168766,86168816
86168816,41.8744813016,-87.6492761824,1302018188.0,86168796,86168838
86168838,41.8744795462,-87.6495342137,1302018190.0,86168816,86168860
86168860,41.8744766897,-87.649814092,1302018192.0,86168838,86168883
86168883,41.874473319,-87.6501160177,1302018194.0,86168860,86168907
86168907,41.8744653238,-87.6504300203,1302018196.0,86168883,86168931
86168931,41.8744613438,-87.6507310302,1302018198.0,86168907,86168956
86168956,41.8744598425,-87.650999086,1302018200.0,86168931,86168995
86168995,41.8744517995,-87.6513081178,1302018203.0,86168956,86169035
86169035,41.8744531508,-87.6515591032,1302018206.0,86168995,86169077
86169077,41.8744535205,-87.6518079968,1302018209.0,86169035,86169130
86169130,41.8744499999,-87.6520869505,1302018213.0,86169077,86169347
86169347,41.8744401357,-87.6523379549,1302018227.0,86169130,86169397
86169397,41.8744294446,-87.6526389897,1302018230.0,86169347,86169431
86169431,41.8744228576,-87.6529140294,1302018232.0,86169397,86169462
86169462,41.8744179128,-87.6532170758,1302018234.0,86169431,86169499
86169499,41.8744186627,-87.6535230097,1302018236.0,86169462,86169536
86169536,41.874417858,-87.653836001,1302018238.0,86169499,86169571
86169571,41.8744190612,-87.6541509446,1302018240.0,86169536,86169604
86169604,41.874417813,-87.6544699701,1302018242.0,86169571,86169640
86169640,41.8744155687,-87.6547929816,1302018244.0,86169604,86169678
86169678,41.8744123961,-87.6551179795,1302018246.0,86169640,86169716
86169716,41.8744073439,-87.6554189711,1302018248.0,86169678,86169754
86169754,41.874401482,-87.6556979577,1302018250.0,86169716,86169791
86169791,41.8743984919,-87.65594194,1302018252.0,86169754,86169833
86169833,41.874398174,-87.656223953,1302018255.0,86169791,86169953
86169953,41.8743947015,-87.6564750825,1302018261.0,86169833,86170371
86170371,41.8744064758,-87.6567379233,1302018281.0,86169953,86170415
86170415,41.8743992982,-87.6570139147,1302018284.0,86170371,86170459
86170459,41.8743910916,-87.6572789405,1302018287.0,86170415,86170820
86170820,41.8743745476,-87.6575648096,1302018306.0,86170459,86170884
86170884,41.8743528147,-87.6578548495,1302018309.0,86170820,86170931
86170931,41.874344852,-87.6581268415,1302018311.0,86170884,86170977
86170977,41.8743396453,-87.6584498559,1302018313.0,86170931,86171026
86171026,41.8743361966,-87.6588108596,1302018315.0,86170977,86171072
86171072,41.8743337676,-87.6592078762,1302018317.0,86171026,86171118
86171118,41.874328658,-87.6596138618,1302018319.0,86171072,86171164
86171164,41.8743207969,-87.6600068731,1302018321.0,86171118,86171212
86171212,41.8743175478,-87.6603898764,1302018323.0,86171164,86171263
86171263,41.874312363,-87.6607598428,1302018325.0,86171212,86171303
86171303,41.8743100304,-87.661109823,1302018327.0,86171263,86171351
86171351,41.8743059271,-87.661416849,1302018329.0,86171303,86171399
86171399,41.8743001939,-87.6616918971,1302018331.0,86171351,86171447
86171447,41.8742944749,-87.661966826,1302018333.0,86171399,86171496
86171496,41.8742876067,-87.6622608745,1302018335.0,86171447,86171547
86171547,41.8742826453,-87.6625948554,1302018337.0,86171496,86171598
86171598,41.8742786342,-87.6629508923,1302018339.0,86171547,86171647
86171647,41.8742785552,-87.6632879634,1302018341.0,86171598,86171695
86171695,41.8742835474,-87.6635990268,1302018343.0,86171647,86171742
86171742,41.8742865304,-87.663916039,1302018345.0,86171695,86171797
86171797,41.8742898295,-87.6642450505,1302018347.0,86171742,86171851
86171851,41.8742932132,-87.6645960513,1302018349.0,86171797,86171903
86171903,41.8742975479,-87.6649720099,1302018351.0,86171851,86171959
86171959,41.8742978454,-87.6653729048,1302018353.0,86171903,86172011
86172011,41.8742922828,-87.6657577881,1302018355.0,86171959,86172062
86172062,41.8742834868,-87.6661049441,1302018357.0,86172011,86172114
86172114,41.8742776048,-87.6663869962,1302018359.0,86172062,86172198
86172198,41.8742822484,-87.6667428888,1302018362.0,86172114,86172279
86172279,41.8742732321,-87.6670784797,1302018365.0,86172198,86172340
86172340,41.8742835571,-87.6673236869,1302018367.0,86172279,86172386
86172386,41.8742757837,-87.667608745,1302018369.0,86172340,86172436
86172436,41.8742614544,-87.6679287678,1302018371.0,86172386,86172489
86172489,41.8742569317,-87.6682600137,1302018373.0,86172436,86172545
86172545,41.8742612023,-87.6685489795,1302018375.0,86172489,86172629
86172629,41.8742751919,-87.6688801479,1302018378.0,86172545,86172896
86172896,41.8742647521,-87.6691317318,1302018388.0,86172629,86173041
86173041,41.8740230566,-87.6692110069,1302018393.0,86172896,86173099
86173099,41.8738418511,-87.6692106955,1302018395.0,86173041,86173154
86173154,41.8736269498,-87.669208676,1302018397.0,86173099,86173209
86173209,41.8734270259,-87.66920849,1302018399.0,86173154,86173296
86173296,41.873190924,-87.6691883682,1302018402.0,86173209,86173477
86173477,41.8729938025,-87.6691545169,1302018408.0,86173296,86173588
86173588,41.8727481024,-87.6691731448,1302018412.0,86173477,86173675
86173675,41.8724670207,-87.669159105,1302018415.0,86173588,86173736
86173736,41.8722608891,-87.6691355239,1302018417.0,86173675,86173826
86173826,41.8720088278,-87.6691254287,1302018420.0,86173736,86173920
86173920,41.8718249747,-87.6691210702,1302018423.0,86173826,86174411
86174411,41.8716483665,-87.6691946588,1302018439.0,86173920,86174529
86174529,41.8714528273,-87.6691738821,1302018443.0,86174411,86174617
86174617,41.8711982979,-87.6691462229,1302018446.0,86174529,86174685
86174685,41.8709983426,-87.6691282503,1302018448.0,86174617,86174758
86174758,41.8707843395,-87.6691129925,1302018450.0,86174685,86174822
86174822,41.870560228,-87.6690876571,1302018452.0,86174758,86174892
86174892,41.8703121007,-87.66907487,1302018454.0,86174822,86174953
86174953,41.870056075,-87.669068384,1302018456.0,86174892,86175014
86175014,41.8698200621,-87.669068703,1302018458.0,86174953,86175070
86175070,41.8696291175,-87.6690678556,1302018460.0,86175014,86175158
86175158,41.869438662,-87.6690487509,1302018463.0,86175070,86175587
86175587,41.8692494446,-87.6690772155,1302018476.0,86175158,86175714
86175714,41.8692101926,-87.6693927374,1302018480.0,86175587,86175814
86175814,41.8692215675,-87.6697400514,1302018483.0,86175714,86175880
86175880,41.8692330818,-87.6700128148,1302018485.0,86175814,86175951
86175951,41.8692370948,-87.6703000571,1302018487.0,86175880,86176021
86176021,41.8692429528,-87.6705669418,1302018489.0,86175951,86176125
86176125,41.8692362571,-87.6709071137,1302018492.0,86176021,86176280
86176280,41.8692433175,-87.671162336,1302018497.0,86176125,86177002
86177002,41.8691302253,-87.6713805632,1302018518.0,86176280,86177295
86177295,41.8690482738,-87.6717461625,1302018526.0,86177002,86177327
86177327,41.8690572739,-87.6720179284,1302018527.0,86177295,86177400
86177400,41.869064828,-87.6724090057,1302018529.0,86177327,86177473
86177473,41.8690735475,-87.6726979745,1302018531.0,86177400,86177541
86177541,41.8690662472,-87.6729418873,1302018533.0,86177473,86177648
86177648,41.8691345914,-87.6732071473,1302018536.0,86177541,86178089
86178089,41.8691894094,-87.6734454685,1302018548.0,86177648,86178233
86178233,41.86914392,-87.6737383281,1302018552.0,86178089,86178340
86178340,41.8691351513,-87.6740932522,1302018555.0,86178233,86178411
86178411,41.8691336025,-87.6743792339,1302018557.0,86178340,86178483
86178483,41.8691376814,-87.6746962408,1302018559.0,86178411,86178556
86178556,41.8691385956,-87.6750272098,1302018561.0,86178483,86178636
86178636,41.8691377327,-87.6753360862,1302018563.0,86178556,86178713
86178713,41.8691370927,-87.6755969228,1302018565.0,86178636,86178827
86178827,41.8691604501,-87.6758802463,1302018568.0,86178713,86179190
86179190,41.8691994756,-87.6761228162,1302018578.0,86178827,None
