27237006,41.8657778194,-87.6469012153,1304079621.0,None,27237356
27237356,41.8655877889,-87.6468729314,1304079633.0,27237006,27237467
27237467,41.8653529263,-87.6468714229,1304079637.0,27237356,27237554
27237554,41.8651229164,-87.6468798643,1304079640.0,27237467,27237645
27237645,41.8648890099,-87.6468786955,1304079643.0,27237554,27237740
27237740,41.864666072,-87.6468526647,1304079646.0,27237645,27237829
27237829,41.8644390088,-87.6468477424,1304079649.0,27237740,27237910
27237910,41.8641718744,-87.646851442,1304079652.0,27237829,27237970
27237970,41.8639690051,-87.6468433392,1304079654.0,27237910,27238030
27238030,41.8637680429,-87.6468283236,1304079656.0,27237970,27238089
27238089,41.863564998,-87.6468084215,1304079658.0,27238030,27238152
27238152,41.8633540058,-87.6468029125,1304079660.0,27238089,27238213
27238213,41.8631540159,-87.6467959538,1304079662.0,27238152,27238307
27238307,41.8628990915,-87.6468066257,1304079665.0,27238213,27238419
27238419,41.8626888328,-87.6468236817,1304079669.0,27238307,27239215
27239215,41.8625030377,-87.6468510086,1304079694.0,27238419,27239412
27239412,41.8623739285,-87.6470414825,1304079700.0,27239215,27239541
27239541,41.8623857048,-87.6473370752,1304079704.0,27239412,27239607
27239607,41.8623998353,-87.6476149716,1304079707.0,27239541,27239714
27239714,41.8623860683,-87.6479309483,1304079710.0,27239607,27239817
27239817,41.8623710801,-87.648249938,1304079713.0,27239714,27239949
27239949,41.8623613349,-87.648501953,1304079717.0,27239817,27240154
27240154,41.8623299422,-87.6487730729,1304079724.0,27239949,27240259
27240259,41.8623444393,-87.6490659797,1304079727.0,27240154,27240369
27240369,41.8623621395,-87.6494198867,1304079730.0,27240259,27240433
27240433,41.8623551997,-87.6496988849,1304079732.0,27240369,27240502
27240502,41.8623391671,-87.6499828747,1304079734.0,27240433,27240606
27240606,41.8623333369,-87.6503179207,1304079737.0,27240502,27240848
27240848,41.8622630691,-87.6505601269,1304079744.0,27240606,27241062
27241062,41.8624034095,-87.650736524,1304079750.0,27240848,27241181
27241181,41.8626238888,-87.6507686099,1304079754.0,27241062,27241323
27241323,41.8628429291,-87.6508258887,1304079758.0,27241181,27241504
27241504,41.8630270241,-87.6508782767,1304079763.0,27241323,27241790
27241790,41.8632299441,-87.6508929787,1304079771.0,27241504,27241888
27241888,41.8634158746,-87.6508830971,1304079774.0,27241790,27242000
27242000,41.8636440152,-87.650889056,1304079777.0,27241888,27242077
27242077,41.863849924,-87.6508940353,1304079779.0,27242000,27242151
27242151,41.8640418729,-87.6508635694,1304079781.0,27242077,27242291
27242291,41.8642329276,-87.6508865434,1304079785.0,27242151,27242494
27242494,41.8644639809,-87.6508832339,1304079791.0,27242291,27242596
27242596,41.8646718464,-87.6508904029,1304079794.0,27242494,27242666
27242666,41.864859923,-87.6508923337,1304079796.0,27242596,27242737
27242737,41.865059913,-87.6508835194,1304079798.0,27242666,27242807
27242807,41.8652608883,-87.6508830701,1304079800.0,27242737,27242879
27242879,41.8654939057,-87.6508878906,1304079802.0,27242807,27242960
27242960,41.8657288917,-87.6509088272,1304079804.0,27242879,27243029
27243029,41.8659278743,-87.6509264465,1304079806.0,27242960,27243167
27243167,41.866126865,-87.6509426225,1304079810.0,27243029,27243535
27243535,41.8663128938,-87.6509203263,1304079822.0,27243167,27243683
27243683,41.8665357955,-87.6509593589,1304079827.0,27243535,27243819
27243819,41.8667279588,-87.651023343,1304079831.0,27243683,27243935
27243935,41.8668470499,-87.6512948856,1304079835.0,27243819,27244038
27244038,41.8669131311,-87.6516099669,1304079838.0,27243935,27244141
27244141,41.8669517145,-87.6519680096,1304079841.0,27244038,27244251
27244251,41.8669621258,-87.6522990553,1304079844.0,27244141,27244350
27244350,41.866968463,-87.652547082,1304079847.0,27244251,27244495
27244495,41.8669911886,-87.6528021078,1304079851.0,27244350,27245092
27245092,41.8670356093,-87.6530672992,1304079868.0,27244495,27245240
27245240,41.8670706169,-87.6534405398,1304079873.0,27245092,27245349
27245349,41.8670764949,-87.6537187029,1304079876.0,27245240,27245458
27245458,41.8670760085,-87.6539925554,1304079879.0,27245349,27245559
27245559,41.8670633024,-87.6543556049,1304079882.0,27245458,27245624
27245624,41.8670261013,-87.6546125827,1304079884.0,27245559,27245682
27245682,41.8670011739,-87.6548834476,1304079886.0,27245624,27245754
27245754,41.8669889681,-87.6551562677,1304079888.0,27245682,27245825
27245825,41.8669718078,-87.6554931756,1304079891.0,27245754,27245841
27245841,41.8669459956,-87.655768164,1304079895.0,27245825,27245864
27245864,41.8669457491,-87.6560331923,1304079899.0,27245841,27245885
27245885,41.8669588165,-87.6562891482,1304079902.0,27245864,27245926
27245926,41.866993902,-87.656554292,1304079907.0,27245885,27245993
27245993,41.8672088949,-87.656615726,1304079914.0,27245926,27246025
27246025,41.8674566287,-87.6566313704,1304079917.0,27245993,27246047
27246047,41.867649661,-87.6566448766,1304079919.0,27246025,27246070
27246070,41.8678437968,-87.6566715901,1304079921.0,27246047,27246106
27246106,41.86811282,-87.6566863764,1304079924.0,27246070,27246130
27246130,41.8682968177,-87.656695631,1304079926.0,27246106,27246156
27246156,41.8684778308,-87.656703317,1304079928.0,27246130,27246195
27246195,41.8687259017,-87.6567133113,1304079931.0,27246156,27246250
27246250,41.8689330376,-87.6567134256,1304079935.0,27246195,27246538
27246538,41.8691251323,-87.6567063777,1304079954.0,27246250,27246607
27246607,41.8693601968,-87.6567108711,1304079958.0,27246538,27246657
27246657,41.8695778997,-87.6567291984,1304079961.0,27246607,27246710
27246710,41.8698249012,-87.6567498812,1304079964.0,27246657,27246745
27246745,41.870041944,-87.6567614132,1304079966.0,27246710,27246781
27246781,41.8702679531,-87.6567678231,1304079968.0,27246745,27246817
27246817,41.8704919526,-87.6567737295,1304079970.0,27246781,27246854
27246854,41.8707129867,-87.6567827008,1304079972.0,27246817,27246891
27246891,41.8709300196,-87.6567926572,1304079974.0,27246854,27246928
27246928,41.8711450086,-87.6568000276,1304079976.0,27246891,27246965
27246965,41.8713551379,-87.6568154697,1304079978.0,27246928,27247005
27247005,41.8715510828,-87.656834816,1304079980.0,27246965,27247064
27247064,41.8717866772,-87.6568473255,1304079983.0,27247005,27247140
27247140,41.8720055041,-87.6568377864,1304079987.0,27247064,27247344
27247344,41.8721955485,-87.6568194204,1304079997.0,27247140,27247397
27247397,41.872409657,-87.6568092354,1304080000.0,27247344,27247444
27247444,41.8725895697,-87.6568040397,1304080002.0,27247397,27247490
27247490,41.8727944931,-87.6567870039,1304080004.0,27247444,27247537
27247537,41.8730034367,-87.6567655561,1304080006.0,27247490,27247573
27247573,41.8732147369,-87.6567498563,1304080008.0,27247537,27247614
27247614,41.873420973,-87.6567464114,1304080010.0,27247573,27247658
27247658,41.8736690851,-87.6567441935,1304080013.0,27247614,27247730
27247730,41.8738870678,-87.6567451763,1304080017.0,27247658,27247831
27247831,41.874066818,-87.6567570597,1304080023.0,27247730,27248078
27248078,41.8742325535,-87.6566216832,1304080035.0,27247831,27248177
27248177,41.8742465,-87.6562949084,1304080039.0,27248078,27248237
27248237,41.8742582363,-87.6559235811,1304080042.0,27248177,27248285
27248285,41.8742666145,-87.6556485077,1304080044.0,27248237,27248333
27248333,41.8742757732,-87.6553575713,1304080046.0,27248285,27248383
27248383,41.8742852538,-87.6550625078,1304080048.0,27248333,27248439
27248439,41.8742988161,-87.6547655333,1304080050.0,27248383,27248485
27248485,41.8743017255,-87.6544625505,1304080052.0,27248439,27248528
27248528,41.8742952331,-87.6541595686,1304080054.0,27248485,27248580
27248580,41.8742875803,-87.653863601,1304080056.0,27248528,27248622
27248622,41.8742850158,-87.6535707372,1304080058.0,27248580,27248674
27248674,41.8742872301,-87.6532908256,1304080060.0,27248622,27248727
27248727,41.8742931234,-87.6530258116,1304080062.0,27248674,27248807
27248807,41.8742960111,-87.6526858901,1304080065.0,27248727,27248875
27248875,41.874282642,-87.6524380597,1304080068.0,27248807,27249012
27249012,41.8742755986,-87.6521883279,1304080073.0,27248875,27249494
27249494,41.8743008047,-87.6519308943,1304080091.0,27249012,27249568
27249568,41.8743168327,-87.6515948204,1304080094.0,27249494,27249623
27249623,41.8743293863,-87.6513146807,1304080096.0,27249568,27249682
27249682,41.8743346348,-87.6510237415,1304080098.0,27249623,27249743
27249743,41.874341675,-87.6507267522,1304080100.0,27249682,27249805
27249805,41.8743503799,-87.6504447513,1304080102.0,27249743,27249886
27249886,41.8743570847,-87.6501127079,1304080105.0,27249805,27250271
27250271,41.8743471009,-87.6498488526,1304080119.0,27249886,27250389
27250389,41.8743834719,-87.6495366417,1304080123.0,27250271,27250470
27250470,41.8744046651,-87.6491625734,1304080126.0,27250389,27250524
27250524,41.8744039929,-87.6488646023,1304080128.0,27250470,27250566
27250566,41.8743977782,-87.6485541567,1304080130.0,27250524,27250631
27250631,41.8743777772,-87.6482613284,1304080132.0,27250566,27250696
27250696,41.8743472603,-87.6479915698,1304080134.0,27250631,27250758
27250758,41.8743181291,-87.6477521788,1304080136.0,27250696,27250857
27250857,41.8742896066,-87.6474962561,1304080139.0,27250758,27251183
27251183,41.8742574594,-87.6472459134,1304080150.0,27250857,27251303
27251303,41.8740179353,-87.64720625,1304080154.0,27251183,27251363
27251363,41.8738278863,-87.6472005893,1304080156.0,27251303,27251432
27251432,41.8736189243,-87.6471959779,1304080158.0,27251363,27251491
27251491,41.8734009403,-87.6471885116,1304080160.0,27251432,27251551
27251551,41.8731789833,-87.6471808225,1304080162.0,27251491,27251612
27251612,41.8729590295,-87.647171058,1304080164.0,27251551,27251668
27251668,41.8727318835,-87.6471465128,1304080166.0,27251612,27251717
27251717,41.8725077136,-87.6471039902,1304080168.0,27251668,27251779
27251779,41.8723045715,-87.6470834239,1304080170.0,27251717,27251880
27251880,41.8720466284,-87.6470713361,1304080173.0,27251779,27251981
27251981,41.8718115464,-87.6470735366,1304080176.0,27251880,27252081
27252081,41.8715427216,-87.6470700672,1304080179.0,27251981,27252136
27252136,41.8713398149,-87.647067263,1304080181.0,27252081,27252194
27252194,41.8711257649,-87.6470591878,1304080183.0,27252136,27252259
27252259,41.8709017366,-87.6470484042,1304080185.0,27252194,27252321
27252321,41.8706657545,-87.6470364671,1304080187.0,27252259,27252386
27252386,41.8704277616,-87.6470336408,1304080189.0,27252321,27252452
27252452,41.870197875,-87.6470350386,1304080191.0,27252386,27252521
27252521,41.8699848677,-87.6470304946,1304080193.0,27252452,27252590
27252590,41.8697831825,-87.6470260122,1304080195.0,27252521,27252661
27252661,41.8695970338,-87.6470300649,1304080197.0,27252590,27252724
27252724,41.8694121559,-87.64704013,1304080199.0,27252661,27252776
27252776,41.8692188977,-87.6470342472,1304080201.0,27252724,27252841
27252841,41.8690167715,-87.6470316036,1304080203.0,27252776,27252906
27252906,41.8688118087,-87.6470359524,1304080205.0,27252841,27252971
27252971,41.8686069834,-87.6470422581,1304080207.0,27252906,27253027
27253027,41.8684130129,-87.6470472765,1304080209.0,27252971,27253096
27253096,41.8682310076,-87.6470491291,1304080211.0,27253027,27253203
27253203,41.8679831977,-87.6470421496,1304080214.0,27253096,27253304
27253304,41.8677580264,-87.6470144263,1304080217.0,27253203,27253421
27253421,41.8675507174,-87.6469815568,1304080221.0,27253304,27253620
27253620,41.8673614579,-87.646960064,1304080227.0,27253421,27253881
27253881,41.8671490772,-87.6469541567,1304080235.0,27253620,27253973
27253973,41.8669138947,-87.6469376871,1304080238.0,27253881,27254073
27254073,41.8666548858,-87.6469110866,1304080241.0,27253973,27254173
27254173,41.8663869015,-87.6468826251,1304080244.0,27254073,27254232
27254232,41.8661489395,-87.646857084,1304080247.0,27254173,27254312
27254312,41.865962101,-87.6468522585,1304080250.0,27254232,27254770
27254770,41.8657807413,-87.6468659573,1304080263.0,27254312,None
