28162202,41.8692289451,-87.67042307,1301691594.0,None,28162343
28162343,41.8692119516,-87.6706639291,1301691601.0,28162202,28162448
28162448,41.8692010776,-87.670956416,1301691606.0,28162343,28162558
28162558,41.86921935,-87.6712296611,1301691611.0,28162448,28162902
28162902,41.8693150292,-87.6714286888,1301691626.0,28162558,28163043
28163043,41.869516721,-87.6714663411,1301691632.0,28162902,28163112
28163112,41.8697119898,-87.6714800338,1301691635.0,28163043,28163187
28163187,41.8699210093,-87.6714952848,1301691638.0,28163112,28163255
28163255,41.8701069278,-87.6715102857,1301691641.0,28163187,28163357
28163357,41.8702929016,-87.6714935393,1301691646.0,28163255,28163511
28163511,41.8704779829,-87.6715651096,1301691652.0,28163357,28163577
28163577,41.8706850617,-87.6715722375,1301691655.0,28163511,28163618
28163618,41.8708700354,-87.6715313422,1301691657.0,28163577,28163702
28163702,41.8710809617,-87.6715403104,1301691660.0,28163618,28163806
28163806,41.8712921822,-87.6715488044,1301691664.0,28163702,28164532
28164532,41.8714992701,-87.6715210664,1301691691.0,28163806,28164639
28164639,41.8717183767,-87.6715436603,1301691695.0,28164532,28164725
28164725,41.8719420372,-87.6715654512,1301691698.0,28164639,28164811
28164811,41.8721940317,-87.6715872434,1301691701.0,28164725,28164867
28164867,41.8723810245,-87.6715912835,1301691703.0,28164811,28164924
28164924,41.8725820135,-87.6715745036,1301691705.0,28164867,28164983
28164983,41.8727890171,-87.6715599835,1301691707.0,28164924,28165042
28165042,41.8729920033,-87.6715601757,1301691709.0,28164983,28165103
28165103,41.8731799952,-87.6715661351,1301691711.0,28165042,28165152
28165152,41.8733819919,-87.6715632906,1301691713.0,28165103,28165200
28165200,41.87357098,-87.6715662954,1301691715.0,28165152,28165288
28165288,41.8738079937,-87.6715821281,1301691718.0,28165200,28165402
28165402,41.8740006139,-87.6715738862,1301691722.0,28165288,28165557
28165557,41.8740758756,-87.6713001044,1301691727.0,28165402,28165650
28165650,41.8741017265,-87.671027096,1301691730.0,28165557,28165738
28165738,41.8741078356,-87.6707100199,1301691733.0,28165650,28165823
28165823,41.8741108959,-87.6704109868,1301691736.0,28165738,28165911
28165911,41.8740903118,-87.6701340899,1301691739.0,28165823,28166006
28166006,41.8740351092,-87.6698320098,1301691742.0,28165911,28166101
28166101,41.8739791365,-87.6694840177,1301691745.0,28166006,28166166
28166166,41.8739807201,-87.6692336388,1301691747.0,28166101,28166228
28166228,41.8740569941,-87.6689719321,1301691749.0,28166166,28166288
28166288,41.8741554406,-87.6686970407,1301691751.0,28166228,28166344
28166344,41.87418663,-87.6683970968,1301691753.0,28166288,28166406
28166406,41.8741755163,-87.6680799586,1301691755.0,28166344,28166470
28166470,41.8741071666,-87.6677587501,1301691757.0,28166406,28166534
28166534,41.8740259016,-87.6674526963,1301691759.0,28166470,28166567
28166567,41.8739412357,-87.6671659672,1301691761.0,28166534,28166623
28166623,41.873881024,-87.6668850152,1301691763.0,28166567,28166692
28166692,41.873870983,-87.6666029385,1301691765.0,28166623,28166724
28166724,41.873911139,-87.6663250917,1301691767.0,28166692,28166780
28166780,41.8739361372,-87.6660330317,1301691769.0,28166724,28166850
28166850,41.8739663145,-87.6657290269,1301691771.0,28166780,28166897
28166897,41.874004594,-87.6654190102,1301691773.0,28166850,28166928
28166928,41.8740461881,-87.6651069808,1301691775.0,28166897,28166940
28166940,41.8740646848,-87.6647899342,1301691777.0,28166928,28166992
28166992,41.8740710271,-87.6644568919,1301691779.0,28166940,28167047
28167047,41.8740774327,-87.6641198677,1301691781.0,28166992,28167102
28167102,41.874085431,-87.6637818494,1301691783.0,28167047,28167162
28167162,41.8740863724,-87.6634519089,1301691785.0,28167102,28167226
28167226,41.8740939979,-87.663132959,1301691787.0,28167162,28167283
28167283,41.8741025611,-87.6628270211,1301691789.0,28167226,28167344
28167344,41.8741121707,-87.6625390076,1301691791.0,28167283,28167413
28167413,41.8741242828,-87.662292986,1301691793.0,28167344,28167479
28167479,41.8741387806,-87.6620459186,1301691796.0,28167413,28168070
28168070,41.8741718118,-87.6617638117,1301691815.0,28167479,28168172
28168172,41.8741714657,-87.6615188078,1301691818.0,28168070,28168272
28168272,41.8741765054,-87.661195815,1301691821.0,28168172,28168365
28168365,41.8741832663,-87.6608328158,1301691824.0,28168272,28168397
28168397,41.8741846075,-87.6605828407,1301691826.0,28168365,28168404
28168404,41.8741859959,-87.6603198729,1301691828.0,28168397,28168413
28168413,41.8741873658,-87.6600468941,1301691830.0,28168404,28168424
28168424,41.8741828568,-87.6597589131,1301691832.0,28168413,28168436
28168436,41.8741826387,-87.6594599268,1301691834.0,28168424,28168450
28168450,41.8741867901,-87.6591519261,1301691836.0,28168436,28168465
28168465,41.8741908177,-87.6588339147,1301691838.0,28168450,28168481
28168481,41.8741956185,-87.6585129217,1301691840.0,28168465,28168498
28168498,41.8741970563,-87.6582019254,1301691842.0,28168481,28168516
28168516,41.8742027898,-87.6579039486,1301691844.0,28168498,28168535
28168535,41.8742110109,-87.6576360039,1301691846.0,28168516,28168565
28168565,41.8742301389,-87.6573309621,1301691849.0,28168535,28168619
28168619,41.8742445217,-87.6570787325,1301691854.0,28168565,28168910
28168910,41.8742465164,-87.6568265363,1301691877.0,28168619,28168957
28168957,41.874245237,-87.6565592421,1301691880.0,28168910,28169002
28169002,41.8742513614,-87.6562237753,1301691883.0,28168957,28169034
28169034,41.874260327,-87.6559645637,1301691885.0,28169002,28169068
28169068,41.8742633418,-87.6556895177,1301691887.0,28169034,28169100
28169100,41.8742673964,-87.6553996071,1301691889.0,28169068,28169132
28169132,41.8742747789,-87.655095567,1301691891.0,28169100,28169166
28169166,41.8742782809,-87.654777587,1301691893.0,28169132,28169202
28169202,41.8742809464,-87.6544556168,1301691895.0,28169166,28169236
28169236,41.8742822119,-87.6541296369,1301691897.0,28169202,28169270
28169270,41.8742845892,-87.6538026599,1301691899.0,28169236,28169305
28169305,41.8742880406,-87.6534717007,1301691901.0,28169270,28169340
28169340,41.874296021,-87.6531377261,1301691903.0,28169305,28169377
28169377,41.874302722,-87.6528107891,1301691905.0,28169340,28169414
28169414,41.8743096629,-87.6524948491,1301691907.0,28169377,28169450
28169450,41.8743185119,-87.6521965317,1301691909.0,28169414,28169488
28169488,41.8743204235,-87.6519214057,1301691911.0,28169450,28169525
28169525,41.8743220521,-87.6516476174,1301691913.0,28169488,28169562
28169562,41.874328398,-87.6513626742,1301691915.0,28169525,28169603
28169603,41.8743345972,-87.6510687521,1301691917.0,28169562,28169642
28169642,41.8743400931,-87.6507767549,1301691919.0,28169603,28169679
28169679,41.8743414856,-87.6505048587,1301691921.0,28169642,28169719
28169719,41.8743468181,-87.6502608392,1301691923.0,28169679,28169781
28169781,41.8743531811,-87.649924642,1301691926.0,28169719,28169843
28169843,41.8743620711,-87.649559968,1301691929.0,28169781,28169880
28169880,41.8743660239,-87.649291937,1301691931.0,28169843,28169911
28169911,41.8743658759,-87.6490069609,1301691933.0,28169880,28169955
28169955,41.8743612367,-87.6487090733,1301691935.0,28169911,28170001
28170001,41.8743519872,-87.6484198043,1301691937.0,28169955,28170047
28170047,41.8743293923,-87.6481429775,1301691939.0,28170001,28170086
28170086,41.8743003023,-87.6478997844,1301691941.0,28170047,28170129
28170129,41.8742705987,-87.6476434804,1301691944.0,28170086,28170238
28170238,41.8742369706,-87.6474021729,1301691952.0,28170129,28170521
28170521,41.8740925416,-87.64719199,1301691967.0,28170238,28170590
28170590,41.8738867636,-87.6471821891,1301691970.0,28170521,28170650
28170650,41.8736327913,-87.647178825,1301691973.0,28170590,28170696
28170696,41.8734477672,-87.6471744038,1301691975.0,28170650,28170745
28170745,41.8732587784,-87.6471690939,1301691977.0,28170696,28170793
28170793,41.8730708278,-87.6471632355,1301691979.0,28170745,28170839
28170839,41.8728878911,-87.6471584056,1301691981.0,28170793,28170902
28170902,41.8726280153,-87.6471546759,1301691984.0,28170839,28170971
28170971,41.8723951124,-87.647155628,1301691987.0,28170902,28171068
28171068,41.8722082137,-87.6471547509,1301691991.0,28170971,None
