85871064,41.8741563198,-87.6668635169,1302006129.0,None,85871469
85871469,41.8741698601,-87.6665555978,1302006140.0,85871064,85871586
85871586,41.874172436,-87.6662140413,1302006143.0,85871469,85871644
85871644,41.8741784762,-87.6659418055,1302006145.0,85871586,85871718
85871718,41.8741842109,-87.6656408024,1302006147.0,85871644,85871791
85871791,41.8741904295,-87.6653169623,1302006149.0,85871718,85871845
85871845,41.8741905035,-87.6649771194,1302006151.0,85871791,85871918
85871918,41.8741867439,-87.6646242258,1302006153.0,85871845,85871994
85871994,41.8741792589,-87.664256219,1302006155.0,85871918,85872062
85872062,41.8741693071,-87.6638802004,1302006157.0,85871994,85872133
85872133,41.8741623658,-87.6635011215,1302006159.0,85872062,85872187
85872187,41.8741620725,-87.6631179509,1302006161.0,85872133,85872264
85872264,41.8741659122,-87.662744798,1302006163.0,85872187,85872343
85872343,41.8741718132,-87.6623997756,1302006165.0,85872264,85872416
85872416,41.8741793005,-87.6620857486,1302006167.0,85872343,85872466
85872466,41.8741833648,-87.6617777721,1302006169.0,85872416,85872484
85872484,41.8741863046,-87.6614467597,1302006171.0,85872466,85872551
85872551,41.8741922851,-87.6610877602,1302006173.0,85872484,85872621
85872621,41.874199074,-87.6607077855,1302006175.0,85872551,85872692
85872692,41.8742005704,-87.6603158251,1302006177.0,85872621,85872761
85872761,41.8742003141,-87.6599218527,1302006179.0,85872692,85872826
85872826,41.8742027163,-87.6595258473,1302006181.0,85872761,85872899
85872899,41.874204431,-87.659124846,1302006183.0,85872826,85872971
85872971,41.8742034522,-87.658736868,1302006185.0,85872899,85873044
85873044,41.8741959095,-87.6583679394,1302006187.0,85872971,85873114
85873114,41.8741949555,-87.6580189579,1302006189.0,85873044,85873184
85873184,41.8741998376,-87.6576990257,1302006191.0,85873114,85873263
85873263,41.8742025983,-87.6574391074,1302006193.0,85873184,85873408
85873408,41.8742039505,-87.6571659584,1302006197.0,85873263,85873868
85873868,41.8742132344,-87.6568888612,1302006210.0,85873408,85873982
85873982,41.8742303514,-87.6565572216,1302006213.0,85873868,85874056
85874056,41.8742416706,-87.6562899201,1302006215.0,85873982,85874132
85874132,41.8742515078,-87.6559916211,1302006217.0,85874056,85874201
85874201,41.8742611533,-87.655663535,1302006219.0,85874132,85874272
85874272,41.8742677676,-87.6553226199,1302006221.0,85874201,85874351
85874351,41.8742729766,-87.6549735895,1302006223.0,85874272,85874425
85874425,41.874277316,-87.654613591,1302006225.0,85874351,85874498
85874498,41.8742838529,-87.6542516572,1302006227.0,85874425,85874567
85874567,41.8742895508,-87.6538885815,1302006229.0,85874498,85874640
85874640,41.8742964763,-87.6535295523,1302006231.0,85874567,85874716
85874716,41.874300932,-87.6531876069,1302006233.0,85874640,85874795
85874795,41.8742981364,-87.6528817846,1302006235.0,85874716,85874870
85874870,41.8742962148,-87.6526189025,1302006237.0,85874795,85874980
85874980,41.8742949279,-87.6523500101,1302006240.0,85874870,85875848
85875848,41.8742983043,-87.6520998934,1302006264.0,85874980,85876577
85876577,41.874306525,-87.6518558048,1302006284.0,85875848,85876689
85876689,41.8743131899,-87.6516019091,1302006287.0,85876577,85876806
85876806,41.8743196033,-87.6512599794,1302006290.0,85876689,85876845
85876845,41.8743241652,-87.6510059864,1302006292.0,85876806,85876920
85876920,41.8743277728,-87.6507460002,1302006294.0,85876845,85876998
85876998,41.8743322411,-87.6504930169,1302006296.0,85876920,85877073
85877073,41.8743358143,-87.6502459752,1302006298.0,85876998,85877177
85877177,41.8743411747,-87.6498879921,1302006301.0,85877073,85877244
85877244,41.8743461627,-87.6496373314,1302006303.0,85877177,85877316
85877316,41.8743526945,-87.6493781631,1302006305.0,85877244,85877382
85877382,41.8743562488,-87.64910715,1302006307.0,85877316,85877441
85877441,41.8743630665,-87.6488269966,1302006309.0,85877382,85877517
85877517,41.8743679257,-87.6485409881,1302006311.0,85877441,85877596
85877596,41.8743584578,-87.6482634304,1302006313.0,85877517,85877676
85877676,41.8743346261,-87.6480044263,1302006315.0,85877596,85877793
85877793,41.8743035488,-87.6476726677,1302006318.0,85877676,85877934
85877934,41.8742734382,-87.6474152035,1302006322.0,85877793,85878130
85878130,41.8741306323,-87.647202694,1302006328.0,85877934,85878247
85878247,41.8739248327,-87.6471863103,1302006331.0,85878130,85878359
85878359,41.8736538313,-87.6471858389,1302006334.0,85878247,85878425
85878425,41.8734408749,-87.6471843926,1302006336.0,85878359,85878493
85878493,41.8732119472,-87.6471795776,1302006338.0,85878425,85878565
85878565,41.8729830161,-87.6471713925,1302006340.0,85878493,85878639
85878639,41.872769119,-87.6471666329,1302006342.0,85878565,85878705
85878705,41.8725812113,-87.6471660335,1302006344.0,85878639,85878808
85878808,41.8723682294,-87.6471817033,1302006347.0,85878705,85879506
85879506,41.8721773541,-87.6471601974,1302006366.0,85878808,85879659
85879659,41.8719320409,-87.6471323467,1302006370.0,85879506,85879773
85879773,41.8716809743,-87.6471167073,1302006373.0,85879659,85879840
85879840,41.8714840434,-87.647109106,1302006375.0,85879773,85879915
85879915,41.8712670168,-87.647101894,1302006377.0,85879840,85879986
85879986,41.8710309636,-87.6470929635,1302006379.0,85879915,85880058
85880058,41.8707869346,-87.6470839077,1302006381.0,85879986,85880124
85880124,41.8705310047,-87.6470760003,1302006383.0,85880058,85880200
85880200,41.8702690858,-87.6470695201,1302006385.0,85880124,85880278
85880278,41.8700079602,-87.6470619036,1302006387.0,85880200,85880355
85880355,41.8696343449,-87.6470485722,1302006390.0,85880278,85880360
85880360,41.8693913479,-87.6470422591,1302006392.0,85880355,85880368
85880368,41.8691468127,-87.6470335563,1302006394.0,85880360,85880378
85880378,41.8688947875,-87.6470292724,1302006396.0,85880368,85880390
85880390,41.8686558227,-87.6470251576,1302006398.0,85880378,85880403
85880403,41.8683169655,-87.6470151603,1302006401.0,85880390,85880419
85880419,41.8681082026,-87.6470094194,1302006403.0,85880403,85880443
85880443,41.8678550617,-87.6470057311,1302006406.0,85880419,85880469
85880469,41.8676718705,-87.6469963654,1302006409.0,85880443,85880619
85880619,41.8674887481,-87.6469950291,1302006423.0,85880469,85880802
85880802,41.8672726337,-87.6469919218,1302006437.0,85880619,85880861
85880861,41.8670309959,-87.6469778354,1302006441.0,85880802,85880905
85880905,41.866810048,-87.6469558691,1302006444.0,85880861,85880952
85880952,41.8665760197,-87.6469369789,1302006447.0,85880905,85880998
85880998,41.8663040549,-87.6469198644,1302006450.0,85880952,85881030
85881030,41.8661110133,-87.6469091259,1302006452.0,85880998,85881062
85881062,41.8659260299,-87.6469003292,1302006454.0,85881030,85881112
85881112,41.8656747644,-87.6468905134,1302006457.0,85881062,85881160
85881160,41.8654518934,-87.646875501,1302006460.0,85881112,85881212
85881212,41.8652499203,-87.6468647193,1302006463.0,85881160,85881281
85881281,41.8650488503,-87.6468557516,1302006467.0,85881212,None
