75166783,41.8711930621,-87.6732852297,1303319348.0,None,75167093
75167093,41.8713074198,-87.6730960239,1303319357.0,75166783,75167304
75167304,41.8713422908,-87.6728290297,1303319363.0,75167093,75167428
75167428,41.8713765359,-87.6725801449,1303319372.0,75167304,75167467
75167467,41.8713998676,-87.6723120554,1303319378.0,75167428,75167499
75167499,41.8714242517,-87.6720370382,1303319382.0,75167467,75167555
75167555,41.8714515255,-87.6717481781,1303319388.0,75167499,75167596
75167596,41.8714653752,-87.6714292562,1303319392.0,75167555,75167629
75167629,41.8714800967,-87.6711224537,1303319395.0,75167596,75167664
75167664,41.8714848497,-87.6708152397,1303319398.0,75167629,75167700
75167700,41.8714879667,-87.6705330561,1303319401.0,75167664,75167751
75167751,41.8714891335,-87.6702410322,1303319405.0,75167700,75168062
75168062,41.8714993394,-87.6699925001,1303319427.0,75167751,75168128
75168128,41.8715170924,-87.6696736936,1303319431.0,75168062,75168179
75168179,41.8715137738,-87.6694247622,1303319434.0,75168128,75168333
75168333,41.871508186,-87.669174162,1303319443.0,75168179,75168444
75168444,41.8713261906,-87.6690928709,1303319449.0,75168333,75168516
75168516,41.8710960774,-87.6690798649,1303319453.0,75168444,75168576
75168576,41.8708442387,-87.6690693641,1303319456.0,75168516,75168614
75168614,41.8706452465,-87.6690636532,1303319458.0,75168576,75168652
75168652,41.8704501293,-87.6690523774,1303319460.0,75168614,75168690
75168690,41.8702600185,-87.669046601,1303319462.0,75168652,75168727
75168727,41.8700680107,-87.6690405146,1303319464.0,75168690,75168770
75168770,41.8698760227,-87.6690398463,1303319466.0,75168727,75168813
75168813,41.8696940453,-87.66904156,1303319468.0,75168770,75168873
75168873,41.8694738293,-87.6690390757,1303319471.0,75168813,75169273
75169273,41.8692866744,-87.6690210176,1303319490.0,75168873,75169478
75169478,41.869068926,-87.6690117128,1303319499.0,75169273,75169547
75169547,41.8688809917,-87.669003657,1303319502.0,75169478,75169602
75169602,41.8686839047,-87.6690043203,1303319505.0,75169547,75169637
75169637,41.8684497997,-87.6690164987,1303319508.0,75169602,75169678
75169678,41.8682598339,-87.6690178182,1303319510.0,75169637,75169698
75169698,41.8680568314,-87.669015295,1303319512.0,75169678,75169735
75169735,41.8678618664,-87.6690164423,1303319514.0,75169698,75169769
75169769,41.8676779164,-87.669017186,1303319516.0,75169735,75169829
75169829,41.8674269409,-87.6690140782,1303319519.0,75169769,75169918
75169918,41.8672148916,-87.6690066745,1303319523.0,75169829,75170499
75170499,41.8669839907,-87.6689791769,1303319547.0,75169918,75170595
75170595,41.8668191215,-87.6688354708,1303319551.0,75170499,75170675
75170675,41.8668004835,-87.6685951156,1303319554.0,75170595,75170756
75170756,41.8667938194,-87.6682510004,1303319557.0,75170675,75170810
75170810,41.8667921918,-87.6679859945,1303319559.0,75170756,75170863
75170863,41.8667966959,-87.6677239895,1303319561.0,75170810,75170916
75170916,41.8668015189,-87.6674760057,1303319563.0,75170863,75170998
75170998,41.8668037382,-87.6671770199,1303319566.0,75170916,75171186
75171186,41.8668056511,-87.666923987,1303319573.0,75170998,75171319
75171319,41.8668094495,-87.6666180435,1303319578.0,75171186,75171408
75171408,41.86681174,-87.6662772467,1303319581.0,75171319,75171466
75171466,41.8668150494,-87.6660189587,1303319583.0,75171408,75171524
75171524,41.8668181388,-87.6657439239,1303319585.0,75171466,75171574
75171574,41.8668236989,-87.6654568969,1303319587.0,75171524,75171628
75171628,41.8668301039,-87.6651628168,1303319589.0,75171574,75171684
75171684,41.8668351185,-87.6648518125,1303319591.0,75171628,75171742
75171742,41.8668399265,-87.6645288184,1303319593.0,75171684,75171788
75171788,41.8668442709,-87.6642057936,1303319595.0,75171742,75171850
75171850,41.8668500996,-87.6638797879,1303319597.0,75171788,75171911
75171911,41.8668561982,-87.6635437765,1303319599.0,75171850,75171964
75171964,41.8668629879,-87.6632037827,1303319601.0,75171911,75172018
75172018,41.8668681657,-87.6628688145,1303319603.0,75171964,75172074
75172074,41.8668733358,-87.6625418188,1303319605.0,75172018,75172128
75172128,41.8668782053,-87.6622148345,1303319607.0,75172074,75172186
75172186,41.8668846123,-87.6618918043,1303319609.0,75172128,75172250
75172250,41.8668912508,-87.6615688782,1303319611.0,75172186,75172308
75172308,41.8668981068,-87.6612388233,1303319613.0,75172250,75172371
75172371,41.8669038376,-87.6609007774,1303319615.0,75172308,75172430
75172430,41.8669105199,-87.6605667102,1303319617.0,75172371,75172489
75172489,41.8669154803,-87.6602407088,1303319619.0,75172430,75172547
75172547,41.8669206508,-87.6599197308,1303319621.0,75172489,75172606
75172606,41.8669265407,-87.6596067495,1303319623.0,75172547,75172669
75172669,41.8669310061,-87.6592867449,1303319625.0,75172606,75172728
75172728,41.8669374954,-87.6589527848,1303319627.0,75172669,75172794
75172794,41.866944046,-87.6586037705,1303319629.0,75172728,75172852
75172852,41.8669515736,-87.6582497503,1303319631.0,75172794,75172910
75172910,41.8669582489,-87.6578946973,1303319633.0,75172852,75172976
75172976,41.8669661372,-87.6575427042,1303319635.0,75172910,75173037
75173037,41.8669752929,-87.6571956738,1303319637.0,75172976,75173102
75173102,41.8669835774,-87.656857722,1303319639.0,75173037,75173166
75173166,41.8669859003,-87.656532966,1303319641.0,75173102,75173230
75173230,41.8669865281,-87.656206684,1303319643.0,75173166,75173294
75173294,41.8669904039,-87.6558874109,1303319645.0,75173230,75173354
75173354,41.8669961231,-87.6555744494,1303319647.0,75173294,75173413
75173413,41.867002531,-87.6552694952,1303319649.0,75173354,75173477
75173477,41.867007649,-87.6549793077,1303319651.0,75173413,75173537
75173537,41.8670096985,-87.6547191363,1303319653.0,75173477,75173641
75173641,41.8670181652,-87.6543684297,1303319656.0,75173537,75173738
75173738,41.8670218369,-87.6540375541,1303319659.0,75173641,75173837
75173837,41.8670266885,-87.6536824394,1303319662.0,75173738,75173933
75173933,41.8670346282,-87.6533246021,1303319665.0,75173837,75173992
75173992,41.8670406269,-87.6530685865,1303319667.0,75173933,75174052
75174052,41.8670453782,-87.6528035716,1303319669.0,75173992,75174118
75174118,41.8670502992,-87.6525495446,1303319671.0,75174052,75174220
75174220,41.8670576689,-87.65221354,1303319674.0,75174118,75174353
75174353,41.8670597265,-87.6519294648,1303319678.0,75174220,75175316
75175316,41.8670647595,-87.6516584642,1303319707.0,75174353,75175409
75175409,41.8670827013,-87.6514010604,1303319710.0,75175316,75175547
75175547,41.8671058196,-87.6511370713,1303319714.0,75175409,75176572
75176572,41.86726712,-87.6509668627,1303319743.0,75175547,75176714
75176714,41.8675210406,-87.6509751578,1303319747.0,75176572,75176830
75176830,41.8677739079,-87.6509995994,1303319750.0,75176714,75176902
75176902,41.8679531032,-87.6510268536,1303319752.0,75176830,75176982
75176982,41.8681530721,-87.6510311096,1303319754.0,75176902,75177051
75177051,41.8683668572,-87.6510161986,1303319756.0,75176982,75177117
75177117,41.868582798,-87.6510090514,1303319758.0,75177051,75177182
75177182,41.8687887386,-87.6510110013,1303319760.0,75177117,75177252
75177252,41.8689815203,-87.651019964,1303319762.0,75177182,75177350
75177350,41.8692191418,-87.651036645,1303319765.0,75177252,75178418
75178418,41.8694125984,-87.6510697562,1303319794.0,75177350,75178599
75178599,41.8695123389,-87.6508297251,1303319799.0,75178418,75178697
75178697,41.86950291,-87.6505429615,1303319802.0,75178599,75178764
75178764,41.8694940728,-87.6502968844,1303319804.0,75178697,75178839
75178839,41.8694955408,-87.6500148982,1303319806.0,75178764,75178914
75178914,41.8694995969,-87.649715937,1303319808.0,75178839,75178990
75178990,41.8695035198,-87.6494209533,1303319810.0,75178914,75179057
75179057,41.8695063703,-87.6491449317,1303319812.0,75178990,75179177
75179177,41.8695107669,-87.6488159606,1303319815.0,75179057,75179673
75179673,41.8695181247,-87.6485510241,1303319831.0,75179177,None
