49873783,41.8692920867,-87.6511021832,1303050679.0,None,49874075
49874075,41.8694636078,-87.6512023842,1303050691.0,49873783,49874187
49874187,41.8695350752,-87.6514850921,1303050695.0,49874075,49874262
49874262,41.8695223033,-87.6517860224,1303050698.0,49874187,49874345
49874345,41.8695041877,-87.6521230672,1303050701.0,49874262,49874429
49874429,41.8694891183,-87.6524610978,1303050704.0,49874345,49874506
49874506,41.8694785839,-87.6527900686,1303050707.0,49874429,49874597
49874597,41.8694624362,-87.6531341117,1303050710.0,49874506,49874689
49874689,41.8694508316,-87.6534761346,1303050713.0,49874597,49874772
49874772,41.8694380092,-87.6537990978,1303050716.0,49874689,49874854
49874854,41.8694026925,-87.6540470985,1303050719.0,49874772,49875063
49875063,41.8694178866,-87.6543460906,1303050726.0,49874854,49875191
49875191,41.8694433912,-87.6546700421,1303050730.0,49875063,49875278
49875278,41.8694356168,-87.6549740622,1303050733.0,49875191,49875366
49875366,41.8694344627,-87.6552990536,1303050736.0,49875278,49875453
49875453,41.8694333429,-87.6556170041,1303050739.0,49875366,49875542
49875542,41.8694006186,-87.6559400797,1303050742.0,49875453,49875638
49875638,41.8693844124,-87.6562269946,1303050745.0,49875542,49875791
49875791,41.8693719138,-87.6564890012,1303050750.0,49875638,49876579
49876579,41.8694114014,-87.6568042168,1303050776.0,49875791,49876675
49876675,41.8693983092,-87.6570853108,1303050779.0,49876579,49876778
49876778,41.8693784272,-87.6574062081,1303050782.0,49876675,49876882
49876882,41.8693774453,-87.6577331308,1303050785.0,49876778,49876977
49876977,41.8693725551,-87.6580771153,1303050788.0,49876882,49877070
49877070,41.8693746463,-87.6584381068,1303050791.0,49876977,49877135
49877135,41.8693785521,-87.6586881243,1303050793.0,49877070,49877204
49877204,41.8693755756,-87.658944109,1303050795.0,49877135,49877273
49877273,41.8693754432,-87.6591961219,1303050797.0,49877204,49877338
49877338,41.8693744059,-87.6594461134,1303050799.0,49877273,49877400
49877400,41.8693704459,-87.6596900912,1303050801.0,49877338,49877498
49877498,41.8693633457,-87.6600451084,1303050804.0,49877400,49877601
49877601,41.8693630822,-87.6603891022,1303050807.0,49877498,49877699
49877699,41.869363695,-87.6607090729,1303050810.0,49877601,49877803
49877803,41.8693655262,-87.6609861,1303050813.0,49877699,49877944
49877944,41.8693619361,-87.6612390989,1303050817.0,49877803,49878082
49878082,41.8693516213,-87.6614931662,1303050821.0,49877944,49878183
49878183,41.8693524746,-87.6617461676,1303050824.0,49878082,49878288
49878288,41.8693515699,-87.6620309836,1303050827.0,49878183,49878358
49878358,41.8693496311,-87.6623379706,1303050830.0,49878288,49878464
49878464,41.8693511093,-87.662657996,1303050833.0,49878358,49878572
49878572,41.8693461286,-87.6629770189,1303050836.0,49878464,49878680
49878680,41.8693595318,-87.6632750972,1303050839.0,49878572,49878791
49878791,41.8693832654,-87.6635150322,1303050842.0,49878680,49878949
49878949,41.8693724952,-87.6637891813,1303050847.0,49878791,49879178
49879178,41.8693399215,-87.6640373267,1303050853.0,49878949,49879282
49879282,41.8693184769,-87.6642811932,1303050856.0,49879178,49879389
49879389,41.8693076977,-87.6645760493,1303050859.0,49879282,49879490
49879490,41.8693046608,-87.6648941374,1303050862.0,49879389,49879594
49879594,41.869307329,-87.6652131191,1303050865.0,49879490,49879690
49879690,41.8693023754,-87.6655391504,1303050868.0,49879594,49879803
49879803,41.8693071901,-87.6658653708,1303050871.0,49879690,49879911
49879911,41.8693103103,-87.6662202564,1303050874.0,49879803,49879970
49879970,41.8693053842,-87.6664722054,1303050876.0,49879911,49880050
49880050,41.8692956583,-87.6667320695,1303050878.0,49879970,49880126
49880126,41.8692854853,-87.6669920994,1303050880.0,49880050,49880201
49880201,41.8692753835,-87.6672470765,1303050882.0,49880126,49880279
49880279,41.8692666356,-87.667497076,1303050884.0,49880201,49880344
49880344,41.8692607325,-87.6677430538,1303050886.0,49880279,49880420
49880420,41.8692529597,-87.6679848824,1303050888.0,49880344,49880529
49880529,41.8692501483,-87.6683241742,1303050891.0,49880420,49880639
49880639,41.869224364,-87.6686288701,1303050894.0,49880529,49880856
49880856,41.8692033764,-87.6688986414,1303050900.0,49880639,49881009
49881009,41.8692189928,-87.66913815,1303050904.0,49880856,49881126
49881126,41.8691961647,-87.6694317663,1303050907.0,49881009,49881240
49881240,41.8691779553,-87.6697625954,1303050910.0,49881126,49881345
49881345,41.8691743726,-87.670119066,1303050913.0,49881240,49881450
49881450,41.8691712601,-87.670471011,1303050916.0,49881345,49881564
49881564,41.8691809976,-87.6707956552,1303050919.0,49881450,49881674
49881674,41.8691881252,-87.6710795983,1303050922.0,49881564,49881843
49881843,41.8691453804,-87.6713306494,1303050929.0,49881674,49882076
49882076,41.8692242039,-87.671638507,1303050937.0,49881843,49882174
49882174,41.869218635,-87.6719808961,1303050940.0,49882076,49882236
49882236,41.8692281047,-87.672235036,1303050942.0,49882174,49882310
49882310,41.869240214,-87.6724780925,1303050944.0,49882236,49882412
49882412,41.8692922341,-87.6728049167,1303050947.0,49882310,49882519
49882519,41.8692826907,-87.6730842649,1303050950.0,49882412,49883023
49883023,41.8693017546,-87.6733620816,1303050964.0,49882519,49883128
49883128,41.8692603483,-87.6736006038,1303050967.0,49883023,49883230
49883230,41.8692121204,-87.6739038475,1303050970.0,49883128,49883341
49883341,41.8692055698,-87.6742229844,1303050973.0,49883230,49883447
49883447,41.8691960499,-87.6745670762,1303050976.0,49883341,49883556
49883556,41.8691817529,-87.6749151462,1303050979.0,49883447,49883665
49883665,41.8691712478,-87.6752491217,1303050982.0,49883556,49883771
49883771,41.8691678488,-87.6755561699,1303050985.0,49883665,49883905
49883905,41.8691612022,-87.6758402756,1303050989.0,49883771,49884872
49884872,41.8691587866,-87.6761020427,1303051016.0,49883905,49884978
49884978,41.8691450086,-87.6763572637,1303051019.0,49884872,49885092
49885092,41.8691347826,-87.6766641671,1303051022.0,49884978,49885203
49885203,41.8691275339,-87.6770010536,1303051025.0,49885092,49885309
49885309,41.8691179088,-87.6773620522,1303051028.0,49885203,49885379
49885379,41.8691138591,-87.6776100335,1303051030.0,49885309,49885453
49885453,41.8691080354,-87.6778620488,1303051032.0,49885379,49885522
49885522,41.8690930237,-87.6781200949,1303051034.0,49885453,49885589
49885589,41.8690834444,-87.6783761515,1303051036.0,49885522,49885663
49885663,41.8690775995,-87.6786291376,1303051038.0,49885589,49885736
49885736,41.8690630506,-87.6788821347,1303051040.0,49885663,49885807
49885807,41.8690590155,-87.679133094,1303051042.0,49885736,49885839
49885839,41.8690540276,-87.6793781025,1303051044.0,49885807,49885850
49885850,41.8690520635,-87.6797330704,1303051047.0,49885839,49885866
49885866,41.8690562005,-87.680059026,1303051050.0,49885850,49885885
49885885,41.8690625677,-87.6803411937,1303051053.0,49885866,49885931
49885931,41.8690658942,-87.6805860282,1303051059.0,49885885,49885971
49885971,41.8690835886,-87.6810741533,1303051077.0,49885931,49886008
49886008,41.8690712259,-87.6813882185,1303051080.0,49885971,49886047
49886047,41.869053901,-87.6817373039,1303051083.0,49886008,49886087
49886087,41.869043673,-87.6820932075,1303051086.0,49886047,49886115
49886115,41.8690377816,-87.6823352067,1303051088.0,49886087,49886157
49886157,41.8690264706,-87.682680205,1303051091.0,49886115,49886201
49886201,41.8690178627,-87.6829920928,1303051094.0,49886157,49886246
49886246,41.869021321,-87.6832390321,1303051097.0,49886201,49886349
49886349,41.8690030593,-87.6835044025,1303051114.0,49886246,49886395
49886395,41.8689938049,-87.6838121646,1303051119.0,49886349,49886425
49886425,41.8689805672,-87.6840620765,1303051122.0,49886395,49886457
49886457,41.8689763717,-87.6843211556,1303051125.0,49886425,49886502
49886502,41.8689692166,-87.6846202564,1303051129.0,49886457,49886588
49886588,41.8689663991,-87.6849230654,1303051136.0,49886502,49886627
49886627,41.8689612142,-87.6851780706,1303051139.0,49886588,49886668
49886668,41.8689572726,-87.6854689752,1303051142.0,49886627,49886710
49886710,41.8689546408,-87.6857319044,1303051145.0,49886668,49886813
49886813,41.8689568343,-87.6859943472,1303051152.0,49886710,49886890
49886890,41.8691390838,-87.6860734362,1303051157.0,49886813,49886939
49886939,41.869364216,-87.6860705857,1303051160.0,49886890,49886987
49886987,41.8696120797,-87.6860734228,1303051163.0,49886939,49887021
49887021,41.8697960902,-87.6860783561,1303051165.0,49886987,49887056
49887056,41.8699870566,-87.686088466,1303051167.0,49887021,49887090
49887090,41.8701830323,-87.6860934341,1303051169.0,49887056,49887123
49887123,41.8703800574,-87.6860986598,1303051171.0,49887090,49887159
49887159,41.8705790786,-87.6861051746,1303051173.0,49887123,49887192
49887192,41.870775106,-87.68611242,1303051175.0,49887159,49887229
49887229,41.8709702051,-87.6861189279,1303051177.0,49887192,49887266
49887266,41.8711720962,-87.6861204418,1303051179.0,49887229,49887303
49887303,41.8713719818,-87.6861247856,1303051181.0,49887266,49887338
49887338,41.871574953,-87.6861333916,1303051183.0,49887303,49887374
49887374,41.8717759174,-87.6861383304,1303051185.0,49887338,49887413
49887413,41.8719839248,-87.6861449905,1303051187.0,49887374,49887451
49887451,41.8721899461,-87.6861516234,1303051189.0,49887413,49887492
49887492,41.8723939723,-87.6861583058,1303051191.0,49887451,49887528
49887528,41.8725990028,-87.6861658305,1303051193.0,49887492,49887567
49887567,41.8727939785,-87.6861691654,1303051195.0,49887528,49887609
49887609,41.8729839995,-87.6861703352,1303051197.0,49887567,49887647
49887647,41.8731659628,-87.6861702044,1303051199.0,49887609,49887711
49887711,41.8734169518,-87.6861730082,1303051202.0,49887647,49887772
49887772,41.8736423111,-87.6861772172,1303051205.0,49887711,49887854
49887854,41.8738375367,-87.6861206738,1303051209.0,49887772,49887934
49887934,41.8738804011,-87.6858430926,1303051213.0,49887854,49887993
49887993,41.8738824765,-87.6855651415,1303051216.0,49887934,49888062
49888062,41.873897676,-87.6852381289,1303051219.0,49887993,49888105
49888105,41.8739102478,-87.6848901038,1303051222.0,49888062,49888158
49888158,41.8739219097,-87.6845470113,1303051225.0,49888105,49888211
49888211,41.8739283623,-87.6841959436,1303051228.0,49888158,49888252
49888252,41.8739351141,-87.6839479319,1303051230.0,49888211,49888284
49888284,41.8739349353,-87.68369291,1303051232.0,49888252,49888320
49888320,41.8739373469,-87.6834369721,1303051234.0,49888284,49888346
49888346,41.8739380901,-87.6831780096,1303051236.0,49888320,49888391
49888391,41.8739414317,-87.6829210331,1303051238.0,49888346,49888437
49888437,41.8739468088,-87.6826660091,1303051240.0,49888391,49888479
49888479,41.8739506197,-87.682417006,1303051242.0,49888437,49888542
49888542,41.8739527674,-87.6820620567,1303051245.0,49888479,49888606
49888606,41.8739558927,-87.6817391468,1303051248.0,49888542,49888710
49888710,41.8739568805,-87.6814800935,1303051252.0,49888606,49888852
49888852,41.8739631933,-87.6811900347,1303051258.0,49888710,49888923
49888923,41.8739675705,-87.6809180976,1303051261.0,49888852,49889001
49889001,41.8739736826,-87.6805991331,1303051264.0,49888923,49889057
49889057,41.8739755642,-87.6802511353,1303051267.0,49889001,49889108
49889108,41.8739777506,-87.680009143,1303051269.0,49889057,49889165
49889165,41.873981669,-87.6797631033,1303051271.0,49889108,49889214
49889214,41.8739854809,-87.679517084,1303051273.0,49889165,49889268
49889268,41.8739884655,-87.6792651052,1303051275.0,49889214,49889315
49889315,41.8739925666,-87.679008094,1303051277.0,49889268,49889364
49889364,41.8739948142,-87.6787520951,1303051279.0,49889315,49889416
49889416,41.8739980125,-87.6784921123,1303051281.0,49889364,49889474
49889474,41.8740036717,-87.6782321011,1303051283.0,49889416,49889533
49889533,41.8740100134,-87.6779770773,1303051285.0,49889474,49889581
49889581,41.874016458,-87.6777270112,1303051287.0,49889533,49889653
49889653,41.8740228143,-87.6773710934,1303051290.0,49889581,49889730
49889730,41.8740184703,-87.6770428244,1303051293.0,49889653,49889811
49889811,41.8739990134,-87.6767930168,1303051296.0,49889730,49890008
49890008,41.8739415826,-87.6765378998,1303051303.0,49889811,49890113
49890113,41.8737133619,-87.6764796932,1303051307.0,49890008,49890194
49890194,41.8735036586,-87.6764642552,1303051310.0,49890113,49890279
49890279,41.8733077618,-87.6764532429,1303051313.0,49890194,49890389
49890389,41.8731179634,-87.6764433845,1303051317.0,49890279,49890518
49890518,41.8729209927,-87.6764335129,1303051322.0,49890389,49890613
49890613,41.8727039163,-87.6764207199,1303051325.0,49890518,49890696
49890696,41.8724360054,-87.6764110976,1303051328.0,49890613,49890749
49890749,41.8722500102,-87.6763993136,1303051330.0,49890696,49890803
49890803,41.8720689111,-87.6763755926,1303051332.0,49890749,49890894
49890894,41.8718189231,-87.676347983,1303051335.0,49890803,49890987
49890987,41.8716201499,-87.6763375001,1303051338.0,49890894,49891110
49891110,41.8714623223,-87.6762016758,1303051342.0,49890987,49891194
49891194,41.8714488673,-87.6759599549,1303051345.0,49891110,49891274
49891274,41.8714537551,-87.6756678797,1303051348.0,49891194,49891370
49891370,41.871452018,-87.6753810659,1303051351.0,49891274,49891742
49891742,41.8714621718,-87.6751353978,1303051363.0,49891370,49891894
49891894,41.8714784656,-87.6748915783,1303051368.0,49891742,49891986
49891986,41.8714939925,-87.6746253839,1303051371.0,49891894,49892081
49892081,41.871512771,-87.6743419981,1303051374.0,49891986,49892175
49892175,41.8714959056,-87.6741013185,1303051377.0,49892081,49892275
49892275,41.8714902862,-87.6738125092,1303051383.0,49892175,49892397
49892397,41.8715116078,-87.6735022733,1303051387.0,49892275,49892486
49892486,41.8715216305,-87.6731791507,1303051390.0,49892397,49892545
49892545,41.8715299835,-87.6729369985,1303051392.0,49892486,49892646
49892646,41.8715408147,-87.6725739474,1303051395.0,49892545,49892715
49892715,41.8715490923,-87.6723208496,1303051397.0,49892646,49892788
49892788,41.87155744,-87.6720629201,1303051399.0,49892715,49892862
49892862,41.8715636992,-87.6718018193,1303051401.0,49892788,49892927
49892927,41.8715611795,-87.6715406735,1303051403.0,49892862,49892988
49892988,41.8715631789,-87.6712897003,1303051405.0,49892927,49893049
49893049,41.8715672242,-87.6710478106,1303051407.0,49892988,49893138
49893138,41.8715774625,-87.6707028543,1303051410.0,49893049,49893235
49893235,41.8715735285,-87.6703848605,1303051413.0,49893138,49893377
49893377,41.8715626242,-87.6700885936,1303051417.0,49893235,49893857
49893857,41.8715750493,-87.6697870818,1303051431.0,49893377,49894021
49894021,41.8715962909,-87.6694946033,1303051436.0,49893857,49894234
49894234,41.8715786545,-87.669223098,1303051442.0,49894021,49894381
49894381,41.8714111044,-87.6691201326,1303051446.0,49894234,49894490
49894490,41.8712080691,-87.6690993705,1303051449.0,49894381,49894589
49894589,41.8709631198,-87.6690691346,1303051452.0,49894490,49894657
49894657,41.8707811409,-87.669053388,1303051454.0,49894589,49894723
49894723,41.8705850326,-87.6690309017,1303051456.0,49894657,49894789
49894789,41.8703849099,-87.6690149558,1303051458.0,49894723,49894859
49894859,41.8702018609,-87.6690073939,1303051460.0,49894789,49894963
49894963,41.8699368522,-87.669003054,1303051463.0,49894859,49895080
49895080,41.8696908474,-87.6689907366,1303051466.0,49894963,49895186
49895186,41.8694896728,-87.6689799764,1303051469.0,49895080,49895404
49895404,41.8693041316,-87.6689508653,1303051475.0,49895186,49895571
49895571,41.869204072,-87.6686803406,1303051480.0,49895404,49895678
49895678,41.8692128122,-87.6683959929,1303051483.0,49895571,49895783
49895783,41.8692237469,-87.6680709984,1303051486.0,49895678,49895901
49895901,41.8691763643,-87.6677769152,1303051489.0,49895783,49896012
49896012,41.869191075,-87.6674468846,1303051492.0,49895901,49896128
49896128,41.869197032,-87.6671286541,1303051495.0,49896012,49896244
49896244,41.8692004277,-87.6668558362,1303051498.0,49896128,None
