112090457,41.8669689143,-87.6713840287,1303742017.0,None,112090770
112090770,41.8667803809,-87.6713355259,1303742039.0,112090457,112090850
112090850,41.8667139247,-87.6710359729,1303742044.0,112090770,112090901
112090901,41.8667171254,-87.6707590637,1303742047.0,112090850,112090950
112090950,41.8667261665,-87.6704180726,1303742050.0,112090901,112090985
112090985,41.8667341859,-87.6701680561,1303742052.0,112090950,112091020
112091020,41.8667402127,-87.6699070495,1303742054.0,112090985,112091053
112091053,41.8667432349,-87.6696440356,1303742056.0,112091020,112091090
112091090,41.8667492894,-87.6693819996,1303742058.0,112091053,112091129
112091129,41.8667493387,-87.6691239674,1303742060.0,112091090,112091166
112091166,41.8667511533,-87.6688655565,1303742062.0,112091129,112091202
112091202,41.8667464728,-87.6686177441,1303742064.0,112091166,112091236
112091236,41.8667430216,-87.6683650757,1303742066.0,112091202,112091275
112091275,41.8667402066,-87.668117071,1303742068.0,112091236,112091337
112091337,41.8667402691,-87.6677601637,1303742071.0,112091275,112091394
112091394,41.8667534211,-87.6673992085,1303742074.0,112091337,112091453
112091453,41.8667721095,-87.6670471216,1303742077.0,112091394,112091517
112091517,41.8667782984,-87.6667551132,1303742080.0,112091453,112091617
112091617,41.8667801492,-87.6664902717,1303742085.0,112091517,112091765
112091765,41.8668675733,-87.6662772613,1303742092.0,112091617,112091850
112091850,41.867078163,-87.666206559,1303742096.0,112091765,112091913
112091913,41.8672899977,-87.6662233834,1303742099.0,112091850,112091980
112091980,41.8676280041,-87.6662550902,1303742103.0,112091913,112092020
112092020,41.8678090032,-87.6662591686,1303742105.0,112091980,112092070
112092070,41.8680660074,-87.6662701572,1303742108.0,112092020,112092123
112092123,41.8683050043,-87.6662801281,1303742111.0,112092070,112092170
112092170,41.8685390063,-87.6662920451,1303742114.0,112092123,112092226
112092226,41.8687800037,-87.6663049614,1303742117.0,112092170,112092292
112092292,41.8690259923,-87.6663169629,1303742120.0,112092226,112092358
112092358,41.8692690104,-87.6663269571,1303742123.0,112092292,112092423
112092423,41.8695059203,-87.6663370034,1303742126.0,112092358,112092488
112092488,41.8697570008,-87.6663478493,1303742129.0,112092423,112092559
112092559,41.8700289932,-87.6663432121,1303742132.0,112092488,112092604
112092604,41.8702239907,-87.6663385514,1303742134.0,112092559,112092648
112092648,41.8704199832,-87.6663436241,1303742136.0,112092604,112092693
112092693,41.8706139792,-87.6663477536,1303742138.0,112092648,112092737
112092737,41.8708049811,-87.666356726,1303742140.0,112092693,112092781
112092781,41.8709999806,-87.6663657023,1303742142.0,112092737,112092829
112092829,41.871200981,-87.6663756939,1303742144.0,112092781,112092880
112092880,41.8714039833,-87.6663895031,1303742146.0,112092829,112092929
112092929,41.8716030935,-87.6664054737,1303742148.0,112092880,112092977
112092977,41.8717990029,-87.6664232962,1303742150.0,112092929,112093023
112093023,41.8719929949,-87.6664368111,1303742152.0,112092977,112093071
112093071,41.8721830089,-87.6664466673,1303742154.0,112093023,112093143
112093143,41.8724390097,-87.6664651734,1303742157.0,112093071,112093249
112093249,41.8726510358,-87.6664826187,1303742161.0,112093143,112093515
112093515,41.8728400152,-87.6664706226,1303742172.0,112093249,112093643
112093643,41.8730269677,-87.6664673509,1303742177.0,112093515,112093757
112093757,41.8732329743,-87.6664793776,1303742181.0,112093643,112093879
112093879,41.8734180083,-87.6665124846,1303742186.0,112093757,112094055
112094055,41.8736379636,-87.6665190741,1303742193.0,112093879,112094178
112094178,41.8738350288,-87.6665157173,1303742197.0,112094055,112094291
112094291,41.8740303602,-87.6665074138,1303742201.0,112094178,112094414
112094414,41.8741604183,-87.666274138,1303742206.0,112094291,112094501
112094501,41.8741188289,-87.6659829577,1303742209.0,112094414,112094586
112094586,41.8740875024,-87.6656769813,1303742212.0,112094501,112094678
112094678,41.8740785236,-87.6653739778,1303742215.0,112094586,112094760
112094760,41.8740705504,-87.6650849633,1303742218.0,112094678,112094837
112094837,41.8740595895,-87.6647969428,1303742221.0,112094760,112094912
112094912,41.8740517189,-87.6645059188,1303742224.0,112094837,112095002
112095002,41.874042826,-87.6642019315,1303742227.0,112094912,112095092
112095092,41.8740381253,-87.663900922,1303742230.0,112095002,112095186
112095186,41.8740352077,-87.6636059384,1303742233.0,112095092,112095256
112095256,41.8740252846,-87.6633069855,1303742236.0,112095186,112095342
112095342,41.8740315546,-87.6630080361,1303742239.0,112095256,112095433
112095433,41.8740325166,-87.6627140741,1303742242.0,112095342,112095527
112095527,41.8740416825,-87.6624140897,1303742245.0,112095433,112095613
112095613,41.8740519223,-87.6620981034,1303742248.0,112095527,112095702
112095702,41.8740588972,-87.6617831312,1303742251.0,112095613,112095801
112095801,41.8740607221,-87.6614631091,1303742254.0,112095702,112095902
112095902,41.8740688133,-87.661130072,1303742257.0,112095801,112095990
112095990,41.8740925738,-87.660798086,1303742260.0,112095902,112096081
112096081,41.8741048292,-87.660469077,1303742263.0,112095990,112096163
112096163,41.8741149507,-87.6601480689,1303742266.0,112096081,112096255
112096255,41.8741179736,-87.6598340633,1303742269.0,112096163,112096350
112096350,41.8741179892,-87.6595200879,1303742272.0,112096255,112096447
112096447,41.8741230663,-87.6592001083,1303742275.0,112096350,112096549
112096549,41.8741271278,-87.6588600886,1303742278.0,112096447,112096643
112096643,41.8741292269,-87.6585090799,1303742281.0,112096549,112096700
112096700,41.8741352335,-87.6582620943,1303742283.0,112096643,112096769
112096769,41.8741413959,-87.6580070944,1303742285.0,112096700,112096831
112096831,41.8741454429,-87.6577440594,1303742287.0,112096769,112096895
112096895,41.874151158,-87.6574850799,1303742289.0,112096831,112096955
112096955,41.8741557487,-87.6572351138,1303742291.0,112096895,112097025
112097025,41.8741627169,-87.6569822219,1303742293.0,112096955,112097092
112097092,41.8741650112,-87.6567262927,1303742295.0,112097025,112097157
112097157,41.874180973,-87.6564859151,1303742297.0,112097092,112097219
112097219,41.8741832142,-87.6562371249,1303742299.0,112097157,112097287
112097287,41.874188776,-87.6559873094,1303742301.0,112097219,112097355
112097355,41.8741945258,-87.6557324631,1303742303.0,112097287,112097424
112097424,41.8742005855,-87.6554744387,1303742305.0,112097355,112097485
112097485,41.8742065632,-87.655210462,1303742307.0,112097424,112097550
112097550,41.8742115966,-87.6549424773,1303742309.0,112097485,112097619
112097619,41.8742155576,-87.6546694295,1303742311.0,112097550,112097680
112097680,41.8742195657,-87.6543973738,1303742313.0,112097619,112097729
112097729,41.8742237384,-87.6541283671,1303742315.0,112097680,112097795
112097795,41.8742307188,-87.6538604641,1303742317.0,112097729,112097867
112097867,41.8742349705,-87.6535874658,1303742319.0,112097795,112097942
112097942,41.8742378688,-87.6533135029,1303742321.0,112097867,112098016
112098016,41.8742427359,-87.653046377,1303742323.0,112097942,112098089
112098089,41.8742469645,-87.6527802369,1303742325.0,112098016,112098157
112098157,41.8742507886,-87.6525171105,1303742327.0,112098089,112098223
112098223,41.8742515404,-87.6522563639,1303742329.0,112098157,112098285
112098285,41.87424729,-87.6520036044,1303742331.0,112098223,112098345
112098345,41.8742419462,-87.6517585871,1303742333.0,112098285,112098445
112098445,41.8742442867,-87.6513974779,1303742336.0,112098345,112098515
112098515,41.8742550329,-87.6511514704,1303742338.0,112098445,112098586
112098586,41.8742655562,-87.650905411,1303742340.0,112098515,112098663
112098663,41.8742708092,-87.650663324,1303742342.0,112098586,112098774
112098774,41.8742781307,-87.6503122987,1303742345.0,112098663,112098869
112098869,41.8742831038,-87.6499734212,1303742348.0,112098774,112098964
112098964,41.8742852942,-87.6496604347,1303742351.0,112098869,112099066
112099066,41.8742896708,-87.6493453479,1303742354.0,112098964,112099175
112099175,41.8742944396,-87.6490233516,1303742357.0,112099066,112099285
112099285,41.8743006593,-87.6487072619,1303742360.0,112099175,112099387
112099387,41.8743020252,-87.6483831558,1303742363.0,112099285,112099496
112099496,41.8742669018,-87.6480612425,1303742366.0,112099387,112099609
112099609,41.8742342587,-87.6477452379,1303742369.0,112099496,112099704
112099704,41.8742103869,-87.6474604814,1303742372.0,112099609,112099921
112099921,41.8741435708,-87.6472181403,1303742378.0,112099704,112100108
112100108,41.8739636773,-87.6471369394,1303742383.0,112099921,112100206
112100206,41.8737668028,-87.6471355065,1303742386.0,112100108,112100305
112100305,41.8735146544,-87.6471479421,1303742389.0,112100206,112100377
112100377,41.8733277108,-87.6471591546,1303742391.0,112100305,112100450
112100450,41.8731378016,-87.6471663779,1303742393.0,112100377,112100527
112100527,41.8729470606,-87.6471731143,1303742395.0,112100450,112100605
112100605,41.8727581733,-87.647169287,1303742397.0,112100527,112100722
112100722,41.872494996,-87.6471427893,1303742400.0,112100605,112100836
112100836,41.8722617407,-87.6471291578,1303742403.0,112100722,112100924
112100924,41.8720410768,-87.6471406525,1303742407.0,112100836,112101588
112101588,41.8718569342,-87.6471223745,1303742433.0,112100924,112101606
112101606,41.8716528937,-87.647107728,1303742437.0,112101588,112101628
112101628,41.8714620664,-87.6471114625,1303742440.0,112101606,112101653
112101653,41.8712231302,-87.6471206838,1303742443.0,112101628,112101680
112101680,41.8709682112,-87.6471372849,1303742446.0,112101653,112101698
112101698,41.8707861927,-87.6471454127,1303742448.0,112101680,112101718
112101718,41.8706031987,-87.6471464862,1303742450.0,112101698,112101739
112101739,41.8704221925,-87.6471552711,1303742452.0,112101718,112101760
112101760,41.8702331431,-87.647167033,1303742454.0,112101739,112101783
112101783,41.8700480877,-87.6471806708,1303742456.0,112101760,112101817
112101817,41.8698309134,-87.647191725,1303742459.0,112101783,112101878
112101878,41.8696224531,-87.6472199374,1303742464.0,112101817,112101957
112101957,41.8696043142,-87.6475110939,1303742470.0,112101878,112101999
112101999,41.8696296119,-87.6477511174,1303742473.0,112101957,112102042
112102042,41.869631195,-87.6480271329,1303742476.0,112101999,112102071
112102071,41.8696408002,-87.6482920998,1303742479.0,112102042,112102115
112102115,41.8696625129,-87.6485330129,1303742482.0,112102071,112102160
112102160,41.8696645496,-87.6487869724,1303742485.0,112102115,112102206
112102206,41.8696567499,-87.6490559789,1303742488.0,112102160,112102258
112102258,41.8696405334,-87.6493459917,1303742491.0,112102206,112102305
112102305,41.8696154298,-87.6496360141,1303742494.0,112102258,112102357
112102357,41.8695848622,-87.6499240921,1303742497.0,112102305,112102410
112102410,41.869547618,-87.6501941627,1303742500.0,112102357,112102462
112102462,41.8695272029,-87.6504489883,1303742503.0,112102410,112102534
112102534,41.8695208788,-87.6507369541,1303742507.0,112102462,None
