59247538,41.869050347,-87.6859259344,1302666019.0,None,59247694
59247694,41.8691835881,-87.686084038,1302666027.0,59247538,59247727
59247727,41.8693752288,-87.6860989817,1302666030.0,59247694,59247770
59247770,41.8695642412,-87.6860902521,1302666032.0,59247727,59247813
59247813,41.8697871751,-87.6860892484,1302666034.0,59247770,59247858
59247858,41.8700260671,-87.6860917959,1302666036.0,59247813,59247898
59247898,41.8702820423,-87.6860957542,1302666038.0,59247858,59247930
59247930,41.8705520355,-87.6860970979,1302666040.0,59247898,59247970
59247970,41.8708231009,-87.6861063775,1302666042.0,59247930,59248023
59248023,41.8711160632,-87.6861097759,1302666044.0,59247970,59248072
59248072,41.8714198741,-87.6861201957,1302666046.0,59248023,59248115
59248115,41.8717328873,-87.6861336999,1302666048.0,59248072,59248155
59248155,41.8720349345,-87.6861469186,1302666050.0,59248115,59248194
59248194,41.8723179525,-87.6861538616,1302666052.0,59248155,59248243
59248243,41.8725769276,-87.6861528167,1302666054.0,59248194,59248294
59248294,41.8728078911,-87.6861469106,1302666056.0,59248243,59248352
59248352,41.8730199051,-87.6861483745,1302666058.0,59248294,59248400
59248400,41.873212877,-87.6861524329,1302666060.0,59248352,59248444
59248444,41.8734008938,-87.6861530086,1302666062.0,59248400,59248489
59248489,41.873588066,-87.6861557373,1302666064.0,59248444,59248560
59248560,41.8737888237,-87.6861562325,1302666067.0,59248489,59248781
59248781,41.8738991037,-87.6859170264,1302666075.0,59248560,59248878
59248878,41.8738890155,-87.6855731006,1302666079.0,59248781,59248920
59248920,41.873890855,-87.6853312165,1302666081.0,59248878,59248977
59248977,41.8738950189,-87.685050188,1302666083.0,59248920,59249038
59249038,41.8739000504,-87.684747164,1302666085.0,59248977,59249104
59249104,41.8738997521,-87.6844611346,1302666087.0,59249038,59249194
59249194,41.8738942073,-87.6841151519,1302666090.0,59249104,59249277
59249277,41.8738901342,-87.6837581405,1302666093.0,59249194,59249331
59249331,41.8738906997,-87.6834791814,1302666095.0,59249277,59249393
59249393,41.8739064228,-87.6831672313,1302666097.0,59249331,59249449
59249449,41.8739135521,-87.6828232135,1302666099.0,59249393,59249512
59249512,41.8739109403,-87.6824791349,1302666101.0,59249449,59249568
59249568,41.8739100036,-87.6821681083,1302666103.0,59249512,59249631
59249631,41.8739128125,-87.681897142,1302666105.0,59249568,59249722
59249722,41.8739183069,-87.6815913123,1302666108.0,59249631,59249873
59249873,41.8739228345,-87.6812903018,1302666113.0,59249722,59249970
59249970,41.8739245674,-87.6809843151,1302666116.0,59249873,59250038
59250038,41.873927575,-87.6807273377,1302666118.0,59249970,59250104
59250104,41.8739315905,-87.6804312794,1302666120.0,59250038,59250166
59250166,41.8739355939,-87.6801012124,1302666122.0,59250104,59250233
59250233,41.8739375153,-87.6797411856,1302666124.0,59250166,59250305
59250305,41.8739394214,-87.6793721774,1302666126.0,59250233,59250367
59250367,41.8739464754,-87.6790072092,1302666128.0,59250305,59250433
59250433,41.873959578,-87.6786342141,1302666130.0,59250367,59250505
59250505,41.8739705662,-87.6782481985,1302666132.0,59250433,59250577
59250577,41.8739773579,-87.6778681846,1302666134.0,59250505,59250646
59250646,41.8739851407,-87.6775092418,1302666136.0,59250577,59250714
59250714,41.8739869145,-87.6771857649,1302666138.0,59250646,59250778
59250778,41.8739795774,-87.6769142263,1302666140.0,59250714,59250880
59250880,41.8739469428,-87.6766183131,1302666143.0,59250778,59251013
59251013,41.8737578394,-87.6764665082,1302666147.0,59250880,59251106
59251106,41.8735504415,-87.676453405,1302666150.0,59251013,59251115
59251115,41.8732897188,-87.6764481255,1302666153.0,59251106,59251129
59251129,41.8730889006,-87.6764379709,1302666156.0,59251115,59251365
59251365,41.8728760728,-87.6764383181,1302666182.0,59251129,59251401
59251401,41.8726540583,-87.6764297265,1302666185.0,59251365,59251426
59251426,41.872462199,-87.6764291232,1302666187.0,59251401,59251452
59251452,41.8722394593,-87.67642082,1302666189.0,59251426,59251465
59251465,41.8720095415,-87.6763939676,1302666191.0,59251452,59251492
59251492,41.8717932174,-87.6763662834,1302666193.0,59251465,59251535
59251535,41.8715571552,-87.676332189,1302666196.0,59251492,59251637
59251637,41.8713756792,-87.6762562739,1302666203.0,59251535,59251707
59251707,41.8713782661,-87.6759357422,1302666208.0,59251637,59251757
59251757,41.8714166361,-87.6756091159,1302666211.0,59251707,59251802
59251802,41.8714182485,-87.6753511094,1302666214.0,59251757,59252251
59252251,41.8712927824,-87.6751420246,1302666239.0,59251802,59252330
59252330,41.8712886994,-87.6748030258,1302666243.0,59252251,59252391
59252391,41.8712996915,-87.6744380367,1302666246.0,59252330,59252449
59252449,41.8713320613,-87.6741310086,1302666249.0,59252391,59252508
59252508,41.8713619902,-87.6738407743,1302666252.0,59252449,59252572
59252572,41.8713683967,-87.6734794259,1302666255.0,59252508,59252610
59252610,41.871371735,-87.6731962514,1302666257.0,59252572,59252651
59252651,41.8713707963,-87.6728861411,1302666259.0,59252610,59252694
59252694,41.8713545274,-87.67261411,1302666261.0,59252651,59252758
59252758,41.8713094615,-87.6723080348,1302666264.0,59252694,59252839
59252839,41.8713084238,-87.6720270057,1302666268.0,59252758,59252909
59252909,41.8713133137,-87.6717430646,1302666271.0,59252839,59252979
59252979,41.8713174802,-87.6714192465,1302666274.0,59252909,59253042
59253042,41.8713152854,-87.6710660249,1302666277.0,59252979,59253087
59253087,41.8713163686,-87.6708130413,1302666279.0,59253042,59253133
59253133,41.8713173704,-87.6705509994,1302666281.0,59253087,59253182
59253182,41.8713193038,-87.6702988995,1302666283.0,59253133,59253256
59253256,41.8713142463,-87.669979019,1302666286.0,59253182,59253370
59253370,41.871276129,-87.6697217004,1302666291.0,59253256,59253465
59253465,41.8710850316,-87.6696937793,1302666295.0,59253370,59253514
59253514,41.8708570114,-87.669710944,1302666298.0,59253465,59253545
59253545,41.8705780001,-87.6697289995,1302666301.0,59253514,59253585
59253585,41.87037,-87.6697449998,1302666303.0,59253545,59253629
59253629,41.870147,-87.6697549997,1302666305.0,59253585,59253668
59253668,41.869915,-87.6697529996,1302666307.0,59253629,59253709
59253709,41.8696869849,-87.6697479974,1302666309.0,59253668,59253750
59253750,41.8694779572,-87.6697400266,1302666311.0,59253709,59253796
59253796,41.8692963178,-87.6697251988,1302666313.0,59253750,59253893
59253893,41.869089107,-87.6697061048,1302666317.0,59253796,59254025
59254025,41.8688560006,-87.6697080013,1302666323.0,59253893,59254099
59254099,41.868623,-87.66972,1302666326.0,59254025,59254149
59254149,41.86842,-87.669725,1302666328.0,59254099,59254199
59254199,41.868192,-87.669724,1302666330.0,59254149,59254247
59254247,41.86793,-87.669719,1302666332.0,59254199,59254289
59254289,41.867659,-87.669713,1302666334.0,59254247,59254334
59254334,41.867406,-87.669698,1302666336.0,59254289,59254385
59254385,41.867184,-87.669681,1302666338.0,59254334,59254463
59254463,41.8669317522,-87.6696430033,1302666341.0,59254385,59254515
59254515,41.8668320678,-87.6692689686,1302666343.0,59254463,None
