23178141,41.8749860018,-87.6426559631,1303426417.0,None,23178324
23178324,41.8752330004,-87.6426859797,1303426424.0,23178141,23178375
23178375,41.8754560012,-87.6426729518,1303426426.0,23178324,23178451
23178451,41.8757110028,-87.6426357885,1303426429.0,23178375,23178527
23178527,41.8759330008,-87.6426367862,1303426432.0,23178451,23178591
23178591,41.8762340008,-87.6426919589,1303426435.0,23178527,23178641
23178641,41.8764490013,-87.6427109695,1303426437.0,23178591,23178695
23178695,41.8766650004,-87.6427289791,1303426439.0,23178641,23178749
23178749,41.8769300019,-87.6427229603,1303426441.0,23178695,23178934
23178934,41.8771400024,-87.6427219375,1303426448.0,23178749,23179369
23179369,41.8773880038,-87.6426968692,1303426464.0,23178934,23179449
23179449,41.877590008,-87.6426388756,1303426467.0,23179369,23179556
23179556,41.8777670061,-87.642576964,1303426471.0,23179449,23179938
23179938,41.8779489971,-87.6425291209,1303426484.0,23179556,23180373
23180373,41.8781230189,-87.6424439785,1303426499.0,23179938,23180560
23180560,41.878334019,-87.6424458966,1303426505.0,23180373,23180718
23180718,41.8785199961,-87.6425120328,1303426512.0,23180560,23180915
23180915,41.8787189934,-87.6424639441,1303426518.0,23180718,23181134
23181134,41.8788970007,-87.6423899387,1303426525.0,23180915,23181215
23181215,41.8790769749,-87.6422351089,1303426531.0,23181134,23181265
23181265,41.8792459269,-87.6421390009,1303426540.0,23181215,23181423
23181423,41.8794209732,-87.6420710087,1303426557.0,23181265,23181564
23181564,41.8794848886,-87.6423130042,1303426569.0,23181423,23181633
23181633,41.8794879172,-87.642583999,1303426574.0,23181564,23181688
23181688,41.8795039731,-87.6428289978,1303426578.0,23181633,23181748
23181748,41.8794779541,-87.6431280004,1303426582.0,23181688,23181809
23181809,41.8794359011,-87.6434099945,1303426586.0,23181748,23182144
23182144,41.879387805,-87.6436510185,1303426606.0,23181809,23182292
23182292,41.8792850007,-87.6438509929,1303426614.0,23182144,23182368
23182368,41.8790350185,-87.6438720578,1303426619.0,23182292,23182429
23182429,41.8788519988,-87.6438600591,1303426622.0,23182368,23182502
23182502,41.878637005,-87.6438390713,1303426626.0,23182429,23182583
23182583,41.8784410024,-87.6438359852,1303426630.0,23182502,23182944
23182944,41.8782729913,-87.6439364279,1303426647.0,23182583,23183324
23183324,41.8780719895,-87.6439813084,1303426664.0,23182944,23183398
23183398,41.8778809859,-87.643956452,1303426667.0,23183324,23183469
23183469,41.8776839886,-87.6439314908,1303426670.0,23183398,23183564
23183564,41.8774689863,-87.6439424753,1303426674.0,23183469,23183635
23183635,41.877289004,-87.6439454448,1303426677.0,23183564,23183708
23183708,41.8770740012,-87.6439085026,1303426680.0,23183635,23183778
23183778,41.8768399795,-87.643891481,1303426683.0,23183708,23183858
23183858,41.8765799968,-87.6438855696,1303426686.0,23183778,23183906
23183906,41.8763999984,-87.6438845854,1303426688.0,23183858,23183953
23183953,41.8762109962,-87.6438835564,1303426690.0,23183906,23184002
23184002,41.8760119912,-87.643863397,1303426692.0,23183953,23184050
23184050,41.8758109912,-87.6438282073,1303426694.0,23184002,23184092
23184092,41.8756079907,-87.6437781667,1303426696.0,23184050,23184147
23184147,41.875401988,-87.6437571883,1303426698.0,23184092,23184191
23184191,41.8751969685,-87.643760138,1303426700.0,23184147,23184272
23184272,41.8749420102,-87.6437753306,1303426703.0,23184191,23184346
23184346,41.8747570149,-87.6437853221,1303426706.0,23184272,23184856
23184856,41.8745759944,-87.6438062236,1303426725.0,23184346,23185390
23185390,41.8744597166,-87.6440336483,1303426744.0,23184856,23185470
23185470,41.8744586911,-87.6443250028,1303426747.0,23185390,23185527
23185527,41.8744546351,-87.6445789757,1303426749.0,23185470,23185587
23185587,41.8744455781,-87.6448539882,1303426751.0,23185527,23185647
23185647,41.8744356352,-87.6451379946,1303426753.0,23185587,23185703
23185703,41.8744286043,-87.6454100025,1303426755.0,23185647,23185786
23185786,41.8744156451,-87.6457319979,1303426758.0,23185703,23185895
23185895,41.8744036505,-87.6460329906,1303426762.0,23185786,23186085
23186085,41.8743955154,-87.6462840055,1303426768.0,23185895,23186346
23186346,41.8743944226,-87.6465410093,1303426777.0,23186085,23186434
23186434,41.8743932288,-87.6468040211,1303426780.0,23186346,23186523
23186523,41.87439724,-87.6471492248,1303426783.0,23186434,23186590
23186590,41.8744117831,-87.6474030262,1303426785.0,23186523,23186663
23186663,41.8744330766,-87.6476705848,1303426787.0,23186590,23186723
23186723,41.8744540809,-87.6479333919,1303426789.0,23186663,23186809
23186809,41.8744789166,-87.6482815636,1303426792.0,23186723,23186892
23186892,41.874489809,-87.648594026,1303426795.0,23186809,23186986
23186986,41.8744787917,-87.6488701838,1303426798.0,23186892,23187082
23187082,41.8744730328,-87.6491602689,1303426801.0,23186986,23187166
23187166,41.8744647567,-87.6494913265,1303426804.0,23187082,23187235
23187235,41.8744558325,-87.6497583927,1303426806.0,23187166,23187300
23187300,41.8744446583,-87.6500352566,1303426808.0,23187235,23187366
23187366,41.8744346387,-87.650317179,1303426810.0,23187300,23187431
23187431,41.8744258555,-87.6506032639,1303426812.0,23187366,23187497
23187497,41.8744209405,-87.6508963539,1303426814.0,23187431,23187563
23187563,41.8744174472,-87.6511943769,1303426816.0,23187497,23187632
23187632,41.8744120447,-87.6514924792,1303426818.0,23187563,23187696
23187696,41.8744095991,-87.651792509,1303426820.0,23187632,23187756
23187756,41.8744047199,-87.6520984081,1303426822.0,23187696,23187813
23187813,41.8743970835,-87.6524111827,1303426824.0,23187756,23187870
23187870,41.8743880818,-87.6527182247,1303426826.0,23187813,23187925
23187925,41.8743826494,-87.6530173537,1303426828.0,23187870,23187959
23187959,41.8743814336,-87.6533084405,1303426830.0,23187925,23188008
23188008,41.8743772079,-87.6536043773,1303426832.0,23187959,23188057
23188057,41.8743695204,-87.6539053744,1303426834.0,23188008,23188105
23188105,41.8743621205,-87.6541833469,1303426836.0,23188057,23188156
23188156,41.8743554942,-87.6544453728,1303426838.0,23188105,23188208
23188208,41.8743514466,-87.6546954071,1303426840.0,23188156,23188294
23188294,41.8743470104,-87.6550304244,1303426843.0,23188208,23188385
23188385,41.8743429809,-87.6553284077,1303426846.0,23188294,23188491
23188491,41.8743418693,-87.6555883494,1303426849.0,23188385,23188637
23188637,41.8743361638,-87.6558562945,1303426853.0,23188491,23188962
23188962,41.8743131979,-87.6561164548,1303426873.0,23188637,23189000
23189000,41.8743135701,-87.656361202,1303426878.0,23188962,23189035
23189035,41.8743205511,-87.6566393618,1303426882.0,23189000,23189064
23189064,41.8743222225,-87.6569272123,1303426885.0,23189035,23189094
23189094,41.8743227846,-87.6572171115,1303426888.0,23189064,23189127
23189127,41.8743459032,-87.6575640796,1303426891.0,23189094,23189149
23189149,41.8743476805,-87.6578349086,1303426893.0,23189127,23189173
23189173,41.8743465944,-87.6581178263,1303426895.0,23189149,23189197
23189197,41.8743371932,-87.6584048741,1303426897.0,23189173,23189221
23189221,41.8743253949,-87.6586859331,1303426899.0,23189197,23189247
23189247,41.8743159814,-87.6590839693,1303426902.0,23189221,23189275
23189275,41.8743111844,-87.6593419632,1303426904.0,23189247,23189315
23189315,41.874309356,-87.6596989429,1303426907.0,23189275,23189357
23189357,41.8743010199,-87.6600379673,1303426910.0,23189315,23189396
23189396,41.8742904436,-87.6603520125,1303426913.0,23189357,23189440
23189440,41.8742776758,-87.6606350715,1303426916.0,23189396,23189502
23189502,41.8742679017,-87.6609221066,1303426920.0,23189440,23189565
23189565,41.8742627118,-87.6612351455,1303426924.0,23189502,23189615
23189615,41.8742633147,-87.6614940652,1303426927.0,23189565,23189663
23189663,41.874266399,-87.6617739421,1303426930.0,23189615,23189715
23189715,41.8742620563,-87.6621230271,1303426933.0,23189663,23189750
23189750,41.8742563567,-87.6623909948,1303426935.0,23189715,23189783
23189783,41.8742474076,-87.6626600121,1303426937.0,23189750,23189819
23189819,41.8742392733,-87.6629170189,1303426939.0,23189783,23189857
23189857,41.874230708,-87.6631789681,1303426941.0,23189819,23189894
23189894,41.8742242597,-87.6634428455,1303426943.0,23189857,23189929
23189929,41.8742177072,-87.6637087282,1303426945.0,23189894,23189966
23189966,41.8742170561,-87.6639756741,1303426947.0,23189929,23190005
23190005,41.8742160873,-87.6642336814,1303426949.0,23189966,23190044
23190044,41.8742148686,-87.6644816862,1303426951.0,23190005,23190081
23190081,41.8742186565,-87.6647246924,1303426953.0,23190044,23190119
23190119,41.8742203817,-87.6649797864,1303426955.0,23190081,23190157
23190157,41.874221139,-87.6652349354,1303426957.0,23190119,23190196
23190196,41.8742209259,-87.6654930682,1303426959.0,23190157,23190238
23190238,41.8742167366,-87.6657591795,1303426961.0,23190196,23190280
23190280,41.874217767,-87.6660191483,1303426963.0,23190238,23190339
23190339,41.8742458893,-87.6663013484,1303426966.0,23190280,None
