8321772,41.8692563676,-87.6617631082,1301837504.0,None,8322554
8322554,41.8693093643,-87.6614611166,1301837526.0,8321772,8322655
8322655,41.8693237538,-87.6611940973,1301837529.0,8322554,8322764
8322764,41.8693345917,-87.6608729968,1301837532.0,8322655,8322874
8322874,41.8693483597,-87.6605159377,1301837535.0,8322764,8322954
8322954,41.8693532588,-87.6602678913,1301837537.0,8322874,8323023
8323023,41.869360185,-87.6600079144,1301837539.0,8322954,8323070
8323070,41.8693641612,-87.6597279297,1301837541.0,8323023,8323134
8323134,41.8693632079,-87.6594389043,1301837543.0,8323070,8323171
8323171,41.869362226,-87.6591488901,1301837545.0,8323134,8323231
8323231,41.8693643174,-87.6588578619,1301837547.0,8323171,8323267
8323267,41.8693570157,-87.6584309109,1301837550.0,8323231,8323305
8323305,41.8693601555,-87.6581509283,1301837552.0,8323267,8323372
8323372,41.869365143,-87.6578899665,1301837554.0,8323305,8323459
8323459,41.8693721242,-87.6575369451,1301837557.0,8323372,8323548
8323548,41.8693877179,-87.6572368843,1301837560.0,8323459,8323667
8323667,41.8694211694,-87.6569373601,1301837564.0,8323548,8323840
8323840,41.8695846376,-87.6567541355,1301837569.0,8323667,8323982
8323982,41.8697705558,-87.6567717087,1301837573.0,8323840,8324083
8324083,41.8699513355,-87.6567786181,1301837576.0,8323982,8324182
8324182,41.870176178,-87.6567835405,1301837579.0,8324083,8324279
8324279,41.8704391079,-87.6567905999,1301837582.0,8324182,8324378
8324378,41.8707082262,-87.656808485,1301837585.0,8324279,8324453
8324453,41.8709152403,-87.6568130195,1301837587.0,8324378,8324529
8324529,41.8711182031,-87.6568177805,1301837589.0,8324453,8324602
8324602,41.8713132881,-87.656852634,1301837591.0,8324529,8324673
8324673,41.871501176,-87.6568627669,1301837593.0,8324602,8324779
8324779,41.8717567419,-87.6568453119,1301837596.0,8324673,8324908
8324908,41.8719538487,-87.6568061803,1301837600.0,8324779,8325146
8325146,41.8721558511,-87.6567948193,1301837607.0,8324908,8325250
8325250,41.872359949,-87.6567818298,1301837610.0,8325146,8325362
8325362,41.8726109133,-87.6567683824,1301837613.0,8325250,8325462
8325462,41.8728781378,-87.6567484751,1301837616.0,8325362,8325556
8325556,41.8731392717,-87.6567229658,1301837619.0,8325462,8325663
8325663,41.8734050041,-87.6567167272,1301837622.0,8325556,8325776
8325776,41.8736419623,-87.6567128655,1301837625.0,8325663,8325910
8325910,41.8738418566,-87.6566988879,1301837629.0,8325776,8326182
8326182,41.8740394199,-87.6566956682,1301837637.0,8325910,8326324
8326324,41.8741001327,-87.6564387778,1301837641.0,8326182,8326437
8326437,41.8741366384,-87.6561642728,1301837644.0,8326324,8326532
8326532,41.8741673075,-87.6558353861,1301837647.0,8326437,8326631
8326631,41.8741857798,-87.6554974265,1301837650.0,8326532,8326728
8326728,41.8742022685,-87.6551514548,1301837653.0,8326631,8326831
8326831,41.8742248843,-87.6547904144,1301837656.0,8326728,8326899
8326899,41.8742350808,-87.6545423624,1301837658.0,8326831,8326964
8326964,41.8742446769,-87.6542902392,1301837660.0,8326899,8327037
8327037,41.8742500915,-87.6540352607,1301837662.0,8326964,8327113
8327113,41.874253609,-87.6537823456,1301837664.0,8327037,8327182
8327182,41.8742578298,-87.6535383674,1301837666.0,8327113,8327285
8327285,41.874267043,-87.6531873221,1301837669.0,8327182,8327386
8327386,41.8742718737,-87.6528442032,1301837672.0,8327285,8327483
8327483,41.8742767169,-87.6525010697,1301837675.0,8327386,8327583
8327583,41.8742763692,-87.652190316,1301837678.0,8327483,8327688
8327688,41.8742779726,-87.6519175162,1301837681.0,8327583,8327796
8327796,41.8742894509,-87.6516164992,1301837684.0,8327688,8327909
8327909,41.8742995698,-87.6512834729,1301837687.0,8327796,8327983
8327983,41.87430609,-87.6510323274,1301837689.0,8327909,8328049
8328049,41.8743153823,-87.6507762401,1301837691.0,8327983,8328107
8328107,41.8743219316,-87.6505241739,1301837693.0,8328049,8328171
8328171,41.8743249928,-87.6502711112,1301837695.0,8328107,8328243
8328243,41.8743273622,-87.6500142242,1301837697.0,8328171,8328310
8328310,41.87433387,-87.6497604415,1301837699.0,8328243,8328379
8328379,41.8743387044,-87.6495083756,1301837701.0,8328310,8328448
8328448,41.8743388937,-87.6492543663,1301837703.0,8328379,8328521
8328521,41.8743381629,-87.649003336,1301837705.0,8328448,8328596
8328596,41.874335561,-87.6487533214,1301837707.0,8328521,8328654
8328654,41.874332347,-87.6485057026,1301837709.0,8328596,8328727
8328727,41.8743134384,-87.6481623896,1301837712.0,8328654,8328829
8328829,41.874288681,-87.6478444334,1301837715.0,8328727,8328930
8328930,41.8742644307,-87.6475774488,1301837718.0,8328829,8329063
8329063,41.8742051827,-87.6473052008,1301837722.0,8328930,8329197
8329197,41.8739128547,-87.6471892797,1301837727.0,8329063,8329308
8329308,41.8736718615,-87.6471885793,1301837730.0,8329197,8329417
8329417,41.8734029433,-87.6471891106,1301837733.0,8329308,8329490
8329490,41.8732200598,-87.6471903011,1301837735.0,8329417,8329596
8329596,41.8729642243,-87.6471903411,1301837738.0,8329490,8329695
8329695,41.8727053135,-87.6472063395,1301837741.0,8329596,8329759
8329759,41.8725152122,-87.6471946247,1301837743.0,8329695,8329827
8329827,41.8723130189,-87.6471525947,1301837745.0,8329759,8329899
8329899,41.8721118388,-87.6471183804,1301837747.0,8329827,8329966
8329966,41.8719106488,-87.6471083333,1301837749.0,8329899,8330035
8330035,41.8717126394,-87.6470906487,1301837751.0,8329966,8330111
8330111,41.87151178,-87.6470774269,1301837753.0,8330035,8330183
8330183,41.8713048508,-87.6470746124,1301837755.0,8330111,8330257
8330257,41.8710987912,-87.6470684755,1301837757.0,8330183,8330318
8330318,41.8709068361,-87.6470741135,1301837759.0,8330257,8330415
8330415,41.8706450183,-87.6470878387,1301837762.0,8330318,8330524
8330524,41.8703962069,-87.6470943612,1301837765.0,8330415,8330621
8330621,41.8701651573,-87.6471022043,1301837768.0,8330524,8330726
8330726,41.8699851359,-87.6471177771,1301837771.0,8330621,8330972
8330972,41.8698001269,-87.6470939678,1301837795.0,8330726,8331012
8331012,41.8696050292,-87.6470740064,1301837799.0,8330972,8331045
8331045,41.8693776703,-87.6470633177,1301837802.0,8331012,8331079
8331079,41.8691078371,-87.6470506148,1301837805.0,8331045,8331103
8331103,41.8689158926,-87.6470464238,1301837807.0,8331079,8331127
8331127,41.8687269018,-87.647041106,1301837809.0,8331103,8331152
8331152,41.8685349176,-87.6470332345,1301837811.0,8331127,8331178
8331178,41.8683499621,-87.6470267229,1301837813.0,8331152,8331217
8331217,41.8680942132,-87.6470271306,1301837816.0,8331178,8331259
8331259,41.8678741468,-87.6470301713,1301837819.0,8331217,8331315
8331315,41.8676920502,-87.6470379967,1301837823.0,8331259,None
