78299621,41.8691531255,-87.6760007946,1303616313.0,None,78300488
78300488,41.8691387881,-87.6763183018,1303616339.0,78299621,78300592
78300592,41.8691301441,-87.6766761832,1303616342.0,78300488,78300660
78300660,41.8691223703,-87.6769581022,1303616344.0,78300592,78300730
78300730,41.8691181235,-87.6772670583,1303616346.0,78300660,78300801
78300801,41.8691112829,-87.6775840496,1303616348.0,78300730,78300865
78300865,41.8691097036,-87.6779040367,1303616350.0,78300801,78300934
78300934,41.8691064638,-87.6782190785,1303616352.0,78300865,78301002
78301002,41.8691023921,-87.6785260896,1303616354.0,78300934,78301076
78301076,41.8690991365,-87.6788300252,1303616356.0,78301002,78301156
78301156,41.869095136,-87.6791300098,1303616358.0,78301076,78301230
78301230,41.8690920082,-87.6794260665,1303616360.0,78301156,78301296
78301296,41.8690888944,-87.6797040735,1303616362.0,78301230,78301368
78301368,41.8690863706,-87.6799571527,1303616364.0,78301296,78301473
78301473,41.869086828,-87.6802472623,1303616367.0,78301368,78302317
78302317,41.8690853934,-87.6804921954,1303616392.0,78301473,78302497
78302497,41.8690831277,-87.68074607,1303616397.0,78302317,78302606
78302606,41.8690861081,-87.6810621158,1303616400.0,78302497,78302680
78302680,41.8690831414,-87.6813081123,1303616402.0,78302606,78302753
78302753,41.8690782393,-87.6815590284,1303616404.0,78302680,78302831
78302831,41.8690739279,-87.6818099806,1303616406.0,78302753,78302874
78302874,41.869064507,-87.6820550129,1303616408.0,78302831,78302949
78302949,41.8690552319,-87.6822970808,1303616410.0,78302874,78303024
78303024,41.8690480499,-87.6826570488,1303616413.0,78302949,78303138
78303138,41.8690478895,-87.6829879844,1303616416.0,78303024,78303247
78303247,41.8690444858,-87.6832320745,1303616419.0,78303138,78303972
78303972,41.8690410654,-87.6835211991,1303616443.0,78303247,78304135
78304135,41.8690338183,-87.6838159489,1303616448.0,78303972,78304237
78304237,41.8690217879,-87.684104828,1303616451.0,78304135,78304330
78304330,41.8690181186,-87.6843910021,1303616454.0,78304237,78304468
78304468,41.8690103719,-87.6846780656,1303616458.0,78304330,78304821
78304821,41.8690088793,-87.68493692,1303616468.0,78304468,78304925
78304925,41.8690017512,-87.6852139828,1303616471.0,78304821,78305033
78305033,41.8690024608,-87.6855319847,1303616474.0,78304925,78305122
78305122,41.8690069331,-87.6857829896,1303616477.0,78305033,78305481
78305481,41.8690447755,-87.6860175844,1303616487.0,78305122,78305668
78305668,41.8692731434,-87.6860641086,1303616493.0,78305481,78305783
78305783,41.8695080609,-87.6860642513,1303616496.0,78305668,78305852
78305852,41.8697030447,-87.6860729672,1303616498.0,78305783,78305924
78305924,41.8699110678,-87.6860832902,1303616500.0,78305852,78305996
78305996,41.870117046,-87.6860936131,1303616502.0,78305924,78306071
78306071,41.8703240862,-87.6861024546,1303616504.0,78305996,78306142
78306142,41.8705351217,-87.6861111419,1303616506.0,78306071,78306211
78306211,41.8707581076,-87.6861187606,1303616508.0,78306142,78306281
78306281,41.8709932172,-87.6861241,1303616510.0,78306211,78306351
78306351,41.8712421515,-87.6861329124,1303616512.0,78306281,78306421
78306421,41.8714941573,-87.6861440469,1303616514.0,78306351,78306489
78306489,41.8717421413,-87.6861544198,1303616516.0,78306421,78306560
78306560,41.8719921019,-87.6861636948,1303616518.0,78306489,78306632
78306632,41.8722380663,-87.6861712973,1303616520.0,78306560,78306689
78306689,41.8724781003,-87.6861798876,1303616522.0,78306632,78306760
78306760,41.8727060927,-87.6861854883,1303616524.0,78306689,78306836
78306836,41.8729160865,-87.686188962,1303616526.0,78306760,78306914
78306914,41.8731101095,-87.6861958158,1303616528.0,78306836,78307022
78307022,41.8733720899,-87.6862031627,1303616531.0,78306914,78307131
78307131,41.8735650716,-87.6862010536,1303616534.0,78307022,78307619
78307619,41.8737536835,-87.6861945137,1303616550.0,78307131,78307844
78307844,41.8739002432,-87.6860611614,1303616556.0,78307619,78307968
78307968,41.8738956826,-87.6857409386,1303616560.0,78307844,78308069
78308069,41.8738930053,-87.6853821621,1303616563.0,78307968,78308136
78308136,41.8738958769,-87.685113181,1303616565.0,78308069,78308206
78308206,41.8738972702,-87.6848551843,1303616567.0,78308136,78308315
78308315,41.8739022157,-87.6845081347,1303616570.0,78308206,78308422
78308422,41.873904471,-87.6842450428,1303616573.0,78308315,78308562
78308562,41.8739121359,-87.6840020939,1303616578.0,78308422,78309050
78309050,41.8739119659,-87.6837330277,1303616592.0,78308562,78309155
78309155,41.8739181528,-87.6834200923,1303616595.0,78309050,78309224
78309224,41.8739205304,-87.6831611616,1303616597.0,78309155,78309279
78309279,41.8739247408,-87.6828721633,1303616599.0,78309224,78309356
78309356,41.8739280126,-87.6825681258,1303616601.0,78309279,78309433
78309433,41.8739318175,-87.6822670885,1303616603.0,78309356,78309510
78309510,41.8739345606,-87.681990129,1303616605.0,78309433,78309610
78309610,41.8739396688,-87.6816792498,1303616608.0,78309510,78309793
78309793,41.8739448967,-87.6813842194,1303616614.0,78309610,78309900
78309900,41.8739509038,-87.6811291239,1303616617.0,78309793,78310009
78310009,41.8739598689,-87.6807722283,1303616620.0,78309900,78310086
78310086,41.8739624551,-87.6804922477,1303616622.0,78310009,78310159
78310159,41.8739647824,-87.6802021885,1303616624.0,78310086,78310227
78310227,41.8739652094,-87.6799031981,1303616626.0,78310159,78310299
78310299,41.8739665287,-87.6796001355,1303616628.0,78310227,78310360
78310360,41.8739722181,-87.6792951682,1303616630.0,78310299,78310382
78310382,41.8739780122,-87.6789901657,1303616632.0,78310360,78310389
78310389,41.8739822432,-87.6786831677,1303616634.0,78310382,78310398
78310398,41.8739862485,-87.6783771663,1303616636.0,78310389,78310409
78310409,41.8739893804,-87.6780731678,1303616638.0,78310398,78310421
78310421,41.8739916045,-87.6777751457,1303616640.0,78310409,78310435
78310435,41.873992759,-87.6774852185,1303616642.0,78310421,78310450
78310450,41.8739908247,-87.6772128151,1303616644.0,78310435,78310474
78310474,41.8739894617,-87.6768812394,1303616647.0,78310450,78310550
78310550,41.8739677044,-87.6766244975,1303616655.0,78310474,78310604
78310604,41.8737463894,-87.6765093369,1303616660.0,78310550,78310639
78310639,41.8735012172,-87.6764892442,1303616663.0,78310604,78310663
78310663,41.8733002557,-87.6764772153,1303616665.0,78310639,78310687
78310687,41.8730732911,-87.6764661063,1303616667.0,78310663,78310713
78310713,41.8728322607,-87.6764566203,1303616669.0,78310687,78310739
78310739,41.8725882442,-87.6764458388,1303616671.0,78310713,78310765
78310765,41.8723453884,-87.6764335996,1303616673.0,78310739,78310793
78310793,41.8721056447,-87.6764115472,1303616675.0,78310765,78310821
78310821,41.8718894912,-87.6763865699,1303616677.0,78310793,78310863
78310863,41.8716498088,-87.6763680406,1303616680.0,78310821,78310913
78310913,41.8714842251,-87.676270017,1303616684.0,78310863,78310978
78310978,41.8714624966,-87.6759694847,1303616688.0,78310913,78311020
78311020,41.8714690503,-87.6756319009,1303616691.0,78310978,78311068
78311068,41.87147872,-87.6752878705,1303616694.0,78311020,78311317
78311317,41.8714859447,-87.6750138612,1303616709.0,78311068,78311394
78311394,41.8714946618,-87.6746942849,1303616713.0,78311317,78311447
78311447,41.8715051673,-87.6743430886,1303616716.0,78311394,78311502
78311502,41.871514095,-87.6740632952,1303616719.0,78311447,78311622
78311622,41.8715173137,-87.6737536248,1303616725.0,78311502,78311679
78311679,41.8715156905,-87.6734545228,1303616728.0,78311622,78311719
78311719,41.8715187542,-87.6731971597,1303616730.0,78311679,78311759
78311759,41.8715223671,-87.672905018,1303616732.0,78311719,78311800
78311800,41.8715285497,-87.6726060488,1303616734.0,78311759,78311840
78311840,41.8715341548,-87.6723209558,1303616736.0,78311800,78311883
78311883,41.8715370335,-87.672061032,1303616738.0,78311840,78311928
78311928,41.871543686,-87.6717776879,1303616741.0,78311883,78312381
78312381,41.8715468902,-87.6715127455,1303616763.0,78311928,78312464
78312464,41.871549015,-87.6711658448,1303616767.0,78312381,78312521
78312521,41.8715522732,-87.6708110506,1303616770.0,78312464,78312555
78312555,41.8715552918,-87.6705670027,1303616772.0,78312521,78312583
78312583,41.8715582235,-87.6703178354,1303616774.0,78312555,78312624
78312624,41.8715595057,-87.6700626658,1303616776.0,78312583,78312675
78312675,41.8715624205,-87.6698053423,1303616778.0,78312624,78312718
78312718,41.8715834514,-87.669559712,1303616780.0,78312675,78312786
78312786,41.8716038793,-87.6693017317,1303616783.0,78312718,78312929
78312929,41.8715510168,-87.6690783004,1303616789.0,78312786,78313004
78313004,41.8713698051,-87.6690407058,1303616792.0,78312929,78313079
78313079,41.8711456065,-87.6690414399,1303616795.0,78313004,78313130
78313130,41.8709577596,-87.6690389947,1303616797.0,78313079,78313169
78313169,41.8707477779,-87.6690230498,1303616799.0,78313130,78313218
78313218,41.8705189064,-87.6690148496,1303616801.0,78313169,78313268
78313268,41.870286871,-87.6690087442,1303616803.0,78313218,78313318
78313318,41.870058844,-87.6690037974,1303616805.0,78313268,78313373
78313373,41.8698428633,-87.6689991418,1303616807.0,78313318,78313414
78313414,41.8696518874,-87.6689958451,1303616809.0,78313373,78313485
78313485,41.8694476971,-87.6689949748,1303616812.0,78313414,78313645
78313645,41.8692595108,-87.6688911361,1303616818.0,78313485,78313721
78313721,41.8692261978,-87.6686080599,1303616821.0,78313645,78313771
78313771,41.8692338514,-87.6683648351,1303616823.0,78313721,78313824
78313824,41.8692362076,-87.6680930069,1303616825.0,78313771,78313881
78313881,41.8692319744,-87.6678209388,1303616827.0,78313824,78313936
78313936,41.8692369733,-87.6675528244,1303616829.0,78313881,78313995
78313995,41.8692426436,-87.6673007649,1303616831.0,78313936,78314072
78314072,41.8692446899,-87.6669786145,1303616834.0,78313995,78314153
78314153,41.8692438882,-87.6666637154,1303616837.0,78314072,78314238
78314238,41.8692503108,-87.6663218293,1303616840.0,78314153,78314327
78314327,41.8692598568,-87.6659658154,1303616843.0,78314238,78314408
78314408,41.869266724,-87.6656278972,1303616846.0,78314327,78314488
78314488,41.8692727491,-87.6652918579,1303616849.0,78314408,78314543
78314543,41.8692813559,-87.665049887,1303616851.0,78314488,78314631
78314631,41.8692844902,-87.6646929076,1303616854.0,78314543,78314710
78314710,41.8692866556,-87.6644129623,1303616857.0,78314631,78314946
78314946,41.869289466,-87.6641350709,1303616865.0,78314710,78315052
78315052,41.869295781,-87.6638061823,1303616869.0,78314946,78315144
78315144,41.8693048282,-87.6634870029,1303616872.0,78315052,78315241
78315241,41.8693137115,-87.6631239695,1303616875.0,78315144,78315304
78315304,41.8693215616,-87.6628699835,1303616877.0,78315241,78315358
78315358,41.8693286163,-87.6626239824,1303616879.0,78315304,78315444
78315444,41.8693362142,-87.6622779792,1303616882.0,78315358,78315529
78315529,41.8693385689,-87.6620209912,1303616885.0,78315444,78315775
78315775,41.8693330599,-87.6617668952,1303616893.0,78315529,78315935
78315935,41.8693345302,-87.6614849764,1303616898.0,78315775,78316032
78316032,41.869341033,-87.6611520497,1303616901.0,78315935,78316089
78316089,41.8693463994,-87.6608889848,1303616903.0,78316032,78316145
78316145,41.8693534282,-87.6606139421,1303616905.0,78316089,78316206
78316206,41.8693583016,-87.6603339146,1303616907.0,78316145,78316255
78316255,41.8693602193,-87.6600449063,1303616909.0,78316206,78316315
78316315,41.8693631701,-87.6597579237,1303616911.0,78316255,78316378
78316378,41.8693671493,-87.6594789157,1303616913.0,78316315,78316441
78316441,41.8693720827,-87.6591928935,1303616915.0,78316378,78316511
78316511,41.8693749807,-87.6589118553,1303616917.0,78316441,78316581
78316581,41.8693770655,-87.6586298611,1303616919.0,78316511,78316648
78316648,41.8693770795,-87.6583478958,1303616921.0,78316581,78316711
78316711,41.8693752411,-87.658079913,1303616923.0,78316648,78316771
78316771,41.8693793545,-87.65782793,1303616925.0,78316711,78316866
78316866,41.8693843933,-87.657475901,1303616928.0,78316771,78316965
78316965,41.8693936075,-87.6571578054,1303616931.0,78316866,78317100
78317100,41.869408173,-87.6568747864,1303616935.0,78316965,78317411
78317411,41.869577737,-87.6567388724,1303616945.0,78317100,78317501
78317501,41.8697779934,-87.6567497015,1303616948.0,78317411,78317566
78317566,41.869961882,-87.6567562565,1303616950.0,78317501,78317630
78317630,41.8701719934,-87.6567674758,1303616952.0,78317566,78317697
78317697,41.8703989783,-87.656773553,1303616954.0,78317630,78317770
78317770,41.870628976,-87.6567801061,1303616956.0,78317697,78317840
78317840,41.8708580077,-87.6567889982,1303616958.0,78317770,78317900
78317900,41.8710850392,-87.6567998253,1303616960.0,78317840,78317961
78317961,41.8713090852,-87.6568093717,1303616962.0,78317900,78318028
78318028,41.8715210477,-87.6568139768,1303616964.0,78317961,78318100
78318100,41.8717009386,-87.6568136897,1303616966.0,78318028,78318213
78318213,41.8719258043,-87.6568094751,1303616969.0,78318100,78318349
78318349,41.8721166894,-87.6568065335,1303616973.0,78318213,78318523
78318523,41.8723327314,-87.6567975541,1303616978.0,78318349,78318623
78318623,41.8725786302,-87.6567911408,1303616981.0,78318523,78318695
78318695,41.8727765057,-87.6567863021,1303616983.0,78318623,78318764
78318764,41.8729713194,-87.6567772669,1303616985.0,78318695,78318832
78318832,41.8731645235,-87.6567686167,1303616987.0,78318764,78318908
78318908,41.8733598981,-87.656758666,1303616989.0,78318832,78318980
78318980,41.8735490956,-87.6567556454,1303616991.0,78318908,78319080
78319080,41.8737861247,-87.6567628089,1303616994.0,78318980,78319215
78319215,41.8740135262,-87.6567603424,1303616998.0,78319080,78319472
78319472,41.8741923141,-87.6567372827,1303617005.0,78319215,78319653
78319653,41.8742287995,-87.6564453289,1303617010.0,78319472,78319756
78319756,41.8742208343,-87.6561260251,1303617013.0,78319653,78319822
78319822,41.8742212104,-87.6558600649,1303617015.0,78319756,78319897
78319897,41.8742273602,-87.6555662451,1303617017.0,78319822,78319973
78319973,41.8742318738,-87.6552612994,1303617019.0,78319897,78320038
78320038,41.8742341354,-87.6549533457,1303617021.0,78319973,78320112
78320112,41.8742393921,-87.6546413221,1303617023.0,78320038,78320190
78320190,41.8742467344,-87.6543202123,1303617025.0,78320112,78320266
78320266,41.8742531016,-87.6540002319,1303617027.0,78320190,78320338
78320338,41.8742590517,-87.6536832902,1303617029.0,78320266,78320410
78320410,41.8742637593,-87.6533723339,1303617031.0,78320338,78320476
78320476,41.874270383,-87.65307628,1303617033.0,78320410,78320547
78320547,41.874274917,-87.652799155,1303617035.0,78320476,78320656
78320656,41.8742781391,-87.6524650542,1303617038.0,78320547,78320811
78320811,41.8742800839,-87.6521942736,1303617042.0,78320656,None
