776110,41.8743328494,-87.6469152036,1301919053.0,None,776662
776662,41.8742137853,-87.647177733,1301919071.0,776110,776759
776759,41.8740067017,-87.647201816,1301919074.0,776662,776862
776862,41.8737338652,-87.6471943543,1301919077.0,776759,776916
776916,41.8735168469,-87.6471863243,1301919079.0,776862,776987
776987,41.873275887,-87.6471789066,1301919081.0,776916,777055
777055,41.8730229584,-87.6471702146,1301919083.0,776987,777116
777116,41.8727710245,-87.6471605486,1301919085.0,777055,777186
777186,41.8725280764,-87.6471526445,1301919087.0,777116,777262
777262,41.8722859354,-87.6471446913,1301919089.0,777186,777330
777330,41.8720409872,-87.6471341875,1301919091.0,777262,777396
777396,41.8717849758,-87.6471236458,1301919093.0,777330,777469
777469,41.8715190673,-87.6471145887,1301919095.0,777396,777533
777533,41.8712410528,-87.6471077242,1301919097.0,777469,777605
777605,41.8709640304,-87.6471004237,1301919099.0,777533,777677
777677,41.8706910212,-87.6470917449,1301919101.0,777605,777739
777739,41.8704281455,-87.6470851641,1301919103.0,777677,777809
777809,41.8701841276,-87.6470813083,1301919105.0,777739,777882
777882,41.8699900254,-87.6470790066,1301919107.0,777809,777981
777981,41.8697951451,-87.6470789198,1301919110.0,777882,778515
778515,41.8696217189,-87.6472091134,1301919125.0,777981,778654
778654,41.8696175297,-87.6475060857,1301919129.0,778515,778762
778762,41.8696203529,-87.6478521594,1301919132.0,778654,778829
778829,41.8696208557,-87.6481292101,1301919134.0,778762,778893
778893,41.8696191642,-87.6484020815,1301919136.0,778829,778898
778898,41.8696178456,-87.6486649805,1301919138.0,778893,778906
778906,41.8696113077,-87.648937036,1301919140.0,778898,778916
778916,41.8696058373,-87.6492370086,1301919142.0,778906,778928
778928,41.8696010343,-87.6495580412,1301919144.0,778916,778941
778941,41.8695959584,-87.6498870447,1301919146.0,778928,778955
778955,41.8695823379,-87.6502080526,1301919148.0,778941,778971
778971,41.869563595,-87.6505208233,1301919150.0,778955,778987
778987,41.8695501572,-87.6508325191,1301919152.0,778971,779005
779005,41.869537168,-87.6511263792,1301919154.0,778987,779023
779023,41.869531589,-87.6514080832,1301919156.0,779005,779043
779043,41.8695245633,-87.6517010504,1301919158.0,779023,779063
779063,41.8695175608,-87.652008973,1301919160.0,779043,779084
779084,41.8695084588,-87.6523239689,1301919162.0,779063,779106
779106,41.8694911485,-87.6526300427,1301919164.0,779084,779128
779128,41.8694763656,-87.652943051,1301919166.0,779106,779152
779152,41.8694711011,-87.6532480434,1301919168.0,779128,779176
779176,41.8694686397,-87.6535300403,1301919170.0,779152,779213
779213,41.86945992,-87.6538710154,1301919173.0,779176,779265
779265,41.869462001,-87.6541299788,1301919177.0,779213,779334
779334,41.8694857152,-87.6544029334,1301919182.0,779265,779376
779376,41.869480858,-87.6547009064,1301919185.0,779334,779406
779406,41.8694844087,-87.6549449274,1301919187.0,779376,779436
779436,41.8694849696,-87.6551999529,1301919189.0,779406,779466
779466,41.8694782363,-87.6554569463,1301919191.0,779436,779497
779497,41.8694772101,-87.6557268768,1301919193.0,779466,779529
779529,41.8694753255,-87.6560058829,1301919195.0,779497,779561
779561,41.8694754232,-87.6562879011,1301919197.0,779529,779593
779593,41.8694721578,-87.6565620609,1301919199.0,779561,779626
779626,41.869480031,-87.6568346647,1301919201.0,779593,779660
779660,41.8694703417,-87.6570971129,1301919203.0,779626,779694
779694,41.8694588032,-87.6573670788,1301919205.0,779660,779728
779728,41.869453702,-87.6576410528,1301919207.0,779694,779763
779763,41.8694514736,-87.657917012,1301919209.0,779728,779799
779799,41.8694457553,-87.6581960003,1301919211.0,779763,779835
779835,41.8694397439,-87.6584809791,1301919213.0,779799,779871
779871,41.8694354452,-87.6587769883,1301919215.0,779835,779907
779907,41.8694285342,-87.659062984,1301919217.0,779871,779945
779945,41.869421613,-87.6593319986,1301919219.0,779907,779982
779982,41.869415725,-87.6596060027,1301919221.0,779945,780019
780019,41.8694135553,-87.6598989905,1301919223.0,779982,780057
780057,41.8694123078,-87.6601859791,1301919225.0,780019,780097
780097,41.869404524,-87.6604529764,1301919227.0,780057,780136
780136,41.8693987405,-87.6607150134,1301919229.0,780097,780175
780175,41.8693959568,-87.6609761172,1301919231.0,780136,780215
780215,41.8693915659,-87.6612401827,1301919233.0,780175,780255
780255,41.869394521,-87.6615071799,1301919235.0,780215,780298
780298,41.8693861059,-87.6617570568,1301919237.0,780255,780338
780338,41.869376933,-87.6620018494,1301919239.0,780298,780380
780380,41.8693679186,-87.6622528842,1301919241.0,780338,780395
780395,41.8693683945,-87.6624989486,1301919243.0,780380,780450
780450,41.8693654855,-87.6628429937,1301919246.0,780395,780501
780501,41.8693653509,-87.6631541029,1301919249.0,780450,780554
780554,41.8693669196,-87.6634560162,1301919252.0,780501,780592
780592,41.8693677675,-87.6637131378,1301919255.0,780554,780649
780649,41.8693716689,-87.6639573698,1301919259.0,780592,780765
780765,41.8693705257,-87.6642181412,1301919265.0,780649,780836
780836,41.8693637399,-87.6644969837,1301919268.0,780765,780910
780910,41.869363384,-87.6648510063,1301919271.0,780836,780950
780950,41.8693650588,-87.6650939752,1301919273.0,780910,781011
781011,41.8693713223,-87.6654239653,1301919276.0,780950,781110
781110,41.8693643042,-87.6657480738,1301919281.0,781011,781299
781299,41.86934402,-87.6660082029,1301919289.0,781110,781367
781367,41.8693355221,-87.6662781232,1301919292.0,781299,781444
781444,41.8693254448,-87.6666379272,1301919295.0,781367,781495
781495,41.869319262,-87.6669148582,1301919297.0,781444,781534
781534,41.8693152234,-87.6672067193,1301919299.0,781495,781585
781585,41.8693072889,-87.6674898705,1301919301.0,781534,781633
781633,41.8693024064,-87.6677599167,1301919303.0,781585,781682
781682,41.8693343783,-87.6680299283,1301919305.0,781633,781759
781759,41.8693372111,-87.6683791107,1301919308.0,781682,781837
781837,41.8693250771,-87.6686399126,1301919311.0,781759,782023
782023,41.8693082532,-87.6688865984,1301919318.0,781837,782181
782181,41.8693007135,-87.6691636877,1301919324.0,782023,782262
782262,41.8692900557,-87.6694556779,1301919327.0,782181,782344
782344,41.869279009,-87.669793113,1301919330.0,782262,782428
782428,41.8692922526,-87.6701339299,1301919333.0,782344,782524
782524,41.8692949343,-87.6703959159,1301919337.0,782428,None
