43779966,41.8671154253,-87.6689843595,1303996520.0,None,43780322
43780322,41.8669180585,-87.6689489352,1303996532.0,43779966,43780480
43780480,41.8668026506,-87.6687051557,1303996537.0,43780322,43780575
43780575,41.866804318,-87.6684439763,1303996540.0,43780480,43780663
43780663,41.8668004001,-87.6681350119,1303996543.0,43780575,43780755
43780755,41.8668001797,-87.6677989671,1303996546.0,43780663,43780847
43780847,41.866802255,-87.6674859933,1303996549.0,43780755,43780974
43780974,41.8668056708,-87.6671910034,1303996553.0,43780847,43781324
43781324,41.8668063203,-87.6669399811,1303996564.0,43780974,43781445
43781445,41.8668052112,-87.6666410242,1303996568.0,43781324,43781536
43781536,41.866805632,-87.6663282901,1303996571.0,43781445,43781632
43781632,41.8668082198,-87.6659650139,1303996574.0,43781536,43781697
43781697,41.8668128319,-87.6657019769,1303996576.0,43781632,43781770
43781770,41.8668176564,-87.6654269781,1303996578.0,43781697,43781842
43781842,41.8668225939,-87.6651529212,1303996580.0,43781770,43781912
43781912,41.8668252721,-87.6648749573,1303996582.0,43781842,43781973
43781973,41.8668287553,-87.6645869369,1303996584.0,43781912,43782040
43782040,41.8668313885,-87.6642849461,1303996586.0,43781973,43782104
43782104,41.8668364015,-87.6639759538,1303996588.0,43782040,43782168
43782168,41.8668423511,-87.6636539551,1303996590.0,43782104,43782228
43782228,41.86684765,-87.6633279599,1303996592.0,43782168,43782297
43782297,41.8668520806,-87.6630089835,1303996594.0,43782228,43782365
43782365,41.8668570105,-87.6627009722,1303996596.0,43782297,43782437
43782437,41.8668617953,-87.6624079566,1303996598.0,43782365,43782511
43782511,41.8668649274,-87.66213497,1303996600.0,43782437,43782577
43782577,41.8668702603,-87.6618909716,1303996602.0,43782511,43782685
43782685,41.8668851621,-87.6615359496,1303996605.0,43782577,43782750
43782750,41.8668884653,-87.6612769157,1303996607.0,43782685,43782805
43782805,41.8668916814,-87.6610069123,1303996609.0,43782750,43782865
43782865,41.8668965186,-87.6607248504,1303996611.0,43782805,43782927
43782927,41.8669000784,-87.6604298426,1303996613.0,43782865,43782996
43782996,41.8669037543,-87.6601268594,1303996615.0,43782927,43783069
43783069,41.8669074855,-87.6598188969,1303996617.0,43782996,43783141
43783141,41.866912603,-87.6595069367,1303996619.0,43783069,43783214
43783214,41.8669198846,-87.6591888845,1303996621.0,43783141,43783288
43783288,41.866924799,-87.6588629168,1303996623.0,43783214,43783360
43783360,41.8669291028,-87.6585279443,1303996625.0,43783288,43783429
43783429,41.8669341317,-87.6581859131,1303996627.0,43783360,43783491
43783491,41.8669393912,-87.6578439335,1303996629.0,43783429,43783562
43783562,41.8669455019,-87.6575029487,1303996631.0,43783491,43783629
43783629,41.866950105,-87.6571649408,1303996633.0,43783562,43783700
43783700,41.8669560042,-87.6568299705,1303996635.0,43783629,43783771
43783771,41.8669601559,-87.6564974562,1303996637.0,43783700,43783844
43783844,41.8669654616,-87.6561578429,1303996639.0,43783771,43783919
43783919,41.8669768373,-87.6558225585,1303996641.0,43783844,43783986
43783986,41.8669850859,-87.6554896451,1303996643.0,43783919,43784050
43784050,41.8669882595,-87.6551556004,1303996645.0,43783986,43784119
43784119,41.8669906333,-87.6548315308,1303996647.0,43784050,43784192
43784192,41.8669957112,-87.6545156378,1303996649.0,43784119,43784268
43784268,41.8669997532,-87.654204815,1303996651.0,43784192,43784344
43784344,41.8670033919,-87.6539007999,1303996653.0,43784268,43784414
43784414,41.867012143,-87.6536008225,1303996655.0,43784344,43784487
43784487,41.8670172685,-87.6533019295,1303996657.0,43784414,43784557
43784557,41.8670218079,-87.6530008005,1303996659.0,43784487,43784627
43784627,41.8670250915,-87.6527028326,1303996661.0,43784557,43784697
43784697,41.8670284663,-87.6524178386,1303996663.0,43784627,43784758
43784758,41.8670323759,-87.6521597897,1303996665.0,43784697,43784868
43784868,41.8670365493,-87.6518649211,1303996668.0,43784758,43785023
43785023,41.8670543036,-87.6515599459,1303996672.0,43784868,43785170
43785170,41.867073278,-87.651307634,1303996676.0,43785023,43785675
43785675,41.8671508553,-87.6510430541,1303996690.0,43785170,43785823
43785823,41.8673629254,-87.6509955014,1303996694.0,43785675,43785930
43785930,41.8675680963,-87.6510014538,1303996697.0,43785823,43786041
43786041,41.8677920616,-87.6510145745,1303996700.0,43785930,43786145
43786145,41.8680330655,-87.6510250537,1303996703.0,43786041,43786254
43786254,41.8682840361,-87.6510332425,1303996706.0,43786145,43786362
43786362,41.8685410251,-87.6510413595,1303996709.0,43786254,43786481
43786481,41.8687840017,-87.6510469373,1303996712.0,43786362,43786583
43786583,41.8689819562,-87.6510559612,1303996715.0,43786481,43787297
43787297,41.8691617717,-87.6510692719,1303996737.0,43786583,43787482
43787482,41.8693669744,-87.651098563,1303996743.0,43787297,43787679
43787679,41.86950206,-87.6509150194,1303996749.0,43787482,43787827
43787827,41.8694859102,-87.6506347676,1303996753.0,43787679,43787943
43787943,41.8694767589,-87.6503308939,1303996756.0,43787827,43788041
43788041,41.8694807815,-87.6499819928,1303996759.0,43787943,43788145
43788145,41.8694858155,-87.6496220281,1303996762.0,43788041,43788244
43788244,41.8694889803,-87.6492739985,1303996765.0,43788145,43788363
43788363,41.8694960494,-87.6489519566,1303996768.0,43788244,43788466
43788466,41.8694979249,-87.6486829815,1303996771.0,43788363,43788843
43788843,41.8695028237,-87.6484120885,1303996790.0,43788466,43788881
43788881,41.8695120089,-87.6481291429,1303996795.0,43788843,43788916
43788916,41.8695195772,-87.6478071234,1303996799.0,43788881,43788955
43788955,41.8695246049,-87.6475019916,1303996803.0,43788916,43789008
43789008,41.8695232386,-87.6472432312,1303996808.0,43788955,43789135
43789135,41.8693874548,-87.647057063,1303996819.0,43789008,43789203
43789203,41.869184946,-87.6470655023,1303996824.0,43789135,43789425
43789425,41.8689779062,-87.6470502777,1303996839.0,43789203,43789474
43789474,41.8687698733,-87.6470416404,1303996842.0,43789425,43789522
43789522,41.8685118954,-87.6470282863,1303996845.0,43789474,43789556
43789556,41.8683209845,-87.6470294548,1303996847.0,43789522,43789589
43789589,41.8681361448,-87.6470352107,1303996849.0,43789556,43789640
43789640,41.8678771458,-87.6470508932,1303996852.0,43789589,43789695
43789695,41.8676880929,-87.6470559188,1303996855.0,43789640,43790006
43790006,41.8674810501,-87.6470447985,1303996872.0,43789695,43790085
43790085,41.8672855688,-87.6471427956,1303996876.0,43790006,43790144
43790144,41.867234854,-87.647383395,1303996879.0,43790085,43790204
43790204,41.8672305179,-87.6476919286,1303996882.0,43790144,43790268
43790268,41.8672262208,-87.6480488671,1303996885.0,43790204,43790306
43790306,41.8672204311,-87.648300858,1303996887.0,43790268,43790347
43790347,41.8672153922,-87.6485568003,1303996889.0,43790306,43790389
43790389,41.8672120477,-87.6488057707,1303996891.0,43790347,43790435
43790435,41.8672096476,-87.6490507167,1303996893.0,43790389,43790479
43790479,41.867204934,-87.6492956861,1303996895.0,43790435,43790522
43790522,41.867198631,-87.6495457665,1303996897.0,43790479,43790564
43790564,41.8671933899,-87.6497998358,1303996899.0,43790522,43790631
43790631,41.8671894876,-87.6501538347,1303996902.0,43790564,43790680
43790680,41.8671950874,-87.6504407394,1303996905.0,43790631,43790766
43790766,41.8671972407,-87.6506888477,1303996910.0,43790680,None
