104913838,41.8672409892,-87.6712604127,1302093122.0,None,104913913
104913913,41.8670469263,-87.6712750005,1302093131.0,104913838,104914103
104914103,41.8668323776,-87.6712317269,1302093148.0,104913913,104914152
104914152,41.866769517,-87.6709839455,1302093152.0,104914103,104914190
104914190,41.8667786452,-87.6706069626,1302093155.0,104914152,104914219
104914219,41.8667838718,-87.6703009889,1302093157.0,104914190,104914249
104914249,41.8667880584,-87.6699760001,1302093159.0,104914219,104914276
104914276,41.8667950615,-87.6696439855,1302093161.0,104914249,104914305
104914305,41.866800064,-87.6693089545,1302093163.0,104914276,104914332
104914332,41.8667988451,-87.6689629581,1302093165.0,104914305,104914363
104914363,41.8667919982,-87.6686070011,1302093167.0,104914332,104914394
104914394,41.866790171,-87.6682479983,1302093169.0,104914363,104914423
104914423,41.866786376,-87.6679019901,1302093171.0,104914394,104914456
104914456,41.8667871359,-87.6675740766,1302093173.0,104914423,104914489
104914489,41.86679447,-87.6672750885,1302093175.0,104914456,104914503
104914503,41.8668027653,-87.6669959995,1302093177.0,104914489,104914538
104914538,41.8668059279,-87.6666580318,1302093180.0,104914503,104914635
104914635,41.8668136791,-87.6663982709,1302093187.0,104914538,104914726
104914726,41.8669984741,-87.666280228,1302093192.0,104914635,104914773
104914773,41.8671879612,-87.6662440102,1302093195.0,104914726,104914828
104914828,41.8674489954,-87.6662362585,1302093198.0,104914773,104914869
104914869,41.8676869957,-87.6662444805,1302093200.0,104914828,104914906
104914906,41.867934,-87.6662544001,1302093202.0,104914869,104914942
104914942,41.868177001,-87.6662663616,1302093204.0,104914906,104914961
104914961,41.8684080046,-87.6662792739,1302093206.0,104914942,104915002
104915002,41.8686220036,-87.6662911676,1302093208.0,104914961,104915045
104915045,41.8688069994,-87.6662991629,1302093210.0,104915002,104915103
104915103,41.8690089827,-87.666306252,1302093213.0,104915045,104915177
104915177,41.8692111217,-87.6663152213,1302093217.0,104915103,104915240
104915240,41.8694299895,-87.6663290784,1302093220.0,104915177,104915284
104915284,41.8696319738,-87.6663342431,1302093222.0,104915240,104915321
104915321,41.8698579989,-87.6663372918,1302093224.0,104915284,104915355
104915355,41.8700939948,-87.6663403618,1302093226.0,104915321,104915399
104915399,41.8703309913,-87.6663464,1302093228.0,104915355,104915445
104915445,41.8705779865,-87.6663544691,1302093230.0,104915399,104915489
104915489,41.8709479732,-87.6663578749,1302093233.0,104915445,104915531
104915531,41.8711769772,-87.666366954,1302093235.0,104915489,104915576
104915576,41.8713869758,-87.6663768883,1302093237.0,104915531,104915646
104915646,41.8716260985,-87.6663842066,1302093240.0,104915576,104915714
104915714,41.8718539959,-87.6663800483,1302093243.0,104915646,104915778
104915778,41.8720499487,-87.6663930157,1302093246.0,104915714,104915990
104915990,41.8722349669,-87.6664183617,1302093255.0,104915778,104916104
104916104,41.8724289815,-87.6663972091,1302093260.0,104915990,104916350
104916350,41.8726209765,-87.6664252614,1302093270.0,104916104,104916499
104916499,41.8728360261,-87.6664821168,1302093276.0,104916350,104916573
104916573,41.8730410411,-87.666512457,1302093279.0,104916499,104916643
104916643,41.8732300702,-87.6665431074,1302093282.0,104916573,104916725
104916725,41.8734580587,-87.6665653029,1302093285.0,104916643,104916803
104916803,41.8737220795,-87.6665853961,1302093288.0,104916725,104916883
104916883,41.8739450918,-87.6665699676,1302093291.0,104916803,104916983
104916983,41.8740604688,-87.6663386789,1302093295.0,104916883,104917040
104917040,41.8740328284,-87.6660910527,1302093297.0,104916983,104917096
104917096,41.874012548,-87.6657969911,1302093299.0,104917040,104917147
104917147,41.8739995228,-87.6655040146,1302093301.0,104917096,104917199
104917199,41.8739985866,-87.6652000094,1302093303.0,104917147,104917250
104917250,41.8740138826,-87.6648609921,1302093305.0,104917199,104917300
104917300,41.8740262791,-87.6645089579,1302093307.0,104917250,104917353
104917353,41.8740347105,-87.664164942,1302093309.0,104917300,104917407
104917407,41.8740462539,-87.6638339066,1302093311.0,104917353,104917460
104917460,41.8740496197,-87.6635099258,1302093313.0,104917407,104917518
104917518,41.8740538654,-87.6631799938,1302093315.0,104917460,104917574
104917574,41.8740649935,-87.6628600532,1302093317.0,104917518,104917628
104917628,41.8740790128,-87.6625490824,1302093319.0,104917574,104917683
104917683,41.874090019,-87.6622440714,1302093321.0,104917628,104917740
104917740,41.8740998747,-87.6619481127,1302093323.0,104917683,104917794
104917794,41.874104095,-87.6616601136,1302093325.0,104917740,104917851
104917851,41.874115036,-87.6613650914,1302093327.0,104917794,104917905
104917905,41.8741267481,-87.6610580228,1302093329.0,104917851,104917961
104917961,41.874135501,-87.6607420346,1302093331.0,104917905,104918013
104918013,41.8741404256,-87.6604240267,1302093333.0,104917961,104918076
104918076,41.8741454103,-87.6601050426,1302093335.0,104918013,104918139
104918139,41.8741511182,-87.6597820282,1302093337.0,104918076,104918199
104918199,41.8741578688,-87.6594620276,1302093339.0,104918139,104918257
104918257,41.8741601786,-87.6591380476,1302093341.0,104918199,104918315
104918315,41.8741643075,-87.6588140259,1302093343.0,104918257,104918368
104918368,41.8741638481,-87.6584970274,1302093345.0,104918315,104918397
104918397,41.8741595461,-87.6581940667,1302093347.0,104918368,104918454
104918454,41.8741607644,-87.6579040648,1302093349.0,104918397,104918519
104918519,41.8741700979,-87.6576270898,1302093351.0,104918454,104918617
104918617,41.8741698408,-87.6573071259,1302093354.0,104918519,104918736
104918736,41.874173217,-87.6570452158,1302093358.0,104918617,104919274
104919274,41.8741773533,-87.6567781269,1302093376.0,104918736,104919361
104919361,41.8742032378,-87.6565174459,1302093379.0,104919274,104919451
104919451,41.8742144474,-87.6561890553,1302093382.0,104919361,104919553
104919553,41.8742233731,-87.6558560333,1302093385.0,104919451,104919655
104919655,41.874231057,-87.6555062194,1302093388.0,104919553,104919741
104919741,41.8742332086,-87.6551443221,1302093391.0,104919655,104919805
104919805,41.874235825,-87.6548953119,1302093393.0,104919741,104919864
104919864,41.8742409197,-87.654639305,1302093395.0,104919805,104919885
104919885,41.8742471913,-87.6543732113,1302093397.0,104919864,104919892
104919892,41.8742546607,-87.6541011701,1302093399.0,104919885,104919901
104919901,41.8742632932,-87.653819156,1302093401.0,104919892,104919912
104919912,41.8742731222,-87.6535270668,1302093403.0,104919901,104919924
104919924,41.8742815176,-87.6532390285,1302093405.0,104919912,104919938
104919938,41.8742886871,-87.652964945,1302093407.0,104919924,104919953
104919953,41.8742947936,-87.6526909183,1302093409.0,104919938,104919969
104919969,41.8742984239,-87.6524239742,1302093411.0,104919953,104919986
104919986,41.874303169,-87.6521697087,1302093413.0,104919969,104920004
104920004,41.8743068606,-87.6519257285,1302093415.0,104919986,104920023
104920023,41.8743107624,-87.651681912,1302093417.0,104920004,104920043
104920043,41.8743179035,-87.6514289566,1302093419.0,104920023,104920063
104920063,41.8743269254,-87.6511638551,1302093421.0,104920043,104920085
104920085,41.8743343474,-87.6508948119,1302093423.0,104920063,104920107
104920107,41.874340193,-87.6506278046,1302093425.0,104920085,104920130
104920130,41.8743478174,-87.650373767,1302093427.0,104920107,104920166
104920166,41.8743574018,-87.6500206662,1302093430.0,104920130,104920203
104920203,41.8743611536,-87.6496558671,1302093433.0,104920166,104920229
104920229,41.8743659445,-87.649395901,1302093435.0,104920203,104920255
104920255,41.8743712011,-87.6491248759,1302093437.0,104920229,104920282
104920282,41.8743799459,-87.6488487257,1302093439.0,104920255,104920310
104920310,41.874383032,-87.6485750431,1302093441.0,104920282,104920338
104920338,41.8743791661,-87.6483141106,1302093443.0,104920310,104920381
104920381,41.8743467862,-87.6479747146,1302093446.0,104920338,104920446
104920446,41.8743185132,-87.6477224778,1302093451.0,104920381,None
