87420542,41.8744559357,-87.6516600267,1302107663.0,None,87420936
87420936,41.8744486463,-87.6519549297,1302107682.0,87420542,87421001
87421001,41.8744436502,-87.6522939517,1302107685.0,87420936,87421047
87421047,41.8744371223,-87.6525639498,1302107687.0,87421001,87421093
87421093,41.8744297809,-87.6528579945,1302107689.0,87421047,87421136
87421136,41.8744246794,-87.6531680268,1302107691.0,87421093,87421177
87421177,41.8744194951,-87.6534890045,1302107693.0,87421136,87421222
87421222,41.8744119174,-87.6538170328,1302107695.0,87421177,87421266
87421266,41.8744050812,-87.6541459968,1302107697.0,87421222,87421312
87421312,41.8743994445,-87.6544840325,1302107699.0,87421266,87421364
87421364,41.874393465,-87.6548280641,1302107701.0,87421312,87421408
87421408,41.874387489,-87.6551780776,1302107703.0,87421364,87421453
87421453,41.8743797274,-87.6555280529,1302107705.0,87421408,87421500
87421500,41.8743730984,-87.6558750348,1302107707.0,87421453,87421544
87421544,41.8743664926,-87.6562200136,1302107709.0,87421500,87421591
87421591,41.8743604266,-87.656552406,1302107711.0,87421544,87421644
87421644,41.874351684,-87.6568691106,1302107713.0,87421591,87421694
87421694,41.8743434357,-87.6571760275,1302107715.0,87421644,87421744
87421744,41.8743419794,-87.6574971337,1302107717.0,87421694,87421789
87421789,41.8743387998,-87.657826019,1302107719.0,87421744,87421836
87421836,41.8743330453,-87.6581689326,1302107721.0,87421789,87421886
87421886,41.8743284124,-87.6585229249,1302107723.0,87421836,87421936
87421936,41.8743223124,-87.658881937,1302107725.0,87421886,87421985
87421985,41.8743189792,-87.659244929,1302107727.0,87421936,87422036
87422036,41.8743146297,-87.6596119154,1302107729.0,87421985,87422079
87422079,41.8743094852,-87.659985921,1302107731.0,87422036,87422123
87422123,41.8743044144,-87.6603459366,1302107733.0,87422079,87422176
87422176,41.8742993404,-87.6606839138,1302107735.0,87422123,87422232
87422232,41.8742951225,-87.6609788952,1302107737.0,87422176,87422284
87422284,41.874290986,-87.6612239025,1302107739.0,87422232,87422359
87422359,41.8742868821,-87.6614828973,1302107742.0,87422284,87422486
87422486,41.8742795376,-87.6617389019,1302107747.0,87422359,87422569
87422569,41.8742705149,-87.6620269619,1302107750.0,87422486,87422628
87422628,41.8742623972,-87.6622739824,1302107752.0,87422569,87422679
87422679,41.8742590812,-87.6625589626,1302107754.0,87422628,87422729
87422729,41.8742507888,-87.6628729763,1302107756.0,87422679,87422784
87422784,41.8742454763,-87.6632129525,1302107758.0,87422729,87422837
87422837,41.8742467018,-87.6635659151,1302107760.0,87422784,87422891
87422891,41.874250111,-87.6639208626,1302107762.0,87422837,87422946
87422946,41.8742594906,-87.6642678738,1302107764.0,87422891,87423002
87423002,41.8742655636,-87.664602874,1302107766.0,87422946,87423059
87423059,41.8742684423,-87.6649288602,1302107768.0,87423002,87423114
87423114,41.8742681858,-87.6652459058,1302107770.0,87423059,87423170
87423170,41.874263617,-87.6655399463,1302107772.0,87423114,87423228
87423228,41.8742585577,-87.6658020372,1302107774.0,87423170,87423311
87423311,41.8742523528,-87.6660810909,1302107777.0,87423228,87424116
87424116,41.8742433744,-87.6663523931,1302107805.0,87423311,87424244
87424244,41.8742324415,-87.6666292903,1302107809.0,87424116,87424334
87424334,41.8742199585,-87.6668793648,1302107812.0,87424244,87424416
87424416,41.8742156876,-87.6671790604,1302107815.0,87424334,87424470
87424470,41.8742154025,-87.6674277071,1302107817.0,87424416,87424533
87424533,41.8742227376,-87.6677087404,1302107819.0,87424470,87424595
87424595,41.8742414438,-87.6679797603,1302107821.0,87424533,87424658
87424658,41.8742463966,-87.6682379431,1302107823.0,87424595,87424759
87424759,41.8742594057,-87.6685710357,1302107826.0,87424658,87425244
87425244,41.8742841062,-87.6688203829,1302107851.0,87424759,87425369
87425369,41.8741957348,-87.6690724455,1302107866.0,87425244,87425400
87425400,41.8740144766,-87.6690991402,1302107869.0,87425369,87425433
87425433,41.873762877,-87.6691125277,1302107872.0,87425400,87425456
87425456,41.8735788863,-87.6691256931,1302107874.0,87425433,87425480
87425480,41.8733948849,-87.6691286043,1302107876.0,87425456,87425516
87425516,41.8731678004,-87.6691144622,1302107879.0,87425480,87425581
87425581,41.872958769,-87.6691021507,1302107884.0,87425516,87425636
87425636,41.8727431135,-87.669088221,1302107888.0,87425581,87425678
87425678,41.8724789919,-87.6690791506,1302107891.0,87425636,87425707
87425707,41.8722889426,-87.6690761115,1302107893.0,87425678,87425737
87425737,41.8721008259,-87.6690858988,1302107895.0,87425707,87425778
87425778,41.8718507823,-87.669075094,1302107898.0,87425737,87425841
87425841,41.8716629472,-87.6690555899,1302107902.0,87425778,87426055
87426055,41.8714342198,-87.669038149,1302107915.0,87425841,87426363
87426363,41.8712454992,-87.6690317542,1302107932.0,87426055,87426439
87426439,41.8710244806,-87.6690161011,1302107936.0,87426363,87426499
87426499,41.8707675593,-87.6690034989,1302107939.0,87426439,87426537
87426537,41.8705716928,-87.668993492,1302107941.0,87426499,87426578
87426578,41.8703817429,-87.6689806857,1302107943.0,87426537,87426617
87426617,41.8701917653,-87.6689742968,1302107945.0,87426578,87426659
87426659,41.8700017598,-87.6689787649,1302107947.0,87426617,87426699
87426699,41.8698207515,-87.6689787816,1302107949.0,87426659,87426764
87426764,41.8695887083,-87.6689752468,1302107952.0,87426699,87426836
87426836,41.869384087,-87.6689644085,1302107956.0,87426764,87427043
87427043,41.8692217086,-87.6690943738,1302107966.0,87426836,87427117
87427117,41.8692182768,-87.6694345343,1302107970.0,87427043,87427167
87427167,41.8692113576,-87.6697733045,1302107973.0,87427117,87427208
87427208,41.8692076896,-87.670111949,1302107976.0,87427167,87427251
87427251,41.8692120634,-87.670436064,1302107979.0,87427208,87427308
87427308,41.8692105462,-87.6707247846,1302107982.0,87427251,87427395
87427395,41.869221835,-87.6710076438,1302107986.0,87427308,87427540
87427540,41.8692404598,-87.6712503703,1302107992.0,87427395,87427873
87427873,41.8692612608,-87.6714972682,1302108006.0,87427540,87427942
87427942,41.8692496184,-87.6717861277,1302108009.0,87427873,87427991
87427991,41.869230015,-87.6720918912,1302108011.0,87427942,87428034
87428034,41.8692181099,-87.6724080695,1302108013.0,87427991,87428114
87428114,41.8692068159,-87.6727191265,1302108016.0,87428034,87428625
87428625,41.8692004383,-87.6730073143,1302108036.0,87428114,87428728
87428728,41.8692078759,-87.6733238571,1302108040.0,87428625,87429279
87429279,41.869199302,-87.6735953127,1302108060.0,87428728,87429363
87429363,41.8691861009,-87.6738472849,1302108063.0,87429279,87429443
87429443,41.8691784741,-87.6741951701,1302108066.0,87429363,87429499
87429499,41.8691727611,-87.6744481733,1302108068.0,87429443,87429555
87429555,41.8691671197,-87.6747022025,1302108070.0,87429499,87429611
87429611,41.8691625025,-87.674962204,1302108072.0,87429555,87429668
87429668,41.8691580614,-87.6752171515,1302108074.0,87429611,87429751
87429751,41.8691559845,-87.6755620354,1302108077.0,87429668,87429846
87429846,41.8691654519,-87.6758083289,1302108080.0,87429751,87430020
87430020,41.8691639483,-87.6760504118,1302108086.0,87429846,None
