51034540,41.8658040313,-87.6469590913,1303168765.0,None,51035079
51035079,41.8656130616,-87.6469097809,1303168794.0,51034540,51035175
51035175,41.8654129877,-87.6468956072,1303168798.0,51035079,51035268
51035268,41.8651739381,-87.6468795481,1303168802.0,51035175,51035338
51035338,41.8649900001,-87.6468749512,1303168805.0,51035268,51035409
51035409,41.8648041489,-87.6468694604,1303168808.0,51035338,51035505
51035505,41.8645690328,-87.6468500336,1303168812.0,51035409,51035607
51035607,41.8643429645,-87.6468368974,1303168816.0,51035505,51035677
51035677,41.8641598362,-87.6468294544,1303168819.0,51035607,51035750
51035750,41.8639469433,-87.6468240023,1303168822.0,51035677,51035827
51035827,41.863721005,-87.646816851,1303168825.0,51035750,51035908
51035908,41.8634970158,-87.6468133916,1303168828.0,51035827,51035987
51035987,41.8632960149,-87.6468053829,1303168831.0,51035908,51036058
51036058,41.8631100285,-87.6467957238,1303168834.0,51035987,51036160
51036160,41.8628780682,-87.6467868931,1303168838.0,51036058,51036267
51036267,41.8626699175,-87.6467862192,1303168842.0,51036160,51036636
51036636,41.8624822703,-87.6467951406,1303168856.0,51036267,51036792
51036792,41.8623339924,-87.6469498109,1303168862.0,51036636,51036927
51036927,41.8623488848,-87.6472150029,1303168867.0,51036792,51037018
51037018,41.8623457936,-87.6475389539,1303168871.0,51036927,51037103
51037103,41.8623419769,-87.6478190645,1303168874.0,51037018,51037183
51037183,41.8623371763,-87.6481021044,1303168877.0,51037103,51037267
51037267,41.8623278602,-87.6483791012,1303168880.0,51037183,51037384
51037384,41.8623212253,-87.6486700692,1303168884.0,51037267,51037592
51037592,41.862314843,-87.648970057,1303168891.0,51037384,51037717
51037717,41.8623098025,-87.649291008,1303168895.0,51037592,51037808
51037808,41.8623032013,-87.6495680742,1303168898.0,51037717,51037893
51037893,41.8622973606,-87.6498561084,1303168901.0,51037808,51037981
51037981,41.8622952147,-87.6501300802,1303168904.0,51037893,51038072
51038072,41.8622911178,-87.6503890591,1303168907.0,51037981,51038201
51038201,41.8622920946,-87.6506857495,1303168911.0,51038072,51038434
51038434,41.8623764184,-87.6509175367,1303168919.0,51038201,51038593
51038593,41.8625721356,-87.6509304603,1303168924.0,51038434,51038727
51038727,41.8628141314,-87.6509283184,1303168928.0,51038593,51038823
51038823,41.863012186,-87.6509357073,1303168931.0,51038727,51038895
51038895,41.8632051797,-87.6509372774,1303168934.0,51038823,51039055
51039055,41.8634051005,-87.650945848,1303168939.0,51038895,51039216
51039216,41.8635926487,-87.6509598244,1303168944.0,51039055,51039318
51039318,41.8637761665,-87.6509685097,1303168947.0,51039216,51039413
51039413,41.863979146,-87.6509708743,1303168950.0,51039318,51039509
51039509,41.8641851162,-87.6509795291,1303168953.0,51039413,51039609
51039609,41.8643780695,-87.6509842955,1303168956.0,51039509,51039743
51039743,41.8645762187,-87.6509982048,1303168960.0,51039609,51039944
51039944,41.8647772121,-87.6510099281,1303168966.0,51039743,51040072
51040072,41.8650091263,-87.6510126265,1303168970.0,51039944,51040175
51040175,41.8652211469,-87.6510168684,1303168973.0,51040072,51040284
51040284,41.8654461487,-87.6510203431,1303168976.0,51040175,51040387
51040387,41.8656721512,-87.6510272969,1303168979.0,51040284,51040489
51040489,41.8658981553,-87.6510342495,1303168982.0,51040387,51040582
51040582,41.86612515,-87.6510422428,1303168985.0,51040489,51040678
51040678,41.8663441726,-87.6510510711,1303168988.0,51040582,51040782
51040782,41.8665472415,-87.65106196,1303168991.0,51040678,51040934
51040934,41.8667682119,-87.6510715402,1303168995.0,51040782,51041445
51041445,41.8669546349,-87.6510777761,1303169010.0,51040934,51041623
51041623,41.8671296827,-87.6512101474,1303169015.0,51041445,51041772
51041772,41.8671512734,-87.651520823,1303169019.0,51041623,51041875
51041875,41.8671496295,-87.6518054109,1303169022.0,51041772,51041979
51041979,41.8671448562,-87.6520971118,1303169025.0,51041875,51042089
51042089,41.8671451629,-87.6523549771,1303169028.0,51041979,51042235
51042235,41.8671382082,-87.6526620405,1303169032.0,51042089,51042481
51042481,41.8671266596,-87.6529032262,1303169039.0,51042235,51043046
51043046,41.8671195581,-87.6532093872,1303169054.0,51042481,51043145
51043145,41.8671135082,-87.6534634524,1303169057.0,51043046,51043237
51043237,41.8671065385,-87.6537435587,1303169060.0,51043145,51043339
51043339,41.8671009353,-87.6540694025,1303169063.0,51043237,51043453
51043453,41.867098999,-87.6544103681,1303169066.0,51043339,51043572
51043572,41.867092566,-87.6547484662,1303169069.0,51043453,51043688
51043688,41.8670809909,-87.6550814639,1303169072.0,51043572,51043794
51043794,41.8670741427,-87.6553893995,1303169075.0,51043688,51043883
51043883,41.867069831,-87.6556813855,1303169078.0,51043794,51043970
51043970,41.867064192,-87.6559713941,1303169081.0,51043883,51044051
51044051,41.8670595335,-87.6562362857,1303169084.0,51043970,51044180
51044180,41.8670594051,-87.6565252734,1303169088.0,51044051,51044341
51044341,41.8672378739,-87.6566719623,1303169093.0,51044180,51044442
51044442,41.8674280561,-87.6566859371,1303169096.0,51044341,51044550
51044550,41.8676439927,-87.6567017333,1303169099.0,51044442,51044667
51044667,41.867873976,-87.6567105746,1303169102.0,51044550,51044780
51044780,41.8681059931,-87.6567154865,1303169105.0,51044667,51044887
51044887,41.8683460148,-87.6567270331,1303169108.0,51044780,51044986
51044986,41.8685860086,-87.6567369626,1303169111.0,51044887,51045098
51045098,41.8688249727,-87.6567392408,1303169114.0,51044986,51045208
51045208,41.8690579939,-87.6567402583,1303169117.0,51045098,51045318
51045318,41.8692912081,-87.6567444923,1303169120.0,51045208,51045434
51045434,41.8695181803,-87.6567493045,1303169123.0,51045318,51045551
51045551,41.8697514807,-87.6567664962,1303169126.0,51045434,51045647
51045647,41.870010306,-87.6567829201,1303169129.0,51045551,51045717
51045717,41.8701901987,-87.656790131,1303169131.0,51045647,51045794
51045794,41.8703701496,-87.6567958654,1303169133.0,51045717,51045868
51045868,41.8705531459,-87.6567984147,1303169135.0,51045794,51045942
51045942,41.8707381737,-87.6568012689,1303169137.0,51045868,51046017
51046017,41.8709231616,-87.6568043466,1303169139.0,51045942,51046092
51046092,41.8711061322,-87.6568090357,1303169141.0,51046017,51046198
51046198,41.8713681478,-87.6568162154,1303169144.0,51046092,51046296
51046296,41.8716099748,-87.6568287187,1303169147.0,51046198,51046403
51046403,41.8718407537,-87.6568194086,1303169150.0,51046296,51046520
51046520,41.8720367471,-87.6568055184,1303169153.0,51046403,51046773
51046773,41.8722398036,-87.6567933426,1303169160.0,51046520,51046919
51046919,41.8724387773,-87.656788998,1303169164.0,51046773,51047018
51047018,41.8726367023,-87.6567802977,1303169167.0,51046919,51047122
51047122,41.8728455933,-87.6567720941,1303169170.0,51047018,51047229
51047229,41.8730596716,-87.6567508468,1303169173.0,51047122,51047341
51047341,41.8732749157,-87.6567364254,1303169176.0,51047229,51047457
51047457,41.8734880056,-87.6567388659,1303169179.0,51047341,51047569
51047569,41.8736800874,-87.656745631,1303169182.0,51047457,51047674
51047674,41.8738610943,-87.6567515177,1303169185.0,51047569,51047818
51047818,41.874060912,-87.6567543878,1303169189.0,51047674,None
