77680965,41.8741096032,-87.6567109645,1303592225.0,None,77681439
77681439,41.8742121851,-87.656453229,1303592238.0,77680965,77681504
77681504,41.874202245,-87.6561990997,1303592241.0,77681439,77681613
77681613,41.8742031883,-87.6559552452,1303592244.0,77681504,77681982
77681982,41.8742162897,-87.655695328,1303592264.0,77681613,77682013
77682013,41.8742285743,-87.655356315,1303592268.0,77681982,77682030
77682030,41.8742354712,-87.6551123027,1303592270.0,77682013,77682048
77682048,41.8742404833,-87.6548342568,1303592272.0,77682030,77682067
77682067,41.8742469875,-87.6545402303,1303592274.0,77682048,77682087
77682087,41.8742545017,-87.6542451307,1303592276.0,77682067,77682107
77682107,41.8742611428,-87.6539531347,1303592278.0,77682087,77682129
77682129,41.8742675067,-87.6536681214,1303592280.0,77682107,77682151
77682151,41.8742742763,-87.6533951253,1303592282.0,77682129,77682174
77682174,41.8742803344,-87.6531340851,1303592284.0,77682151,77682198
77682198,41.874284737,-87.6528770003,1303592286.0,77682174,77682222
77682222,41.8742875638,-87.6526220228,1303592288.0,77682198,77682247
77682247,41.8742910353,-87.6523780579,1303592290.0,77682222,77682286
77682286,41.8742974712,-87.6520729717,1303592293.0,77682247,77682321
77682321,41.8743027707,-87.6517680254,1303592296.0,77682286,77682363
77682363,41.8743094321,-87.6513982285,1303592299.0,77682321,77682390
77682390,41.8743137429,-87.6511142248,1303592301.0,77682363,77682420
77682420,41.8743183372,-87.6508171772,1303592303.0,77682390,77682451
77682451,41.874323825,-87.6505161493,1303592305.0,77682420,77682473
77682473,41.8743295141,-87.6502290801,1303592307.0,77682451,77682505
77682505,41.8743334377,-87.649955123,1303592309.0,77682473,77682538
77682538,41.874339638,-87.6496784399,1303592311.0,77682505,77682569
77682569,41.8743433393,-87.6493893257,1303592313.0,77682538,77682598
77682598,41.874345795,-87.6490962821,1303592315.0,77682569,77682631
77682631,41.8743478218,-87.6488042275,1303592317.0,77682598,77682666
77682666,41.8743520418,-87.6485168367,1303592319.0,77682631,77682700
77682700,41.8743429481,-87.6482424869,1303592321.0,77682666,77682732
77682732,41.8743178803,-87.6479673918,1303592323.0,77682700,77682767
77682767,41.8742907641,-87.6477092949,1303592325.0,77682732,77682821
77682821,41.874251922,-87.6474033037,1303592328.0,77682767,77682891
77682891,41.8741056332,-87.6471862382,1303592332.0,77682821,77682946
77682946,41.8739248425,-87.6471825397,1303592335.0,77682891,77683002
77683002,41.8736788082,-87.6471825615,1303592338.0,77682946,77683040
77683040,41.8734848277,-87.6471818647,1303592340.0,77683002,77683078
77683078,41.8732818933,-87.6471776757,1303592342.0,77683040,77683115
77683115,41.8730759514,-87.6471721774,1303592344.0,77683078,77683154
77683154,41.8728759978,-87.6471650599,1303592346.0,77683115,77683192
77683192,41.8726820482,-87.6471586622,1303592348.0,77683154,77683233
77683233,41.872494053,-87.6471496783,1303592350.0,77683192,77683294
77683294,41.8722329371,-87.6471400461,1303592353.0,77683233,77683352
77683352,41.8720049792,-87.6471313743,1303592356.0,77683294,77683414
77683414,41.8717589629,-87.6471212311,1303592359.0,77683352,77683455
77683455,41.8715780158,-87.6471126289,1303592361.0,77683414,77683499
77683499,41.8713900065,-87.6471043526,1303592363.0,77683455,77683542
77683542,41.8712019883,-87.6470971065,1303592365.0,77683499,77683585
77683585,41.8710039291,-87.6470879091,1303592367.0,77683542,77683607
77683607,41.8707959183,-87.6470812157,1303592369.0,77683585,77683625
77683625,41.8705909693,-87.6470785689,1303592371.0,77683607,77683661
77683661,41.870401095,-87.6470781726,1303592373.0,77683625,77683710
77683710,41.8701500506,-87.6470700946,1303592376.0,77683661,77683770
77683770,41.869931033,-87.6470695953,1303592380.0,77683710,77684288
77684288,41.8697395753,-87.6470631302,1303592404.0,77683770,77684373
77684373,41.8695047404,-87.6470547545,1303592408.0,77684288,77684447
77684447,41.8692379228,-87.6470507803,1303592411.0,77684373,77684494
77684494,41.8690338325,-87.6470410502,1303592413.0,77684447,77684540
77684540,41.8688238033,-87.6470341935,1303592415.0,77684494,77684587
77684587,41.8686158855,-87.6470317688,1303592417.0,77684540,77684627
77684627,41.8684189073,-87.6470284203,1303592419.0,77684587,77684682
77684682,41.8682310812,-87.6470240794,1303592421.0,77684627,77684760
77684760,41.867967222,-87.6470293963,1303592424.0,77684682,77684834
77684834,41.8677440908,-87.6470495958,1303592427.0,77684760,77684953
77684953,41.8675601759,-87.6470664022,1303592432.0,77684834,77685416
77685416,41.8673773548,-87.6470716347,1303592450.0,77684953,77685549
77685549,41.8671995809,-87.6472046821,1303592455.0,77685416,77685659
77685659,41.8671780985,-87.6475292676,1303592459.0,77685549,77685738
77685738,41.8671771793,-87.6478912015,1303592462.0,77685659,77685798
77685798,41.8671735541,-87.64816126,1303592464.0,77685738,77685856
77685856,41.8671682319,-87.6484352819,1303592466.0,77685798,77685912
77685912,41.8671643072,-87.6486992609,1303592468.0,77685856,77685990
77685990,41.8671666746,-87.6490322435,1303592471.0,77685912,77686094
77686094,41.8671555493,-87.6492762772,1303592475.0,77685990,77686604
77686604,41.8671326824,-87.6495832009,1303592493.0,77686094,77686693
77686693,41.8671296828,-87.6499062576,1303592496.0,77686604,77686747
77686747,41.8671246493,-87.6501622044,1303592498.0,77686693,77686807
77686807,41.8671194349,-87.6504152083,1303592500.0,77686747,77686904
77686904,41.8671156024,-87.6507391102,1303592503.0,77686807,77687021
77687021,41.867137672,-87.65101419,1303592507.0,77686904,77687143
77687143,41.8673065984,-87.6510705464,1303592511.0,77687021,77687261
77687261,41.8675612031,-87.651030738,1303592515.0,77687143,77687319
77687319,41.8677442483,-87.6510332563,1303592517.0,77687261,77687381
77687381,41.8679451868,-87.6510359048,1303592519.0,77687319,77687448
77687448,41.868158162,-87.6510405982,1303592521.0,77687381,77687507
77687507,41.8683701291,-87.6510482804,1303592523.0,77687448,77687571
77687571,41.8685751211,-87.6510531583,1303592525.0,77687507,77687632
77687632,41.868768107,-87.6510559971,1303592527.0,77687571,77687723
77687723,41.869009048,-87.6510625371,1303592530.0,77687632,77687839
77687839,41.869217233,-87.6510889081,1303592534.0,77687723,77688766
77688766,41.8693939631,-87.651138065,1303592563.0,77687839,77688899
77688899,41.8694808908,-87.6514233922,1303592567.0,77688766,77688999
77688999,41.8694745165,-87.6517483362,1303592570.0,77688899,77689070
77689070,41.8694706002,-87.6520022674,1303592572.0,77688999,77689137
77689137,41.8694657493,-87.6522722222,1303592574.0,77689070,77689202
77689202,41.8694616031,-87.6525441948,1303592576.0,77689137,77689262
77689262,41.8694584033,-87.6528191512,1303592578.0,77689202,77689331
77689331,41.869457887,-87.653098136,1303592580.0,77689262,77689382
77689382,41.8694546342,-87.6533691162,1303592582.0,77689331,77689454
77689454,41.8694514184,-87.6536270842,1303592584.0,77689382,77689547
77689547,41.8694553394,-87.6539309866,1303592587.0,77689454,77689628
77689628,41.8694476226,-87.654209006,1303592594.0,77689547,77689651
77689651,41.8694398359,-87.6545300602,1303592598.0,77689628,77689672
77689672,41.8694291825,-87.6548920491,1303592601.0,77689651,77689688
77689688,41.8694176894,-87.6551520939,1303592603.0,77689672,77689704
77689704,41.8694080102,-87.6554030576,1303592605.0,77689688,77689731
77689731,41.8693958893,-87.6557581199,1303592608.0,77689704,77689760
77689760,41.8693876443,-87.656064092,1303592611.0,77689731,77689812
77689812,41.8693882696,-87.6563549406,1303592616.0,77689760,77689857
77689857,41.8693789769,-87.6566381198,1303592620.0,77689812,77689893
77689893,41.869365373,-87.656899461,1303592623.0,77689857,77689930
77689930,41.8693323419,-87.6571891348,1303592626.0,77689893,77689969
77689969,41.8693129183,-87.6574900584,1303592629.0,77689930,77690009
77690009,41.8692995867,-87.6578140356,1303592632.0,77689969,77690051
77690051,41.8692830955,-87.6581320116,1303592635.0,77690009,77690086
77690086,41.8692687549,-87.658483018,1303592638.0,77690051,77690118
77690118,41.8692575957,-87.6587350165,1303592640.0,77690086,77690149
77690149,41.869247519,-87.6589940208,1303592642.0,77690118,77690177
77690177,41.8692384762,-87.6592500172,1303592644.0,77690149,77690207
77690207,41.869230463,-87.6595060204,1303592646.0,77690177,77690241
77690241,41.869223496,-87.6597610164,1303592648.0,77690207,77690273
77690273,41.869215518,-87.6600130226,1303592650.0,77690241,77690303
77690303,41.8692075288,-87.66026402,1303592652.0,77690273,77690335
77690335,41.8691985204,-87.6605180223,1303592654.0,77690303,77690371
77690371,41.8691894922,-87.6607700474,1303592656.0,77690335,77690422
77690422,41.8691785024,-87.6611010303,1303592659.0,77690371,77690472
77690472,41.869166519,-87.6613979923,1303592662.0,77690422,77690528
77690528,41.8691512814,-87.6617109726,1303592665.0,77690472,77690580
77690580,41.8691392079,-87.6620680077,1303592668.0,77690528,77690615
77690615,41.8691332096,-87.6623310115,1303592670.0,77690580,77690652
77690652,41.8691231928,-87.662592008,1303592672.0,77690615,77690691
77690691,41.8691131507,-87.6628409996,1303592674.0,77690652,77690748
77690748,41.869103161,-87.6631860105,1303592677.0,77690691,77690804
77690804,41.8690941402,-87.6634790101,1303592680.0,77690748,77690881
77690881,41.8690831054,-87.663748998,1303592684.0,77690804,77691085
77691085,41.8690560869,-87.6640149955,1303592694.0,77690881,77691147
77691147,41.8690460644,-87.664302999,1303592697.0,77691085,77691177
77691177,41.8690390523,-87.6645470001,1303592699.0,77691147,77691220
77691220,41.8690310329,-87.6647989988,1303592701.0,77691177,77691267
77691267,41.8690250259,-87.6650530016,1303592703.0,77691220,77691314
77691314,41.8690180671,-87.6653140565,1303592705.0,77691267,77691356
77691356,41.869014938,-87.6655679604,1303592707.0,77691314,77691394
77691394,41.8690099316,-87.6658120059,1303592709.0,77691356,77691439
77691439,41.8690029294,-87.6660559947,1303592711.0,77691394,77691486
77691486,41.8689860122,-87.6664240122,1303592714.0,77691439,77691510
77691510,41.8689790495,-87.6666809774,1303592716.0,77691486,77691544
77691544,41.8689710105,-87.6669490004,1303592718.0,77691510,77691550
77691550,41.868961009,-87.6672240004,1303592720.0,77691544,77691585
77691585,41.8689530102,-87.6675070005,1303592722.0,77691550,77691616
77691616,41.8689480108,-87.6677870004,1303592724.0,77691585,77691651
77691651,41.8689480115,-87.6680550001,1303592726.0,77691616,77691706
77691706,41.8689460105,-87.6683880001,1303592729.0,77691651,77691833
77691833,41.8689400632,-87.668639048,1303592735.0,77691706,77691960
77691960,41.8689270342,-87.6688880761,1303592741.0,77691833,77692030
77692030,41.8689169641,-87.6691910229,1303592744.0,77691960,77692078
77692078,41.8689109067,-87.6694390093,1303592746.0,77692030,77692122
77692122,41.8689039916,-87.6697110282,1303592748.0,77692078,77692165
77692165,41.8688971496,-87.6699760634,1303592750.0,77692122,77692209
77692209,41.8688910125,-87.6702309635,1303592752.0,77692165,77692254
77692254,41.8688902891,-87.6704769898,1303592754.0,77692209,77692314
77692314,41.8688823062,-87.6707958984,1303592757.0,77692254,77692460
77692460,41.8688741344,-87.6710560138,1303592763.0,77692314,77692567
77692567,41.8688942786,-87.6713480023,1303592768.0,77692460,77692642
77692642,41.8689063929,-87.6716619919,1303592771.0,77692567,77692694
77692694,41.8689013916,-87.6719130014,1303592773.0,77692642,77692737
77692737,41.8688892517,-87.6721739656,1303592775.0,77692694,77692788
77692788,41.8688802623,-87.6724310233,1303592777.0,77692737,77692832
77692832,41.8688751718,-87.6726809645,1303592779.0,77692788,77692904
77692904,41.8688710881,-87.673009018,1303592782.0,77692832,77693001
77693001,41.8688743138,-87.6732738908,1303592786.0,77692904,77693192
77693192,41.8688772032,-87.6735779437,1303592793.0,77693001,77693267
77693267,41.8688761805,-87.6739109851,1303592796.0,77693192,77693318
77693318,41.8688741571,-87.6741799886,1303592798.0,77693267,77693371
77693371,41.8688691143,-87.674458001,1303592800.0,77693318,77693423
77693423,41.8688631047,-87.6747210021,1303592802.0,77693371,77693479
77693479,41.8688580969,-87.6749690039,1303592804.0,77693423,77693559
77693559,41.8688621058,-87.6752830064,1303592807.0,77693479,77693668
77693668,41.8688691086,-87.6755310077,1303592811.0,77693559,77694141
77694141,41.8688570996,-87.6757750025,1303592828.0,77693668,77694223
77694223,41.8688481092,-87.6760580043,1303592831.0,77694141,77694313
77694313,41.8688410985,-87.6764319962,1303592834.0,77694223,77694366
77694366,41.8688370938,-87.6767190029,1303592836.0,77694313,77694421
77694421,41.8688350866,-87.6770249935,1303592838.0,77694366,77694477
77694477,41.8688320722,-87.6773429973,1303592840.0,77694421,77694538
77694538,41.8688290649,-87.6776640022,1303592842.0,77694477,77694593
77694593,41.8688270739,-87.6779820046,1303592844.0,77694538,77694650
77694650,41.868830099,-87.6783030062,1303592846.0,77694593,77694709
77694709,41.8688291195,-87.6786190057,1303592848.0,77694650,77694769
77694769,41.8688321678,-87.6789350126,1303592850.0,77694709,77694829
77694829,41.8688392109,-87.6792460074,1303592852.0,77694769,77694891
77694891,41.8688482172,-87.6795490022,1303592854.0,77694829,77694947
77694947,41.8688542185,-87.6798239938,1303592856.0,77694891,77695037
77695037,41.8688612157,-87.6801569892,1303592859.0,77694947,77695158
77695158,41.8688681395,-87.6804369749,1303592863.0,77695037,77695574
77695574,41.8688893061,-87.6807449815,1303592878.0,77695158,77695583
77695583,41.8689003976,-87.6811680014,1303592882.0,77695574,77695622
77695622,41.8689014573,-87.6814220247,1303592884.0,77695583,77695685
77695685,41.8689026299,-87.6816900303,1303592886.0,77695622,77695748
77695748,41.8689027991,-87.6819560334,1303592888.0,77695685,77695809
77695809,41.86890509,-87.6822150388,1303592890.0,77695748,77695872
77695872,41.868905326,-87.682462051,1303592892.0,77695809,77695940
77695940,41.8689057616,-87.6828140728,1303592895.0,77695872,77696038
77696038,41.8689134754,-87.6831140536,1303592898.0,77695940,77696447
77696447,41.8689445886,-87.6833620889,1303592911.0,77696038,77696672
77696672,41.8689493178,-87.6836171701,1303592918.0,77696447,77696801
77696801,41.8689479243,-87.6839390986,1303592922.0,77696672,77696905
77696905,41.8689429263,-87.6842781514,1303592925.0,77696801,77696993
77696993,41.8689377383,-87.6845702305,1303592928.0,77696905,77697229
77697229,41.86892818,-87.6848460425,1303592935.0,77696993,77697361
77697361,41.8689242614,-87.6851760395,1303592939.0,77697229,77697465
77697465,41.8689253887,-87.6854989847,1303592942.0,77697361,77697570
77697570,41.868926789,-87.6857539093,1303592945.0,77697465,77698330
77698330,41.8690116802,-87.6860162721,1303592967.0,77697570,77698545
77698545,41.8692004492,-87.6860297199,1303592973.0,77698330,77699253
77699253,41.8693850029,-87.686015857,1303592993.0,77698545,77699366
77699366,41.8696257757,-87.6860163567,1303592996.0,77699253,77699436
77699436,41.8698257682,-87.6860185237,1303592998.0,77699366,77699506
77699506,41.8700397686,-87.6860175116,1303593000.0,77699436,77699572
77699572,41.8702578313,-87.6860214408,1303593002.0,77699506,77699639
77699639,41.8704698362,-87.6860222344,1303593004.0,77699572,77699710
77699710,41.8706639014,-87.6860330378,1303593006.0,77699639,77699813
77699813,41.8709118224,-87.6860398134,1303593009.0,77699710,77699922
77699922,41.8711527017,-87.6860547653,1303593012.0,77699813,77700032
77700032,41.8714156231,-87.6860663937,1303593015.0,77699922,77700106
77700106,41.8716006368,-87.6860763964,1303593017.0,77700032,77700181
77700181,41.8717876741,-87.6860904014,1303593019.0,77700106,77700254
77700254,41.8719787332,-87.6860955081,1303593021.0,77700181,77700287
77700287,41.8721718146,-87.686101431,1303593023.0,77700254,77700351
77700351,41.8723678454,-87.6861072275,1303593025.0,77700287,77700414
77700414,41.8725658382,-87.6861153204,1303593027.0,77700351,77700470
77700470,41.872761852,-87.6861143929,1303593029.0,77700414,77700530
77700530,41.8729538582,-87.6861173529,1303593031.0,77700470,77700595
77700595,41.8731358418,-87.6861234741,1303593033.0,77700530,77700697
77700697,41.8733918926,-87.6861295923,1303593036.0,77700595,77700800
77700800,41.8735890919,-87.6861325738,1303593039.0,77700697,77701564
77701564,41.8737793721,-87.6861235123,1303593062.0,77700800,77701765
77701765,41.8738911334,-87.6858943476,1303593068.0,77701564,77701865
77701865,41.8738830892,-87.6856270915,1303593071.0,77701765,77701964
77701964,41.8738816942,-87.6852572728,1303593074.0,77701865,77702032
77702032,41.8738849133,-87.6849802235,1303593076.0,77701964,77702107
77702107,41.8738887958,-87.6847001993,1303593078.0,77702032,77702171
77702171,41.8738937935,-87.6844291333,1303593080.0,77702107,77702243
77702243,41.8738975472,-87.6841641318,1303593082.0,77702171,77702310
77702310,41.8739019698,-87.68389611,1303593084.0,77702243,77702374
77702374,41.8739046481,-87.6836141565,1303593086.0,77702310,77702444
77702444,41.8739051517,-87.6833182114,1303593088.0,77702374,77702512
77702512,41.8739067279,-87.6830122645,1303593090.0,77702444,77702578
77702578,41.8739107601,-87.6827071886,1303593092.0,77702512,77702650
77702650,41.8739147802,-87.68240513,1303593094.0,77702578,77702718
77702718,41.8739176628,-87.6821141108,1303593096.0,77702650,77702723
77702723,41.8739191915,-87.6818521551,1303593098.0,77702718,77702736
77702736,41.8739221088,-87.6815753067,1303593101.0,77702723,77702766
77702766,41.8739286907,-87.6813283247,1303593106.0,77702736,77702788
77702788,41.8739349971,-87.6810602528,1303593109.0,77702766,77702804
77702804,41.8739382443,-87.6808173123,1303593111.0,77702788,77702821
77702821,41.8739434725,-87.6805363012,1303593113.0,77702804,77702839
77702839,41.8739493588,-87.6802322325,1303593115.0,77702821,77702858
77702858,41.8739542761,-87.6799092302,1303593117.0,77702839,77702878
77702878,41.8739601477,-87.6795781515,1303593119.0,77702858,77702898
77702898,41.8739631248,-87.6792541876,1303593121.0,77702878,77702920
77702920,41.8739700325,-87.6789352023,1303593123.0,77702898,77702942
77702942,41.8739796003,-87.6786211796,1303593125.0,77702920,77702965
77702965,41.8739872275,-87.6783161669,1303593127.0,77702942,77702989
77702989,41.8739903716,-87.678018169,1303593129.0,77702965,77703013
77703013,41.8739934573,-87.6777351242,1303593131.0,77702989,77703038
77703038,41.8739964569,-87.6774772053,1303593133.0,77703013,77703077
77703077,41.8739972608,-87.677165735,1303593136.0,77703038,77703145
77703145,41.8739869562,-87.6768962407,1303593142.0,77703077,77703578
77703578,41.8739485051,-87.6766417592,1303593170.0,77703145,77703650
77703650,41.8737760671,-87.6765097162,1303593174.0,77703578,77703705
77703705,41.8735631283,-87.6764895091,1303593177.0,77703650,77703759
77703759,41.873331067,-87.6764712227,1303593180.0,77703705,77703834
77703834,41.8731252221,-87.6764601919,1303593184.0,77703759,None
