110929251,41.86715594,-87.6713921459,1303309931.0,None,110929322
110929322,41.8669679254,-87.6713879249,1303309936.0,110929251,110929397
110929397,41.8667809194,-87.6712151058,1303309941.0,110929322,110929444
110929444,41.8667627991,-87.6709279648,1303309944.0,110929397,110929470
110929470,41.8667631291,-87.6706769951,1303309946.0,110929444,110929493
110929493,41.8667664067,-87.6703900232,1303309948.0,110929470,110929528
110929528,41.866775399,-87.6701070109,1303309950.0,110929493,110929557
110929557,41.8667891967,-87.6697650048,1303309953.0,110929528,110929616
110929616,41.8667990407,-87.669473968,1303309957.0,110929557,110929786
110929786,41.8667894353,-87.6691899804,1303309970.0,110929616,110929843
110929843,41.8667840381,-87.6688460996,1303309973.0,110929786,110929881
110929881,41.8667784399,-87.6685709009,1303309975.0,110929843,110929919
110929919,41.8667768285,-87.6682690434,1303309977.0,110929881,110929956
110929956,41.8667763622,-87.6679580161,1303309979.0,110929919,110929994
110929994,41.8667785608,-87.6676541252,1303309981.0,110929956,110930034
110930034,41.8667871604,-87.6673521268,1303309983.0,110929994,110930072
110930072,41.8667991942,-87.667048046,1303309985.0,110930034,110930114
110930114,41.8668078506,-87.6667789783,1303309987.0,110930072,110930173
110930173,41.8668531539,-87.6664421217,1303309990.0,110930114,110930234
110930234,41.8670462559,-87.6662154779,1303309993.0,110930173,110930274
110930274,41.867231991,-87.666185856,1303309995.0,110930234,110930318
110930318,41.8674449749,-87.6661978812,1303309997.0,110930274,110930362
110930362,41.867666982,-87.6662188342,1303309999.0,110930318,110930404
110930404,41.8678929892,-87.6662347587,1303310001.0,110930362,110930439
110930439,41.8681159932,-87.6662496917,1303310003.0,110930404,110930480
110930480,41.868334996,-87.6662645708,1303310005.0,110930439,110930521
110930521,41.8685429978,-87.6662774658,1303310007.0,110930480,110930566
110930566,41.8687409968,-87.6662922849,1303310009.0,110930521,110930614
110930614,41.8689250185,-87.6663070928,1303310011.0,110930566,110930659
110930659,41.8691070603,-87.6663151309,1303310013.0,110930614,110930702
110930702,41.8692899797,-87.6663231237,1303310015.0,110930659,110930748
110930748,41.8694809573,-87.6663340845,1303310017.0,110930702,110930793
110930793,41.8696700004,-87.6663439097,1303310019.0,110930748,110930839
110930839,41.8698640032,-87.6663469508,1303310021.0,110930793,110930886
110930886,41.8700659931,-87.6663470941,1303310023.0,110930839,110930929
110930929,41.8702730002,-87.6663559747,1303310025.0,110930886,110930974
110930974,41.8704860004,-87.6663639671,1303310027.0,110930929,110931021
110931021,41.8707090069,-87.6663816759,1303310029.0,110930974,110931066
110931066,41.870944011,-87.6663994254,1303310031.0,110931021,110931116
110931116,41.8711820139,-87.6664152298,1303310033.0,110931066,110931165
110931165,41.8714220176,-87.6664341202,1303310035.0,110931116,110931202
110931202,41.871657277,-87.6664419502,1303310037.0,110931165,110931251
110931251,41.871892086,-87.6664443255,1303310039.0,110931202,110931303
110931303,41.8721200138,-87.6664445963,1303310041.0,110931251,110931356
110931356,41.8723369861,-87.6664469636,1303310043.0,110931303,110931406
110931406,41.872537991,-87.6664366867,1303310045.0,110931356,110931480
110931480,41.8727669553,-87.666433226,1303310048.0,110931406,110932065
110932065,41.8729739471,-87.666445127,1303310071.0,110931480,110932148
110932148,41.8731599597,-87.6664572146,1303310074.0,110932065,110932220
110932220,41.8733729425,-87.666484746,1303310077.0,110932148,110932298
110932298,41.8735969589,-87.6665141663,1303310080.0,110932220,110932379
110932379,41.8738440006,-87.666532952,1303310083.0,110932298,110932460
110932460,41.8740371404,-87.6665404805,1303310086.0,110932379,110932572
110932572,41.8742060657,-87.666336529,1303310090.0,110932460,110932651
110932651,41.8742204484,-87.6660508084,1303310093.0,110932572,110932736
110932736,41.8742090893,-87.6657048026,1303310096.0,110932651,110932793
110932793,41.874191419,-87.665445882,1303310098.0,110932736,110932845
110932845,41.874156061,-87.6651458859,1303310100.0,110932793,110932898
110932898,41.8741375191,-87.6648569118,1303310102.0,110932845,110932956
110932956,41.8741269266,-87.6645638952,1303310104.0,110932898,110933011
110933011,41.874117327,-87.6642618933,1303310106.0,110932956,110933069
110933069,41.8741085873,-87.6639618797,1303310108.0,110933011,110933128
110933128,41.8740978748,-87.6636748859,1303310110.0,110933069,110933189
110933189,41.8740957998,-87.6633959199,1303310112.0,110933128,110933249
110933249,41.8740968107,-87.6631209609,1303310114.0,110933189,110933300
110933300,41.8741043749,-87.6628450187,1303310116.0,110933249,110933357
110933357,41.8741102117,-87.6625800142,1303310118.0,110933300,110933414
110933414,41.8741161837,-87.662323006,1303310120.0,110933357,110933472
110933472,41.8741192858,-87.6620760227,1303310122.0,110933414,110933533
110933533,41.8741216481,-87.6618270755,1303310124.0,110933472,110933594
110933594,41.8741258858,-87.6615690458,1303310126.0,110933533,110933662
110933662,41.8741301048,-87.6613000493,1303310128.0,110933594,110933717
110933717,41.8741368952,-87.6610270006,1303310130.0,110933662,110933774
110933774,41.8741461371,-87.6607669927,1303310132.0,110933717,110933833
110933833,41.8741554338,-87.6605159752,1303310134.0,110933774,110933897
110933897,41.8741619244,-87.660255976,1303310136.0,110933833,110933962
110933962,41.8741614362,-87.6599819922,1303310138.0,110933897,110934024
110934024,41.8741636122,-87.6596989999,1303310140.0,110933962,110934086
110934086,41.8741692588,-87.6594079954,1303310142.0,110934024,110934149
110934149,41.8741733459,-87.6591199942,1303310144.0,110934086,110934212
110934212,41.8741756386,-87.6588379817,1303310146.0,110934149,110934274
110934274,41.8741813639,-87.6585599789,1303310148.0,110934212,110934337
110934337,41.8741859911,-87.6582929779,1303310150.0,110934274,110934401
110934401,41.8741957427,-87.6580389503,1303310152.0,110934337,110934501
110934501,41.8742022203,-87.6577140148,1303310155.0,110934401,110934595
110934595,41.8741964244,-87.6574560999,1303310158.0,110934501,110935107
110935107,41.8741943599,-87.6572060048,1303310174.0,110934595,110935259
110935259,41.8741991653,-87.6568778755,1303310179.0,110935107,110935350
110935350,41.8742095927,-87.6565548183,1303310182.0,110935259,110935415
110935415,41.8742142794,-87.6563059818,1303310184.0,110935350,110935483
110935483,41.8742180316,-87.6560420843,1303310186.0,110935415,110935546
110935546,41.874222436,-87.6557791438,1303310188.0,110935483,110935615
110935615,41.8742276776,-87.655510276,1303310190.0,110935546,110935684
110935684,41.8742327129,-87.6552392889,1303310192.0,110935615,110935751
110935751,41.8742381899,-87.6549732798,1303310194.0,110935684,110935817
110935817,41.8742439995,-87.6546992408,1303310196.0,110935751,110935876
110935876,41.8742476942,-87.6544192153,1303310198.0,110935817,110935946
110935946,41.8742531604,-87.6541371727,1303310200.0,110935876,110936015
110936015,41.8742580739,-87.6538492573,1303310202.0,110935946,110936084
110936084,41.8742652006,-87.6535552403,1303310204.0,110936015,110936147
110936147,41.8742759425,-87.6532581721,1303310206.0,110936084,110936217
110936217,41.8742853907,-87.6529520053,1303310208.0,110936147,110936290
110936290,41.8742938655,-87.6526449223,1303310210.0,110936217,110936360
110936360,41.8743006581,-87.6523489211,1303310212.0,110936290,110936431
110936431,41.874305792,-87.6520707015,1303310214.0,110936360,110936493
110936493,41.8743099887,-87.6518057407,1303310216.0,110936431,110936563
110936563,41.8743145327,-87.6515399294,1303310218.0,110936493,110936635
110936635,41.8743211317,-87.6512809278,1303310220.0,110936563,110936707
110936707,41.8743291258,-87.6510338564,1303310222.0,110936635,110936808
110936808,41.8743400255,-87.6506788108,1303310225.0,110936707,110936905
110936905,41.8743465404,-87.6503667849,1303310228.0,110936808,110937064
110937064,41.8743534066,-87.6501247511,1303310233.0,110936905,110937289
110937289,41.8743517481,-87.6498257609,1303310239.0,110937064,110937430
110937430,41.874359112,-87.6495330348,1303310243.0,110937289,110937563
110937563,41.8743596936,-87.6492550598,1303310247.0,110937430,110937671
110937671,41.87435692,-87.6490041113,1303310250.0,110937563,110937736
110937736,41.8743532928,-87.6486631304,1303310253.0,110937671,110937839
110937839,41.874343057,-87.6483204931,1303310256.0,110937736,110937935
110937935,41.8743172831,-87.648016893,1303310259.0,110937839,110938065
110938065,41.8742895445,-87.6477778225,1303310263.0,110937935,110938325
110938325,41.8742516678,-87.6475408761,1303310271.0,110938065,110938578
110938578,41.8741788706,-87.6472670246,1303310278.0,110938325,None
