77754695,41.8692089503,-87.6667698539,1303595238.0,None,77755365
77755365,41.8692265119,-87.6664629418,1303595257.0,77754695,77755472
77755472,41.8692410445,-87.6661269283,1303595260.0,77755365,77755548
77755548,41.8692521863,-87.6658549583,1303595262.0,77755472,77755621
77755621,41.8692614105,-87.6655699036,1303595264.0,77755548,77755690
77755690,41.8692674054,-87.6652898839,1303595266.0,77755621,77755749
77755749,41.8692703371,-87.6650229167,1303595268.0,77755690,77755820
77755820,41.86927266,-87.6647699083,1303595270.0,77755749,77755921
77755921,41.8692756846,-87.6644570124,1303595273.0,77755820,77756057
77756057,41.8692772345,-87.6642150682,1303595277.0,77755921,77756321
77756321,41.8692972151,-87.6639291962,1303595286.0,77756057,77756421
77756421,41.8693294001,-87.6636719495,1303595289.0,77756321,77756485
77756485,41.8693355533,-87.6634179348,1303595291.0,77756421,77756540
77756540,41.8693367337,-87.6631369098,1303595293.0,77756485,77756602
77756602,41.869338066,-87.6628569592,1303595295.0,77756540,77756662
77756662,41.8693431767,-87.6625859541,1303595297.0,77756602,77756759
77756759,41.8693430873,-87.6622519534,1303595300.0,77756662,77757065
77757065,41.8693366322,-87.6620079598,1303595309.0,77756759,77757488
77757488,41.8693508219,-87.661718897,1303595321.0,77757065,77757578
77757578,41.8693658916,-87.6613968882,1303595324.0,77757488,77757648
77757648,41.869387795,-87.6611378384,1303595326.0,77757578,77757719
77757719,41.8693940901,-87.6608468815,1303595328.0,77757648,77757792
77757792,41.8693971781,-87.6605459093,1303595330.0,77757719,77757863
77757863,41.8693992826,-87.660235918,1303595332.0,77757792,77757929
77757929,41.8694031261,-87.6599209086,1303595334.0,77757863,77758004
77758004,41.8694161517,-87.6596058896,1303595336.0,77757929,77758070
77758070,41.8694222051,-87.6592929133,1303595338.0,77758004,77758135
77758135,41.8694262574,-87.6589849183,1303595340.0,77758070,77758205
77758205,41.8694259665,-87.6586779273,1303595342.0,77758135,77758273
77758273,41.8694217135,-87.6583739311,1303595344.0,77758205,77758342
77758342,41.8694233003,-87.6580769157,1303595346.0,77758273,77758414
77758414,41.8694284225,-87.6577868992,1303595348.0,77758342,77758488
77758488,41.8694313946,-87.6575048466,1303595350.0,77758414,77758550
77758550,41.8694383695,-87.657245711,1303595352.0,77758488,77758650
77758650,41.8694497475,-87.6569215873,1303595355.0,77758550,77758795
77758795,41.8695659299,-87.6567212351,1303595359.0,77758650,77758926
77758926,41.869797708,-87.6567396758,1303595363.0,77758795,77759033
77759033,41.8700688569,-87.6567542276,1303595366.0,77758926,77759103
77759103,41.8702849085,-87.6567604248,1303595368.0,77759033,77759169
77759169,41.8705079081,-87.6567672633,1303595370.0,77759103,77759236
77759236,41.8707288821,-87.6567727513,1303595372.0,77759169,77759299
77759299,41.870949862,-87.6567801284,1303595374.0,77759236,77759369
77759369,41.8711688853,-87.6567904607,1303595376.0,77759299,77759439
77759439,41.8713859333,-87.6567969112,1303595378.0,77759369,77759507
77759507,41.8715970156,-87.6568050729,1303595380.0,77759439,77759580
77759580,41.871789024,-87.6568035927,1303595382.0,77759507,77759686
77759686,41.872010942,-87.6567985686,1303595385.0,77759580,77759899
77759899,41.8722089159,-87.6567888544,1303595391.0,77759686,77760035
77760035,41.8724659374,-87.6567766822,1303595395.0,77759899,77760096
77760096,41.8726518658,-87.6567687407,1303595397.0,77760035,77760161
77760161,41.8728568628,-87.6567593916,1303595399.0,77760096,77760226
77760226,41.8730637584,-87.6567469948,1303595401.0,77760161,77760291
77760291,41.8732669104,-87.6567346229,1303595403.0,77760226,77760363
77760363,41.87346399,-87.6567331749,1303595405.0,77760291,77760468
77760468,41.8737110801,-87.6567397441,1303595408.0,77760363,77760605
77760605,41.8738980632,-87.6567502285,1303595412.0,77760468,77760806
77760806,41.8740907263,-87.6567571157,1303595418.0,77760605,77761588
77761588,41.8742183379,-87.6565935314,1303595441.0,77760806,77761697
77761697,41.8742318351,-87.6563488577,1303595444.0,77761588,77761796
77761796,41.8742441857,-87.6559996931,1303595447.0,77761697,77761866
77761866,41.8742473474,-87.6557216724,1303595449.0,77761796,77761926
77761926,41.8742522733,-87.6554357975,1303595451.0,77761866,77761983
77761983,41.8742590728,-87.6551527593,1303595453.0,77761926,77762044
77762044,41.8742640078,-87.6548597398,1303595455.0,77761983,77762114
77762114,41.8742684807,-87.6545587411,1303595457.0,77762044,77762190
77762190,41.8742739426,-87.6542567606,1303595459.0,77762114,77762265
77762265,41.8742780284,-87.6539587436,1303595461.0,77762190,77762341
77762341,41.874281877,-87.6536577363,1303595463.0,77762265,77762413
77762413,41.8742883608,-87.6533617714,1303595465.0,77762341,77762478
77762478,41.8742983289,-87.6530767079,1303595467.0,77762413,77762543
77762543,41.8743026762,-87.6527967694,1303595469.0,77762478,77762606
77762606,41.8743042212,-87.6525378586,1303595471.0,77762543,77762701
77762701,41.8742997638,-87.6522628856,1303595474.0,77762606,77762869
77762869,41.8743047208,-87.6520047575,1303595479.0,77762701,77763017
77763017,41.8743142446,-87.6517376845,1303595483.0,77762869,77763118
77763118,41.8743229839,-87.6514108139,1303595486.0,77763017,77763185
77763185,41.8743271574,-87.651136872,1303595488.0,77763118,77763254
77763254,41.8743306721,-87.6508419155,1303595490.0,77763185,77763323
77763323,41.874334821,-87.6505359588,1303595492.0,77763254,77763381
77763381,41.8743397888,-87.6502279227,1303595494.0,77763323,77763448
77763448,41.8743474314,-87.6499217529,1303595496.0,77763381,77763522
77763522,41.8743551197,-87.6496200769,1303595498.0,77763448,77763595
77763595,41.8743612154,-87.6493240148,1303595500.0,77763522,77763663
77763663,41.8743669737,-87.6490319377,1303595502.0,77763595,77763731
77763731,41.8743708143,-87.648742938,1303595504.0,77763663,77763795
77763795,41.8743692837,-87.6484582191,1303595506.0,77763731,77763867
77763867,41.8743569831,-87.6481818185,1303595508.0,77763795,77763939
77763939,41.8743293441,-87.647904972,1303595510.0,77763867,77764012
77764012,41.8743022619,-87.6476506933,1303595512.0,77763939,77764115
77764115,41.8742657788,-87.6473636059,1303595515.0,77764012,77764215
77764215,41.8741463601,-87.6471954373,1303595518.0,77764115,77764317
77764317,41.8739447821,-87.6471744172,1303595521.0,77764215,77764414
77764414,41.8736847765,-87.6471773327,1303595524.0,77764317,77764481
77764481,41.8734787367,-87.6471735215,1303595526.0,77764414,77764557
77764557,41.8732787886,-87.6471705194,1303595528.0,77764481,77764628
77764628,41.8730818992,-87.647168981,1303595530.0,77764557,77764700
77764700,41.8728819568,-87.6471627814,1303595532.0,77764628,77764770
77764770,41.8726760158,-87.6471557457,1303595534.0,77764700,77764839
77764839,41.8724711069,-87.6471574216,1303595536.0,77764770,77764943
77764943,41.8722363864,-87.6471770266,1303595539.0,77764839,77765812
77765812,41.8720223437,-87.6471606409,1303595565.0,77764943,77765919
77765919,41.8718232924,-87.6471506431,1303595568.0,77765812,77766025
77766025,41.8715422062,-87.6471413044,1303595571.0,77765919,77766099
77766099,41.8713151745,-87.6471356846,1303595573.0,77766025,77766169
77766169,41.871076171,-87.647126697,1303595575.0,77766099,77766239
77766239,41.8708381712,-87.6471205528,1303595577.0,77766169,77766309
77766309,41.8705982008,-87.6471291702,1303595579.0,77766239,77766353
77766353,41.8703702218,-87.6471422959,1303595581.0,77766309,77766395
77766395,41.8701681495,-87.6471501083,1303595583.0,77766353,77766491
77766491,41.8699651462,-87.6471484846,1303595586.0,77766395,77767140
77767140,41.8697717355,-87.6471424496,1303595607.0,77766491,77767260
77767260,41.8695206215,-87.6471201276,1303595611.0,77767140,77767323
77767323,41.8693406971,-87.6471009541,1303595613.0,77767260,77767386
77767386,41.869127068,-87.6470913544,1303595615.0,77767323,77767454
77767454,41.8688991742,-87.6470839805,1303595617.0,77767386,77767526
77767526,41.8686722294,-87.6470810399,1303595619.0,77767454,77767601
77767601,41.8684481141,-87.6470741915,1303595621.0,77767526,77767668
77767668,41.8682299216,-87.6470751501,1303595623.0,77767601,77767736
77767736,41.8680278784,-87.6470878495,1303595625.0,77767668,77767834
77767834,41.867768988,-87.6471097085,1303595628.0,77767736,77767928
77767928,41.8675881986,-87.6471136049,1303595631.0,77767834,None
