77122979,41.8669699208,-87.6510532725,1303515956.0,None,77123122
77123122,41.8670945086,-87.6512434907,1303515960.0,77122979,77123220
77123220,41.8671121416,-87.6515438659,1303515963.0,77123122,77123324
77123324,41.8671013424,-87.6518216965,1303515966.0,77123220,77123500
77123500,41.867091339,-87.6520894338,1303515971.0,77123324,77123596
77123596,41.8670873711,-87.6523344206,1303515975.0,77123500,77123701
77123701,41.8670811616,-87.6526184264,1303515978.0,77123596,77123806
77123806,41.8670818313,-87.652920473,1303515981.0,77123701,77123919
77123919,41.8670793923,-87.6532376332,1303515984.0,77123806,77124017
77124017,41.8670735835,-87.653563566,1303515987.0,77123919,77124120
77124120,41.8670642842,-87.653906581,1303515990.0,77124017,77124227
77124227,41.8670584228,-87.6542685454,1303515993.0,77124120,77124334
77124334,41.8670449751,-87.6546127234,1303515996.0,77124227,77124440
77124440,41.8670354721,-87.6549246752,1303515999.0,77124334,77124520
77124520,41.8670356623,-87.6552035301,1303516002.0,77124440,77124621
77124621,41.8670304497,-87.6554614504,1303516005.0,77124520,77124676
77124676,41.8670240005,-87.6557535949,1303516008.0,77124621,77124756
77124756,41.86701831,-87.6560784664,1303516011.0,77124676,77124850
77124850,41.8670160219,-87.6563911566,1303516014.0,77124756,77124966
77124966,41.8670133931,-87.6566541585,1303516018.0,77124850,77125149
77125149,41.8671832748,-87.6567216554,1303516024.0,77124966,77125273
77125273,41.867424429,-87.6567229721,1303516028.0,77125149,77125382
77125382,41.8676692844,-87.6567310493,1303516031.0,77125273,77125491
77125491,41.8679351278,-87.6567309231,1303516034.0,77125382,77125566
77125566,41.8681190714,-87.6567252617,1303516036.0,77125491,77125637
77125637,41.8683010715,-87.6567313624,1303516038.0,77125566,77125742
77125742,41.8685680715,-87.656744682,1303516041.0,77125637,77125835
77125835,41.8688110207,-87.6567513384,1303516044.0,77125742,77125927
77125927,41.8689939617,-87.6567491136,1303516047.0,77125835,77126847
77126847,41.8691910512,-87.6567240136,1303516074.0,77125927,77127026
77127026,41.8694206445,-87.6567336561,1303516079.0,77126847,77127130
77127130,41.8696339562,-87.6567459797,1303516082.0,77127026,77127214
77127214,41.8698859937,-87.6567580853,1303516085.0,77127130,77127316
77127316,41.8701549315,-87.6567618135,1303516088.0,77127214,77127385
77127385,41.870337912,-87.6567622281,1303516090.0,77127316,77127452
77127452,41.8705188914,-87.6567640831,1303516092.0,77127385,77127527
77127527,41.8707038367,-87.656766604,1303516094.0,77127452,77127597
77127597,41.8708868305,-87.6567735777,1303516096.0,77127527,77127663
77127663,41.8710688236,-87.6567787186,1303516098.0,77127597,77127735
77127735,41.8712488169,-87.6567823581,1303516100.0,77127663,77127840
77127840,41.871506926,-87.6567945302,1303516103.0,77127735,77127944
77127944,41.871752108,-87.6567978146,1303516106.0,77127840,77128045
77128045,41.8719662846,-87.6567842233,1303516109.0,77127944,77128288
77128288,41.8721682966,-87.6567717423,1303516116.0,77128045,77128459
77128459,41.8724092487,-87.6567604336,1303516121.0,77128288,77128570
77128570,41.872649246,-87.6567474827,1303516124.0,77128459,77128674
77128674,41.8729054649,-87.6567335158,1303516127.0,77128570,77128778
77128778,41.8731662342,-87.6567219026,1303516130.0,77128674,77128880
77128880,41.8734329925,-87.6567202789,1303516133.0,77128778,77128982
77128982,41.8736749769,-87.6567192857,1303516136.0,77128880,77129124
77129124,41.8738639469,-87.6567176313,1303516140.0,77128982,77129458
77129458,41.8740602856,-87.6567222516,1303516150.0,77129124,77129668
77129668,41.8742086032,-87.6565607541,1303516156.0,77129458,77130010
77130010,41.8742022274,-87.6563020301,1303516166.0,77129668,77130493
77130493,41.874207453,-87.6560072125,1303516180.0,77130010,77130603
77130603,41.874212212,-87.6556953759,1303516184.0,77130493,77130701
77130701,41.8742166049,-87.6554024096,1303516187.0,77130603,77130807
77130807,41.8742217158,-87.6550774304,1303516190.0,77130701,77130918
77130918,41.8742320555,-87.654713383,1303516193.0,77130807,77130989
77130989,41.8742401597,-87.654467318,1303516195.0,77130918,77131055
77131055,41.8742441708,-87.6542182508,1303516197.0,77130989,77131123
77131123,41.8742466542,-87.6539733455,1303516199.0,77131055,77131229
77131229,41.8742544453,-87.6536153726,1303516202.0,77131123,77131337
77131337,41.8742613826,-87.65325643,1303516205.0,77131229,77131408
77131408,41.8742646173,-87.6530113093,1303516207.0,77131337,77131474
77131474,41.8742676085,-87.65276818,1303516209.0,77131408,77131575
77131575,41.8742702832,-87.6524580834,1303516212.0,77131474,77131710
77131710,41.8742703985,-87.6521633949,1303516216.0,77131575,77131857
77131857,41.8742775024,-87.6518425362,1303516220.0,77131710,77131965
77131965,41.8742874718,-87.6515105096,1303516223.0,77131857,77132032
77132032,41.8742916978,-87.6512665516,1303516225.0,77131965,77132094
77132094,41.87429675,-87.6510164273,1303516227.0,77132032,77132161
77132161,41.8743007976,-87.6507623668,1303516229.0,77132094,77132228
77132228,41.8743023333,-87.6505063326,1303516231.0,77132161,77132261
77132261,41.8743044149,-87.6502582582,1303516233.0,77132228,77132329
77132329,41.8743055031,-87.6500154092,1303516235.0,77132261,77132393
77132393,41.8743139092,-87.6497726479,1303516237.0,77132329,77132467
77132467,41.8743211227,-87.6495275183,1303516239.0,77132393,77132540
77132540,41.8743245762,-87.6492804366,1303516241.0,77132467,77132608
77132608,41.8743281774,-87.6490313908,1303516243.0,77132540,77132681
77132681,41.8743330069,-87.6487813364,1303516245.0,77132608,77132750
77132750,41.8743379282,-87.6485337975,1303516247.0,77132681,77132851
77132851,41.8743238481,-87.6481787019,1303516250.0,77132750,77132948
77132948,41.8742880663,-87.647855387,1303516253.0,77132851,77133074
77133074,41.87425344,-87.6475749501,1303516257.0,77132948,77133195
77133195,41.8741823343,-87.6473035793,1303516274.0,77133074,77133231
77133231,41.8739915701,-87.647200908,1303516278.0,77133195,77133261
77133261,41.8737929462,-87.6472056707,1303516281.0,77133231,77133292
77133292,41.8735420068,-87.6472028546,1303516284.0,77133261,77133314
77133314,41.8733370589,-87.6471979888,1303516286.0,77133292,77133336
77133336,41.8731221342,-87.6471904745,1303516288.0,77133314,77133360
77133360,41.8729092238,-87.6471848978,1303516290.0,77133336,77133384
77133384,41.8727012773,-87.6471788787,1303516292.0,77133360,77133408
77133408,41.8725052097,-87.6471715332,1303516294.0,77133384,77133447
77133447,41.872266256,-87.6471666782,1303516297.0,77133408,77133500
77133500,41.8720811747,-87.647151468,1303516301.0,77133447,77133875
77133875,41.8718890599,-87.6471318334,1303516326.0,77133500,77133927
77133927,41.8716970456,-87.6471226402,1303516329.0,77133875,77133977
77133977,41.8714520998,-87.6471158633,1303516332.0,77133927,77134029
77134029,41.8711930929,-87.6471121183,1303516335.0,77133977,77134087
77134087,41.8709350925,-87.647106957,1303516338.0,77134029,77134138
77134138,41.8706700767,-87.6470970156,1303516341.0,77134087,77134176
77134176,41.8704871492,-87.6470900379,1303516343.0,77134138,77134216
77134216,41.8703021869,-87.6470857303,1303516345.0,77134176,77134256
77134256,41.8701191056,-87.6470832273,1303516347.0,77134216,77134292
77134292,41.8699380598,-87.6470771797,1303516349.0,77134256,77134328
77134328,41.8697584018,-87.6470721401,1303516351.0,77134292,77134368
77134368,41.8695756643,-87.6470681717,1303516353.0,77134328,77134410
77134410,41.869393507,-87.6470642908,1303516355.0,77134368,77134450
77134450,41.8692059275,-87.6470589714,1303516357.0,77134410,77134488
77134488,41.8690159174,-87.6470540017,1303516359.0,77134450,77134525
77134525,41.8688209159,-87.6470475519,1303516361.0,77134488,77134565
77134565,41.8686259773,-87.6470398433,1303516363.0,77134525,77134612
77134612,41.8684309398,-87.6470358606,1303516365.0,77134565,77134656
77134656,41.8682380605,-87.6470334745,1303516367.0,77134612,77134697
77134697,41.8680532171,-87.6470307945,1303516369.0,77134656,77134758
77134758,41.8677970849,-87.6470247806,1303516372.0,77134697,77134825
77134825,41.8675858605,-87.6470178583,1303516375.0,77134758,77134903
77134903,41.8674047208,-87.647008705,1303516379.0,77134825,None
