70980358,41.8673831653,-87.6470712814,1302801551.0,None,70980542
70980542,41.8672620179,-87.6472698648,1302801557.0,70980358,70980639
70980639,41.8672491999,-87.6475378344,1302801560.0,70980542,70980731
70980731,41.8672404101,-87.6478678369,1302801563.0,70980639,70980817
70980817,41.8672296095,-87.6482197884,1302801566.0,70980731,70980919
70980919,41.8672177591,-87.6485417758,1302801569.0,70980817,70981008
70981008,41.8672120782,-87.6487987751,1302801572.0,70980919,70981097
70981097,41.8672044732,-87.6490517694,1302801575.0,70981008,70981197
70981197,41.8671988172,-87.6493337562,1302801578.0,70981097,70981294
70981294,41.8671945859,-87.6496688593,1302801581.0,70981197,70981355
70981355,41.8671916264,-87.6499127987,1302801583.0,70981294,70981421
70981421,41.8671872036,-87.6501648428,1302801585.0,70981355,70981491
70981491,41.8671888083,-87.6505057235,1302801588.0,70981421,70981569
70981569,41.8671979643,-87.650756148,1302801602.0,70981491,70981624
70981624,41.8671912498,-87.6510455572,1302801608.0,70981569,70981653
70981653,41.867172499,-87.6513529548,1302801611.0,70981624,70981675
70981675,41.8671664346,-87.6516122595,1302801613.0,70981653,70981696
70981696,41.8671639704,-87.651904807,1302801615.0,70981675,70981719
70981719,41.8671581853,-87.6522217149,1302801617.0,70981696,70981742
70981742,41.867153315,-87.6525526817,1302801619.0,70981719,70981766
70981766,41.8671468036,-87.6528916847,1302801621.0,70981742,70981791
70981791,41.8671394742,-87.6532326501,1302801623.0,70981766,70981816
70981816,41.8671341567,-87.6535727022,1302801625.0,70981791,70981842
70981842,41.8671262183,-87.653919758,1302801627.0,70981816,70981869
70981869,41.8671222866,-87.654276676,1302801629.0,70981842,70981896
70981896,41.8671180648,-87.6546294854,1302801631.0,70981869,70981924
70981924,41.8671152777,-87.6549614801,1302801633.0,70981896,70981951
70981951,41.8671108689,-87.6552636465,1302801635.0,70981924,70981981
70981981,41.8671014535,-87.6555247478,1302801637.0,70981951,70981997
70981997,41.867093906,-87.6558126907,1302801640.0,70981981,70982142
70982142,41.8670816684,-87.6560849191,1302801660.0,70981997,70982263
70982263,41.8670689452,-87.656337197,1302801671.0,70982142,70982299
70982299,41.8670698917,-87.6565993255,1302801675.0,70982263,70982341
70982341,41.8670676283,-87.6569520884,1302801678.0,70982299,70982366
70982366,41.867066783,-87.6572419984,1302801680.0,70982341,70982392
70982392,41.8670650543,-87.6575639833,1302801682.0,70982366,70982422
70982422,41.8670603836,-87.6579089319,1302801684.0,70982392,70982450
70982450,41.8670543429,-87.6582529628,1302801686.0,70982422,70982477
70982477,41.8670499158,-87.6585999438,1302801688.0,70982450,70982508
70982508,41.8670427793,-87.6589479565,1302801690.0,70982477,70982534
70982534,41.8670375662,-87.6592869092,1302801692.0,70982508,70982564
70982564,41.8670317868,-87.6596179378,1302801694.0,70982534,70982596
70982596,41.8670276082,-87.6599229121,1302801696.0,70982564,70982627
70982627,41.867020451,-87.6601959572,1302801698.0,70982596,70982676
70982676,41.8670126925,-87.6605199426,1302801701.0,70982627,70982742
70982742,41.8670050291,-87.6607840319,1302801705.0,70982676,70983194
70983194,41.8669998735,-87.6610531001,1302801730.0,70982742,70983271
70983271,41.8669980249,-87.6613650883,1302801734.0,70983194,70983329
70983329,41.8669966259,-87.6616650948,1302801737.0,70983271,70983389
70983389,41.8669938555,-87.6620109255,1302801740.0,70983329,70983431
70983431,41.8669884258,-87.6622549677,1302801742.0,70983389,70983471
70983471,41.8669836807,-87.6625029971,1302801744.0,70983431,70983513
70983513,41.8669789848,-87.6627520139,1302801746.0,70983471,70983555
70983555,41.8669729657,-87.6630040503,1302801748.0,70983513,70983599
70983599,41.8669668914,-87.663257108,1302801750.0,70983555,70983644
70983644,41.8669613394,-87.6635050996,1302801752.0,70983599,70983687
70983687,41.8669564823,-87.6637561147,1302801754.0,70983644,70983731
70983731,41.8669517641,-87.664006127,1302801756.0,70983687,70983775
70983775,41.8669470296,-87.664254107,1302801758.0,70983731,70983842
70983842,41.8669414835,-87.664612118,1302801761.0,70983775,70983910
70983910,41.8669351543,-87.6649521566,1302801764.0,70983842,70983978
70983978,41.8669297063,-87.6652701846,1302801767.0,70983910,70984067
70984067,41.8669287358,-87.6655681259,1302801771.0,70983978,70984230
70984230,41.8669337759,-87.6658150344,1302801779.0,70984067,70984520
70984520,41.8669418141,-87.6661210826,1302801794.0,70984230,70984598
70984598,41.8669394543,-87.6664174737,1302801797.0,70984520,70984646
70984646,41.8669381529,-87.6666650649,1302801799.0,70984598,70984699
70984699,41.8669386942,-87.6669269624,1302801801.0,70984646,70984748
70984748,41.8669404076,-87.6672040187,1302801803.0,70984699,70984788
70984788,41.8669418028,-87.6674720756,1302801805.0,70984748,70984841
70984841,41.8669423661,-87.6677280934,1302801807.0,70984788,70984894
70984894,41.866946071,-87.6679731321,1302801809.0,70984841,70984973
70984973,41.8669523311,-87.6683171557,1302801812.0,70984894,70985051
70985051,41.8669571953,-87.668595247,1302801815.0,70984973,70985552
70985552,41.8669681968,-87.6688405208,1302801835.0,70985051,70985712
70985712,41.867154897,-87.6689554141,1302801841.0,70985552,70985799
70985799,41.8673541068,-87.668959041,1302801844.0,70985712,70985854
70985854,41.8675381547,-87.6689641271,1302801846.0,70985799,70985908
70985908,41.8677441709,-87.66897343,1302801848.0,70985854,70985963
70985963,41.8679662099,-87.6689815118,1302801850.0,70985908,70986018
70986018,41.8681942419,-87.6689888123,1302801852.0,70985963,70986077
70986077,41.8684213218,-87.6689938501,1302801854.0,70986018,70986128
70986128,41.8686402805,-87.6689991952,1302801856.0,70986077,70986188
70986188,41.8688271509,-87.6690003938,1302801858.0,70986128,70986271
70986271,41.8690338939,-87.6689979095,1302801861.0,70986188,70986712
70986712,41.8692344712,-87.6690793393,1302801876.0,70986271,70986833
70986833,41.8692684124,-87.6693667918,1302801880.0,70986712,70986921
70986921,41.869255258,-87.6696809207,1302801883.0,70986833,70987018
70987018,41.8692457988,-87.670015782,1302801886.0,70986921,70987109
70987109,41.8692513011,-87.6703800284,1302801889.0,70987018,70987195
70987195,41.8692565134,-87.6707312102,1302801892.0,70987109,70987281
70987281,41.8692696384,-87.6710395557,1302801895.0,70987195,70987805
70987805,41.8692945696,-87.6712813213,1302801912.0,70987281,70987992
70987992,41.8693470645,-87.6715363968,1302801918.0,70987805,70988123
70988123,41.8694086004,-87.671771671,1302801922.0,70987992,70988185
70988185,41.8694030144,-87.6720209656,1302801924.0,70988123,70988219
70988219,41.8693971861,-87.6722909258,1302801926.0,70988185,70988283
70988283,41.8693990179,-87.6725419587,1302801928.0,70988219,70988384
70988384,41.8693865409,-87.6727981421,1302801931.0,70988283,70988552
70988552,41.8693694645,-87.6730970392,1302801936.0,70988384,70988713
70988713,41.8693572314,-87.6733517788,1302801941.0,70988552,None
