114238504,41.8716027099,-87.6668328972,1303514557.0,None,114238520
114238520,41.8716140986,-87.6665748775,1303514565.0,114238504,114238530
114238530,41.8717860317,-87.6664049649,1303514570.0,114238520,114238536
114238536,41.8719809977,-87.6664169471,1303514573.0,114238530,114238542
114238542,41.8722519724,-87.6664316941,1303514576.0,114238536,114238546
114238546,41.8724679949,-87.6664394989,1303514578.0,114238542,114238550
114238550,41.8726979924,-87.666451201,1303514580.0,114238546,114238554
114238554,41.8729229795,-87.6664546202,1303514582.0,114238550,114238558
114238558,41.8731359669,-87.666457157,1303514584.0,114238554,114238562
114238562,41.873344899,-87.6664596554,1303514586.0,114238558,114238566
114238566,41.8735488817,-87.6664658187,1303514588.0,114238562,114238570
114238570,41.873741004,-87.6664746758,1303514590.0,114238566,114238574
114238574,41.8739280088,-87.6664675719,1303514592.0,114238570,114238580
114238580,41.8741257059,-87.6664443391,1303514595.0,114238574,114238588
114238588,41.8742005774,-87.6662098939,1303514599.0,114238580,114238594
114238594,41.8741938132,-87.6659287589,1303514602.0,114238588,114238599
114238599,41.8741887655,-87.665559824,1303514605.0,114238594,114238603
114238603,41.8741821942,-87.6652609431,1303514607.0,114238599,114238607
114238607,41.8741769128,-87.6649330693,1303514609.0,114238603,114238611
114238611,41.8741687269,-87.6645781045,1303514611.0,114238607,114238614
114238614,41.8741580241,-87.664219081,1303514613.0,114238611,114238618
114238618,41.8741431339,-87.6638720448,1303514615.0,114238614,114238622
114238622,41.874133696,-87.6635270089,1303514617.0,114238618,114238626
114238626,41.8741237695,-87.6631859568,1303514619.0,114238622,114238630
114238630,41.8741214625,-87.6628479741,1303514621.0,114238626,114238634
114238634,41.8741264815,-87.6625169479,1303514623.0,114238630,114238638
114238638,41.8741306484,-87.6621839854,1303514625.0,114238634,114238642
114238642,41.8741348485,-87.6618589819,1303514627.0,114238638,114238646
114238646,41.8741384688,-87.6615349872,1303514629.0,114238642,114238650
114238650,41.8741410348,-87.6612020066,1303514631.0,114238646,114238654
114238654,41.8741469205,-87.6608579725,1303514633.0,114238650,114238658
114238658,41.8741475554,-87.6605090032,1303514635.0,114238654,114238662
114238662,41.8741515973,-87.6601570093,1303514637.0,114238658,114238666
114238666,41.8741582314,-87.6598070084,1303514639.0,114238662,114238670
114238670,41.874163166,-87.6594530155,1303514641.0,114238666,114238674
114238674,41.8741681938,-87.6591030186,1303514643.0,114238670,114238678
114238678,41.8741740748,-87.6587539904,1303514645.0,114238674,114238682
114238682,41.8741780957,-87.6584140022,1303514647.0,114238678,114238686
114238686,41.8741820529,-87.6580839961,1303514649.0,114238682,114238690
114238690,41.8741842185,-87.6577770158,1303514651.0,114238686,114238694
114238694,41.8741834046,-87.6575121003,1303514653.0,114238690,114238700
114238700,41.8741771589,-87.6572201017,1303514656.0,114238694,114238728
114238728,41.8741835339,-87.6569641322,1303514670.0,114238700,114238736
114238736,41.8741918676,-87.6566650226,1303514674.0,114238728,114238742
114238742,41.8742105371,-87.6563671198,1303514677.0,114238736,114238748
114238748,41.8742165619,-87.6560281138,1303514680.0,114238742,114238752
114238752,41.8742217038,-87.6557831528,1303514682.0,114238748,114238756
114238756,41.8742269744,-87.6555242844,1303514684.0,114238752,114238760
114238760,41.8742310643,-87.6552663076,1303514686.0,114238756,114238764
114238764,41.8742345553,-87.6550113229,1303514688.0,114238760,114238768
114238768,41.8742380829,-87.6547573178,1303514690.0,114238764,114238772
114238772,41.8742408392,-87.6545073201,1303514692.0,114238768,114238776
114238776,41.8742423968,-87.6542582526,1303514694.0,114238772,114238780
114238780,41.8742457488,-87.6539923257,1303514696.0,114238776,114238784
114238784,41.8742484299,-87.6537214259,1303514698.0,114238780,114238788
114238788,41.8742491254,-87.6534694567,1303514700.0,114238784,114238792
114238792,41.8742532134,-87.6532254994,1303514702.0,114238788,114238796
114238796,41.8742564712,-87.6529783324,1303514704.0,114238792,114238800
114238800,41.8742610013,-87.6527252085,1303514706.0,114238796,114238804
114238804,41.874266249,-87.6524770814,1303514708.0,114238800,114238808
114238808,41.8742694546,-87.6522333481,1303514710.0,114238804,114238812
114238812,41.8742750943,-87.6519884802,1303514712.0,114238808,114238816
114238816,41.8742831984,-87.6517255303,1303514714.0,114238812,114238820
114238820,41.874291036,-87.6514405397,1303514716.0,114238816,114238824
114238824,41.8742994608,-87.6511474538,1303514718.0,114238820,114238828
114238828,41.874304656,-87.6508583672,1303514720.0,114238824,114238832
114238832,41.8743063387,-87.6505773159,1303514722.0,114238828,114238836
114238836,41.8743078647,-87.6503002539,1303514724.0,114238832,114238840
114238840,41.8743091744,-87.6500303901,1303514726.0,114238836,114238844
114238844,41.8743148675,-87.6497676436,1303514728.0,114238840,114238848
114238848,41.8743194585,-87.649523508,1303514730.0,114238844,114238852
114238852,41.8743210751,-87.6492754324,1303514732.0,114238848,114238856
114238856,41.8743254785,-87.6490113888,1303514734.0,114238852,114238860
114238860,41.8743304871,-87.6487303249,1303514736.0,114238856,114238864
114238864,41.8743324454,-87.6484454124,1303514738.0,114238860,114238868
114238868,41.8743173779,-87.6481704179,1303514740.0,114238864,114238872
114238872,41.8742923568,-87.6479133534,1303514742.0,114238868,114238878
114238878,41.8742603021,-87.6475752118,1303514745.0,114238872,114238886
114238886,41.8742105996,-87.6473036611,1303514749.0,114238878,114238896
114238896,41.8740305414,-87.6471801232,1303514754.0,114238886,114238902
114238902,41.8738048153,-87.6471832622,1303514757.0,114238896,114238906
114238906,41.8736107953,-87.6471773784,1303514759.0,114238902,114238910
114238910,41.8733837749,-87.6471714853,1303514761.0,114238906,114238914
114238914,41.8731317748,-87.647164038,1303514763.0,114238910,114238918
114238918,41.8728688583,-87.6471552336,1303514765.0,114238914,114238922
114238922,41.8726139119,-87.6471450315,1303514767.0,114238918,114238926
114238926,41.8723829608,-87.6471391165,1303514769.0,114238922,114238930
114238930,41.8721869247,-87.6471331135,1303514771.0,114238926,114238936
114238936,41.8719658822,-87.6471271403,1303514774.0,114238930,114238941
114238941,41.8717639978,-87.6471246352,1303514777.0,114238936,114238947
114238947,41.8714970294,-87.6471078517,1303514780.0,114238941,114238951
114238951,41.8712819779,-87.647097251,1303514782.0,114238947,114238955
114238955,41.8710429332,-87.6470882523,1303514784.0,114238951,114238959
114238959,41.8707968697,-87.6470731557,1303514786.0,114238955,114238963
114238963,41.8705578876,-87.6470623907,1303514788.0,114238959,114238967
114238967,41.8703259201,-87.6470488092,1303514790.0,114238963,114238971
114238971,41.8701018771,-87.6470292891,1303514792.0,114238967,114238975
114238975,41.8698998801,-87.6470132958,1303514794.0,114238971,114238981
114238981,41.8696673533,-87.6469864233,1303514797.0,114238975,114238988
114238988,41.8695260916,-87.6467396497,1303514801.0,114238981,114238994
114238994,41.8695516434,-87.6464240694,1303514804.0,114238988,114238998
114238998,41.8695700148,-87.6461621534,1303514806.0,114238994,114239002
114239002,41.8695860966,-87.6459170943,1303514808.0,114238998,114239008
114239008,41.8695972625,-87.6456571204,1303514811.0,114239002,114239038
114239038,41.8695994049,-87.6453881042,1303514826.0,114239008,114239044
114239044,41.8696073949,-87.6450720772,1303514829.0,114239038,114239048
114239048,41.8696085015,-87.6448220754,1303514831.0,114239044,114239054
114239054,41.8696125354,-87.6445421022,1303514834.0,114239048,114239062
114239062,41.8696136805,-87.6442061172,1303514838.0,114239054,114239066
114239066,41.8696265912,-87.6439571079,1303514840.0,114239062,114239070
114239070,41.8696413766,-87.6436700709,1303514842.0,114239066,114239074
114239074,41.8696579007,-87.643353024,1303514844.0,114239070,114239078
114239078,41.86966748,-87.6430470017,1303514846.0,114239074,114239082
114239082,41.8696781265,-87.6427859709,1303514848.0,114239078,114239088
114239088,41.8696762072,-87.6425151361,1303514851.0,114239082,114239136
114239136,41.8696827786,-87.6422696345,1303514875.0,114239088,114239146
114239146,41.8698712823,-87.6421739664,1303514880.0,114239136,114239152
114239152,41.8701059809,-87.6422047729,1303514883.0,114239146,114239156
114239156,41.8703199843,-87.6422241006,1303514885.0,114239152,114239160
114239160,41.8705669988,-87.6422471359,1303514887.0,114239156,114239164
114239164,41.8708390011,-87.6422625984,1303514889.0,114239160,114239167
114239167,41.8711079982,-87.6422714502,1303514891.0,114239164,114239171
114239171,41.8713620092,-87.6422802977,1303514893.0,114239167,114239175
114239175,41.8715820018,-87.6422938531,1303514895.0,114239171,114239181
114239181,41.8718148831,-87.6423061802,1303514898.0,114239175,114239221
114239221,41.8720319445,-87.6423209606,1303514918.0,114239181,114239227
114239227,41.8722720036,-87.6423409893,1303514921.0,114239221,114239231
114239231,41.8724749968,-87.6423530107,1303514923.0,114239227,114239235
114239235,41.8726999985,-87.6423590068,1303514925.0,114239231,114239239
114239239,41.872950997,-87.6423620632,1303514927.0,114239235,114239243
114239243,41.8732149962,-87.6423680831,1303514929.0,114239239,114239247
114239247,41.8734659894,-87.6423720776,1303514931.0,114239243,114239251
114239251,41.873681991,-87.6423810476,1303514933.0,114239247,114239255
114239255,41.8738630026,-87.6423919725,1303514935.0,114239251,114239263
114239263,41.8740769958,-87.6424019255,1303514939.0,114239255,114239292
114239292,41.8742799786,-87.6424367054,1303514954.0,114239263,114239298
114239298,41.8744790249,-87.6424268591,1303514957.0,114239292,114239302
114239302,41.8746669959,-87.6424295482,1303514959.0,114239298,114239306
114239306,41.874886008,-87.642456564,1303514961.0,114239302,114239310
114239310,41.8751250123,-87.6424727457,1303514963.0,114239306,114239314
114239314,41.8753710099,-87.6424768086,1303514965.0,114239310,114239318
114239318,41.8756199925,-87.642481907,1303514967.0,114239314,114239322
114239322,41.8758419882,-87.6424988048,1303514969.0,114239318,114239326
114239326,41.8760310037,-87.6425097928,1303514971.0,114239322,114239332
114239332,41.8762730003,-87.6425177461,1303514974.0,114239326,114239338
114239338,41.8764559955,-87.6425209724,1303514977.0,114239332,114239347
114239347,41.876636998,-87.6425388813,1303514982.0,114239338,114239361
114239361,41.8768249907,-87.6425209982,1303514989.0,114239347,114239367
114239367,41.8770749767,-87.6425209729,1303514992.0,114239361,114239371
114239371,41.8772780009,-87.6425349178,1303514994.0,114239367,114239375
114239375,41.8774819964,-87.642548994,1303514996.0,114239371,114239381
114239381,41.8777240184,-87.6425521433,1303514999.0,114239375,114239394
114239394,41.8779089916,-87.6425510694,1303515006.0,114239381,None
