49107237,41.8691426322,-87.6758950965,1302964597.0,None,49107355
49107355,41.8691556532,-87.6761511336,1302964603.0,49107237,49107423
49107423,41.8691446615,-87.6764342165,1302964606.0,49107355,49107488
49107488,41.8691387017,-87.6767590793,1302964609.0,49107423,49107529
49107529,41.8691310062,-87.677004036,1302964611.0,49107488,49107572
49107572,41.8691260645,-87.6772610246,1302964613.0,49107529,49107607
49107607,41.8691068699,-87.6775350827,1302964615.0,49107572,49107652
49107652,41.8690859771,-87.677800109,1302964617.0,49107607,49107693
49107693,41.8690780653,-87.6780511308,1302964619.0,49107652,49107729
49107729,41.8690731031,-87.6782951688,1302964621.0,49107693,49107759
49107759,41.8690642542,-87.6785371387,1302964623.0,49107729,49107808
49107808,41.8690619891,-87.678898126,1302964626.0,49107759,49107858
49107858,41.8690637034,-87.6792570941,1302964629.0,49107808,49107920
49107920,41.869070053,-87.6795990998,1302964632.0,49107858,49107989
49107989,41.8690783605,-87.6799181368,1302964635.0,49107920,49108062
49108062,41.8690841261,-87.6802252401,1302964638.0,49107989,49108143
49108143,41.869087063,-87.6805001828,1302964642.0,49108062,49108535
49108535,41.8690865161,-87.6807460723,1302964659.0,49108143,49108610
49108610,41.8690887638,-87.6810051366,1302964662.0,49108535,49108692
49108692,41.8690798269,-87.6813331384,1302964665.0,49108610,49108763
49108763,41.8690617587,-87.6816932099,1302964668.0,49108692,49108809
49108809,41.8690511581,-87.6819382363,1302964670.0,49108763,49108884
49108884,41.8690438118,-87.6822961745,1302964673.0,49108809,49108960
49108960,41.8690384035,-87.6826401377,1302964676.0,49108884,49109041
49109041,41.8690349231,-87.6829620562,1302964679.0,49108960,49109119
49109119,41.8690255192,-87.6832230173,1302964682.0,49109041,49109575
49109575,41.8690132097,-87.6834643836,1302964699.0,49109119,49109706
49109706,41.8690031077,-87.6837443082,1302964704.0,49109575,49109790
49109790,41.8689962672,-87.6840159736,1302964707.0,49109706,49109870
49109870,41.8689898024,-87.684307115,1302964710.0,49109790,49109944
49109944,41.8689846825,-87.6845602949,1302964713.0,49109870,49110115
49110115,41.8689862353,-87.6848041577,1302964719.0,49109944,49110227
49110227,41.8689869894,-87.6850579595,1302964723.0,49110115,49110308
49110308,41.8689801706,-87.6853110109,1302964726.0,49110227,49110394
49110394,41.8689745046,-87.6855649524,1302964729.0,49110308,49110510
49110510,41.8689675176,-87.6858558831,1302964733.0,49110394,49110689
49110689,41.8691050792,-87.686044824,1302964739.0,49110510,49111256
49111256,41.8693261241,-87.6860426269,1302964758.0,49110689,49111390
49111390,41.8695559123,-87.6860505974,1302964762.0,49111256,49111479
49111479,41.8697629479,-87.686058043,1302964765.0,49111390,49111558
49111558,41.8699959275,-87.6860740596,1302964768.0,49111479,49111656
49111656,41.8702180016,-87.6860879941,1302964771.0,49111558,49111753
49111753,41.8704440235,-87.6860933898,1302964774.0,49111656,49111853
49111853,41.8706700392,-87.6861021056,1302964777.0,49111753,49111950
49111950,41.8709001608,-87.6861082188,1302964780.0,49111853,49112043
49112043,41.8711321105,-87.6861172444,1302964783.0,49111950,49112131
49112131,41.8714019059,-87.6861213225,1302964786.0,49112043,49112193
49112193,41.8715908517,-87.6861263231,1302964788.0,49112131,49112262
49112262,41.871778856,-87.6861329607,1302964790.0,49112193,49112334
49112334,41.8719629232,-87.6861441408,1302964792.0,49112262,49112401
49112401,41.8721499353,-87.6861492994,1302964794.0,49112334,49112464
49112464,41.8723349511,-87.6861539844,1302964796.0,49112401,49112524
49112524,41.8725229688,-87.6861579135,1302964798.0,49112464,49112585
49112585,41.8727079452,-87.6861599285,1302964800.0,49112524,49112646
49112646,41.8728889277,-87.6861581706,1302964802.0,49112585,49112750
49112750,41.8731409053,-87.6861574338,1302964805.0,49112646,49112854
49112854,41.8733718982,-87.6861578007,1302964808.0,49112750,49112960
49112960,41.8735830427,-87.6861603283,1302964811.0,49112854,49113125
49113125,41.8737633588,-87.6861561445,1302964816.0,49112960,49113623
49113623,41.8738896087,-87.6859725403,1302964831.0,49113125,49113756
49113756,41.8738988864,-87.6856689534,1302964835.0,49113623,49113858
49113858,41.8739088363,-87.6853849986,1302964838.0,49113756,49113961
49113961,41.8739230925,-87.6850649515,1302964841.0,49113858,49114067
49114067,41.8739370157,-87.6847338894,1302964844.0,49113961,49114172
49114172,41.8739475155,-87.6843969345,1302964847.0,49114067,49114276
49114276,41.8739630259,-87.6840447472,1302964850.0,49114172,49114347
49114347,41.8739648218,-87.6837998129,1302964852.0,49114276,49114420
49114420,41.8739666366,-87.6835457779,1302964854.0,49114347,49114489
49114489,41.87396777,-87.6832848552,1302964856.0,49114420,49114558
49114558,41.8739681982,-87.6830258277,1302964858.0,49114489,49114631
49114631,41.8739738981,-87.6827678625,1302964860.0,49114558,49114706
49114706,41.8739793338,-87.6825148705,1302964862.0,49114631,49114765
49114765,41.8739813162,-87.6822719026,1302964864.0,49114706,49114878
49114878,41.8739835136,-87.6819299382,1302964867.0,49114765,49114986
49114986,41.8739843674,-87.6816498403,1302964870.0,49114878,49115193
49115193,41.8739821565,-87.681396821,1302964876.0,49114986,49115340
49115340,41.873988357,-87.6811088373,1302964880.0,49115193,49115442
49115442,41.8739919391,-87.6807968809,1302964883.0,49115340,49115555
49115555,41.87399568,-87.6804389801,1302964886.0,49115442,49115619
49115619,41.8739972719,-87.6801830262,1302964888.0,49115555,49115694
49115694,41.8740004558,-87.6799200001,1302964890.0,49115619,49115770
49115770,41.8740052212,-87.6796499709,1302964892.0,49115694,49115832
49115832,41.8740098956,-87.6793789844,1302964894.0,49115770,49115905
49115905,41.8740130692,-87.6791029487,1302964896.0,49115832,49115976
49115976,41.8740179037,-87.6788289208,1302964898.0,49115905,49116051
49116051,41.8740227094,-87.6785609414,1302964900.0,49115976,49116124
49116124,41.8740274777,-87.6782989458,1302964902.0,49116051,49116201
49116201,41.8740313937,-87.678041929,1302964904.0,49116124,49116276
49116276,41.8740353648,-87.6777909205,1302964906.0,49116201,49116344
49116344,41.8740398671,-87.6775489965,1302964908.0,49116276,49116451
49116451,41.8740443365,-87.6772131903,1302964911.0,49116344,49116561
49116561,41.8740242917,-87.6769291305,1302964914.0,49116451,49116744
49116744,41.8740129912,-87.6766881252,1302964919.0,49116561,49116909
49116909,41.8738748432,-87.6765059102,1302964925.0,49116744,49117011
49117011,41.8736735962,-87.676477783,1302964928.0,49116909,49117107
49117107,41.8734316902,-87.6764592545,1302964931.0,49117011,49117210
49117210,41.873174917,-87.6764454874,1302964934.0,49117107,49117303
49117303,41.8729040228,-87.6764338846,1302964937.0,49117210,49117372
49117372,41.872711957,-87.6764243589,1302964939.0,49117303,49117447
49117447,41.8725129927,-87.6764158045,1302964941.0,49117372,49117514
49117514,41.8723150831,-87.6764079946,1302964943.0,49117447,49117587
49117587,41.8721230951,-87.6763888338,1302964945.0,49117514,49117660
49117660,41.8719420677,-87.6763662792,1302964947.0,49117587,49117769
49117769,41.8717010688,-87.6763485394,1302964950.0,49117660,49117909
49117909,41.8715016305,-87.6762573294,1302964954.0,49117769,49118055
49118055,41.8714610671,-87.675943359,1302964958.0,49117909,49118164
49118164,41.871462296,-87.6756558617,1302964961.0,49118055,49118269
49118269,41.8714641042,-87.675386007,1302964964.0,49118164,49118457
49118457,41.8714670557,-87.6751312878,1302964969.0,49118269,49118846
49118846,41.8714910427,-87.674857139,1302964980.0,49118457,49118955
49118955,41.871505545,-87.674584076,1302964983.0,49118846,49119067
49119067,41.8715176911,-87.6743011012,1302964986.0,49118955,49119202
49119202,41.8715085747,-87.6740094005,1302964990.0,49119067,49119421
49119421,41.8715089317,-87.6737594104,1302964996.0,49119202,49119565
49119565,41.8715243663,-87.6734324361,1302965000.0,49119421,49119671
49119671,41.8715408551,-87.673126984,1302965003.0,49119565,49119775
49119775,41.8715534533,-87.6728107777,1302965006.0,49119671,49119876
49119876,41.8715572257,-87.672492834,1302965009.0,49119775,49119983
49119983,41.8715590925,-87.6721588883,1302965012.0,49119876,49120096
49120096,41.8715693295,-87.6718138441,1302965015.0,49119983,49120208
49120208,41.8715740097,-87.6714576822,1302965018.0,49120096,49120273
49120273,41.8715734133,-87.67121367,1302965020.0,49120208,49120380
49120380,41.8715851218,-87.6708587591,1302965023.0,49120273,49120490
49120490,41.8715932456,-87.67052591,1302965026.0,49120380,49120594
49120594,41.8715884857,-87.6702327597,1302965029.0,49120490,49120974
49120974,41.8715695128,-87.6699846261,1302965040.0,49120594,49121162
49121162,41.871599205,-87.6697047981,1302965045.0,49120974,49121345
49121345,41.8716311634,-87.6694159677,1302965050.0,49121162,49121542
49121542,41.8715669027,-87.6691766076,1302965056.0,49121345,49121688
49121688,41.8713536548,-87.6691459582,1302965060.0,49121542,49121799
49121799,41.8711332977,-87.6691203712,1302965063.0,49121688,49121913
49121913,41.8708783296,-87.669089974,1302965066.0,49121799,49121979
49121979,41.8706902873,-87.6690718277,1302965068.0,49121913,49122052
49122052,41.8704911309,-87.6690509319,1302965070.0,49121979,49122120
49122120,41.8703010073,-87.6690377431,1302965072.0,49122052,49122190
49122190,41.8701179667,-87.669030662,1302965074.0,49122120,49122296
49122296,41.8698609605,-87.6690201265,1302965077.0,49122190,49122402
49122402,41.8696259376,-87.6690097901,1302965080.0,49122296,49122552
49122552,41.8694107846,-87.6689978876,1302965084.0,49122402,49123051
49123051,41.8692422951,-87.668832454,1302965098.0,49122552,49123159
49123159,41.8692300241,-87.6685749799,1302965101.0,49123051,49123267
49123267,41.8692340599,-87.6682689167,1302965104.0,49123159,49123360
49123360,41.8692086886,-87.667941953,1302965107.0,49123267,49123435
49123435,41.869215899,-87.6676958684,1302965109.0,49123360,49123541
49123541,41.8692255244,-87.6673437889,1302965112.0,49123435,49123658
49123658,41.8692241153,-87.6670336311,1302965115.0,49123541,49123833
49123833,41.8692364192,-87.6667747103,1302965120.0,49123658,None
