8187079,41.873053029,-87.6764443171,1301832887.0,None,8187437
8187437,41.8728612094,-87.6764478819,1301832905.0,8187079,8187505
8187505,41.8726271662,-87.6764386284,1301832908.0,8187437,8187543
8187543,41.8724291983,-87.6764272851,1301832910.0,8187505,8187583
8187583,41.8722142467,-87.6764060558,1301832912.0,8187543,8187629
8187629,41.8720102573,-87.6763813655,1301832914.0,8187583,8187678
8187678,41.8718201979,-87.6763644623,1301832916.0,8187629,8187743
8187743,41.8715790392,-87.6763334636,1301832919.0,8187678,8187829
8187829,41.8714205891,-87.6761855538,1301832923.0,8187743,8187926
8187926,41.8714101763,-87.6758673746,1301832927.0,8187829,8187972
8187972,41.8714230672,-87.675511053,1301832930.0,8187926,8188008
8188008,41.87143081,-87.6752653381,1301832932.0,8187972,8188050
8188050,41.8714450773,-87.6750253003,1301832934.0,8188008,8188097
8188097,41.8714829242,-87.6746866425,1301832937.0,8188050,8188162
8188162,41.8715482169,-87.6743896815,1301832940.0,8188097,8188226
8188226,41.8715857211,-87.6741508484,1301832943.0,8188162,8188367
8188367,41.8715938689,-87.673872845,1301832949.0,8188226,8188465
8188465,41.8716102698,-87.673542454,1301832953.0,8188367,8188535
8188535,41.8716345965,-87.673216842,1301832956.0,8188465,8188607
8188607,41.8716458662,-87.6729009204,1301832959.0,8188535,8188683
8188683,41.8716352574,-87.6725797379,1301832962.0,8188607,8188760
8188760,41.8716333502,-87.6722768914,1301832965.0,8188683,8188839
8188839,41.8716357118,-87.6719738701,1301832968.0,8188760,8188915
8188915,41.8716248845,-87.6715470305,1301832972.0,8188839,8188995
8188995,41.871613218,-87.6712076393,1301832975.0,8188915,8189076
8189076,41.8716308968,-87.670844706,1301832978.0,8188995,8189129
8189129,41.8716382304,-87.6705999321,1301832980.0,8189076,8189205
8189205,41.8716425433,-87.6702409938,1301832983.0,8189129,8189284
8189284,41.8716358584,-87.6699063603,1301832986.0,8189205,8189364
8189364,41.8716356103,-87.6696357369,1301832989.0,8189284,8189496
8189496,41.8716664747,-87.6693422963,1301832994.0,8189364,8189779
8189779,41.8716206804,-87.6690983541,1301833004.0,8189496,8189881
8189881,41.8713939187,-87.6690483141,1301833008.0,8189779,8189963
8189963,41.8711394533,-87.6690125713,1301833011.0,8189881,8190021
8190021,41.8709454612,-87.6689925676,1301833013.0,8189963,8190082
8190082,41.8707464909,-87.6689743702,1301833015.0,8190021,8190144
8190144,41.8705465868,-87.6689641822,1301833017.0,8190082,8190204
8190204,41.8703497452,-87.6689628531,1301833019.0,8190144,8190257
8190257,41.87016074,-87.6689648923,1301833021.0,8190204,8190309
8190309,41.8699797566,-87.6689680064,1301833023.0,8190257,8190397
8190397,41.869736812,-87.6689687665,1301833026.0,8190309,8190491
8190491,41.8695306007,-87.6689587205,1301833029.0,8190397,8190635
8190635,41.8693387723,-87.6689529492,1301833034.0,8190491,8190805
8190805,41.8691842677,-87.6687452081,1301833040.0,8190635,8190935
8190935,41.8691664787,-87.6684002106,1301833044.0,8190805,8190999
8190999,41.869162812,-87.6681580305,1301833046.0,8190935,8191060
8191060,41.8691674342,-87.6678859103,1301833048.0,8190999,8191123
8191123,41.8691710848,-87.667627963,1301833050.0,8191060,8191175
8191175,41.8691770925,-87.6673789609,1301833052.0,8191123,8191240
8191240,41.869194454,-87.6671186647,1301833054.0,8191175,8191295
8191295,41.8692081271,-87.6668437891,1301833056.0,8191240,8191358
8191358,41.8692150963,-87.6665729278,1301833058.0,8191295,8191424
8191424,41.8692238166,-87.6663090509,1301833060.0,8191358,8191484
8191484,41.8692444832,-87.6660329412,1301833062.0,8191424,8191548
8191548,41.8692508259,-87.6657620067,1301833064.0,8191484,8191601
8191601,41.8692561669,-87.6654929284,1301833066.0,8191548,8191662
8191662,41.8692575853,-87.6652239216,1301833068.0,8191601,8191722
8191722,41.8692607384,-87.6649569502,1301833070.0,8191662,8191788
8191788,41.8692671823,-87.6647069405,1301833072.0,8191722,8191882
8191882,41.8692696077,-87.664394028,1301833075.0,8191788,8192071
8192071,41.8692712756,-87.6641382515,1301833081.0,8191882,8192207
8192207,41.8693021722,-87.6638801417,1301833085.0,8192071,8192304
8192304,41.8693276466,-87.6635539358,1301833088.0,8192207,8192366
8192366,41.8693386017,-87.663303903,1301833090.0,8192304,8192436
8192436,41.8693407276,-87.6630459018,1301833092.0,8192366,8192504
8192504,41.8693389741,-87.662789941,1301833094.0,8192436,8192567
8192567,41.8693412738,-87.6625449572,1301833096.0,8192504,8192658
8192658,41.8693527334,-87.6621880037,1301833099.0,8192567,8192725
8192725,41.869366233,-87.6619439996,1301833101.0,8192658,8192793
8192793,41.8693687148,-87.6616999086,1301833103.0,8192725,8192856
8192856,41.8693759714,-87.6614468477,1301833105.0,8192793,8192923
8192923,41.8693868048,-87.6611748309,1301833107.0,8192856,8192990
8192990,41.8693981904,-87.6608898567,1301833109.0,8192923,8193060
8193060,41.8694080448,-87.6606009057,1301833111.0,8192990,8193128
8193128,41.8694190524,-87.660314919,1301833113.0,8193060,8193193
8193193,41.8694248121,-87.6600339066,1301833115.0,8193128,8193261
8193261,41.8694359191,-87.6597518869,1301833117.0,8193193,8193327
8193327,41.8694389136,-87.6594688927,1301833119.0,8193261,8193394
8193394,41.8694381227,-87.6591889052,1301833121.0,8193327,8193462
8193462,41.869435984,-87.6589119414,1301833123.0,8193394,8193534
8193534,41.8694369172,-87.6586349551,1301833125.0,8193462,8193607
8193607,41.8694367612,-87.6583609502,1301833127.0,8193534,8193677
8193677,41.8694354894,-87.6580889202,1301833129.0,8193607,8193743
8193743,41.8694364669,-87.6578329065,1301833131.0,8193677,8193792
8193792,41.8694384136,-87.6575888604,1301833133.0,8193743,8193895
8193895,41.8694374079,-87.657247727,1301833136.0,8193792,8193991
8193991,41.8694422992,-87.6569479832,1301833139.0,8193895,8194137
8194137,41.86952906,-87.6567112728,1301833143.0,8193991,8194278
8194278,41.8697263553,-87.6566831382,1301833147.0,8194137,8194381
8194381,41.8699425081,-87.6567094218,1301833150.0,8194278,8194446
8194446,41.8701217304,-87.6567339074,1301833152.0,8194381,8194512
8194512,41.8703228516,-87.6567443492,1301833154.0,8194446,8194578
8194578,41.8705308434,-87.6567483244,1301833156.0,8194512,8194651
8194651,41.8707397987,-87.6567596145,1301833158.0,8194578,8194725
8194725,41.8709447996,-87.6567721643,1301833160.0,8194651,8194797
8194797,41.8711498085,-87.6567799777,1301833162.0,8194725,8194873
8194873,41.8713598736,-87.6567911788,1301833164.0,8194797,8194947
8194947,41.8715630242,-87.6568037946,1301833166.0,8194873,8195019
8195019,41.8717490634,-87.6568018562,1301833168.0,8194947,8195129
8195129,41.8719819676,-87.6567984219,1301833171.0,8195019,8195261
8195261,41.8721798017,-87.6567969778,1301833175.0,8195129,8195520
8195520,41.8723968849,-87.6567840639,1301833182.0,8195261,8195669
8195669,41.8726566344,-87.6567861695,1301833186.0,8195520,8195784
8195784,41.8729153955,-87.6567774023,1301833189.0,8195669,8195847
8195847,41.8731034015,-87.6567680837,1301833191.0,8195784,8195917
8195917,41.873301822,-87.6567597409,1301833193.0,8195847,8195992
8195992,41.8734910257,-87.6567577991,1301833195.0,8195917,8196107
8196107,41.8737411472,-87.6567642352,1301833198.0,8195992,8196222
8196222,41.8739678901,-87.6567733073,1301833201.0,8196107,8196412
8196412,41.8741484207,-87.6567764307,1301833206.0,8196222,None
