9436066,41.8715517875,-87.6716146535,1301971417.0,None,9436253
9436253,41.8715561109,-87.6713137579,1301971424.0,9436066,9436334
9436334,41.8715604595,-87.6710189039,1301971427.0,9436253,9436416
9436416,41.8715706304,-87.670717909,1301971430.0,9436334,9436504
9436504,41.8715779901,-87.6704338978,1301971433.0,9436416,9436585
9436585,41.8715777769,-87.6701345983,1301971436.0,9436504,9436669
9436669,41.8715829229,-87.6698019375,1301971439.0,9436585,9436753
9436753,41.8715960794,-87.6694688315,1301971442.0,9436669,9436842
9436842,41.8716057323,-87.6692193301,1301971445.0,9436753,9436996
9436996,41.8714781805,-87.6690522114,1301971451.0,9436842,9437083
9437083,41.8712836469,-87.6690549529,1301971454.0,9436996,9437144
9437144,41.8710057624,-87.6690440744,1301971457.0,9437083,9437206
9437206,41.8707909342,-87.6690369642,1301971459.0,9437144,9437269
9437269,41.8705619903,-87.6690250823,1301971461.0,9437206,9437329
9437329,41.8703309331,-87.6690194028,1301971463.0,9437269,9437384
9437384,41.8700999339,-87.6690223979,1301971465.0,9437329,9437436
9437436,41.8698719568,-87.6690202147,1301971467.0,9437384,9437487
9437487,41.8696599912,-87.6690116847,1301971469.0,9437436,9437577
9437577,41.8694167103,-87.6690009775,1301971472.0,9437487,9437811
9437811,41.8692216202,-87.6689912181,1301971479.0,9437577,9437893
9437893,41.8690106703,-87.6689882354,1301971482.0,9437811,9437944
9437944,41.8688099618,-87.6689760767,1301971484.0,9437893,9438000
9438000,41.8685729462,-87.6689685701,1301971486.0,9437944,9438063
9438063,41.8683119572,-87.6689558526,1301971488.0,9438000,9438125
9438125,41.8680349306,-87.6689427164,1301971490.0,9438063,9438189
9438189,41.8677539189,-87.6689305579,1301971492.0,9438125,9438252
9438252,41.8674998727,-87.6689122959,1301971494.0,9438189,9438317
9438317,41.8672859429,-87.6688922983,1301971496.0,9438252,9438412
9438412,41.867078403,-87.6688644205,1301971499.0,9438317,9439239
9439239,41.8668779875,-87.6688593826,1301971527.0,9438412,9439343
9439343,41.8667297533,-87.6687172367,1301971531.0,9439239,9439432
9439432,41.8667319749,-87.6684221028,1301971534.0,9439343,9439492
9439492,41.8667440601,-87.6681500603,1301971536.0,9439432,9439559
9439559,41.8667577688,-87.6678361252,1301971538.0,9439492,9439629
9439629,41.86676905,-87.6675021977,1301971540.0,9439559,9439689
9439689,41.8667755521,-87.6671731551,1301971542.0,9439629,9439761
9439761,41.8667789997,-87.6668960941,1301971544.0,9439689,9439895
9439895,41.8667826311,-87.6666271129,1301971548.0,9439761,9440027
9440027,41.8667898297,-87.6662942304,1301971552.0,9439895,9440099
9440099,41.8667943511,-87.6660301047,1301971554.0,9440027,9440172
9440172,41.8668021355,-87.6657210929,1301971556.0,9440099,9440241
9440241,41.8668101307,-87.6653830786,1301971558.0,9440172,9440310
9440310,41.8668168559,-87.665018024,1301971560.0,9440241,9440373
9440373,41.8668243096,-87.6646389683,1301971562.0,9440310,9440440
9440440,41.8668301045,-87.6642559642,1301971564.0,9440373,9440506
9440506,41.8668390157,-87.6638799462,1301971566.0,9440440,9440577
9440577,41.8668466166,-87.6635189169,1301971568.0,9440506,9440656
9440656,41.8668562668,-87.6631668932,1301971570.0,9440577,9440724
9440724,41.8668636223,-87.6628128783,1301971572.0,9440656,9440800
9440800,41.8668729706,-87.6624588414,1301971574.0,9440724,9440875
9440875,41.8668808369,-87.662113829,1301971576.0,9440800,9440934
9440934,41.8668902969,-87.6617738186,1301971578.0,9440875,9440996
9440996,41.8668980839,-87.6614208094,1301971580.0,9440934,9441066
9441066,41.8669047309,-87.661054767,1301971582.0,9440996,9441126
9441126,41.8669098829,-87.6606847292,1301971584.0,9441066,9441195
9441195,41.8669144456,-87.6603206919,1301971586.0,9441126,9441259
9441259,41.8669212833,-87.6599627128,1301971588.0,9441195,9441330
9441330,41.866929509,-87.6596047177,1301971590.0,9441259,9441408
9441408,41.866939362,-87.6592516643,1301971592.0,9441330,9441483
9441483,41.8669444839,-87.6588997374,1301971594.0,9441408,9441561
9441561,41.8669487642,-87.6585467369,1301971596.0,9441483,9441631
9441631,41.8669595643,-87.6581936757,1301971598.0,9441561,9441697
9441697,41.8669647601,-87.6578536525,1301971600.0,9441631,9441771
9441771,41.8669655064,-87.6575207009,1301971602.0,9441697,9441841
9441841,41.8669721696,-87.6571846988,1301971604.0,9441771,9441910
9441910,41.8669780603,-87.6568477615,1301971606.0,9441841,9441977
9441977,41.866976753,-87.6565127526,1301971608.0,9441910,9442045
9442045,41.8669773677,-87.6561607263,1301971610.0,9441977,9442118
9442118,41.866979815,-87.655795546,1301971612.0,9442045,9442192
9442192,41.8669835547,-87.655427695,1301971614.0,9442118,9442269
9442269,41.8669901723,-87.6550615903,1301971616.0,9442192,9442343
9442343,41.8669968428,-87.6547064235,1301971618.0,9442269,9442400
9442400,41.8670044824,-87.6543805912,1301971620.0,9442343,9442474
9442474,41.8670081054,-87.6541057568,1301971622.0,9442400,9442590
9442590,41.8670059257,-87.6537917972,1301971625.0,9442474,9442814
9442814,41.8670125672,-87.6535348576,1301971631.0,9442590,9442958
9442958,41.8670180517,-87.6531858089,1301971635.0,9442814,9443026
9443026,41.8670236238,-87.6529157747,1301971637.0,9442958,9443096
9443096,41.8670284708,-87.6525928168,1301971639.0,9443026,9443170
9443170,41.8670364155,-87.6522387691,1301971641.0,9443096,9443246
9443246,41.8670420305,-87.6518868045,1301971643.0,9443170,9443322
9443322,41.8670440511,-87.6515872288,1301971645.0,9443246,9443439
9443439,41.8670341592,-87.6512813704,1301971648.0,9443322,9443786
9443786,41.8669435446,-87.6510552614,1301971658.0,9443439,9443934
9443934,41.8667027408,-87.6510513021,1301971662.0,9443786,9444046
9444046,41.8664188112,-87.6510504236,1301971665.0,9443934,9444119
9444119,41.8661818918,-87.6510436093,1301971667.0,9444046,9444197
9444197,41.8659178678,-87.6510390006,1301971669.0,9444119,9444271
9444271,41.8656438639,-87.6510341526,1301971671.0,9444197,9444342
9444342,41.86537887,-87.6510335898,1301971673.0,9444271,9444415
9444415,41.8651328707,-87.6510349993,1301971675.0,9444342,9444485
9444485,41.8649188952,-87.6510342972,1301971677.0,9444415,9444619
9444619,41.8647368211,-87.6510239597,1301971681.0,9444485,9444892
9444892,41.8645059153,-87.6510066535,1301971688.0,9444619,9444970
9444970,41.8643249313,-87.650998966,1301971690.0,9444892,9445042
9445042,41.8641108751,-87.650990415,1301971692.0,9444970,9445102
9445102,41.8638938732,-87.6509858303,1301971694.0,9445042,9445176
9445176,41.8637036845,-87.6509883295,1301971696.0,9445102,9445295
9445295,41.8635140496,-87.6509732361,1301971699.0,9445176,9445482
9445482,41.8634712017,-87.6507228906,1301971704.0,9445295,9445633
9445633,41.8635046879,-87.6504069108,1301971708.0,9445482,9445736
9445736,41.863504587,-87.6501401472,1301971711.0,9445633,9445877
9445877,41.8635773647,-87.6499018635,1301971715.0,9445736,9446064
9446064,41.8637887403,-87.6499183481,1301971720.0,9445877,9446218
9446218,41.8638635461,-87.6501829701,1301971724.0,9446064,9446402
9446402,41.8638768115,-87.6504268433,1301971729.0,9446218,None
