24686798,41.869487074,-87.6483611828,1303873151.0,None,24687149
24687149,41.8694782133,-87.6481082178,1303873172.0,24686798,24687203
24687203,41.869455476,-87.6478491108,1303873175.0,24687149,24687258
24687258,41.8694530856,-87.6475241115,1303873178.0,24687203,24687316
24687316,41.8694571787,-87.6472527535,1303873181.0,24687258,24687405
24687405,41.8693130325,-87.6470628576,1303873186.0,24687316,24687482
24687482,41.8691319838,-87.6470754404,1303873190.0,24687405,24687847
24687847,41.8689200713,-87.6470679271,1303873208.0,24687482,24687913
24687913,41.8686980968,-87.6470575099,1303873211.0,24687847,24687950
24687950,41.8685040147,-87.6470477905,1303873213.0,24687913,24687990
24687990,41.8682930074,-87.6470429627,1303873215.0,24687950,24688034
24688034,41.8680881504,-87.6470434711,1303873217.0,24687990,24688055
24688055,41.8678951618,-87.6470494417,1303873219.0,24688034,24688099
24688099,41.8676530554,-87.6470469326,1303873222.0,24688055,24688201
24688201,41.8674689481,-87.6470161609,1303873228.0,24688099,24688826
24688826,41.8672703464,-87.647000105,1303873255.0,24688201,24688965
24688965,41.8671370091,-87.6471993191,1303873261.0,24688826,24689050
24689050,41.86714535,-87.6474832636,1303873264.0,24688965,24689124
24689124,41.8671517359,-87.6477851563,1303873267.0,24689050,24689197
24689197,41.867151095,-87.648056199,1303873270.0,24689124,24689298
24689298,41.8671484183,-87.6483632566,1303873274.0,24689197,24689410
24689410,41.8671456106,-87.6486182769,1303873278.0,24689298,24689569
24689569,41.867151028,-87.6488622729,1303873284.0,24689410,24689918
24689918,41.8671417682,-87.649115276,1303873297.0,24689569,24689999
24689999,41.867127039,-87.6493562557,1303873300.0,24689918,24690086
24690086,41.8671175025,-87.6496831689,1303873303.0,24689999,24690146
24690146,41.8671233302,-87.649939234,1303873305.0,24690086,24690203
24690203,41.8671318852,-87.6502021907,1303873307.0,24690146,24690276
24690276,41.867155,-87.6505408683,1303873310.0,24690203,24690387
24690387,41.8671668056,-87.6508099179,1303873314.0,24690276,24690818
24690818,41.8671522991,-87.6511079006,1303873329.0,24690387,24690905
24690905,41.8671435069,-87.6514147134,1303873332.0,24690818,24690968
24690968,41.8671406325,-87.6516919238,1303873334.0,24690905,24691033
24691033,41.86713557,-87.6520113366,1303873336.0,24690968,24691091
24691091,41.8671271299,-87.6523693951,1303873338.0,24691033,24691145
24691145,41.8671180334,-87.6527544225,1303873340.0,24691091,24691204
24691204,41.8671094418,-87.6531465055,1303873342.0,24691145,24691261
24691261,41.8671010861,-87.6535426331,1303873344.0,24691204,24691324
24691324,41.8670863203,-87.6539386174,1303873346.0,24691261,24691387
24691387,41.8670742578,-87.6543376147,1303873348.0,24691324,24691445
24691445,41.867061747,-87.6547509026,1303873350.0,24691387,24691505
24691505,41.8670493891,-87.6551726207,1303873352.0,24691445,24691564
24691564,41.8670354968,-87.6555905674,1303873354.0,24691505,24691626
24691626,41.8670230833,-87.6559965677,1303873356.0,24691564,24691687
24691687,41.8670126037,-87.6563901301,1303873358.0,24691626,24691747
24691747,41.8670017284,-87.6567912838,1303873360.0,24691687,24691809
24691809,41.8669957338,-87.6572013211,1303873362.0,24691747,24691880
24691880,41.8669807998,-87.6576252913,1303873364.0,24691809,24691945
24691945,41.8669563921,-87.6580532303,1303873366.0,24691880,24691999
24691999,41.8669446364,-87.6584681806,1303873368.0,24691945,24692053
24692053,41.8669409437,-87.6588671791,1303873370.0,24691999,24692111
24692111,41.8669361394,-87.6592592331,1303873372.0,24692053,24692173
24692173,41.866931513,-87.6596492492,1303873374.0,24692111,24692205
24692205,41.8669195773,-87.6600312235,1303873376.0,24692173,24692212
24692212,41.8669101345,-87.6604012308,1303873378.0,24692205,24692221
24692221,41.8669042419,-87.660771198,1303873380.0,24692212,24692232
24692232,41.8668992638,-87.6611341469,1303873382.0,24692221,24692244
24692244,41.8668978843,-87.6615051686,1303873384.0,24692232,24692258
24692258,41.8668932295,-87.6618961932,1303873386.0,24692244,24692273
24692273,41.8668919047,-87.6623011952,1303873388.0,24692258,24692289
24692289,41.8668943648,-87.6627152502,1303873390.0,24692273,24692306
24692306,41.8668935323,-87.6631363263,1303873392.0,24692289,24692324
24692324,41.8668940559,-87.663550417,1303873394.0,24692306,24692343
24692343,41.866903136,-87.663954474,1303873396.0,24692324,24692363
24692363,41.866903336,-87.664346369,1303873398.0,24692343,24692383
24692383,41.8668993762,-87.6647113902,1303873400.0,24692363,24692405
24692405,41.866891356,-87.6650483885,1303873402.0,24692383,24692427
24692427,41.8668853396,-87.665351346,1303873404.0,24692405,24692450
24692450,41.8668816462,-87.6656113099,1303873406.0,24692427,24692486
24692486,41.866886008,-87.6659141864,1303873409.0,24692450,24692575
24692575,41.8668842723,-87.6661570694,1303873416.0,24692486,24692713
24692713,41.8668737823,-87.6664671097,1303873426.0,24692575,24692759
24692759,41.866881104,-87.6668390614,1303873429.0,24692713,24692790
24692790,41.8668790693,-87.6671391206,1303873431.0,24692759,24692820
24692820,41.8668768173,-87.6674680515,1303873433.0,24692790,24692852
24692852,41.8668761789,-87.6677968336,1303873435.0,24692820,24692885
24692885,41.8668827256,-87.6681227073,1303873437.0,24692852,24692917
24692917,41.8668842045,-87.6684287899,1303873439.0,24692885,24692933
24692933,41.8668804415,-87.6686807415,1303873441.0,24692917,24692986
24692986,41.8668832052,-87.6689486945,1303873444.0,24692933,24693051
24693051,41.8670722521,-87.6690167391,1303873448.0,24692986,24693103
24693103,41.8672760902,-87.6689662143,1303873451.0,24693051,24693159
24693159,41.8675611182,-87.6689552895,1303873454.0,24693103,24693196
24693196,41.8678081125,-87.6689534452,1303873456.0,24693159,24693231
24693231,41.8680821008,-87.6689532365,1303873458.0,24693196,24693268
24693268,41.8683420434,-87.6689543231,1303873460.0,24693231,24693307
24693307,41.8685780607,-87.6689606103,1303873462.0,24693268,24693347
24693347,41.8687901058,-87.6689665762,1303873464.0,24693307,24693400
24693400,41.8690222534,-87.6689689429,1303873467.0,24693347,24693543
24693543,41.869207809,-87.6690512759,1303873474.0,24693400,24693620
24693620,41.869236353,-87.669317578,1303873478.0,24693543,24693686
24693686,41.8692317585,-87.6696095681,1303873481.0,24693620,24693720
24693720,41.8692270312,-87.6698587868,1303873483.0,24693686,24693761
24693761,41.8692233149,-87.6701558991,1303873485.0,24693720,24693802
24693802,41.8692270032,-87.6704540403,1303873487.0,24693761,24693847
24693847,41.8692324221,-87.6707019552,1303873489.0,24693802,24693929
24693929,41.8692422108,-87.6709971024,1303873493.0,24693847,24694071
24694071,41.8694525797,-87.6710074698,1303873502.0,24693929,24694149
24694149,41.8694730957,-87.6713363705,1303873506.0,24694071,24694187
24694187,41.8694473226,-87.6716341355,1303873508.0,24694149,24694229
24694229,41.869430463,-87.6719580032,1303873510.0,24694187,24694270
24694270,41.8694266294,-87.6722569337,1303873512.0,24694229,24694310
24694310,41.8694273448,-87.6725178803,1303873514.0,24694270,24694418
24694418,41.8694193536,-87.6728042452,1303873519.0,24694310,24694683
24694683,41.8694098198,-87.6730980334,1303873531.0,24694418,24694751
24694751,41.869391247,-87.6734803703,1303873534.0,24694683,24694800
24694800,41.8693789147,-87.6738045829,1303873536.0,24694751,24694847
24694847,41.8693685601,-87.6741349512,1303873538.0,24694800,24694895
24694895,41.8693475767,-87.6744788954,1303873540.0,24694847,24694934
24694934,41.8693361525,-87.6747908283,1303873542.0,24694895,24694984
24694984,41.8693422225,-87.675062835,1303873544.0,24694934,24695026
24695026,41.8693212639,-87.6753310631,1303873546.0,24694984,24695101
24695101,41.8692898555,-87.6756389915,1303873549.0,24695026,None
