106115137,41.8671422653,-87.653131679,1302306616.0,None,106115270
106115270,41.8671458473,-87.6533935319,1302306622.0,106115137,106115347
106115347,41.8671408346,-87.6537175222,1302306626.0,106115270,106115410
106115410,41.8671304148,-87.6540316422,1302306629.0,106115347,106115458
106115458,41.8671236028,-87.6542786551,1302306631.0,106115410,106115508
106115508,41.8671182516,-87.654545575,1302306633.0,106115458,106115547
106115547,41.8671108653,-87.6548205085,1302306635.0,106115508,106115589
106115589,41.8671048484,-87.6550966842,1302306637.0,106115547,106115633
106115633,41.8670978362,-87.6553688622,1302306639.0,106115589,106115681
106115681,41.867092381,-87.6556318385,1302306641.0,106115633,106115731
106115731,41.8670857582,-87.6558788654,1302306643.0,106115681,106115794
106115794,41.8670763115,-87.6561920591,1302306646.0,106115731,106115904
106115904,41.8670653312,-87.6564369591,1302306651.0,106115794,106116321
106116321,41.8671421479,-87.6566822241,1302306668.0,106115904,106116436
106116436,41.8673731792,-87.6566968414,1302306673.0,106116321,106116509
106116509,41.8675970955,-87.6567028131,1302306676.0,106116436,106116578
106116578,41.8678549318,-87.6567042332,1302306679.0,106116509,106116645
106116645,41.8681169557,-87.6567107581,1302306682.0,106116578,106116721
106116721,41.8683678903,-87.6567118815,1302306685.0,106116645,106116804
106116804,41.868598874,-87.6567134819,1302306688.0,106116721,106116882
106116882,41.8688129361,-87.6567182633,1302306691.0,106116804,106116956
106116956,41.8690130612,-87.6567195687,1302306694.0,106116882,106117031
106117031,41.8692220216,-87.6567187727,1302306697.0,106116956,106117115
106117115,41.8694385406,-87.6567282798,1302306700.0,106117031,106117198
106117198,41.8696557899,-87.6567376874,1302306703.0,106117115,106117276
106117276,41.8698858953,-87.6567539467,1302306706.0,106117198,106117356
106117356,41.8701390165,-87.6567687599,1302306709.0,106117276,106117438
106117438,41.8704100216,-87.6567793482,1302306712.0,106117356,106117492
106117492,41.8705980372,-87.6567854898,1302306714.0,106117438,106117548
106117548,41.8707910448,-87.6567892971,1302306716.0,106117492,106117602
106117602,41.8709939997,-87.6567935866,1302306718.0,106117548,106117657
106117657,41.8711979611,-87.6567982843,1302306720.0,106117602,106117713
106117713,41.8713960117,-87.656804185,1302306722.0,106117657,106117771
106117771,41.8715900245,-87.6568040331,1302306724.0,106117713,106117834
106117834,41.8717741518,-87.6567954621,1302306726.0,106117771,106117917
106117917,41.8720142143,-87.6567858771,1302306729.0,106117834,106118049
106118049,41.8722181984,-87.6567751979,1302306734.0,106117917,106118192
106118192,41.8724452464,-87.6567593921,1302306739.0,106118049,106118288
106118288,41.8726562078,-87.6567501127,1302306742.0,106118192,106118381
106118381,41.8728893967,-87.6567381663,1302306745.0,106118288,106118467
106118467,41.8731334073,-87.6567160286,1302306748.0,106118381,106118544
106118544,41.8733830509,-87.656702876,1302306751.0,106118467,106118634
106118634,41.8736249484,-87.6567059195,1302306754.0,106118544,106118733
106118733,41.873858923,-87.6567207185,1302306757.0,106118634,106118827
106118827,41.8740609072,-87.6567262258,1302306760.0,106118733,106118951
106118951,41.874251279,-87.6566961847,1302306764.0,106118827,106119099
106119099,41.8743073427,-87.6564425648,1302306769.0,106118951,106119222
106119222,41.8742947482,-87.6561296285,1302306773.0,106119099,106119314
106119314,41.8742915471,-87.6558315964,1302306776.0,106119222,106119409
106119409,41.8742868544,-87.655521515,1302306779.0,106119314,106119504
106119504,41.8742897517,-87.6552014972,1302306782.0,106119409,106119597
106119597,41.8742948908,-87.6548735245,1302306785.0,106119504,106119696
106119696,41.874292071,-87.6545385364,1302306788.0,106119597,106119785
106119785,41.8742917914,-87.6542055847,1302306791.0,106119696,106119877
106119877,41.8742933503,-87.6538775433,1302306794.0,106119785,106119972
106119972,41.8742983496,-87.6535575208,1302306797.0,106119877,106120074
106120074,41.8743014699,-87.653239566,1302306800.0,106119972,106120170
106120170,41.874306994,-87.6529276927,1302306803.0,106120074,106120267
106120267,41.8743093751,-87.6526217818,1302306806.0,106120170,106120368
106120368,41.8743132902,-87.6523197636,1302306809.0,106120267,106120463
106120463,41.8743162949,-87.6520504423,1302306812.0,106120368,106120561
106120561,41.8743206281,-87.6518044568,1302306815.0,106120463,106120656
106120656,41.8743249977,-87.6515266788,1302306818.0,106120561,106120763
106120763,41.8743258084,-87.6512288307,1302306821.0,106120656,106120860
106120860,41.8743247423,-87.6509290056,1302306824.0,106120763,106120960
106120960,41.8743244493,-87.6506170867,1302306827.0,106120860,106121059
106121059,41.8743266513,-87.6503050804,1302306830.0,106120960,106121153
106121153,41.8743275067,-87.649998225,1302306833.0,106121059,106121250
106121250,41.874337767,-87.6496884524,1302306836.0,106121153,106121351
106121351,41.8743452985,-87.649387299,1302306839.0,106121250,106121452
106121452,41.8743518567,-87.6490882034,1302306842.0,106121351,106121560
106121560,41.8743589142,-87.6487780964,1302306845.0,106121452,106121670
106121670,41.8743597283,-87.6484679329,1302306848.0,106121560,106121772
106121772,41.8743417312,-87.6481676926,1302306851.0,106121670,106121878
106121878,41.8743057141,-87.6478722674,1302306854.0,106121772,106121984
106121984,41.8742780502,-87.6476239745,1302306857.0,106121878,106122805
106122805,41.874243368,-87.6473841992,1302306880.0,106121984,106123012
106123012,41.8741023031,-87.6472123633,1302306886.0,106122805,106123129
106123129,41.8738979599,-87.6472111789,1302306890.0,106123012,106123220
106123220,41.8736739714,-87.647206242,1302306893.0,106123129,106123313
106123313,41.8734000361,-87.6472005201,1302306896.0,106123220,106123371
106123371,41.8731981346,-87.6471967837,1302306898.0,106123313,106123421
106123421,41.8729990938,-87.647179008,1302306900.0,106123371,106123486
106123486,41.872812035,-87.6471633384,1302306902.0,106123421,106123581
106123581,41.8725490173,-87.6471476666,1302306905.0,106123486,106123673
106123673,41.8723529988,-87.647146345,1302306908.0,106123581,106124449
106124449,41.8721497211,-87.6471130847,1302306930.0,106123673,106124584
106124584,41.8719645462,-87.6470965373,1302306934.0,106124449,106124688
106124688,41.8717606651,-87.6470976723,1302306937.0,106124584,106124801
106124801,41.8715118671,-87.6470916029,1302306940.0,106124688,106124879
106124879,41.8713258987,-87.6470863538,1302306942.0,106124801,106124955
106124955,41.8711268993,-87.6470847498,1302306944.0,106124879,106125030
106125030,41.8709259065,-87.6470843648,1302306946.0,106124955,106125108
106125108,41.8707319509,-87.6470845528,1302306948.0,106125030,106125181
106125181,41.8705490484,-87.6470843407,1302306950.0,106125108,106125275
106125275,41.8703041561,-87.6470806836,1302306953.0,106125181,106125416
106125416,41.8700820708,-87.6470778381,1302306957.0,106125275,106125944
106125944,41.8698851626,-87.6470881649,1302306972.0,106125416,106126090
106126090,41.869697789,-87.6470872167,1302306976.0,106125944,106126205
106126205,41.8694995482,-87.6470867121,1302306979.0,106126090,106126312
106126312,41.8692590919,-87.6470730607,1302306982.0,106126205,106126415
106126415,41.869002001,-87.6470621596,1302306985.0,106126312,106126522
106126522,41.8687400272,-87.6470534601,1302306988.0,106126415,106126629
106126629,41.8684850106,-87.6470471172,1302306991.0,106126522,106126738
106126738,41.8682510287,-87.6470417446,1302306994.0,106126629,106126852
106126852,41.8680451775,-87.6470410937,1302306997.0,106126738,None
