9560542,41.867196882,-87.6689266743,1301976915.0,None,9560867
9560867,41.8670057337,-87.6689026409,1301976927.0,9560542,9560978
9560978,41.8668648998,-87.6686314052,1301976931.0,9560867,9561061
9561061,41.8668405676,-87.6683061619,1301976934.0,9560978,9561121
9561121,41.8668250011,-87.6680261321,1301976936.0,9561061,9561180
9561180,41.866822622,-87.6676999718,1301976938.0,9561121,9561238
9561238,41.8668202216,-87.6673599124,1301976940.0,9561180,9561297
9561297,41.8668165187,-87.6670629489,1301976942.0,9561238,9561370
9561370,41.866803668,-87.6667799938,1301976945.0,9561297,9561548
9561548,41.8668021298,-87.6665001838,1301976951.0,9561370,9561625
9561625,41.8668047463,-87.6661691182,1301976954.0,9561548,9561685
9561685,41.8668084004,-87.6658969982,1301976956.0,9561625,9561746
9561746,41.8668126475,-87.6655879992,1301976958.0,9561685,9561802
9561802,41.8668228822,-87.6652399049,1301976960.0,9561746,9561859
9561859,41.8668335704,-87.664871851,1301976962.0,9561802,9561916
9561916,41.8668422381,-87.6644948005,1301976964.0,9561859,9561967
9561967,41.8668474347,-87.664105771,1301976966.0,9561916,9562028
9562028,41.8668539355,-87.6637007832,1301976968.0,9561967,9562094
9562094,41.8668597463,-87.663290802,1301976970.0,9562028,9562158
9562158,41.8668666627,-87.6628888291,1301976972.0,9562094,9562222
9562222,41.8668720857,-87.6624978383,1301976974.0,9562158,9562281
9562281,41.8668744284,-87.6621108933,1301976976.0,9562222,9562339
9562339,41.8668710188,-87.6617230638,1301976978.0,9562281,9562395
9562395,41.8668703985,-87.6613200659,1301976980.0,9562339,9562433
9562433,41.8668772372,-87.6609120617,1301976982.0,9562395,9562441
9562441,41.8668909552,-87.6605039165,1301976984.0,9562433,9562477
9562477,41.866906793,-87.6601008294,1301976986.0,9562441,9562538
9562538,41.8669179841,-87.6597118033,1301976988.0,9562477,9562604
9562604,41.8669207213,-87.6593278666,1301976990.0,9562538,9562661
9562661,41.8669171957,-87.6589399743,1301976992.0,9562604,9562717
9562717,41.8669169777,-87.6585480353,1301976994.0,9562661,9562774
9562774,41.8669155629,-87.6581550711,1301976996.0,9562717,9562826
9562826,41.8669190623,-87.6577881216,1301976998.0,9562774,9562885
9562885,41.8669206287,-87.6574491249,1301977000.0,9562826,9562947
9562947,41.8669154964,-87.6571481269,1301977002.0,9562885,9563047
9563047,41.8669047721,-87.6568261249,1301977005.0,9562947,9563425
9563425,41.8669092819,-87.6565522393,1301977017.0,9563047,9563521
9563521,41.8669315759,-87.6562149905,1301977020.0,9563425,9563580
9563580,41.8669356773,-87.6559329912,1301977022.0,9563521,9563646
9563646,41.8669444395,-87.6556240108,1301977024.0,9563580,9563715
9563715,41.8669520153,-87.6552850143,1301977026.0,9563646,9563782
9563782,41.8669537957,-87.6549210176,1301977028.0,9563715,9563845
9563845,41.8669563545,-87.6545580683,1301977030.0,9563782,9563911
9563911,41.8669659472,-87.6542090451,1301977032.0,9563845,9563974
9563974,41.8669708347,-87.6538721401,1301977034.0,9563911,9564035
9564035,41.8669745839,-87.6535371269,1301977036.0,9563974,9564101
9564101,41.8669776153,-87.6532151033,1301977038.0,9564035,9564169
9564169,41.8669809332,-87.652894034,1301977040.0,9564101,9564242
9564242,41.8669841898,-87.6525740557,1301977042.0,9564169,9564311
9564311,41.8669881805,-87.6522580563,1301977044.0,9564242,9564384
9564384,41.8669990041,-87.6519630641,1301977046.0,9564311,9564451
9564451,41.8670075074,-87.6517044585,1301977048.0,9564384,9564553
9564553,41.8670352089,-87.6514089205,1301977051.0,9564451,9564707
9564707,41.8670136006,-87.6511500449,1301977056.0,9564553,9565706
9565706,41.8672084394,-87.6509881496,1301977085.0,9564707,9565815
9565815,41.8674632462,-87.6509943912,1301977088.0,9565706,9565890
9565890,41.8676930194,-87.6510028756,1301977090.0,9565815,9565964
9565964,41.8679519567,-87.6510125046,1301977092.0,9565890,9566036
9566036,41.8682289572,-87.6510226147,1301977094.0,9565964,9566106
9566106,41.86849999,-87.6510362779,1301977096.0,9566036,9566181
9566181,41.8687619764,-87.6510433512,1301977098.0,9566106,9566248
9566248,41.869000957,-87.6510578239,1301977100.0,9566181,9566317
9566317,41.8691949791,-87.6510807912,1301977102.0,9566248,9566472
9566472,41.869383881,-87.6510975487,1301977106.0,9566317,9567138
9567138,41.869458135,-87.6508435497,1301977124.0,9566472,9567245
9567245,41.8694508733,-87.6505017614,1301977127.0,9567138,9567320
9567320,41.8694492832,-87.6502160171,1301977129.0,9567245,9567389
9567389,41.8694562898,-87.6498790962,1301977131.0,9567320,9567455
9567455,41.8694621606,-87.6495001022,1301977133.0,9567389,9567532
9567532,41.8694653443,-87.64909507,1301977135.0,9567455,9567590
9567590,41.8694703982,-87.6486950246,1301977137.0,9567532,9567668
9567668,41.869473336,-87.6483162545,1301977139.0,9567590,9567745
9567745,41.8694715744,-87.6479591641,1301977141.0,9567668,9567816
9567816,41.8694723922,-87.6476351211,1301977143.0,9567745,9567889
9567889,41.869472775,-87.6473685091,1301977145.0,9567816,9568002
9568002,41.8694732517,-87.6471116739,1301977148.0,9567889,9568182
9568182,41.8693307497,-87.6469618714,1301977153.0,9568002,9568256
9568256,41.8690967725,-87.6469979281,1301977156.0,9568182,9568334
9568334,41.8688767399,-87.6470060299,1301977158.0,9568256,9568394
9568394,41.86862476,-87.647008947,1301977160.0,9568334,9568471
9568471,41.8683539162,-87.6470080137,1301977162.0,9568394,9568547
9568547,41.8680932167,-87.6470125491,1301977164.0,9568471,9568622
9568622,41.8678421133,-87.6470209077,1301977166.0,9568547,9568697
9568697,41.8676249337,-87.6470228899,1301977168.0,9568622,9568817
9568817,41.8673813728,-87.6470281768,1301977171.0,9568697,9569554
9569554,41.8671867008,-87.6471357916,1301977191.0,9568817,9569668
9569668,41.8671602041,-87.6474156507,1301977194.0,9569554,9569742
9569742,41.8671600277,-87.6476841925,1301977196.0,9569668,9569813
9569813,41.8671541926,-87.6480071957,1301977198.0,9569742,9569887
9569887,41.8671525418,-87.6483712705,1301977200.0,9569813,9569959
9569959,41.8671529111,-87.648769259,1301977202.0,9569887,9570033
9570033,41.8671468967,-87.649200308,1301977204.0,9569959,9570108
9570108,41.8671379881,-87.649628156,1301977206.0,9570033,9570181
9570181,41.8671266983,-87.6500252384,1301977208.0,9570108,9570248
9570248,41.8671173341,-87.650378194,1301977210.0,9570181,9570318
9570318,41.8670996111,-87.6506792354,1301977212.0,9570248,9570428
9570428,41.8670718259,-87.6509892838,1301977215.0,9570318,9570580
9570580,41.8668695012,-87.6511167776,1301977219.0,9570428,9570694
9570694,41.866600753,-87.6510869229,1301977222.0,9570580,9570769
9570769,41.8663708192,-87.6510810713,1301977224.0,9570694,9570846
9570846,41.8661078379,-87.6510711764,1301977226.0,9570769,9570915
9570915,41.8658168521,-87.6510593091,1301977228.0,9570846,9570987
9570987,41.8655168596,-87.6510449038,1301977230.0,9570915,9571060
9571060,41.8652358664,-87.6510400427,1301977232.0,9570987,9571133
9571133,41.8649968847,-87.6510362402,1301977234.0,9571060,9571240
9571240,41.8647798347,-87.6510209133,1301977237.0,9571133,9571424
9571424,41.8645968209,-87.6510053668,1301977242.0,9571240,9571536
9571536,41.8643589485,-87.6509979589,1301977245.0,9571424,9571611
9571611,41.8641568822,-87.6509872244,1301977247.0,9571536,9571682
9571682,41.8639588754,-87.6509757645,1301977249.0,9571611,9571790
9571790,41.8637067349,-87.6509598446,1301977252.0,9571682,9571934
9571934,41.8635229779,-87.6508713725,1301977256.0,9571790,9572179
9572179,41.8635139779,-87.6505798446,1301977263.0,9571934,9572328
9572328,41.8635134044,-87.650295966,1301977267.0,9572179,9572476
9572476,41.8635285391,-87.6500182239,1301977271.0,9572328,9572660
9572660,41.863698088,-87.649907346,1301977276.0,9572476,9572875
9572875,41.8638647714,-87.650064074,1301977282.0,9572660,None
