22817982,41.8742711141,-87.6566741051,1303409343.0,None,22818627
22818627,41.8742784146,-87.6569152471,1303409370.0,22817982,22818700
22818700,41.8742805716,-87.6571592887,1303409373.0,22818627,22818783
22818783,41.8742777943,-87.6574101457,1303409376.0,22818700,22818890
22818890,41.8742714577,-87.6577012174,1303409380.0,22818783,22819240
22819240,41.87427201,-87.6579633012,1303409393.0,22818890,22819314
22819314,41.8742693623,-87.6582673132,1303409396.0,22819240,22819393
22819393,41.8742644703,-87.6585762242,1303409399.0,22819314,22819467
22819467,41.8742635021,-87.658841218,1303409402.0,22819393,22819576
22819576,41.8742622325,-87.6591482163,1303409406.0,22819467,22819666
22819666,41.8742621741,-87.6594081995,1303409409.0,22819576,22819749
22819749,41.8742590311,-87.6597061968,1303409412.0,22819666,22819834
22819834,41.8742492302,-87.6600262044,1303409415.0,22819749,22819918
22819918,41.8742412578,-87.6603912161,1303409418.0,22819834,22819975
22819975,41.8742250553,-87.6606452171,1303409420.0,22819918,22820068
22820068,41.8742027855,-87.6609982157,1303409423.0,22819975,22820157
22820157,41.8741923449,-87.6613002317,1303409426.0,22820068,22820360
22820360,41.8741861035,-87.6615652337,1303409433.0,22820157,22820475
22820475,41.874174395,-87.6618152161,1303409437.0,22820360,22820569
22820569,41.8741672021,-87.6621031892,1303409440.0,22820475,22820662
22820662,41.8741578149,-87.6624491714,1303409443.0,22820569,22820727
22820727,41.8741504536,-87.6626991625,1303409445.0,22820662,22820789
22820789,41.8741452643,-87.66296407,1303409447.0,22820727,22820847
22820847,41.8741430955,-87.6632389929,1303409449.0,22820789,22820905
22820905,41.8741427865,-87.6635259009,1303409451.0,22820847,22820961
22820961,41.8741357194,-87.6638258974,1303409453.0,22820905,22821023
22821023,41.8741449049,-87.6641068903,1303409455.0,22820961,22821087
22821087,41.8741762739,-87.6643517863,1303409457.0,22821023,22821182
22821182,41.8742054904,-87.6647057158,1303409460.0,22821087,22821246
22821246,41.8742029011,-87.6649588173,1303409462.0,22821182,22821341
22821341,41.8742014427,-87.6653140133,1303409465.0,22821246,22821404
22821404,41.8741970112,-87.6656491351,1303409468.0,22821341,22821497
22821497,41.8742177795,-87.6659141484,1303409471.0,22821404,22821661
22821661,41.8742328592,-87.6661872619,1303409476.0,22821497,22821787
22821787,41.8742141287,-87.6664596851,1303409480.0,22821661,22821916
22821916,41.8742059463,-87.6667135688,1303409484.0,22821787,22822045
22822045,41.8741196695,-87.6669823755,1303409488.0,22821916,22822148
22822148,41.8740857288,-87.6672801637,1303409491.0,22822045,22822241
22822241,41.8740205766,-87.6675871777,1303409494.0,22822148,22822333
22822333,41.8739454196,-87.6679121182,1303409497.0,22822241,22822397
22822397,41.8739383968,-87.6681729472,1303409499.0,22822333,22822567
22822567,41.8739350053,-87.6684251288,1303409504.0,22822397,22822904
22822904,41.8737219854,-87.6683442841,1303409514.0,22822567,22823026
22823026,41.8734660221,-87.6683969192,1303409518.0,22822904,22823122
22823122,41.8732369831,-87.6684960071,1303409521.0,22823026,22823193
22823193,41.8731230132,-87.6686850073,1303409523.0,22823122,22823335
22823335,41.8729328936,-87.6687855951,1303409527.0,22823193,22823473
22823473,41.8727559323,-87.6688801219,1303409531.0,22823335,22823587
22823587,41.8725670223,-87.6690178648,1303409534.0,22823473,22823657
22823657,41.8723850372,-87.6690379605,1303409536.0,22823587,22823721
22823721,41.8721658938,-87.6690644997,1303409538.0,22823657,22823788
22823788,41.8719846665,-87.6690928236,1303409540.0,22823721,22823894
22823894,41.8717753854,-87.6691083239,1303409543.0,22823788,22823984
22823984,41.8715871937,-87.6690805075,1303409546.0,22823894,22824128
22824128,41.8714013378,-87.6691315227,1303409550.0,22823984,22824242
22824242,41.8712093413,-87.6691698681,1303409553.0,22824128,22824357
22824357,41.8709513468,-87.6691431646,1303409556.0,22824242,22824428
22824428,41.87076333,-87.6691192961,1303409558.0,22824357,22824480
22824480,41.8705772253,-87.6691178543,1303409560.0,22824428,22824552
22824552,41.8703901475,-87.6691301384,1303409562.0,22824480,22824619
22824619,41.8702011437,-87.6691453385,1303409564.0,22824552,22824687
22824687,41.8700101712,-87.6691462735,1303409566.0,22824619,22824757
22824757,41.8698221215,-87.6691388303,1303409568.0,22824687,22824870
22824870,41.8695741313,-87.6691202839,1303409571.0,22824757,22824973
22824973,41.8693441171,-87.6691527448,1303409574.0,22824870,22825011
22825011,41.8691482033,-87.6692329907,1303409579.0,22824973,22825039
22825039,41.86915008,-87.6694825697,1303409584.0,22825011,22825110
22825110,41.8691209714,-87.6697392448,1303409593.0,22825039,22825200
22825200,41.8689440739,-87.6698690643,1303409602.0,22825110,22825318
22825318,41.8688472525,-87.6700920562,1303409612.0,22825200,22825453
22825453,41.8688882078,-87.6703410337,1303409622.0,22825318,22825586
22825586,41.8689628062,-87.6705710191,1303409631.0,22825453,22825935
22825935,41.8690129766,-87.6708120958,1303409652.0,22825586,22826231
22826231,41.8690576215,-87.6710499162,1303409668.0,22825935,22826500
22826500,41.8689840031,-87.6712840867,1303409682.0,22826231,22826917
22826917,41.8690225915,-87.671575181,1303409702.0,22826500,22826942
22826942,41.8690301225,-87.6718240241,1303409704.0,22826917,22826986
22826986,41.8690351787,-87.6720819598,1303409706.0,22826942,22827026
22827026,41.8690331729,-87.6723349746,1303409708.0,22826986,22827079
22827079,41.8690621161,-87.672633948,1303409711.0,22827026,22827219
22827219,41.8690872294,-87.6728829371,1303409717.0,22827079,22827550
22827550,41.8691066243,-87.6731540413,1303409731.0,22827219,22827596
22827596,41.8691067929,-87.6734028621,1303409733.0,22827550,22827643
22827643,41.8690987892,-87.6736549939,1303409735.0,22827596,22827693
22827693,41.8690920519,-87.673909208,1303409737.0,22827643,22827741
22827741,41.8690831354,-87.6741901117,1303409739.0,22827693,22827793
22827793,41.8690738899,-87.6744770771,1303409741.0,22827741,22827843
22827843,41.8690646785,-87.6747570911,1303409743.0,22827793,22827899
22827899,41.8690542954,-87.6750270706,1303409745.0,22827843,22827949
22827949,41.8690470479,-87.675283014,1303409747.0,22827899,22828023
22828023,41.8690372555,-87.6756259175,1303409750.0,22827949,22828123
22828123,41.8690200387,-87.6758809971,1303409754.0,22828023,22828628
22828628,41.8689530636,-87.6761140582,1303409773.0,22828123,22829218
22829218,41.8690401488,-87.6763380552,1303409795.0,22828628,22829315
22829315,41.8692370843,-87.6763260953,1303409798.0,22829218,22829409
22829409,41.8694769057,-87.6763224971,1303409801.0,22829315,22829477
22829477,41.8697049982,-87.6763217288,1303409804.0,22829409,22829560
22829560,41.8699000257,-87.6763193774,1303409807.0,22829477,22829685
22829685,41.8701190624,-87.6763157467,1303409811.0,22829560,22829779
22829779,41.8703501239,-87.6763108218,1303409814.0,22829685,22829869
22829869,41.8705621088,-87.6762878534,1303409817.0,22829779,22829952
22829952,41.870805043,-87.6762870671,1303409820.0,22829869,22830039
22830039,41.8710470457,-87.6762945081,1303409823.0,22829952,22830130
22830130,41.8712240076,-87.6762384935,1303409826.0,22830039,22830248
22830248,41.8713460006,-87.6760071113,1303409830.0,22830130,22830376
22830376,41.8713631646,-87.6757111255,1303409834.0,22830248,22830468
22830468,41.871362884,-87.6754550952,1303409837.0,22830376,22830645
22830645,41.8714117226,-87.6752173801,1303409843.0,22830468,22831141
22831141,41.8715017786,-87.6749524306,1303409859.0,22830645,22831269
22831269,41.871520357,-87.6746227837,1303409863.0,22831141,22831360
22831360,41.8715317947,-87.6743348797,1303409866.0,22831269,22831483
22831483,41.8715409614,-87.6740511353,1303409870.0,22831360,22831689
22831689,41.8715748162,-87.6738058771,1303409876.0,22831483,22832541
22832541,41.8717208598,-87.6736539035,1303409902.0,22831689,22832705
22832705,41.871736718,-87.6734118424,1303409907.0,22832541,22832812
22832812,41.8717383474,-87.673161831,1303409910.0,22832705,22832913
22832913,41.8717296679,-87.6729007765,1303409913.0,22832812,22833017
22833017,41.8716826859,-87.672567941,1303409916.0,22832913,22833124
22833124,41.8716376103,-87.672289918,1303409919.0,22833017,22833322
22833322,41.8715797191,-87.6720458584,1303409925.0,22833124,22833500
22833500,41.8715337255,-87.6717476436,1303409930.0,22833322,22833613
22833613,41.8715393073,-87.6714848591,1303409933.0,22833500,22833715
22833715,41.8715361824,-87.6712259148,1303409936.0,22833613,22833817
22833817,41.871533235,-87.6709841863,1303409939.0,22833715,22833958
22833958,41.8715367509,-87.6707241084,1303409943.0,22833817,22834100
22834100,41.8715428015,-87.6704199707,1303409947.0,22833958,22834211
22834211,41.8715565146,-87.6701726587,1303409950.0,22834100,22834354
22834354,41.871578843,-87.669897713,1303409954.0,22834211,22834539
22834539,41.8715853559,-87.6696348457,1303409959.0,22834354,22834875
22834875,41.8715979912,-87.6693765107,1303409968.0,22834539,22835061
22835061,41.8717257993,-87.6691730167,1303409973.0,22834875,22835200
22835200,41.871913084,-87.6690913594,1303409977.0,22835061,22835382
22835382,41.8720960085,-87.6690051397,1303409982.0,22835200,22835678
22835678,41.872300973,-87.6690463086,1303409990.0,22835382,22835832
22835832,41.8724790048,-87.6691991592,1303409994.0,22835678,22835941
22835941,41.8726320248,-87.6693348965,1303409997.0,22835832,22836053
22836053,41.8728230205,-87.6694329175,1303410000.0,22835941,22836155
22836155,41.8730640466,-87.6694919571,1303410003.0,22836053,22836250
22836250,41.8732960102,-87.669546898,1303410006.0,22836155,22836330
22836330,41.8735019708,-87.6695948689,1303410009.0,22836250,22836460
22836460,41.8736940002,-87.6696340001,1303410013.0,22836330,22836615
22836615,41.8739140513,-87.6696429892,1303410017.0,22836460,22836751
22836751,41.8741135524,-87.6697509909,1303410021.0,22836615,22837468
22837468,41.8740860615,-87.6700150023,1303410041.0,22836751,22837722
22837722,41.8740073137,-87.6697950782,1303410048.0,22837468,22837831
22837831,41.8739871427,-87.6694890412,1303410051.0,22837722,22837944
22837944,41.8739139945,-87.6692579926,1303410054.0,22837831,22838048
22838048,41.8739845258,-87.6688730705,1303410057.0,22837944,22838117
22838117,41.8740926514,-87.6685740582,1303410059.0,22838048,22838184
22838184,41.874166624,-87.6683340904,1303410061.0,22838117,22838274
22838274,41.8742218886,-87.6680829596,1303410064.0,22838184,22838497
22838497,41.8742334199,-87.6678188384,1303410089.0,22838274,22838528
22838528,41.8742454972,-87.6675759442,1303410092.0,22838497,22838551
22838551,41.8742400724,-87.6672238708,1303410095.0,22838528,22838575
22838575,41.8742404037,-87.6669388505,1303410097.0,22838551,22838597
22838597,41.8742525518,-87.6666638375,1303410099.0,22838575,22838622
22838622,41.8742570337,-87.6663887722,1303410101.0,22838597,22838648
22838648,41.8742492174,-87.6660848882,1303410103.0,22838622,22838672
22838672,41.8742427657,-87.6657648875,1303410105.0,22838648,22838699
22838699,41.8742078486,-87.6653589745,1303410107.0,22838672,22838727
22838727,41.8741771156,-87.6649650296,1303410109.0,22838699,22838753
22838753,41.874154807,-87.6645890199,1303410111.0,22838727,22838781
22838781,41.8741433866,-87.6642519878,1303410113.0,22838753,22838809
22838809,41.8741249744,-87.6639049405,1303410115.0,22838781,22838838
22838838,41.8741108183,-87.6635839219,1303410117.0,22838809,22838868
22838868,41.8741060005,-87.6632799487,1303410119.0,22838838,22838899
22838899,41.8741106036,-87.6629839919,1303410121.0,22838868,22838930
22838930,41.8741118527,-87.6627139975,1303410123.0,22838899,22838960
22838960,41.8741168364,-87.6624699855,1303410125.0,22838930,22839009
22839009,41.8741163955,-87.6621750322,1303410128.0,22838960,22839337
22839337,41.8741223921,-87.6618840537,1303410147.0,22839009,22839390
22839390,41.8741391118,-87.661618976,1303410150.0,22839337,22839429
22839429,41.8741458311,-87.6613699707,1303410152.0,22839390,22839467
22839467,41.874147383,-87.6610879655,1303410154.0,22839429,22839507
22839507,41.8741505301,-87.6607899744,1303410156.0,22839467,22839544
22839544,41.8741528089,-87.6604809911,1303410158.0,22839507,22839583
22839583,41.8741559493,-87.6601749979,1303410160.0,22839544,22839623
22839623,41.8741546227,-87.6598740102,1303410162.0,22839583,22839664
22839664,41.874160326,-87.6595620161,1303410164.0,22839623,22839704
22839704,41.8741652829,-87.6592550223,1303410166.0,22839664,22839745
22839745,41.8741693531,-87.6589559978,1303410168.0,22839704,22839786
22839786,41.8741680772,-87.6586610014,1303410170.0,22839745,22839819
22839819,41.8741693838,-87.6583790292,1303410172.0,22839786,22839863
22839863,41.8741705883,-87.6581060436,1303410174.0,22839819,22839906
22839906,41.8741771581,-87.6578510251,1303410176.0,22839863,22839948
22839948,41.8741843167,-87.6576040938,1303410178.0,22839906,22840009
22840009,41.8741888226,-87.6572951064,1303410181.0,22839948,22840375
22840375,41.8742153842,-87.6569979371,1303410202.0,22840009,22840444
22840444,41.8742240688,-87.6567442455,1303410205.0,22840375,22840509
22840509,41.8742350286,-87.6563910131,1303410208.0,22840444,22840558
22840558,41.8742392436,-87.6561137936,1303410210.0,22840509,22840605
22840605,41.8742454865,-87.6558266862,1303410212.0,22840558,22840651
22840651,41.8742503849,-87.6555347548,1303410214.0,22840605,22840698
22840698,41.8742566872,-87.6552427773,1303410216.0,22840651,22840740
22840740,41.8742634975,-87.6549387173,1303410218.0,22840698,22840788
22840788,41.8742686096,-87.654636714,1303410220.0,22840740,22840836
22840836,41.8742711496,-87.6543377853,1303410222.0,22840788,22840889
22840889,41.8742706072,-87.6540418458,1303410224.0,22840836,22840940
22840940,41.8742717674,-87.6537519717,1303410226.0,22840889,22840987
22840987,41.8742774651,-87.6534659962,1303410228.0,22840940,22841035
22841035,41.874285828,-87.6531959191,1303410230.0,22840987,22841085
22841085,41.8742914812,-87.6529368979,1303410232.0,22841035,22841135
22841135,41.8742943739,-87.6526939165,1303410234.0,22841085,22841215
22841215,41.8742963092,-87.6523839949,1303410237.0,22841135,22841953
22841953,41.8742977659,-87.6521388535,1303410265.0,22841215,22842293
22842293,41.8743238062,-87.6518673751,1303410277.0,22841953,22842399
22842399,41.8743497703,-87.6515584021,1303410281.0,22842293,22842476
22842476,41.8743594703,-87.6512094745,1303410284.0,22842399,22842534
22842534,41.8743533078,-87.6509555683,1303410286.0,22842476,22842580
22842580,41.8743533144,-87.6506976613,1303410288.0,22842534,22842645
22842645,41.8743532848,-87.6504487325,1303410290.0,22842580,22842735
22842735,41.8743473917,-87.6501488421,1303410293.0,22842645,22842902
22842902,41.8743493084,-87.6498597828,1303410299.0,22842735,22842993
22842993,41.8743794544,-87.6495786221,1303410303.0,22842902,22843091
22843091,41.8743944163,-87.6492835672,1303410306.0,22842993,22843191
22843191,41.8744010985,-87.6489276154,1303410309.0,22843091,22843279
22843279,41.874399647,-87.6485760802,1303410312.0,22843191,22843353
22843353,41.8743753827,-87.6482632523,1303410315.0,22843279,22843445
22843445,41.8743499572,-87.6479320384,1303410318.0,22843353,22843536
22843536,41.8743141977,-87.6475848362,1303410321.0,22843445,22843634
22843634,41.8742338263,-87.6473309922,1303410324.0,22843536,22843728
22843728,41.8740690036,-87.6472207828,1303410327.0,22843634,22843814
22843814,41.873847935,-87.6472123847,1303410330.0,22843728,22843904
22843904,41.8735780721,-87.6472266522,1303410333.0,22843814,22843967
22843967,41.8733831185,-87.6472504145,1303410335.0,22843904,22844039
22844039,41.8731801605,-87.6472802945,1303410337.0,22843967,22844100
22844100,41.8729900893,-87.6473026452,1303410339.0,22844039,22844182
22844182,41.8727320011,-87.6473748203,1303410342.0,22844100,22844280
22844280,41.8724700063,-87.6473510944,1303410345.0,22844182,22844378
22844378,41.8722451332,-87.647300143,1303410348.0,22844280,22844568
22844568,41.8720644034,-87.6472107435,1303410354.0,22844378,22845061
22845061,41.8718769322,-87.6471232473,1303410369.0,22844568,22845185
22845185,41.8716520456,-87.647118717,1303410373.0,22845061,22845287
22845287,41.8714001129,-87.6471210908,1303410376.0,22845185,22845357
22845357,41.8712061399,-87.6471228202,1303410378.0,22845287,22845428
22845428,41.8709981662,-87.6471216494,1303410380.0,22845357,22845496
22845496,41.8707931499,-87.6471187055,1303410382.0,22845428,22845561
22845561,41.8705941818,-87.6471153731,1303410384.0,22845496,22845630
22845630,41.8703972467,-87.6471066259,1303410386.0,22845561,22845693
22845693,41.8702091782,-87.6470980911,1303410388.0,22845630,22845753
22845753,41.8700220509,-87.6470829791,1303410390.0,22845693,22845825
22845825,41.8698271751,-87.6470681949,1303410392.0,22845753,22845875
22845875,41.8696152057,-87.6470691395,1303410394.0,22845825,22845939
22845939,41.8693936629,-87.6470697749,1303410396.0,22845875,22846011
22846011,41.8691629439,-87.6470647314,1303410398.0,22845939,22846083
22846083,41.8689239791,-87.6470568319,1303410400.0,22846011,22846155
22846155,41.8686850592,-87.6470528026,1303410402.0,22846083,22846230
22846230,41.8684560306,-87.6470520799,1303410404.0,22846155,22846297
22846297,41.8682350187,-87.6470477759,1303410406.0,22846230,22846361
22846361,41.8680151798,-87.6470433421,1303410408.0,22846297,22846431
22846431,41.867817123,-87.6470405155,1303410410.0,22846361,22846535
22846535,41.8676049101,-87.6470245946,1303410413.0,22846431,None
