46528149,41.8694416203,-87.6569127694,1302465053.0,None,46528944
46528944,41.869575752,-87.656745255,1302465076.0,46528149,46529011
46529011,41.8697813305,-87.6567623628,1302465079.0,46528944,46529099
46529099,41.8700362434,-87.6567794304,1302465082.0,46529011,46529167
46529167,41.8702231537,-87.6567864938,1302465084.0,46529099,46529234
46529234,41.8704191118,-87.6567910608,1302465086.0,46529167,46529298
46529298,41.8706231089,-87.6567945306,1302465088.0,46529234,46529359
46529359,41.8708231833,-87.6568033811,1302465090.0,46529298,46529428
46529428,41.8710211826,-87.6568106844,1302465092.0,46529359,46529491
46529491,41.8712141409,-87.6568145707,1302465094.0,46529428,46529545
46529545,41.8713981138,-87.6568141035,1302465096.0,46529491,46529648
46529648,41.8716530039,-87.6568087747,1302465099.0,46529545,46529755
46529755,41.8718940662,-87.6567986869,1302465102.0,46529648,46529893
46529893,41.8721050485,-87.6567890942,1302465106.0,46529755,46530085
46530085,41.8723119605,-87.6567826072,1302465112.0,46529893,46530191
46530191,41.8725119144,-87.6567752832,1302465115.0,46530085,46530298
46530298,41.8727488647,-87.6567645003,1302465118.0,46530191,46530404
46530404,41.8730119844,-87.6567440784,1302465121.0,46530298,46530512
46530512,41.8732759895,-87.656729417,1302465124.0,46530404,46530623
46530623,41.8735260203,-87.6567286578,1302465127.0,46530512,46530718
46530718,41.8737580257,-87.6567336142,1302465130.0,46530623,46530818
46530818,41.8739429702,-87.6567367257,1302465133.0,46530718,46531041
46531041,41.8741470191,-87.6567293223,1302465139.0,46530818,46531213
46531213,41.8742348817,-87.6564541227,1302465144.0,46531041,46531314
46531314,41.8742376073,-87.6561838196,1302465147.0,46531213,46531423
46531423,41.8742433587,-87.6558776956,1302465150.0,46531314,46531527
46531527,41.8742491164,-87.6555487699,1302465153.0,46531423,46531626
46531626,41.8742587643,-87.6550797768,1302465157.0,46531527,46531743
46531743,41.8742662247,-87.6547167464,1302465160.0,46531626,46531817
46531817,41.8742691712,-87.6544667763,1302465162.0,46531743,46531886
46531886,41.8742735588,-87.6542147779,1302465164.0,46531817,46531957
46531957,41.8742773077,-87.653964752,1302465166.0,46531886,46532033
46532033,41.8742798137,-87.6537127787,1302465168.0,46531957,46532097
46532097,41.8742829176,-87.6534628249,1302465170.0,46532033,46532169
46532169,41.8742872992,-87.6532198692,1302465172.0,46532097,46532263
46532263,41.8742941752,-87.6528658609,1302465175.0,46532169,46532364
46532364,41.8742992151,-87.6525338904,1302465178.0,46532263,46532468
46532468,41.8743034747,-87.6522448039,1302465181.0,46532364,46532613
46532613,41.8743113142,-87.6519546044,1302465185.0,46532468,46532720
46532720,41.8743188732,-87.6516976213,1302465188.0,46532613,46532827
46532827,41.8743241306,-87.6513907808,1302465191.0,46532720,46532936
46532936,41.8743320615,-87.651053802,1302465194.0,46532827,46533041
46533041,41.8743400082,-87.6507028127,1302465197.0,46532936,46533140
46533140,41.8743453461,-87.650348797,1302465200.0,46533041,46533247
46533247,41.8743519247,-87.649999704,1302465203.0,46533140,46533350
46533350,41.8743599195,-87.649654909,1302465206.0,46533247,46533461
46533461,41.8743638994,-87.6493059738,1302465209.0,46533350,46533568
46533568,41.874372935,-87.6489508077,1302465212.0,46533461,46533682
46533682,41.8743793883,-87.6485939875,1302465215.0,46533568,46533780
46533780,41.8743690969,-87.6482540675,1302465218.0,46533682,46533874
46533874,41.8743395602,-87.6479216341,1302465221.0,46533780,46533973
46533973,41.8743105248,-87.6476106192,1302465224.0,46533874,46534112
46534112,41.8742828379,-87.6473322334,1302465228.0,46533973,46534293
46534293,41.8741341655,-87.6471985224,1302465233.0,46534112,46534398
46534398,41.8739569564,-87.6471895876,1302465236.0,46534293,46534500
46534500,41.8737288378,-87.6471880385,1302465239.0,46534398,46534604
46534604,41.8734768506,-87.647184114,1302465242.0,46534500,46534701
46534701,41.8732149526,-87.6471801731,1302465245.0,46534604,46534772
46534772,41.8730330445,-87.6471759894,1302465247.0,46534701,46534843
46534843,41.872848109,-87.6471706744,1302465249.0,46534772,46534914
46534914,41.8726621298,-87.647164572,1302465251.0,46534843,46534981
46534981,41.872478136,-87.6471592434,1302465253.0,46534914,46535050
46535050,41.8722970736,-87.647156479,1302465255.0,46534981,46535119
46535119,41.8721162397,-87.6471497871,1302465257.0,46535050,46535196
46535196,41.8719331597,-87.6471398246,1302465259.0,46535119,46535252
46535252,41.8717471213,-87.6471314559,1302465261.0,46535196,46535312
46535312,41.87155914,-87.6471248979,1302465263.0,46535252,46535381
46535381,41.8713681121,-87.6471194827,1302465265.0,46535312,46535454
46535454,41.8711761075,-87.64711539,1302465267.0,46535381,46535528
46535528,41.8709841088,-87.6471110529,1302465269.0,46535454,46535597
46535597,41.8707950999,-87.6471073033,1302465271.0,46535528,46535671
46535671,41.8706151273,-87.6471030614,1302465273.0,46535597,46535775
46535775,41.8703632363,-87.6470964529,1302465276.0,46535671,46535871
46535871,41.8701301438,-87.6470924561,1302465279.0,46535775,46535966
46535966,41.8699490688,-87.6470882248,1302465282.0,46535871,46536886
46536886,41.869733438,-87.6470869748,1302465308.0,46535966,46536994
46536994,41.8695501643,-87.6470819356,1302465311.0,46536886,46537102
46537102,41.8693222286,-87.6470776553,1302465314.0,46536994,46537203
46537203,41.869075015,-87.6470715538,1302465317.0,46537102,46537305
46537305,41.8688130928,-87.6470655993,1302465320.0,46537203,46537370
46537370,41.8686301348,-87.6470609204,1302465322.0,46537305,46537442
46537442,41.8684460454,-87.6470545627,1302465324.0,46537370,46537516
46537516,41.8682659956,-87.6470536926,1302465326.0,46537442,46537614
46537614,41.8680110126,-87.6470665634,1302465329.0,46537516,46537719
46537719,41.8677740586,-87.6470714919,1302465332.0,46537614,46537823
46537823,41.8675591819,-87.6470680975,1302465335.0,46537719,46538246
46538246,41.8673705587,-87.6470608991,1302465347.0,46537823,46538870
46538870,41.8671942178,-87.6471808468,1302465365.0,46538246,46538978
46538978,41.8671840996,-87.6474245667,1302465368.0,46538870,46539078
46539078,41.8671807501,-87.6477492117,1302465371.0,46538978,46539152
46539152,41.8671797885,-87.647994227,1302465373.0,46539078,46539223
46539223,41.8671744768,-87.6482492539,1302465375.0,46539152,46539297
46539297,41.8671663882,-87.6485062998,1302465377.0,46539223,46539340
46539340,41.8671606727,-87.6487562555,1302465379.0,46539297,46539390
46539390,41.8671558312,-87.6490072682,1302465381.0,46539340,46539402
46539402,41.8671499438,-87.6492682967,1302465383.0,46539390,46539465
46539465,41.8671430097,-87.6495372267,1302465385.0,46539402,46539523
46539523,41.867140935,-87.6498032485,1302465387.0,46539465,46539587
46539587,41.8671359205,-87.6500542302,1302465389.0,46539523,46539687
46539687,41.8671306434,-87.6504051712,1302465392.0,46539587,46539785
46539785,41.8671080735,-87.6506941875,1302465395.0,46539687,None
