24607249,41.8689563901,-87.686105392,1303870306.0,None,24607928
24607928,41.8691483937,-87.6861849494,1303870328.0,24607249,24608053
24608053,41.8693600133,-87.6861818543,1303870332.0,24607928,24608166
24608166,41.8695761888,-87.6861841193,1303870335.0,24608053,24608284
24608284,41.8698422444,-87.6861825559,1303870338.0,24608166,24608359
24608359,41.8700472293,-87.6861905335,1303870340.0,24608284,24608432
24608432,41.8702571649,-87.6861974411,1303870342.0,24608359,24608497
24608497,41.8704671375,-87.6862011526,1303870344.0,24608432,24608557
24608557,41.8706621176,-87.6861993324,1303870346.0,24608497,24608620
24608620,41.8708431211,-87.686195427,1303870348.0,24608557,24608718
24608718,41.8710362782,-87.6861794765,1303870351.0,24608620,24609528
24609528,41.8712643586,-87.686165805,1303870374.0,24608718,24609641
24609641,41.8714754022,-87.6861808413,1303870377.0,24609528,24609710
24609710,41.8716563483,-87.6862030894,1303870379.0,24609641,24609775
24609775,41.8718533172,-87.6862186691,1303870381.0,24609710,24609843
24609843,41.8720602372,-87.686224425,1303870383.0,24609775,24609910
24609910,41.8722561903,-87.6862360149,1303870385.0,24609843,24609981
24609981,41.8724501666,-87.686242354,1303870387.0,24609910,24610052
24610052,41.872646179,-87.6862441153,1303870389.0,24609981,24610120
24610120,41.8728481727,-87.6862516,1303870391.0,24610052,24610191
24610191,41.8730411692,-87.6862555902,1303870393.0,24610120,24610264
24610264,41.8732291663,-87.6862664176,1303870395.0,24610191,24610372
24610372,41.8734800908,-87.6862858816,1303870398.0,24610264,24610478
24610478,41.8736638328,-87.6862738567,1303870401.0,24610372,24610766
24610766,41.8738322362,-87.6861466992,1303870409.0,24610478,24610905
24610905,41.873869414,-87.6858836935,1303870413.0,24610766,24611030
24611030,41.8739063565,-87.6855759306,1303870417.0,24610905,24611166
24611166,41.8739533015,-87.6853416972,1303870421.0,24611030,24611459
24611459,41.8739704616,-87.6850477643,1303870429.0,24611166,24611576
24611576,41.8739805974,-87.684784774,1303870432.0,24611459,24611679
24611679,41.8739764431,-87.6844438397,1303870435.0,24611576,24611781
24611781,41.8739723752,-87.6841087676,1303870438.0,24611679,24611885
24611885,41.873981678,-87.6838118722,1303870441.0,24611781,24611989
24611989,41.8739865431,-87.6835517966,1303870444.0,24611885,24612525
24612525,41.8738994839,-87.6833282362,1303870459.0,24611989,24612657
24612657,41.873903848,-87.6829742367,1303870463.0,24612525,24612728
24612728,41.8739059596,-87.6827242015,1303870465.0,24612657,24612802
24612802,41.8739128576,-87.682469135,1303870467.0,24612728,24612914
24612914,41.8739060397,-87.6821731036,1303870470.0,24612802,24613097
24613097,41.8739006739,-87.6818961162,1303870475.0,24612914,24613199
24613199,41.873923947,-87.6815853016,1303870478.0,24613097,24613260
24613260,41.8739360939,-87.6813032719,1303870480.0,24613199,24613328
24613328,41.8739471345,-87.6809552269,1303870482.0,24613260,24613401
24613401,41.873956182,-87.6805682644,1303870484.0,24613328,24613475
24613475,41.8739639634,-87.6801741971,1303870486.0,24613401,24613551
24613551,41.8739698074,-87.6797831543,1303870488.0,24613475,24613616
24613616,41.8739685241,-87.6794031642,1303870490.0,24613551,24613681
24613681,41.873967224,-87.6788612108,1303870493.0,24613616,24613750
24613750,41.8739694481,-87.6785132048,1303870495.0,24613681,24613824
24613824,41.8739810445,-87.6781661935,1303870497.0,24613750,24613903
24613903,41.87399242,-87.6778371618,1303870499.0,24613824,24613977
24613977,41.8740025861,-87.6775222087,1303870501.0,24613903,24614044
24614044,41.8740063055,-87.6772709863,1303870503.0,24613977,24614191
24614191,41.8740097134,-87.6769907085,1303870507.0,24614044,24615124
24615124,41.8740053236,-87.676733687,1303870534.0,24614191,24615288
24615288,41.8738946603,-87.6765318552,1303870539.0,24615124,24615390
24615390,41.8736827218,-87.6764856698,1303870542.0,24615288,24615463
24615463,41.8734856492,-87.6764617965,1303870544.0,24615390,24615540
24615540,41.8732575641,-87.6764361503,1303870546.0,24615463,24615618
24615618,41.8730096942,-87.6764018092,1303870548.0,24615540,24615697
24615697,41.8727586098,-87.6763651581,1303870550.0,24615618,24615768
24615768,41.8724896459,-87.676342267,1303870552.0,24615697,24615844
24615844,41.8722123225,-87.6763209801,1303870554.0,24615768,24615910
24615910,41.8719513146,-87.6763010571,1303870556.0,24615844,24615974
24615974,41.8717405141,-87.6762874689,1303870558.0,24615910,24616067
24616067,41.8715496457,-87.6762550607,1303870561.0,24615974,24616214
24616214,41.8714946565,-87.6759968252,1303870565.0,24616067,24616330
24616330,41.8714957676,-87.6757230461,1303870568.0,24616214,24616440
24616440,41.8714952824,-87.6753979197,1303870571.0,24616330,24616544
24616544,41.8715020319,-87.6750840444,1303870574.0,24616440,24616644
24616644,41.8715256767,-87.6748143013,1303870577.0,24616544,24616742
24616742,41.8715331879,-87.6745237084,1303870580.0,24616644,24616847
24616847,41.8715252659,-87.6741901255,1303870583.0,24616742,24616993
24616993,41.8715150988,-87.6739111882,1303870587.0,24616847,24617215
24617215,41.8715493985,-87.6736724736,1303870593.0,24616993,24617395
24617395,41.8715850842,-87.6733648819,1303870598.0,24617215,24617497
24617497,41.8716041286,-87.6730538581,1303870601.0,24617395,24617567
24617567,41.8716113803,-87.672796834,1303870603.0,24617497,24617642
24617642,41.8716014344,-87.6725066719,1303870605.0,24617567,24617706
24617706,41.8715842799,-87.6722028052,1303870607.0,24617642,24617768
24617768,41.8715731405,-87.671898995,1303870609.0,24617706,24617799
24617799,41.8715645231,-87.671586699,1303870611.0,24617768,24617867
24617867,41.8715658763,-87.6712846854,1303870613.0,24617799,24617937
24617937,41.8715682908,-87.6710098596,1303870615.0,24617867,24618008
24618008,41.8715695471,-87.6707469059,1303870617.0,24617937,24618074
24618074,41.8715605011,-87.6704989892,1303870619.0,24618008,24618139
24618139,41.8715481581,-87.6702077536,1303870621.0,24618074,24618202
24618202,41.8715426497,-87.6699583533,1303870623.0,24618139,24618266
24618266,41.8715377575,-87.6697146335,1303870625.0,24618202,24618365
24618365,41.8715328369,-87.6694245432,1303870628.0,24618266,24618504
24618504,41.8714363468,-87.6691891208,1303870632.0,24618365,24618639
24618639,41.8711992508,-87.6691381014,1303870636.0,24618504,24618748
24618748,41.8709452494,-87.6690824907,1303870639.0,24618639,24618816
24618816,41.8707380787,-87.6690437011,1303870641.0,24618748,24618888
24618888,41.8704859476,-87.6690180197,1303870643.0,24618816,24618952
24618952,41.8702328012,-87.6689935448,1303870645.0,24618888,24619020
24619020,41.8699917496,-87.668973974,1303870647.0,24618952,24619089
24619089,41.8697777905,-87.6689701904,1303870649.0,24619020,24619187
24619187,41.8695617427,-87.6689810106,1303870652.0,24619089,24620180
24620180,41.8693678103,-87.6689462226,1303870681.0,24619187,24620351
24620351,41.8691599029,-87.6688639394,1303870686.0,24620180,24620453
24620453,41.8689119251,-87.668806921,1303870689.0,24620351,24620517
24620517,41.8686929561,-87.668778117,1303870691.0,24620453,24620588
24620588,41.8684139405,-87.668772201,1303870693.0,24620517,24620659
24620659,41.8681299509,-87.6687655333,1303870695.0,24620588,24620724
24620724,41.8678599511,-87.6687688807,1303870697.0,24620659,24620786
24620786,41.8676129466,-87.6687931974,1303870699.0,24620724,24620855
24620855,41.8674299836,-87.6688084088,1303870701.0,24620786,24621060
24621060,41.8672419683,-87.6688476868,1303870707.0,24620855,None
