4723639,41.8673313701,-87.6470439438,1302649126.0,None,4724033
4724033,41.8672052397,-87.6472815439,1302649137.0,4723639,4724145
4724145,41.8671985672,-87.6475681606,1302649140.0,4724033,4724219
4724219,41.867195152,-87.6478161479,1302649142.0,4724145,4724297
4724297,41.8671952717,-87.6480861773,1302649144.0,4724219,4724362
4724362,41.8671936937,-87.6483511817,1302649146.0,4724297,4724433
4724433,41.8671939898,-87.6486000738,1302649148.0,4724362,4724511
4724511,41.8671905336,-87.6489119883,1302649151.0,4724433,4724647
4724647,41.8671884015,-87.6491779567,1302649155.0,4724511,4725276
4725276,41.8671836911,-87.6494309379,1302649172.0,4724647,4725380
4725380,41.8671785652,-87.6496800292,1302649175.0,4725276,4725489
4725489,41.8671751494,-87.6500049809,1302649178.0,4725380,4725601
4725601,41.8671698503,-87.6503300158,1302649181.0,4725489,4725704
4725704,41.867165855,-87.6505888445,1302649184.0,4725601,4725919
4725919,41.867164324,-87.6508398267,1302649190.0,4725704,4726526
4726526,41.8671580383,-87.6511506711,1302649212.0,4725919,4726625
4726625,41.8671572815,-87.6514278362,1302649215.0,4726526,4726736
4726736,41.8671533532,-87.6517743817,1302649218.0,4726625,4726804
4726804,41.8671496862,-87.6520299837,1302649220.0,4726736,4726869
4726869,41.867145106,-87.6523020103,1302649222.0,4726804,4726938
4726938,41.8671379558,-87.6525830957,1302649224.0,4726869,4727009
4727009,41.8671296166,-87.6528631511,1302649226.0,4726938,4727084
4727084,41.8671218088,-87.6531382741,1302649228.0,4727009,4727157
4727157,41.8671171323,-87.6534133234,1302649230.0,4727084,4727229
4727229,41.8671111006,-87.653692524,1302649232.0,4727157,4727303
4727303,41.8671090877,-87.6539922499,1302649234.0,4727229,4727377
4727377,41.8671086181,-87.6543150901,1302649236.0,4727303,4727445
4727445,41.8671066537,-87.6546588666,1302649238.0,4727377,4727497
4727497,41.8670945468,-87.6550010783,1302649240.0,4727445,4727566
4727566,41.8670879568,-87.6553661178,1302649242.0,4727497,4727641
4727641,41.8670835504,-87.65574001,1302649244.0,4727566,4727716
4727716,41.8670782159,-87.6561109997,1302649246.0,4727641,4727793
4727793,41.8670750838,-87.6564829765,1302649248.0,4727716,4727867
4727867,41.8670700807,-87.6568420366,1302649250.0,4727793,4727938
4727938,41.8670644334,-87.657197048,1302649252.0,4727867,4728012
4728012,41.8670589695,-87.6575600711,1302649254.0,4727938,4728075
4728075,41.8670520227,-87.657932049,1302649256.0,4728012,4728140
4728140,41.8670447287,-87.6583070917,1302649258.0,4728075,4728210
4728210,41.8670399913,-87.6586850404,1302649260.0,4728140,4728281
4728281,41.8670341176,-87.6590670353,1302649262.0,4728210,4728351
4728351,41.8670280571,-87.6594520432,1302649264.0,4728281,4728422
4728422,41.86702188,-87.6598409963,1302649266.0,4728351,4728493
4728493,41.8670163624,-87.660227012,1302649268.0,4728422,4728568
4728568,41.8670102276,-87.6606029759,1302649270.0,4728493,4728640
4728640,41.8670003282,-87.6613250778,1302649274.0,4728568,4728713
4728713,41.8669952674,-87.6616840986,1302649276.0,4728640,4728784
4728784,41.8669896284,-87.6620489601,1302649278.0,4728713,4728857
4728857,41.8669855094,-87.6624199853,1302649280.0,4728784,4728930
4728930,41.8669808085,-87.6627959772,1302649282.0,4728857,4728998
4728998,41.8669754231,-87.6631759889,1302649284.0,4728930,4729065
4729065,41.8669676756,-87.663549992,1302649286.0,4728998,4729136
4729136,41.8669615734,-87.6639139935,1302649288.0,4729065,4729204
4729204,41.8669555121,-87.664273985,1302649290.0,4729136,4729275
4729275,41.8669498187,-87.6646349855,1302649292.0,4729204,4729347
4729347,41.8669447651,-87.6649890175,1302649294.0,4729275,4729421
4729421,41.8669405827,-87.6653330633,1302649296.0,4729347,4729494
4729494,41.8669374651,-87.6656610477,1302649298.0,4729421,4729564
4729564,41.8669353912,-87.6659800239,1302649300.0,4729494,4729638
4729638,41.8669338205,-87.6662901908,1302649302.0,4729564,4729705
4729705,41.8669344113,-87.6665861809,1302649304.0,4729638,4729779
4729779,41.8669328754,-87.6668719827,1302649306.0,4729705,4729843
4729843,41.8669351008,-87.667151024,1302649308.0,4729779,4729915
4729915,41.8669370496,-87.6674290461,1302649310.0,4729843,4729987
4729987,41.8669402237,-87.667709075,1302649312.0,4729915,4730060
4730060,41.8669447937,-87.6679961184,1302649314.0,4729987,4730132
4730132,41.8669486238,-87.6682831386,1302649316.0,4730060,4730201
4730201,41.8669475583,-87.6685369568,1302649318.0,4730132,4730311
4730311,41.8669595112,-87.6687852884,1302649321.0,4730201,4730488
4730488,41.8671443551,-87.6689084705,1302649326.0,4730311,4730597
4730597,41.8673381135,-87.6689125114,1302649329.0,4730488,4730697
4730697,41.8676060061,-87.6689198353,1302649332.0,4730597,4730768
4730768,41.8678049797,-87.6689263421,1302649334.0,4730697,4730840
4730840,41.8680069699,-87.6689317679,1302649336.0,4730768,4730912
4730912,41.8682099396,-87.668938295,1302649338.0,4730840,4730982
4730982,41.8684119668,-87.6689427882,1302649340.0,4730912,4731054
4731054,41.8686029823,-87.6689515441,1302649342.0,4730982,4731165
4731165,41.8688591294,-87.6689566908,1302649345.0,4731054,4731276
4731276,41.8690617134,-87.6689528244,1302649348.0,4731165,4731485
4731485,41.8692460607,-87.6690509838,1302649354.0,4731276,4731609
4731609,41.8692671127,-87.6693247696,1302649358.0,4731485,4731719
4731719,41.8692497552,-87.6696018869,1302649361.0,4731609,4731828
4731828,41.8692405748,-87.6699415859,1302649364.0,4731719,4731937
4731937,41.8692377578,-87.6702900786,1302649367.0,4731828,4732038
4732038,41.8692388054,-87.6706239911,1302649370.0,4731937,4732144
4732144,41.8692373996,-87.6709121116,1302649373.0,4732038,4732289
4732289,41.8692387301,-87.6711987426,1302649377.0,4732144,4732653
4732653,41.8692292187,-87.671452726,1302649387.0,4732289,4732755
4732755,41.8691770074,-87.6717306267,1302649390.0,4732653,4732859
4732859,41.8691625567,-87.6721131444,1302649393.0,4732755,4732931
4732931,41.8691732079,-87.6724141461,1302649395.0,4732859,4733003
4733003,41.8691721269,-87.6726962383,1302649397.0,4732931,4733073
4733073,41.8691694757,-87.6729522711,1302649399.0,4733003,4733182
4733182,41.8691652035,-87.6732611741,1302649402.0,4733073,4733326
4733326,41.8691653803,-87.6735069119,1302649406.0,4733182,4733542
4733542,41.8691712403,-87.6738023928,1302649412.0,4733326,4733628
4733628,41.8691718469,-87.6741182099,1302649415.0,4733542,4733633
4733633,41.8691720425,-87.674374176,1302649417.0,4733628,4733641
4733641,41.8691706122,-87.6746401818,1302649419.0,4733633,4733651
4733651,41.8691699978,-87.6748981976,1302649421.0,4733641,4733669
4733669,41.8691671479,-87.6752431425,1302649424.0,4733651,4733690
4733690,41.8691764711,-87.6755142744,1302649427.0,4733669,4733731
4733731,41.8691874223,-87.6757814442,1302649432.0,4733690,None
