61561134,41.8695117473,-87.6475600731,1303340389.0,None,61561797
61561797,41.8695168035,-87.6473060045,1303340418.0,61561134,61561890
61561890,41.8693784612,-87.6470862082,1303340422.0,61561797,61561969
61561969,41.8691599634,-87.647067998,1303340425.0,61561890,61562023
61562023,41.8689800322,-87.6470645193,1303340427.0,61561969,61562072
61562072,41.8687690871,-87.6470617538,1303340429.0,61562023,61562119
61562119,41.8685330701,-87.647056036,1303340431.0,61562072,61562158
61562158,41.8682910057,-87.6470550248,1303340433.0,61562119,61562206
61562206,41.8680589933,-87.64706516,1303340435.0,61562158,61562261
61562261,41.86784407,-87.647072048,1303340437.0,61562206,61562313
61562313,41.8676621261,-87.6470714847,1303340439.0,61562261,61562422
61562422,41.8674751013,-87.6470714047,1303340443.0,61562313,61562739
61562739,41.867297203,-87.6471206546,1303340455.0,61562422,61562820
61562820,41.8672221427,-87.6473666801,1303340458.0,61562739,61562905
61562905,41.8672132804,-87.6477170566,1303340461.0,61562820,61562964
61562964,41.8672145327,-87.6479790163,1303340463.0,61562905,61563020
61563020,41.8672133098,-87.6482469648,1303340465.0,61562964,61563068
61563068,41.8672085192,-87.6485029277,1303340467.0,61563020,61563152
61563152,41.8672018335,-87.6488538463,1303340470.0,61563068,61563237
61563237,41.8671955657,-87.6491828139,1303340473.0,61563152,61563326
61563326,41.8671916328,-87.649535842,1303340476.0,61563237,61563383
61563383,41.8671920014,-87.6497798646,1303340478.0,61563326,61563437
61563437,41.8671897633,-87.6500328159,1303340480.0,61563383,61563490
61563490,41.8671959645,-87.650376847,1303340483.0,61563437,61563499
61563499,41.8672026846,-87.6506337528,1303340486.0,61563490,61563570
61563570,41.8671817051,-87.6508740197,1303340498.0,61563499,61563596
61563596,41.8671750807,-87.6511261463,1303340501.0,61563570,61563624
61563624,41.8671665402,-87.6514614396,1303340504.0,61563596,61563644
61563644,41.8671632942,-87.6517061313,1303340506.0,61563624,61563664
61563664,41.8671587496,-87.6519587905,1303340508.0,61563644,61563686
61563686,41.8671559488,-87.6522167546,1303340510.0,61563664,61563708
61563708,41.8671550552,-87.6524676703,1303340512.0,61563686,61563743
61563743,41.8671506478,-87.6527836947,1303340515.0,61563708,61563791
61563791,41.8671435429,-87.6530417374,1303340519.0,61563743,61563995
61563995,41.8671374288,-87.6533637063,1303340534.0,61563791,61564036
61564036,41.8671350205,-87.653680613,1303340537.0,61563995,61564068
61564068,41.8671337659,-87.6539306272,1303340539.0,61564036,61564100
61564100,41.8671328319,-87.6542005648,1303340541.0,61564068,61564130
61564130,41.8671304835,-87.6544884926,1303340543.0,61564100,61564162
61564162,41.8671206672,-87.6547903143,1303340545.0,61564130,61564196
61564196,41.867113826,-87.6551115478,1303340547.0,61564162,61564229
61564229,41.8671041253,-87.6554597493,1303340549.0,61564196,61564262
61564262,41.8671012736,-87.6558155886,1303340551.0,61564229,61564296
61564296,41.8670930816,-87.6561737614,1303340553.0,61564262,61564332
61564332,41.8670911788,-87.6565372573,1303340555.0,61564296,61564367
61564367,41.8670883034,-87.6569028711,1303340557.0,61564332,61564402
61564402,41.8670816485,-87.6572858052,1303340559.0,61564367,61564438
61564438,41.8670747011,-87.6576878436,1303340561.0,61564402,61564475
61564475,41.8670683692,-87.6580958219,1303340563.0,61564438,61564513
61564513,41.8670638618,-87.6584948385,1303340565.0,61564475,61564548
61564548,41.8670586641,-87.6588898104,1303340567.0,61564513,61564584
61564584,41.8670485772,-87.6592817933,1303340569.0,61564548,61564623
61564623,41.8670434457,-87.6596788053,1303340571.0,61564584,61564662
61564662,41.8670372474,-87.660089787,1303340573.0,61564623,61564700
61564700,41.867028728,-87.6605037637,1303340575.0,61564662,61564740
61564740,41.8670211708,-87.6609098826,1303340577.0,61564700,61564779
61564779,41.867010515,-87.6615189766,1303340580.0,61564740,61564821
61564821,41.8670025696,-87.6619338637,1303340582.0,61564779,61564864
61564864,41.8669942332,-87.6623408763,1303340584.0,61564821,61564904
61564904,41.8669867041,-87.6627309197,1303340586.0,61564864,61564945
61564945,41.8669799425,-87.6631139381,1303340588.0,61564904,61564983
61564983,41.86697148,-87.6634939424,1303340590.0,61564945,61565025
61565025,41.8669645823,-87.6638699632,1303340592.0,61564983,61565069
61565069,41.8669578471,-87.66422096,1303340594.0,61565025,61565109
61565109,41.8669523473,-87.6645309875,1303340596.0,61565069,61565150
61565150,41.8669490413,-87.6648079776,1303340598.0,61565109,61565196
61565196,41.8669457565,-87.6650859772,1303340600.0,61565150,61565240
61565240,41.8669423543,-87.6653780541,1303340602.0,61565196,61565265
61565265,41.8669401213,-87.6656750312,1303340604.0,61565240,61565304
61565304,41.8669380296,-87.6659600265,1303340606.0,61565265,61565334
61565334,41.8669372044,-87.6662241111,1303340608.0,61565304,61565363
61565363,41.8669350908,-87.6666111338,1303340611.0,61565334,61565389
61565389,41.8669348221,-87.6668839829,1303340613.0,61565363,61565423
61565423,41.866934535,-87.6671780432,1303340615.0,61565389,61565456
61565456,41.866936464,-87.6674850606,1303340617.0,61565423,61565496
61565496,41.8669410383,-87.6677480841,1303340619.0,61565456,61565847
61565847,41.8669449654,-87.6680381146,1303340635.0,61565496,61565938
61565938,41.8669515024,-87.6683021535,1303340639.0,61565847,61566096
61566096,41.8669556469,-87.6685500515,1303340646.0,61565938,61566547
61566547,41.8669659503,-87.6687980846,1303340665.0,61566096,61566681
61566681,41.8671527439,-87.6689419444,1303340670.0,61566547,61566750
61566750,41.8673791097,-87.6689488116,1303340673.0,61566681,61566798
61566798,41.8675671034,-87.6689507688,1303340675.0,61566750,61566848
61566848,41.8677871131,-87.6689511287,1303340677.0,61566798,61566902
61566902,41.8680301213,-87.668957158,1303340679.0,61566848,61566962
61566962,41.8682891422,-87.6689690999,1303340681.0,61566902,61567014
61567014,41.8685362723,-87.6689801014,1303340683.0,61566962,61567065
61567065,41.8687611894,-87.6689952869,1303340685.0,61567014,61567115
61567115,41.8689502039,-87.669006627,1303340687.0,61567065,61567187
61567187,41.8691561508,-87.6690338589,1303340690.0,61567115,61567353
61567353,41.8693037697,-87.6692142743,1303340696.0,61567187,61567462
61567462,41.8693412163,-87.6695078696,1303340700.0,61567353,61567521
61567521,41.869350352,-87.6697566787,1303340702.0,61567462,61567568
61567568,41.8693403169,-87.6700717932,1303340704.0,61567521,61567623
61567623,41.8693209626,-87.6704129448,1303340706.0,61567568,61567675
61567675,41.8693228834,-87.670714171,1303340708.0,61567623,61567760
61567760,41.8693375756,-87.6710454419,1303340711.0,61567675,61567954
61567954,41.8693332241,-87.6713091157,1303340718.0,61567760,61568466
61568466,41.8693921274,-87.6716327901,1303340736.0,61567954,61568526
61568526,41.8693916018,-87.6719629878,1303340738.0,61568466,61568588
61568588,41.8694053861,-87.6722799193,1303340740.0,61568526,61568647
61568647,41.8694051508,-87.6725429447,1303340742.0,61568588,61568739
61568739,41.8694060779,-87.672789248,1303340745.0,61568647,61568823
61568823,41.8693929124,-87.6730721037,1303340748.0,61568739,61568885
61568885,41.8693860477,-87.673317695,1303340750.0,61568823,61568946
61568946,41.869382078,-87.673612182,1303340752.0,61568885,61569011
61569011,41.8693726905,-87.6739539434,1303340754.0,61568946,61569072
61569072,41.869366482,-87.6743058798,1303340756.0,61569011,61569129
61569129,41.8693552755,-87.6746388558,1303340758.0,61569072,61569188
61569188,41.8693510437,-87.6749418429,1303340760.0,61569129,61569245
61569245,41.8693494234,-87.6751979299,1303340762.0,61569188,61569371
61569371,41.8693168329,-87.675451998,1303340766.0,61569245,61569842
61569842,41.8692459575,-87.6756883395,1303340781.0,61569371,None
