71935085,41.8714997841,-87.6733716289,1302879175.0,None,71935446
71935446,41.8715055025,-87.6730872359,1302879187.0,71935085,71935538
71935538,41.871513343,-87.6727890977,1302879190.0,71935446,71935598
71935598,41.8715087441,-87.6725381986,1302879192.0,71935538,71935660
71935660,41.871505877,-87.6722860992,1302879194.0,71935598,71935738
71935738,41.8715012714,-87.671967841,1302879197.0,71935660,71935864
71935864,41.871510226,-87.6717137972,1302879201.0,71935738,71936056
71936056,41.8715107223,-87.6714129596,1302879207.0,71935864,71936142
71936142,41.8715148263,-87.6711332645,1302879210.0,71936056,71936234
71936234,41.8715166277,-87.6708392649,1302879213.0,71936142,71936335
71936335,41.8715141014,-87.6705140254,1302879216.0,71936234,71936430
71936430,41.8715124138,-87.670224976,1302879219.0,71936335,71937047
71937047,41.8714993583,-87.6699845134,1302879238.0,71936430,71937217
71937217,41.8715195209,-87.6697298566,1302879244.0,71937047,71937349
71937349,41.8715789102,-87.669455686,1302879248.0,71937217,71937517
71937517,41.871569988,-87.6691915541,1302879253.0,71937349,71937820
71937820,41.8714321295,-87.6690199488,1302879262.0,71937517,71937952
71937952,41.8712245057,-87.669029164,1302879266.0,71937820,71938060
71938060,41.8709805741,-87.6690226532,1302879269.0,71937952,71938126
71938126,41.870786708,-87.6690193198,1302879271.0,71938060,71938198
71938198,41.8705799539,-87.6690216663,1302879273.0,71938126,71938268
71938268,41.8703699553,-87.669022635,1302879275.0,71938198,71938340
71938340,41.8701709171,-87.6690206773,1302879277.0,71938268,71938406
71938406,41.8699879217,-87.6690188097,1302879279.0,71938340,71938507
71938507,41.8697309791,-87.669026288,1302879282.0,71938406,71938611
71938611,41.8695379395,-87.6690262935,1302879285.0,71938507,71939428
71939428,41.8693383003,-87.6690289785,1302879308.0,71938611,71939762
71939762,41.8691211152,-87.669030068,1302879317.0,71939428,71939911
71939911,41.8689139834,-87.6690141887,1302879321.0,71939762,71940019
71940019,41.8686768907,-87.6690092708,1302879324.0,71939911,71940088
71940088,41.8684878288,-87.6690018948,1302879326.0,71940019,71940154
71940154,41.8682808776,-87.6689943477,1302879328.0,71940088,71940224
71940224,41.8680628456,-87.6689950523,1302879330.0,71940154,71940290
71940290,41.8678258829,-87.6689943288,1302879332.0,71940224,71940367
71940367,41.8675779157,-87.6689880822,1302879334.0,71940290,71940443
71940443,41.8673468971,-87.6689813502,1302879336.0,71940367,71940515
71940515,41.8671461268,-87.6689792618,1302879338.0,71940443,71940627
71940627,41.8669161405,-87.6689649731,1302879341.0,71940515,71940816
71940816,41.8667633131,-87.6687812084,1302879346.0,71940627,71940962
71940962,41.8667691635,-87.6684340562,1302879350.0,71940816,71941077
71941077,41.8667721516,-87.6680830135,1302879353.0,71940962,71941184
71941184,41.8667750272,-87.6677640605,1302879356.0,71941077,71941287
71941287,41.8667804521,-87.6675121426,1302879359.0,71941184,71941436
71941436,41.8667819928,-87.6672251521,1302879363.0,71941287,71941551
71941551,41.8667822266,-87.6669670825,1302879366.0,71941436,71941669
71941669,41.8667807632,-87.6666920987,1302879369.0,71941551,71941783
71941783,41.8667792965,-87.6663962635,1302879372.0,71941669,71941880
71941880,41.8667804329,-87.6660801507,1302879375.0,71941783,71941944
71941944,41.8667851012,-87.6658351873,1302879377.0,71941880,71942013
71942013,41.8667898973,-87.6655652013,1302879379.0,71941944,71942085
71942085,41.8667931152,-87.6652742218,1302879381.0,71942013,71942145
71942145,41.8667979899,-87.6649651595,1302879383.0,71942085,71942221
71942221,41.8668030038,-87.664649131,1302879385.0,71942145,71942296
71942296,41.8668053659,-87.6643401268,1302879387.0,71942221,71942342
71942342,41.8668047895,-87.6640391692,1302879389.0,71942296,71942423
71942423,41.8668097484,-87.6637411904,1302879391.0,71942342,71942487
71942487,41.8668137624,-87.6634401794,1302879393.0,71942423,71942538
71942538,41.8668168101,-87.6631271792,1302879395.0,71942487,71942596
71942596,41.8668207792,-87.6628131347,1302879397.0,71942538,71942655
71942655,41.8668227853,-87.6625021238,1302879399.0,71942596,71942712
71942712,41.8668257563,-87.6621920965,1302879401.0,71942655,71942764
71942764,41.8668266509,-87.6618821867,1302879403.0,71942712,71942827
71942827,41.8668305464,-87.6615652328,1302879405.0,71942764,71942895
71942895,41.8668345002,-87.6612341498,1302879407.0,71942827,71942967
71942967,41.8668415063,-87.660899152,1302879409.0,71942895,71943035
71943035,41.8668475055,-87.6605701387,1302879411.0,71942967,71943109
71943109,41.8668545483,-87.6602501644,1302879413.0,71943035,71943181
71943181,41.8668605929,-87.6599401521,1302879415.0,71943109,71943255
71943255,41.8668635463,-87.6596381633,1302879417.0,71943181,71943322
71943322,41.8668664729,-87.6593421405,1302879419.0,71943255,71943391
71943391,41.8668684142,-87.6590471153,1302879421.0,71943322,71943467
71943467,41.8668733124,-87.6587461126,1302879423.0,71943391,71943539
71943539,41.8668813003,-87.6584361515,1302879425.0,71943467,71943615
71943615,41.8668902104,-87.6581201515,1302879427.0,71943539,71943691
71943691,41.8668961528,-87.6578231584,1302879429.0,71943615,71943764
71943764,41.8669010105,-87.6575651719,1302879431.0,71943691,71943868
71943868,41.8669107111,-87.657256146,1302879434.0,71943764,71944015
71944015,41.8669118514,-87.6569721499,1302879438.0,71943868,71945020
71945020,41.8669095977,-87.6566921419,1302879466.0,71944015,71945128
71945128,41.8669167679,-87.6564431801,1302879469.0,71945020,71945232
71945232,41.8669206392,-87.6560770145,1302879472.0,71945128,71945298
71945298,41.8669239222,-87.6558120529,1302879474.0,71945232,71945373
71945373,41.8669260119,-87.6555430867,1302879476.0,71945298,71945446
71945446,41.8669270354,-87.6552670523,1302879478.0,71945373,71945523
71945523,41.8669291389,-87.6549930893,1302879480.0,71945446,71945597
71945597,41.8669321945,-87.654718084,1302879482.0,71945523,71945670
71945670,41.8669341341,-87.6544470868,1302879484.0,71945597,71945782
71945782,41.8669379115,-87.6541030389,1302879487.0,71945670,71945921
71945921,41.8669427704,-87.6538381371,1302879491.0,71945782,71946881
71946881,41.8669464391,-87.6535781182,1302879518.0,71945921,71946993
71946993,41.8669532855,-87.6532941536,1302879521.0,71946881,71947062
71947062,41.8669564548,-87.6530460649,1302879523.0,71946993,71947131
71947131,41.8669606307,-87.6527630741,1302879525.0,71947062,71947202
71947202,41.8669677473,-87.6524580766,1302879527.0,71947131,71947258
71947258,41.8669777418,-87.6521500736,1302879529.0,71947202,71947327
71947327,41.8669857615,-87.6518581742,1302879531.0,71947258,71947402
71947402,41.8670021361,-87.6515886762,1302879533.0,71947327,71947518
71947518,41.8670228296,-87.6512567713,1302879536.0,71947402,71947671
71947671,41.8670416282,-87.6510162493,1302879540.0,71947518,71947846
71947846,41.8672815898,-87.6509523543,1302879545.0,71947671,71947943
71947943,41.8675260329,-87.6509760092,1302879548.0,71947846,71948012
71948012,41.8677168447,-87.6509860881,1302879550.0,71947943,71948084
71948084,41.8679248259,-87.6509960847,1302879552.0,71948012,71948158
71948158,41.8681418614,-87.6510066253,1302879554.0,71948084,71948233
71948233,41.86836185,-87.6510147009,1302879556.0,71948158,71948304
71948304,41.8685758702,-87.6510232074,1302879558.0,71948233,71948376
71948376,41.8687738575,-87.651031785,1302879560.0,71948304,71948487
71948487,41.8690246877,-87.6510469331,1302879563.0,71948376,71948623
71948623,41.8692195948,-87.6510695792,1302879567.0,71948487,71949268
71949268,41.8694224104,-87.6510628892,1302879585.0,71948623,71949457
71949457,41.8694984149,-87.6507909441,1302879590.0,71949268,71949561
71949561,41.869481121,-87.6504568244,1302879593.0,71949457,71949633
71949633,41.8694795265,-87.6501779522,1302879595.0,71949561,71949705
71949705,41.8694826852,-87.6498819956,1302879597.0,71949633,71949777
71949777,41.8694825115,-87.6495990465,1302879599.0,71949705,71949849
71949849,41.8694812821,-87.6493350264,1302879601.0,71949777,71949960
71949960,41.8694810112,-87.64902001,1302879604.0,71949849,71950092
71950092,41.8694819995,-87.6487350304,1302879608.0,71949960,71950239
71950239,41.8694798538,-87.6484481337,1302879612.0,71950092,71951274
71951274,41.8694876412,-87.6481622238,1302879641.0,71950239,71951412
71951412,41.8694925484,-87.6478271466,1302879645.0,71951274,71951518
71951518,41.8694972286,-87.6475440972,1302879648.0,71951412,71951662
71951662,41.8695019277,-87.6472544298,1302879652.0,71951518,71952493
71952493,41.8694393492,-87.6470130651,1302879675.0,71951662,71952634
71952634,41.8692068849,-87.6470164805,1302879679.0,71952493,71952739
71952739,41.8689327466,-87.6470188456,1302879682.0,71952634,71952812
71952812,41.8687107203,-87.6470117668,1302879684.0,71952739,71952892
71952892,41.8684778425,-87.6470074488,1302879686.0,71952812,71952967
71952967,41.8682560576,-87.6470062667,1302879688.0,71952892,71953033
71953033,41.8680452255,-87.6470133329,1302879690.0,71952967,71953107
71953107,41.867857106,-87.6470193651,1302879692.0,71953033,71953215
71953215,41.8676289498,-87.6470253191,1302879695.0,71953107,71953391
71953391,41.8674422295,-87.6470352161,1302879700.0,71953215,71953970
71953970,41.8672607823,-87.6470689893,1302879718.0,71953391,71954089
71954089,41.8672065575,-87.6473016727,1302879722.0,71953970,71954192
71954192,41.8672044465,-87.6476011374,1302879725.0,71954089,71954302
71954302,41.8672070479,-87.6479281042,1302879728.0,71954192,71954408
71954408,41.8672063326,-87.6482710497,1302879731.0,71954302,71954493
71954493,41.8672059251,-87.6485969021,1302879734.0,71954408,71954582
71954582,41.8672053124,-87.6488548067,1302879737.0,71954493,71954790
71954790,41.8672033608,-87.6491107616,1302879743.0,71954582,71955522
71955522,41.8672007156,-87.6494146903,1302879764.0,71954790,71955630
71955630,41.8672044512,-87.6496987973,1302879767.0,71955522,71955730
71955730,41.867205634,-87.650044731,1302879770.0,71955630,71955818
71955818,41.8672063601,-87.6503857907,1302879773.0,71955730,71955913
71955913,41.8672053962,-87.6506307559,1302879776.0,71955818,None
