59123701,41.8730343068,-87.6764731898,1302660928.0,None,59123791
59123791,41.8728322264,-87.6764527775,1302660933.0,59123701,59123864
59123864,41.8725781776,-87.6764357958,1302660936.0,59123791,59123918
59123918,41.8723691679,-87.6764182645,1302660938.0,59123864,59123965
59123965,41.8721363165,-87.6763984944,1302660940.0,59123918,59124014
59124014,41.8719042533,-87.6763723112,1302660942.0,59123965,59124061
59124061,41.8717041764,-87.6763553036,1302660944.0,59124014,59124161
59124161,41.8714992057,-87.6762880611,1302660948.0,59124061,59124252
59124252,41.871469872,-87.675959274,1302660952.0,59124161,59124325
59124325,41.8714659786,-87.6755959118,1302660955.0,59124252,59124378
59124378,41.871466167,-87.6753139993,1302660957.0,59124325,59124432
59124432,41.8714777926,-87.6750491573,1302660959.0,59124378,59124512
59124512,41.8715204488,-87.6746926707,1302660962.0,59124432,59124564
59124564,41.871559808,-87.6744365257,1302660964.0,59124512,59124611
59124611,41.8715795177,-87.6741818769,1302660966.0,59124564,59124692
59124692,41.871563883,-87.6738780114,1302660969.0,59124611,59124803
59124803,41.8715977895,-87.6736286375,1302660973.0,59124692,59124884
59124884,41.8716265693,-87.6733836305,1302660976.0,59124803,59124956
59124956,41.8716565288,-87.6730327562,1302660979.0,59124884,59125007
59125007,41.871674742,-87.6727549443,1302660981.0,59124956,59125062
59125062,41.8716843472,-87.672446997,1302660983.0,59125007,59125121
59125121,41.8716831397,-87.6721530554,1302660985.0,59125062,59125177
59125177,41.8716707228,-87.6719018773,1302660987.0,59125121,59125283
59125283,41.8716369287,-87.6716581591,1302660991.0,59125177,59125649
59125649,41.8715777158,-87.6713747137,1302661004.0,59125283,59125722
59125722,41.871585498,-87.6710467152,1302661007.0,59125649,59125778
59125778,41.8715946546,-87.670789741,1302661009.0,59125722,59125842
59125842,41.871596944,-87.6705209026,1302661011.0,59125778,59125900
59125900,41.871593732,-87.6702437902,1302661013.0,59125842,59125960
59125960,41.8715932638,-87.6699844391,1302661015.0,59125900,59126021
59126021,41.871593212,-87.6697398232,1302661017.0,59125960,59126102
59126102,41.8715710063,-87.669415471,1302661020.0,59126021,59126211
59126211,41.8715611536,-87.669166305,1302661024.0,59126102,59126843
59126843,41.8713965105,-87.6690213098,1302661045.0,59126211,59126931
59126931,41.8711854562,-87.6690258127,1302661048.0,59126843,59126987
59126987,41.870997528,-87.6690199176,1302661050.0,59126931,59127046
59127046,41.8707765462,-87.6690019387,1302661052.0,59126987,59127108
59127108,41.8705326325,-87.6689798343,1302661054.0,59127046,59127173
59127173,41.8702757699,-87.6689646674,1302661056.0,59127108,59127243
59127243,41.8700357364,-87.6689611436,1302661058.0,59127173,59127308
59127308,41.869817737,-87.6689635471,1302661060.0,59127243,59127369
59127369,41.8696317014,-87.6689657571,1302661062.0,59127308,59127467
59127467,41.8694354792,-87.6689738516,1302661065.0,59127369,59127783
59127783,41.869246147,-87.6689703057,1302661075.0,59127467,59127884
59127884,41.8690437078,-87.6689610252,1302661078.0,59127783,59127953
59127953,41.8688598254,-87.6689447058,1302661080.0,59127884,59128017
59128017,41.8686438967,-87.6689298249,1302661082.0,59127953,59128076
59128076,41.8684039298,-87.6689166507,1302661084.0,59128017,59128141
59128141,41.8681389227,-87.6689093614,1302661086.0,59128076,59128205
59128205,41.8678649151,-87.6689013273,1302661088.0,59128141,59128271
59128271,41.8676168546,-87.6688858788,1302661090.0,59128205,59128338
59128338,41.8674118861,-87.6688731335,1302661092.0,59128271,59128435
59128435,41.8672209412,-87.6688526784,1302661095.0,59128338,59128764
59128764,41.8670214676,-87.6688482799,1302661105.0,59128435,59128906
59128906,41.8668200478,-87.6687965606,1302661109.0,59128764,59129037
59129037,41.8667762899,-87.6685399213,1302661113.0,59128906,59129143
59129143,41.8667854659,-87.6682280028,1302661116.0,59129037,59129209
59129209,41.8667862956,-87.6679549881,1302661118.0,59129143,59129276
59129276,41.8667911578,-87.6676450328,1302661120.0,59129209,59129281
59129281,41.8667958299,-87.6673380586,1302661122.0,59129276,59129289
59129289,41.8667984435,-87.6670710451,1302661124.0,59129281,59129305
59129305,41.8668022133,-87.6667919936,1302661127.0,59129289,59129370
59129370,41.8668064151,-87.666478239,1302661136.0,59129305,59129397
59129397,41.8668102767,-87.6661650857,1302661139.0,59129370,59129416
59129416,41.8668133316,-87.6658999485,1302661141.0,59129397,59129436
59129436,41.8668187469,-87.6656009178,1302661143.0,59129416,59129456
59129456,41.8668247175,-87.6652698951,1302661145.0,59129436,59129478
59129478,41.8668306612,-87.6649078758,1302661147.0,59129456,59129500
59129500,41.8668372781,-87.6645218511,1302661149.0,59129478,59129523
59129523,41.8668481181,-87.6641157628,1302661151.0,59129500,59129547
59129547,41.8668561117,-87.6636957593,1302661153.0,59129523,59129570
59129570,41.8668646969,-87.6632877347,1302661155.0,59129547,59129596
59129596,41.8668716635,-87.662895775,1302661157.0,59129570,59129622
59129622,41.8668756021,-87.6625157888,1302661159.0,59129596,59129647
59129647,41.8668822472,-87.6621388069,1302661161.0,59129622,59129674
59129674,41.8668940937,-87.6617547973,1302661163.0,59129647,59129703
59129703,41.8669051919,-87.6613557487,1302661165.0,59129674,59129730
59129730,41.8669105071,-87.6609467275,1302661167.0,59129703,59129758
59129758,41.8669189961,-87.660537615,1302661169.0,59129730,59129788
59129788,41.86692751,-87.660120606,1302661171.0,59129758,59129819
59129819,41.8669322097,-87.6596986544,1302661173.0,59129788,59129848
59129848,41.8669408667,-87.659274643,1302661175.0,59129819,59129879
59129879,41.8669469361,-87.6588667227,1302661177.0,59129848,59129904
59129904,41.8669499251,-87.658455734,1302661179.0,59129879,59129939
59129939,41.8669577443,-87.6580336853,1302661181.0,59129904,59129970
59129970,41.8669649803,-87.657618701,1302661183.0,59129939,59130001
59130001,41.8669744547,-87.6572136762,1302661185.0,59129970,59130034
59130034,41.8669819609,-87.6568267191,1302661187.0,59130001,59130070
59130070,41.8669846429,-87.6564886056,1302661189.0,59130034,59130104
59130104,41.8669842975,-87.6561927,1302661191.0,59130070,59130138
59130138,41.8669927725,-87.6559144079,1302661193.0,59130104,59130173
59130173,41.867008767,-87.6556343949,1302661195.0,59130138,59130208
59130208,41.8670127488,-87.6553554701,1302661197.0,59130173,59130246
59130246,41.8670114434,-87.6550883498,1302661199.0,59130208,59130280
59130280,41.8670121985,-87.6548341552,1302661201.0,59130246,59130336
59130336,41.8670183416,-87.6544942945,1302661204.0,59130280,59130391
59130391,41.8670258881,-87.65419349,1302661207.0,59130336,59130469
59130469,41.8670385395,-87.6539073755,1302661211.0,59130391,59130547
59130547,41.8670563997,-87.6536232737,1302661215.0,59130469,59130609
59130609,41.8670556836,-87.6532954744,1302661218.0,59130547,59130650
59130650,41.8670521529,-87.6530215713,1302661220.0,59130609,59130689
59130689,41.8670479926,-87.6527065572,1302661222.0,59130650,59130731
59130731,41.8670540223,-87.6523755575,1302661224.0,59130689,59130773
59130773,41.8670596562,-87.6520725084,1302661226.0,59130731,59130813
59130813,41.8670610082,-87.6518285004,1302661228.0,59130773,59130876
59130876,41.8670787522,-87.6515422253,1302661231.0,59130813,59130939
59130939,41.8670981632,-87.6512823999,1302661234.0,59130876,59131462
59131462,41.8671544594,-87.651019353,1302661259.0,59130939,59131530
59131530,41.8673707953,-87.6509393504,1302661263.0,59131462,59131561
59131561,41.867648745,-87.6509372078,1302661266.0,59131530,59131594
59131594,41.8678777201,-87.6509443264,1302661268.0,59131561,59131631
59131631,41.8681257437,-87.6509514326,1302661270.0,59131594,59131672
59131672,41.8683837744,-87.6509596248,1302661272.0,59131631,59131720
59131720,41.8686397675,-87.6509698267,1302661274.0,59131672,59131770
59131770,41.8688756921,-87.6509798975,1302661276.0,59131720,59131824
59131824,41.8690913327,-87.6509899986,1302661278.0,59131770,59131890
59131890,41.8693404683,-87.6510280725,1302661281.0,59131824,59132391
59132391,41.8695175768,-87.6510624393,1302661301.0,59131890,59132531
59132531,41.8696360111,-87.650873947,1302661306.0,59132391,59132612
59132612,41.8695880858,-87.6505881025,1302661309.0,59132531,59132660
59132660,41.869576621,-87.6503389497,1302661311.0,59132612,59132710
59132710,41.8695666603,-87.6500488688,1302661313.0,59132660,59132763
59132763,41.8695597998,-87.6497338725,1302661315.0,59132710,59132817
59132817,41.8695554371,-87.6494279085,1302661317.0,59132763,59132873
59132873,41.8695542033,-87.6491309305,1302661319.0,59132817,59132929
59132929,41.8695550595,-87.648853966,1302661321.0,59132873,59133005
59133005,41.8695535109,-87.6485269876,1302661324.0,59132929,None
