109336365,41.8711814723,-87.6690265519,1303085766.0,None,109336380
109336380,41.8709906961,-87.6690368469,1303085768.0,109336365,109336396
109336396,41.8707620005,-87.6690385719,1303085770.0,109336380,109336413
109336413,41.8705110601,-87.6690338965,1303085772.0,109336396,109336431
109336431,41.8702569431,-87.6690247732,1303085774.0,109336413,109336450
109336450,41.8700109075,-87.6690145218,1303085776.0,109336431,109336470
109336470,41.8697768734,-87.6690082434,1303085778.0,109336450,109336490
109336490,41.8695778504,-87.6690028853,1303085780.0,109336470,109336523
109336523,41.8693777473,-87.668999702,1303085783.0,109336490,109336605
109336605,41.8692009409,-87.6689052651,1303085790.0,109336523,109336643
109336643,41.8691733727,-87.668639063,1303085793.0,109336605,109336669
109336669,41.869176491,-87.6683921811,1303085795.0,109336643,109336695
109336695,41.8691804992,-87.6680979372,1303085797.0,109336669,109336723
109336723,41.8691888512,-87.6677739137,1303085799.0,109336695,109336751
109336751,41.8691980907,-87.6674448543,1303085801.0,109336723,109336779
109336779,41.8692031344,-87.6671196335,1303085803.0,109336751,109336808
109336808,41.8692062786,-87.6668048308,1303085805.0,109336779,109336838
109336838,41.8692124432,-87.6663341214,1303085808.0,109336808,109336870
109336870,41.8692223751,-87.6660161744,1303085810.0,109336838,109336902
109336902,41.8692313741,-87.6657041282,1303085812.0,109336870,109336932
109336932,41.8692365412,-87.6654039846,1303085814.0,109336902,109336963
109336963,41.8692406567,-87.6651229882,1303085816.0,109336932,109336997
109336997,41.8692473123,-87.6648640038,1303085818.0,109336963,109337047
109337047,41.8692449965,-87.6645190728,1303085821.0,109336997,109337113
109337113,41.8692461961,-87.6642411794,1303085825.0,109337047,109337266
109337266,41.8692488279,-87.6639383233,1303085834.0,109337113,109337322
109337322,41.8692552863,-87.6635830389,1303085837.0,109337266,109337359
109337359,41.8692593028,-87.6632910167,1303085839.0,109337322,109337397
109337397,41.8692613179,-87.6629930092,1303085841.0,109337359,109337433
109337433,41.8692662368,-87.6627109758,1303085843.0,109337397,109337470
109337470,41.8692651731,-87.6624519558,1303085845.0,109337433,109337530
109337530,41.8692595396,-87.6621498853,1303085848.0,109337470,109337608
109337608,41.8692618237,-87.6618290262,1303085852.0,109337530,109337667
109337667,41.8692701974,-87.6615571558,1303085855.0,109337608,109337730
109337730,41.8692749937,-87.6612291134,1303085858.0,109337667,109337774
109337774,41.8692768521,-87.6609740689,1303085860.0,109337730,109337813
109337813,41.8692827253,-87.660720983,1303085862.0,109337774,109337854
109337854,41.8692866907,-87.6604769733,1303085864.0,109337813,109337898
109337898,41.8692926252,-87.6602289558,1303085866.0,109337854,109337941
109337941,41.8692956712,-87.6599639634,1303085868.0,109337898,109337983
109337983,41.8692977071,-87.6596959727,1303085870.0,109337941,109338028
109338028,41.8693007113,-87.6594239775,1303085872.0,109337983,109338073
109338073,41.86930177,-87.6591539682,1303085874.0,109338028,109338118
109338118,41.869306736,-87.6588859576,1303085876.0,109338073,109338163
109338163,41.8693089434,-87.6585999791,1303085878.0,109338118,109338207
109338207,41.8693092108,-87.6583120188,1303085880.0,109338163,109338253
109338253,41.8693103335,-87.6580330415,1303085882.0,109338207,109338298
109338298,41.8693183118,-87.657762043,1303085884.0,109338253,109338343
109338343,41.8693292152,-87.6575010582,1303085886.0,109338298,109338390
109338390,41.8693382761,-87.6572520797,1303085888.0,109338343,109338454
109338454,41.8693554895,-87.6569541725,1303085891.0,109338390,109338570
109338570,41.8694015833,-87.656713228,1303085896.0,109338454,109338758
109338758,41.8696077686,-87.6567222437,1303085904.0,109338570,109338832
109338832,41.8698088369,-87.6567463776,1303085907.0,109338758,109338885
109338885,41.8700088435,-87.6567546069,1303085909.0,109338832,109338931
109338931,41.8702449159,-87.6567595046,1303085911.0,109338885,109338980
109338980,41.8705009026,-87.6567657464,1303085913.0,109338931,109339027
109339027,41.8707618521,-87.6567698156,1303085915.0,109338980,109339078
109339078,41.8710208101,-87.656774894,1303085917.0,109339027,109339128
109339128,41.8712728319,-87.6567816657,1303085919.0,109339078,109339183
109339183,41.8715159618,-87.6567982623,1303085921.0,109339128,109339237
109339237,41.8717350089,-87.6568054185,1303085923.0,109339183,109339312
109339312,41.8719830693,-87.6567939084,1303085926.0,109339237,109339412
109339412,41.872165959,-87.6567905501,1303085930.0,109339312,109339552
109339552,41.8724160484,-87.6567736948,1303085935.0,109339412,109339603
109339603,41.8725980705,-87.6567613551,1303085937.0,109339552,109339651
109339651,41.8728012506,-87.6567477153,1303085939.0,109339603,109339705
109339705,41.8730004035,-87.6567316372,1303085941.0,109339651,109339756
109339756,41.8732022947,-87.656711442,1303085943.0,109339705,109339813
109339813,41.8734170315,-87.6567005336,1303085945.0,109339756,109339871
109339871,41.8736299387,-87.6566999086,1303085947.0,109339813,109339946
109339946,41.873876958,-87.656704929,1303085950.0,109339871,109340019
109340019,41.87405803,-87.6567054759,1303085953.0,109339946,109340157
109340157,41.8742313082,-87.6566063296,1303085958.0,109340019,109340271
109340271,41.874225186,-87.6562889884,1303085962.0,109340157,109340334
109340334,41.8742187406,-87.6560420763,1303085964.0,109340271,109340388
109340388,41.8742190566,-87.6557512427,1303085966.0,109340334,109340441
109340441,41.874218274,-87.6554324056,1303085968.0,109340388,109340502
109340502,41.8742207556,-87.6551034347,1303085970.0,109340441,109340557
109340557,41.8742293597,-87.6547623992,1303085972.0,109340502,109340614
109340614,41.8742336412,-87.6544143418,1303085974.0,109340557,109340673
109340673,41.8742373293,-87.6540693665,1303085976.0,109340614,109340733
109340733,41.8742387294,-87.6537274805,1303085978.0,109340673,109340793
109340793,41.8742419608,-87.6533964786,1303085980.0,109340733,109340846
109340846,41.8742498993,-87.6530754061,1303085982.0,109340793,109340906
109340906,41.8742537452,-87.6527672175,1303085984.0,109340846,109340965
109340965,41.8742518953,-87.6524921152,1303085986.0,109340906,109341045
109341045,41.8742608583,-87.6521724374,1303085989.0,109340965,109341137
109341137,41.8742624749,-87.651885613,1303085992.0,109341045,109341232
109341232,41.8742646194,-87.651527575,1303085995.0,109341137,109341281
109341281,41.8742674009,-87.6512485646,1303085997.0,109341232,109341337
109341337,41.8742765419,-87.6509704481,1303085999.0,109341281,109341396
109341396,41.8742816328,-87.650686341,1303086001.0,109341337,109341458
109341458,41.8742846171,-87.6504093383,1303086003.0,109341396,109341508
109341508,41.874290854,-87.6501463164,1303086005.0,109341458,109341572
109341572,41.8742968619,-87.6498975063,1303086007.0,109341508,109341666
109341666,41.874299975,-87.6495334365,1303086010.0,109341572,109341731
109341731,41.8743013287,-87.6492813736,1303086012.0,109341666,109341790
109341790,41.8743050927,-87.6490253829,1303086014.0,109341731,109341845
109341845,41.8743089271,-87.6487623329,1303086016.0,109341790,109341905
109341905,41.8743133614,-87.6485017133,1303086018.0,109341845,109341985
109341985,41.8743003582,-87.6481522066,1303086021.0,109341905,109342082
109342082,41.8742725377,-87.6479020895,1303086024.0,109341985,109342526
109342526,41.8742460722,-87.6476510171,1303086038.0,109342082,109342718
109342718,41.8742186987,-87.6473762094,1303086044.0,109342526,109343026
109343026,41.8740961384,-87.6471989097,1303086053.0,109342718,109343116
109343116,41.873891772,-87.6471828223,1303086056.0,109343026,109343181
109343181,41.8737098044,-87.6471833293,1303086058.0,109343116,109343253
109343253,41.8734958403,-87.6471843855,1303086060.0,109343181,109343320
109343320,41.8732559867,-87.6471864092,1303086062.0,109343253,109343390
109343390,41.8730021408,-87.6471832187,1303086064.0,109343320,109343460
109343460,41.8727512584,-87.6471786243,1303086066.0,109343390,109343520
109343520,41.8725032101,-87.6471710602,1303086068.0,109343460,109343544
109343544,41.8722622733,-87.6471680697,1303086070.0,109343520,109343559
109343559,41.8720274114,-87.647172475,1303086072.0,109343544,109343625
109343625,41.8717773777,-87.6471702096,1303086074.0,109343559,109343695
109343695,41.871516211,-87.6471646859,1303086076.0,109343625,109343765
109343765,41.8712491803,-87.6471590537,1303086078.0,109343695,109343834
109343834,41.8709832268,-87.6471622763,1303086080.0,109343765,109343900
109343900,41.8707271982,-87.6471596475,1303086082.0,109343834,109343953
109343953,41.8704821922,-87.6471594615,1303086084.0,109343900,109344007
109344007,41.8702591719,-87.6471561363,1303086086.0,109343953,109344066
109344066,41.8700711318,-87.6471429954,1303086088.0,109344007,109344164
109344164,41.8698501244,-87.6471352815,1303086091.0,109344066,109344274
109344274,41.869592748,-87.6471311926,1303086094.0,109344164,109344346
109344346,41.869387167,-87.6471178795,1303086096.0,109344274,109344422
109344422,41.8691440993,-87.6471129273,1303086098.0,109344346,109344487
109344487,41.8688842253,-87.6471023877,1303086100.0,109344422,109344545
109344545,41.8686282353,-87.647092521,1303086102.0,109344487,109344611
109344611,41.8683840938,-87.6470835132,1303086104.0,109344545,109344680
109344680,41.8681558718,-87.647085002,1303086106.0,109344611,109344752
109344752,41.8679598726,-87.6470975258,1303086108.0,109344680,109344853
109344853,41.8677220328,-87.6471123894,1303086111.0,109344752,None
