17281338,41.8668676314,-87.6662579865,1302743103.0,None,17281478
17281478,41.8668982141,-87.6665551667,1302743109.0,17281338,17281559
17281559,41.86690621,-87.6669200388,1302743112.0,17281478,17281602
17281602,41.8669124436,-87.6672290848,1302743114.0,17281559,17281648
17281648,41.8669183486,-87.6675869419,1302743116.0,17281602,17281698
17281698,41.8669184672,-87.6679528155,1302743118.0,17281648,17281749
17281749,41.8669110731,-87.6682917613,1302743120.0,17281698,17281806
17281806,41.8668994551,-87.6685604631,1302743122.0,17281749,17281880
17281880,41.8668804203,-87.6688162934,1302743125.0,17281806,17282007
17282007,41.8670252764,-87.6689763027,1302743130.0,17281880,17282085
17282085,41.867236201,-87.6689415114,1302743133.0,17282007,17282169
17282169,41.8674731009,-87.668941288,1302743136.0,17282085,17282224
17282224,41.8676620618,-87.6689393883,1302743138.0,17282169,17282276
17282276,41.8678710179,-87.6689363287,1302743140.0,17282224,17282328
17282328,41.8681119939,-87.6689388744,1302743142.0,17282276,17282384
17282384,41.8683739869,-87.6689453781,1302743144.0,17282328,17282438
17282438,41.8686199332,-87.6689433262,1302743146.0,17282384,17282494
17282494,41.8688260971,-87.668945073,1302743148.0,17282438,17282581
17282581,41.869022056,-87.6689495443,1302743151.0,17282494,17282829
17282829,41.8692098543,-87.6690941591,1302743160.0,17282581,17282950
17282950,41.8692507345,-87.6694211716,1302743164.0,17282829,17283039
17283039,41.8692490637,-87.6697350857,1302743167.0,17282950,17283116
17283116,41.8692546849,-87.6699976807,1302743170.0,17283039,17283214
17283214,41.869265835,-87.6702919784,1302743174.0,17283116,17283311
17283311,41.8692734726,-87.6706060427,1302743177.0,17283214,17283408
17283408,41.8692864301,-87.6709155548,1302743180.0,17283311,17284020
17284020,41.8692829374,-87.6711719314,1302743201.0,17283408,17284209
17284209,41.8694291485,-87.6713696829,1302743207.0,17284020,17284334
17284334,41.8696040952,-87.6715197282,1302743211.0,17284209,17284448
17284448,41.8697768407,-87.6717148345,1302743215.0,17284334,17284537
17284537,41.8698369869,-87.6720050821,1302743218.0,17284448,17284641
17284641,41.8698252423,-87.6722670445,1302743221.0,17284537,17284774
17284774,41.869818816,-87.6725738462,1302743225.0,17284641,17284870
17284870,41.8698291441,-87.6729440406,1302743228.0,17284774,17284934
17284934,41.8698301562,-87.6732750072,1302743230.0,17284870,17284999
17284999,41.8698091335,-87.673625202,1302743232.0,17284934,17285059
17285059,41.8697771732,-87.6739740008,1302743234.0,17284999,17285121
17285121,41.8697360802,-87.6742920088,1302743236.0,17285059,17285189
17285189,41.8697051325,-87.6745610804,1302743238.0,17285121,17285251
17285251,41.8696231077,-87.6748762218,1302743240.0,17285189,17285320
17285320,41.8695357869,-87.6750950588,1302743242.0,17285251,17286155
17286155,41.86947124,-87.6753678313,1302743267.0,17285320,17286243
17286243,41.8694602966,-87.6756458542,1302743270.0,17286155,17286342
17286342,41.8695028432,-87.6758990908,1302743273.0,17286243,17286457
17286457,41.8695348434,-87.6762735142,1302743276.0,17286342,17286529
17286529,41.869546952,-87.676586993,1302743278.0,17286457,17286600
17286600,41.8695169653,-87.6770169985,1302743280.0,17286529,17286632
17286632,41.8694828309,-87.6772790004,1302743281.0,17286600,17286664
17286664,41.8694526773,-87.6775299974,1302743282.0,17286632,17286698
17286698,41.869426671,-87.6777689922,1302743283.0,17286664,17286735
17286735,41.869401755,-87.6780159873,1302743284.0,17286698,17286765
17286765,41.8693647741,-87.6782899721,1302743285.0,17286735,17286795
17286795,41.8693344305,-87.6785499624,1302743286.0,17286765,17286822
17286822,41.8693059461,-87.6787929363,1302743287.0,17286795,17286885
17286885,41.8692641331,-87.679231922,1302743289.0,17286822,17286941
17286941,41.8692270845,-87.6796069129,1302743291.0,17286885,17287015
17287015,41.8691949746,-87.6799128686,1302743293.0,17286941,17287127
17287127,41.8691679194,-87.6802060421,1302743296.0,17287015,17288011
17288011,41.8691333469,-87.6804570273,1302743321.0,17287127,17288112
17288112,41.8691425884,-87.6807419994,1302743324.0,17288011,17288181
17288181,41.8691487591,-87.680995751,1302743326.0,17288112,17288254
17288254,41.8691369318,-87.6813075973,1302743328.0,17288181,17288329
17288329,41.8691166983,-87.6816415695,1302743330.0,17288254,17288406
17288406,41.8691021422,-87.6819706658,1302743332.0,17288329,17288483
17288483,41.8690877788,-87.6822718122,1302743334.0,17288406,17288563
17288563,41.8690762827,-87.6825518096,1302743336.0,17288483,17288639
17288639,41.8690653922,-87.6828138903,1302743338.0,17288563,17288748
17288748,41.8690566972,-87.6831439847,1302743341.0,17288639,17289551
17289551,41.8690410341,-87.6834141361,1302743363.0,17288748,17289701
17289701,41.8690334204,-87.6836882189,1302743367.0,17289551,17289810
17289810,41.8690315424,-87.6840306796,1302743370.0,17289701,17289886
17289886,41.8690232721,-87.6843019068,1302743372.0,17289810,17289991
17289991,41.8690006335,-87.6846372121,1302743375.0,17289886,17290134
17290134,41.8689888084,-87.6849410309,1302743379.0,17289991,17290237
17290237,41.8689855193,-87.6852650094,1302743382.0,17290134,17290309
17290309,41.8689810918,-87.6855189763,1302743384.0,17290237,17290428
17290428,41.8689801569,-87.6858470288,1302743387.0,17290309,17290535
17290535,41.8690791475,-87.6860512475,1302743391.0,17290428,17290677
17290677,41.8693091137,-87.6860504031,1302743395.0,17290535,17290734
17290734,41.8694939491,-87.6860492758,1302743397.0,17290677,17290785
17290785,41.8697099369,-87.6860605859,1302743399.0,17290734,17290839
17290839,41.8699639144,-87.6860692527,1302743401.0,17290785,17290899
17290899,41.8702489449,-87.6860793895,1302743403.0,17290839,17290961
17290961,41.8705269807,-87.6860858993,1302743405.0,17290899,17291022
17291022,41.8707730154,-87.6860897345,1302743407.0,17290961,17291084
17291084,41.8709590736,-87.6861002866,1302743409.0,17291022,17291257
17291257,41.8711560164,-87.6861129594,1302743414.0,17291084,17291976
17291976,41.8713879891,-87.6861263433,1302743434.0,17291257,17292082
17292082,41.8716170586,-87.6861439659,1302743437.0,17291976,17292150
17292150,41.8718150937,-87.6861541407,1302743439.0,17292082,17292220
17292220,41.87206909,-87.6861664805,1302743441.0,17292150,17292296
17292296,41.8723521025,-87.686180607,1302743443.0,17292220,17292368
17292368,41.8726441123,-87.6861859494,1302743445.0,17292296,17292438
17292438,41.8729270845,-87.6861890242,1302743447.0,17292368,17292514
17292514,41.8731890794,-87.6861917936,1302743449.0,17292438,17292587
17292587,41.8734120307,-87.6861918671,1302743451.0,17292514,17292648
17292648,41.8735960625,-87.6861862766,1302743453.0,17292587,17292798
17292798,41.8737793115,-87.6861784416,1302743457.0,17292648,17293517
17293517,41.8739552219,-87.6860868033,1302743477.0,17292798,17293626
17293626,41.8739421405,-87.6857988031,1302743480.0,17293517,17293704
17293704,41.8739363754,-87.6855457187,1302743482.0,17293626,17293781
17293781,41.8739310572,-87.6852557893,1302743484.0,17293704,17293844
17293844,41.8739320124,-87.6849409195,1302743486.0,17293781,17293916
17293916,41.8739391825,-87.6846119153,1302743488.0,17293844,17293986
17293986,41.8739414716,-87.6843079424,1302743490.0,17293916,17294086
17294086,41.873926204,-87.683996997,1302743493.0,17293986,17294781
17294781,41.8739331823,-87.6837368959,1302743512.0,17294086,17294889
17294889,41.8739704422,-87.6834668303,1302743515.0,17294781,17295004
17295004,41.8740386915,-87.6831148434,1302743518.0,17294889,17295076
17295076,41.8740721031,-87.6828029329,1302743520.0,17295004,17295146
17295146,41.8740652738,-87.6824379838,1302743522.0,17295076,17295208
17295208,41.8740485034,-87.682095938,1302743524.0,17295146,17295279
17295279,41.8740276038,-87.6818158186,1302743526.0,17295208,17295391
17295391,41.8739968489,-87.6815367117,1302743529.0,17295279,17295547
17295547,41.8740050939,-87.6812437043,1302743533.0,17295391,17295659
17295659,41.8740312376,-87.6809097254,1302743536.0,17295547,17295732
17295732,41.8740518576,-87.6806207452,1302743538.0,17295659,17295804
17295804,41.8740568247,-87.6802698152,1302743540.0,17295732,17295872
17295872,41.8740610455,-87.6798788286,1302743542.0,17295804,17295941
17295941,41.8740537391,-87.6794638653,1302743544.0,17295872,17296008
17296008,41.8740460499,-87.6790438205,1302743546.0,17295941,17296072
17296072,41.8740464479,-87.6786398356,1302743548.0,17296008,17296143
17296143,41.8740477869,-87.6782378519,1302743550.0,17296072,17296221
17296221,41.8740467998,-87.6778478738,1302743552.0,17296143,17296294
17296294,41.8740432353,-87.6774999832,1302743554.0,17296221,17296368
17296368,41.8740338132,-87.6771981086,1302743556.0,17296294,17296484
17296484,41.8739987388,-87.6768774418,1302743559.0,17296368,None
