36710863,41.8635198365,-87.6507819166,1303431504.0,None,36711096
36711096,41.8636912975,-87.6509456233,1303431512.0,36710863,36711197
36711197,41.8638900148,-87.6509382451,1303431515.0,36711096,36711305
36711305,41.8641329863,-87.6509406568,1303431518.0,36711197,36711419
36711419,41.8643670178,-87.6509456016,1303431521.0,36711305,36711574
36711574,41.8645719721,-87.650946052,1303431525.0,36711419,36711788
36711788,41.8648010045,-87.6509601102,1303431531.0,36711574,36711893
36711893,41.8650129486,-87.6509635303,1303431534.0,36711788,36712000
36712000,41.865276982,-87.6509715389,1303431537.0,36711893,36712064
36712064,41.865477979,-87.6509775901,1303431539.0,36712000,36712124
36712124,41.8656859891,-87.6509828789,1303431541.0,36712064,36712199
36712199,41.8658989915,-87.650990517,1303431543.0,36712124,36712269
36712269,41.8661159774,-87.6509992957,1303431545.0,36712199,36712351
36712351,41.8663269748,-87.6510054955,1303431547.0,36712269,36712425
36712425,41.86653191,-87.6510063334,1303431549.0,36712351,36712504
36712504,41.8667288649,-87.6510102759,1303431551.0,36712425,36712613
36712613,41.8669601268,-87.650995393,1303431554.0,36712504,36712745
36712745,41.8670577554,-87.650696783,1303431558.0,36712613,36712843
36712843,41.8670509103,-87.6503788499,1303431561.0,36712745,36712951
36712951,41.8670568249,-87.6500429289,1303431564.0,36712843,36713063
36713063,41.8670618495,-87.649722959,1303431567.0,36712951,36713178
36713178,41.8670667979,-87.6493678829,1303431570.0,36713063,36713253
36713253,41.8670716282,-87.649117832,1303431572.0,36713178,36713327
36713327,41.8670729216,-87.6488698672,1303431574.0,36713253,36713435
36713435,41.8670770473,-87.6485118937,1303431577.0,36713327,36713540
36713540,41.8670802054,-87.6481789501,1303431580.0,36713435,36713643
36713643,41.8670631123,-87.6478860078,1303431583.0,36713540,36713785
36713785,41.8670576164,-87.6475810679,1303431587.0,36713643,36713924
36713924,41.8670665682,-87.647294949,1303431591.0,36713785,36714037
36714037,41.8670551361,-87.647047875,1303431596.0,36713924,36714055
36714055,41.8668909443,-87.6469438585,1303431600.0,36714037,36714073
36714073,41.8666989705,-87.6469379224,1303431603.0,36714055,36714094
36714094,41.8664769875,-87.6469273757,1303431606.0,36714073,36714118
36714118,41.8662650283,-87.646910579,1303431609.0,36714094,36714144
36714144,41.8660670222,-87.6468927502,1303431612.0,36714118,36714172
36714172,41.8658840769,-87.646880979,1303431615.0,36714144,36714202
36714202,41.865694626,-87.6468711262,1303431618.0,36714172,36714234
36714234,41.8655017844,-87.6468576747,1303431621.0,36714202,36714267
36714267,41.8653129126,-87.6468467956,1303431624.0,36714234,36714315
36714315,41.8650967938,-87.6468417425,1303431628.0,36714267,36714391
36714391,41.8649047894,-87.6468262347,1303431634.0,36714315,36714648
36714648,41.8646758653,-87.6468034291,1303431653.0,36714391,36714698
36714698,41.8644598898,-87.6467815685,1303431656.0,36714648,36714747
36714747,41.8642068307,-87.6467655706,1303431659.0,36714698,36714779
36714779,41.8640218912,-87.6467565562,1303431661.0,36714747,36714812
36714812,41.8638299076,-87.6467453872,1303431663.0,36714779,36714848
36714848,41.8636339089,-87.646738415,1303431665.0,36714812,36714883
36714883,41.8634348979,-87.6467355208,1303431667.0,36714848,36714918
36714918,41.863232903,-87.6467353707,1303431669.0,36714883,36714952
36714952,41.8630449024,-87.6467171488,1303431671.0,36714918,36715009
36715009,41.8628200001,-87.6467011865,1303431674.0,36714952,36715081
36715081,41.8626289992,-87.6466917428,1303431678.0,36715009,36715218
36715218,41.8624482808,-87.6466770075,1303431685.0,36715081,36715402
36715402,41.8622870367,-87.6468659236,1303431695.0,36715218,36715466
36715466,41.862298101,-87.6471368775,1303431698.0,36715402,36715529
36715529,41.8623078521,-87.6474559806,1303431701.0,36715466,36715576
36715576,41.862308714,-87.6477911072,1303431704.0,36715529,36715642
36715642,41.8623086882,-87.6481211532,1303431707.0,36715576,36715711
36715711,41.8623097166,-87.6484181344,1303431710.0,36715642,36715815
36715815,41.8623094784,-87.6486670865,1303431715.0,36715711,36715905
36715905,41.8623094966,-87.6489090816,1303431719.0,36715815,36715953
36715953,41.8623072763,-87.6491820394,1303431722.0,36715905,36716001
36716001,41.8622995167,-87.6494910972,1303431725.0,36715953,36716051
36716051,41.8622920086,-87.6498361217,1303431728.0,36716001,36716113
36716113,41.8622886955,-87.6501800951,1303431731.0,36716051,36716155
36716155,41.8622869873,-87.6504860992,1303431734.0,36716113,36716248
36716248,41.8622859273,-87.6507340055,1303431739.0,36716155,36716384
36716384,41.8624587371,-87.6508835695,1303431746.0,36716248,36716466
36716466,41.8627070776,-87.6508876375,1303431750.0,36716384,36716530
36716530,41.8629370672,-87.650899531,1303431753.0,36716466,36716595
36716595,41.8631470664,-87.650905796,1303431756.0,36716530,36716648
36716648,41.86336296,-87.6509163387,1303431760.0,36716595,36716675
36716675,41.8635845132,-87.650928642,1303431766.0,36716648,36716694
36716694,41.863781047,-87.6509423312,1303431769.0,36716675,36716716
36716716,41.8640110753,-87.6509555148,1303431772.0,36716694,36716740
36716740,41.8642500758,-87.6509657661,1303431775.0,36716716,36716767
36716767,41.8644670467,-87.6509711458,1303431778.0,36716740,36716844
36716844,41.8646531844,-87.6509821013,1303431786.0,36716767,36716888
36716888,41.8648371213,-87.6509893242,1303431790.0,36716844,36716926
36716926,41.8650480821,-87.6509961053,1303431793.0,36716888,36716961
36716961,41.8653031045,-87.6510032943,1303431796.0,36716926,36716988
36716988,41.8654931032,-87.6510076422,1303431798.0,36716961,36717014
36717014,41.8656831008,-87.65101114,1303431800.0,36716988,36717040
36717040,41.8658711039,-87.6510170549,1303431802.0,36717014,36717068
36717068,41.8660611006,-87.6510239268,1303431804.0,36717040,36717097
36717097,41.8662430773,-87.6510283558,1303431806.0,36717068,36717139
36717139,41.8664970961,-87.6510327557,1303431809.0,36717097,36717176
36717176,41.8667191295,-87.6510446669,1303431812.0,36717139,36717242
36717242,41.866945927,-87.6510572715,1303431816.0,36717176,36717417
36717417,41.867137974,-87.6511393638,1303431827.0,36717242,36717489
36717489,41.8671628207,-87.651418691,1303431831.0,36717417,36717539
36717539,41.8671554196,-87.6517194028,1303431834.0,36717489,36717593
36717593,41.8671486496,-87.6520360063,1303431837.0,36717539,36717651
36717651,41.867143925,-87.6523330263,1303431840.0,36717593,36717703
36717703,41.8671392742,-87.6525950448,1303431843.0,36717651,36717795
36717795,41.8671354479,-87.6528669598,1303431848.0,36717703,36718176
36718176,41.867131381,-87.653120992,1303431867.0,36717795,36718252
36718252,41.8671262071,-87.6534299842,1303431871.0,36718176,36718320
36718320,41.8671218221,-87.6537270344,1303431874.0,36718252,36718356
36718356,41.8671149329,-87.6540890008,1303431877.0,36718320,36718384
36718384,41.8671108213,-87.6543589594,1303431879.0,36718356,36718426
36718426,41.8671043755,-87.654644976,1303431881.0,36718384,36718467
36718467,41.8670975637,-87.6549469799,1303431883.0,36718426,36718506
36718506,41.8670919309,-87.6552450133,1303431885.0,36718467,36718544
36718544,41.8670896786,-87.6555349726,1303431887.0,36718506,36718585
36718585,41.8670868599,-87.6558148563,1303431889.0,36718544,36718629
36718629,41.8670864973,-87.656064839,1303431891.0,36718585,36718693
36718693,41.8670867073,-87.6563329217,1303431894.0,36718629,36718974
36718974,41.8670913157,-87.6565971859,1303431907.0,36718693,36719095
36719095,41.8672822571,-87.6566838111,1303431912.0,36718974,36719169
36719169,41.8674890546,-87.65668987,1303431915.0,36719095,36719241
36719241,41.8677489657,-87.6567045561,1303431918.0,36719169,36719292
36719292,41.8679429897,-87.6567119234,1303431920.0,36719241,36719341
36719341,41.8681320067,-87.6567178121,1303431922.0,36719292,36719394
36719394,41.8683149964,-87.6567238886,1303431924.0,36719341,36719469
36719469,41.8685719782,-87.6567320901,1303431927.0,36719394,36719542
36719542,41.8688019787,-87.6567391538,1303431930.0,36719469,36719616
36719616,41.869008993,-87.6567376623,1303431933.0,36719542,36719723
36719723,41.8692330139,-87.656730399,1303431937.0,36719616,36720321
36720321,41.8694247291,-87.6567413482,1303431960.0,36719723,36720431
36720431,41.8696661264,-87.656750918,1303431964.0,36720321,36720512
36720512,41.8699261382,-87.6567666315,1303431967.0,36720431,36720572
36720572,41.8701231509,-87.6567777156,1303431969.0,36720512,36720625
36720625,41.8703310956,-87.6567849911,1303431971.0,36720572,36720680
36720680,41.8705410971,-87.6567913037,1303431973.0,36720625,36720736
36720736,41.870744142,-87.6567975443,1303431975.0,36720680,36720788
36720788,41.8709461403,-87.6568034785,1303431977.0,36720736,36720845
36720845,41.8711421153,-87.6568094725,1303431979.0,36720788,36720904
36720904,41.871336144,-87.656814627,1303431981.0,36720845,36720955
36720955,41.8715320761,-87.6568200625,1303431983.0,36720904,36721013
36721013,41.8717139301,-87.6568148254,1303431985.0,36720955,36721096
36721096,41.8719699098,-87.6568015766,1303431988.0,36721013,36721216
36721216,41.8721519672,-87.6567906299,1303431992.0,36721096,36721386
36721386,41.8723429331,-87.6567838122,1303431998.0,36721216,36721471
36721471,41.8725468089,-87.6567779539,1303432001.0,36721386,36721559
36721559,41.8727977892,-87.6567662485,1303432004.0,36721471,36721649
36721649,41.8730646643,-87.6567505926,1303432007.0,36721559,36721709
36721709,41.8732468227,-87.6567423945,1303432009.0,36721649,36721772
36721772,41.8734309767,-87.6567400185,1303432011.0,36721709,36721859
36721859,41.873692087,-87.6567415768,1303432014.0,36721772,36721946
36721946,41.8739100414,-87.6567448087,1303432017.0,36721859,36722064
36722064,41.8741089653,-87.6567500058,1303432021.0,36721946,36722370
36722370,41.8742514675,-87.6565665604,1303432031.0,36722064,36722461
36722461,41.8742444142,-87.6563269124,1303432034.0,36722370,36722538
36722538,41.8742430053,-87.6560757256,1303432037.0,36722461,36723020
36723020,41.8742448146,-87.6558296922,1303432052.0,36722538,36723175
36723175,41.8742518118,-87.6555137477,1303432057.0,36723020,36723272
36723272,41.8742591985,-87.6552097289,1303432060.0,36723175,36723378
36723378,41.8742659528,-87.6548607055,1303432063.0,36723272,36723438
36723438,41.8742694168,-87.6546137065,1303432065.0,36723378,36723502
36723502,41.8742739025,-87.6543677279,1303432067.0,36723438,36723603
36723603,41.8742794284,-87.654013686,1303432070.0,36723502,36723701
36723701,41.8742867248,-87.6536646412,1303432073.0,36723603,36723794
36723794,41.8742942339,-87.6533086633,1303432076.0,36723701,36723898
36723898,41.8742976294,-87.6529547813,1303432079.0,36723794,36723997
36723997,41.8743008807,-87.6526288553,1303432082.0,36723898,36724141
36724141,41.8743042514,-87.6523378682,1303432086.0,36723997,36724894
36724894,41.8743171941,-87.6520314459,1303432108.0,36724141,36724968
36724968,41.8743222072,-87.6517764575,1303432111.0,36724894,36725073
36725073,41.8743324571,-87.6514545865,1303432114.0,36724968,36725176
36725176,41.8743403282,-87.6511086229,1303432117.0,36725073,36725290
36725290,41.874349165,-87.6507656385,1303432120.0,36725176,36725399
36725399,41.8743510658,-87.6504497489,1303432123.0,36725290,36725533
36725533,41.8743483551,-87.6502058143,1303432127.0,36725399,36725757
36725757,41.874356217,-87.6499425735,1303432133.0,36725533,36725898
36725898,41.8743648063,-87.6496298076,1303432137.0,36725757,36726011
36726011,41.8743684575,-87.6493378682,1303432140.0,36725898,36726120
36726120,41.8743739669,-87.6490108415,1303432143.0,36726011,36726221
36726221,41.8743784943,-87.64867491,1303432146.0,36726120,36726313
36726313,41.8743686788,-87.6483406826,1303432149.0,36726221,36726352
36726352,41.8743369875,-87.6480185404,1303432152.0,36726313,36726363
36726363,41.8743107772,-87.6477466741,1303432155.0,36726352,36726391
36726391,41.8742809418,-87.6475030462,1303432160.0,36726363,36726601
36726601,41.8741596957,-87.6472546502,1303432183.0,36726391,36726645
36726645,41.873920035,-87.6472180469,1303432187.0,36726601,36726683
36726683,41.8737000124,-87.6472151831,1303432190.0,36726645,36726723
36726723,41.8734440734,-87.6472105245,1303432193.0,36726683,36726764
36726764,41.873176181,-87.6472011223,1303432196.0,36726723,36726806
36726806,41.872915271,-87.6471929028,1303432199.0,36726764,36726849
36726849,41.8726803034,-87.6471894486,1303432202.0,36726806,36726888
36726888,41.8724941978,-87.6471890716,1303432205.0,36726849,36726979
36726979,41.872309273,-87.6471967693,1303432211.0,36726888,36727199
36727199,41.8721285126,-87.6472141464,1303432225.0,36726979,36727706
36727706,41.8719294841,-87.6471783094,1303432252.0,36727199,36727769
36727769,41.8717263574,-87.6471665687,1303432255.0,36727706,36727826
36727826,41.8714771923,-87.6471687846,1303432258.0,36727769,36727831
36727831,41.8712931727,-87.6471671036,1303432260.0,36727826,36727844
36727844,41.871036217,-87.64715831,1303432263.0,36727831,36727861
36727861,41.8707871918,-87.6471415333,1303432266.0,36727844,36727881
36727881,41.8705182189,-87.647123006,1303432269.0,36727861,36727904
36727904,41.8702612341,-87.6471132842,1303432272.0,36727881,36727929
36727929,41.8700391074,-87.6471053608,1303432275.0,36727904,36727966
36727966,41.8698422016,-87.647099116,1303432279.0,36727929,36728211
36728211,41.8696324304,-87.6470877139,1303432300.0,36727966,36728253
36728253,41.8694442289,-87.6470807428,1303432303.0,36728211,36728295
36728295,41.8692099375,-87.6470642961,1303432306.0,36728253,36728339
36728339,41.8689629511,-87.6470546593,1303432309.0,36728295,36728384
36728384,41.8687119549,-87.6470448022,1303432312.0,36728339,36728430
36728430,41.8684719405,-87.6470334842,1303432315.0,36728384,36728478
36728478,41.868239077,-87.6470232461,1303432318.0,36728430,36728526
36728526,41.868017228,-87.6470148786,1303432321.0,36728478,36728576
36728576,41.8678200486,-87.6470064764,1303432324.0,36728526,36728642
36728642,41.8675997949,-87.6469963107,1303432328.0,36728576,36728767
36728767,41.8674182507,-87.646989186,1303432335.0,36728642,36728856
36728856,41.8672203127,-87.6469585907,1303432340.0,36728767,36728913
36728913,41.8670188123,-87.6469375068,1303432343.0,36728856,36728968
36728968,41.8667768717,-87.6469182157,1303432346.0,36728913,36729027
36729027,41.8665168856,-87.6469038861,1303432349.0,36728968,36729088
36729088,41.8662769503,-87.6468849443,1303432352.0,36729027,36729165
36729165,41.8660830098,-87.6468608767,1303432356.0,36729088,36729349
36729349,41.8658880888,-87.6468625928,1303432365.0,36729165,None
