74183733,41.8671753067,-87.6511724616,1303225367.0,None,74183906
74183906,41.8671551686,-87.651440813,1303225372.0,74183733,74184008
74184008,41.8671505904,-87.6517565242,1303225375.0,74183906,74184116
74184116,41.8671463692,-87.6520720628,1303225378.0,74184008,74184238
74184238,41.8671422238,-87.6523650626,1303225382.0,74184116,74184804
74184804,41.867144848,-87.6526208409,1303225398.0,74184238,74185370
74185370,41.8671382635,-87.6528738666,1303225414.0,74184804,74185504
74185504,41.8671333221,-87.6531848189,1303225418.0,74185370,74185611
74185611,41.8671277073,-87.6535329423,1303225421.0,74185504,74185681
74185681,41.8671226425,-87.6537989231,1303225423.0,74185611,74185753
74185753,41.8671176404,-87.6540849101,1303225425.0,74185681,74185829
74185829,41.8671147402,-87.6543828157,1303225427.0,74185753,74185909
74185909,41.8671067586,-87.654683813,1303225429.0,74185829,74185982
74185982,41.8670989089,-87.6549868991,1303225431.0,74185909,74186055
74186055,41.8670903492,-87.655290076,1303225433.0,74185982,74186129
74186129,41.8670874332,-87.6555660036,1303225435.0,74186055,74186205
74186205,41.8670829069,-87.6558149551,1303225437.0,74186129,74186314
74186314,41.867075018,-87.6561580855,1303225440.0,74186205,74186422
74186422,41.8670710622,-87.6565148209,1303225443.0,74186314,74186498
74186498,41.8670657527,-87.6567849369,1303225445.0,74186422,74186572
74186572,41.8670629345,-87.6570860929,1303225447.0,74186498,74186648
74186648,41.8670579117,-87.657401095,1303225449.0,74186572,74186708
74186708,41.8670526807,-87.6577201421,1303225451.0,74186648,74186779
74186779,41.8670467141,-87.6580441012,1303225453.0,74186708,74186852
74186852,41.867042981,-87.6583670999,1303225455.0,74186779,74186930
74186930,41.8670368603,-87.6586890862,1303225457.0,74186852,74187004
74187004,41.867028692,-87.6590061491,1303225459.0,74186930,74187074
74187074,41.86701676,-87.6592932233,1303225461.0,74187004,74187146
74187146,41.8670134819,-87.6595532144,1303225463.0,74187074,74187255
74187255,41.8670061544,-87.6598802108,1303225466.0,74187146,74187390
74187390,41.86700396,-87.6601612171,1303225470.0,74187255,74187839
74187839,41.8670188576,-87.6604109025,1303225482.0,74187390,74187978
74187978,41.8670137717,-87.6607189408,1303225486.0,74187839,74188084
74188084,41.8670074453,-87.6610450164,1303225489.0,74187978,74188143
74188143,41.867001619,-87.6612870643,1303225491.0,74188084,74188208
74188208,41.8670019264,-87.6615340884,1303225493.0,74188143,74188213
74188213,41.8670037481,-87.6617889816,1303225495.0,74188208,74188221
74188221,41.8670005135,-87.6620578168,1303225497.0,74188213,74188231
74188231,41.8669971333,-87.662329848,1303225499.0,74188221,74188243
74188243,41.8669901317,-87.6626049076,1303225501.0,74188231,74188256
74188256,41.866983864,-87.6628849327,1303225503.0,74188243,74188270
74188270,41.8669775838,-87.6631689573,1303225505.0,74188256,74188286
74188286,41.8669682861,-87.663454998,1303225507.0,74188270,74188302
74188302,41.8669599779,-87.6637310713,1303225509.0,74188286,74188320
74188320,41.8669544749,-87.6639880917,1303225511.0,74188302,74188338
74188338,41.8669504306,-87.6642300607,1303225513.0,74188320,74188368
74188368,41.8669462196,-87.6645610559,1303225516.0,74188338,74188399
74188399,41.8669403929,-87.6648170829,1303225519.0,74188368,74188455
74188455,41.8669363517,-87.6651010916,1303225524.0,74188399,74188607
74188607,41.8669332125,-87.6653541468,1303225536.0,74188455,74188662
74188662,41.8669310357,-87.6656430873,1303225540.0,74188607,74188705
74188705,41.8669328276,-87.6659680313,1303225543.0,74188662,74188735
74188735,41.8669340486,-87.6662191021,1303225545.0,74188705,74188765
74188765,41.8669357379,-87.6664845171,1303225547.0,74188735,74188795
74188795,41.8669336372,-87.6667569975,1303225549.0,74188765,74188827
74188827,41.866932703,-87.6670399897,1303225551.0,74188795,74188859
74188859,41.8669338751,-87.6673210352,1303225553.0,74188827,74188891
74188891,41.8669303816,-87.6675929951,1303225555.0,74188859,74188923
74188923,41.8669332275,-87.6678589825,1303225557.0,74188891,74188957
74188957,41.8669375015,-87.6681170246,1303225559.0,74188923,74188991
74188991,41.8669443793,-87.6683590861,1303225561.0,74188957,74189042
74189042,41.8669485641,-87.6686230037,1303225564.0,74188991,74189351
74189351,41.866973635,-87.6688599815,1303225582.0,74189042,74189468
74189468,41.867153901,-87.6689494214,1303225588.0,74189351,74189529
74189529,41.8673661055,-87.6689474555,1303225591.0,74189468,74189589
74189589,41.8676270893,-87.6689444915,1303225594.0,74189529,74189630
74189630,41.8678140747,-87.6689456547,1303225596.0,74189589,74189672
74189672,41.8680050663,-87.6689483903,1303225598.0,74189630,74189712
74189712,41.8681950458,-87.6689535127,1303225600.0,74189672,74189741
74189741,41.8683801149,-87.6689603791,1303225602.0,74189712,74189772
74189772,41.8685621087,-87.668964718,1303225604.0,74189741,74189821
74189821,41.8687440987,-87.6689649458,1303225606.0,74189772,74189892
74189892,41.8689711999,-87.6689630327,1303225609.0,74189821,74190111
74190111,41.8691552848,-87.6689727508,1303225619.0,74189892,74190208
74190208,41.8692535964,-87.6691915445,1303225625.0,74190111,74190265
74190265,41.8692393435,-87.6694995278,1303225629.0,74190208,74190321
74190321,41.8692607556,-87.6697630382,1303225632.0,74190265,74190380
74190380,41.8692586378,-87.6701068703,1303225635.0,74190321,74190449
74190449,41.8692561019,-87.6704459331,1303225638.0,74190380,74190527
74190527,41.8692542495,-87.6707391917,1303225641.0,74190449,74190599
74190599,41.8692582722,-87.6709844589,1303225644.0,74190527,74190979
74190979,41.8692675179,-87.6712387438,1303225660.0,74190599,74191443
74191443,41.8692453359,-87.671526412,1303225678.0,74190979,74191521
74191521,41.8692611148,-87.6717679126,1303225681.0,74191443,74191603
74191603,41.8692599705,-87.6720277849,1303225684.0,74191521,74191684
74191684,41.869254521,-87.6723661357,1303225687.0,74191603,74191770
74191770,41.8692506067,-87.6726969455,1303225690.0,74191684,74191843
74191843,41.8692508879,-87.6730203047,1303225693.0,74191770,74191923
74191923,41.8692475258,-87.6733047955,1303225696.0,74191843,74192025
74192025,41.8692332333,-87.6735461495,1303225700.0,74191923,74192287
74192287,41.8693682407,-87.6737532374,1303225709.0,74192025,74192392
74192392,41.8695731275,-87.6737619748,1303225713.0,74192287,74192475
74192475,41.8697670438,-87.6737876766,1303225716.0,74192392,74192564
74192564,41.8699620945,-87.6738188866,1303225719.0,74192475,74192655
74192655,41.8701630358,-87.6738426284,1303225722.0,74192564,74192743
74192743,41.8703500681,-87.6738663392,1303225725.0,74192655,74192825
74192825,41.8705510487,-87.6738707041,1303225728.0,74192743,74192912
74192912,41.8707670279,-87.6738524767,1303225731.0,74192825,74193005
74193005,41.8709761227,-87.6738527907,1303225734.0,74192912,74193097
74193097,41.8711583983,-87.6738263849,1303225737.0,74193005,74193243
74193243,41.8713450021,-87.673783893,1303225742.0,74193097,74193496
74193496,41.8714299694,-87.6735509026,1303225750.0,74193243,None
