21718191,41.8689139098,-87.6702679994,1303334410.0,None,21718393
21718393,41.8689012161,-87.6705139718,1303334418.0,21718191,21718516
21718516,41.8689143015,-87.6708178418,1303334423.0,21718393,21718616
21718616,41.8689423449,-87.6711160448,1303334427.0,21718516,21718784
21718784,41.8689781315,-87.6713816966,1303334433.0,21718616,21719033
21719033,41.869160231,-87.6714808764,1303334443.0,21718784,21719259
21719259,41.8693460439,-87.6714850989,1303334451.0,21719033,21719387
21719387,41.8695749393,-87.6714799524,1303334456.0,21719259,21719470
21719470,41.8697669549,-87.6715444391,1303334459.0,21719387,21719595
21719595,41.8699550006,-87.6715918944,1303334463.0,21719470,21719677
21719677,41.8701489787,-87.6715848275,1303334466.0,21719595,21719751
21719751,41.8704019456,-87.6715618938,1303334469.0,21719677,21719804
21719804,41.8705830401,-87.6715812141,1303334471.0,21719751,21719861
21719861,41.8707690221,-87.6715940654,1303334473.0,21719804,21719951
21719951,41.8709610192,-87.6716099376,1303334476.0,21719861,21720102
21720102,41.8711440234,-87.6715293667,1303334481.0,21719951,21720211
21720211,41.8712520842,-87.6712721076,1303334485.0,21720102,21720425
21720425,41.8713641607,-87.6710620155,1303334492.0,21720211,21720632
21720632,41.871444477,-87.6707791824,1303334499.0,21720425,21720722
21720722,41.8714345587,-87.6704540767,1303334502.0,21720632,21720787
21720787,41.8714553409,-87.670188185,1303334504.0,21720722,21720851
21720851,41.8714761884,-87.6699086732,1303334506.0,21720787,21720910
21720910,41.8714907085,-87.6696565649,1303334508.0,21720851,21721001
21721001,41.8714637868,-87.6693685733,1303334511.0,21720910,21721438
21721438,41.8714772591,-87.6691064861,1303334525.0,21721001,21721528
21721528,41.8715013831,-87.6688670341,1303334528.0,21721438,21721620
21721620,41.8715051155,-87.668505971,1303334531.0,21721528,21721691
21721691,41.8715102061,-87.6682280603,1303334533.0,21721620,21721761
21721761,41.8715172346,-87.6679469815,1303334535.0,21721691,21721828
21721828,41.8715242565,-87.667672981,1303334537.0,21721761,21721892
21721892,41.8715221928,-87.6674159428,1303334539.0,21721828,21721988
21721988,41.871523397,-87.6671460092,1303334542.0,21721892,21722755
21722755,41.8715789936,-87.666872949,1303334566.0,21721988,21723017
21723017,41.8716258736,-87.6666026759,1303334574.0,21722755,21723150
21723150,41.8717879424,-87.6664843166,1303334578.0,21723017,21723257
21723257,41.8720070028,-87.6664779956,1303334581.0,21723150,21723330
21723330,41.8721980529,-87.6664830055,1303334583.0,21723257,21723402
21723402,41.8724190252,-87.6664882839,1303334585.0,21723330,21723474
21723474,41.8726630411,-87.6664846847,1303334587.0,21723402,21723536
21723536,41.8729120422,-87.6664822248,1303334589.0,21723474,21723602
21723602,41.8731120514,-87.6665492653,1303334591.0,21723536,21723667
21723667,41.8733150751,-87.666583454,1303334593.0,21723602,21723734
21723734,41.873497013,-87.6666341297,1303334595.0,21723667,21723803
21723803,41.8736850169,-87.6666561355,1303334597.0,21723734,21723919
21723919,41.8739019927,-87.6666610595,1303334600.0,21723803,21724313
21724313,41.8740017721,-87.6664057095,1303334611.0,21723919,21724417
21724417,41.8740074718,-87.6660540277,1303334614.0,21724313,21724489
21724489,41.8740247246,-87.6657459842,1303334616.0,21724417,21724563
21724563,41.8740400063,-87.665413988,1303334618.0,21724489,21724641
21724641,41.8740513231,-87.6650569723,1303334620.0,21724563,21724716
21724716,41.8740567235,-87.6646729231,1303334622.0,21724641,21724788
21724788,41.8740539666,-87.6642759124,1303334624.0,21724716,21724857
21724857,41.8740472321,-87.6638719063,1303334626.0,21724788,21724930
21724930,41.8740506653,-87.6634629275,1303334628.0,21724857,21724999
21724999,41.8740569311,-87.6630680026,1303334630.0,21724930,21725075
21725075,41.8740680445,-87.6626840873,1303334632.0,21724999,21725153
21725153,41.8740821367,-87.6623190729,1303334634.0,21725075,21725223
21725223,41.8740742777,-87.6619701492,1303334636.0,21725153,21725302
21725302,41.8740802895,-87.6616411352,1303334638.0,21725223,21725377
21725377,41.8740883797,-87.6612971117,1303334640.0,21725302,21725441
21725441,41.8740986452,-87.6609300658,1303334642.0,21725377,21725515
21725515,41.874105832,-87.6605420831,1303334644.0,21725441,21725588
21725588,41.8741059051,-87.6601380706,1303334646.0,21725515,21725643
21725643,41.8741170727,-87.6597210698,1303334648.0,21725588,21725720
21725720,41.8741269949,-87.6593100997,1303334650.0,21725643,21725795
21725795,41.8741428367,-87.6589210731,1303334652.0,21725720,21725870
21725870,41.8741517364,-87.6585670568,1303334654.0,21725795,21725945
21725945,41.874162331,-87.6582450592,1303334656.0,21725870,21726023
21726023,41.8741716815,-87.6579470441,1303334658.0,21725945,21726100
21726100,41.8741745989,-87.6576750599,1303334660.0,21726023,21726183
21726183,41.8741781448,-87.6574241043,1303334662.0,21726100,21726281
21726281,41.8741837305,-87.6571451167,1303334665.0,21726183,21726606
21726606,41.874185556,-87.6568749548,1303334674.0,21726281,21726723
21726723,41.8741841307,-87.6566272544,1303334677.0,21726606,21726837
21726837,41.8741913216,-87.656270077,1303334680.0,21726723,21726909
21726909,41.8742039172,-87.6559862492,1303334682.0,21726837,21726990
21726990,41.8742148017,-87.6556743587,1303334684.0,21726909,21727065
21727065,41.8742234014,-87.6553343636,1303334686.0,21726990,21727138
21727138,41.8742332539,-87.6549723517,1303334688.0,21727065,21727214
21727214,41.8742417947,-87.6546002937,1303334690.0,21727138,21727285
21727285,41.8742470534,-87.6542432022,1303334692.0,21727214,21727350
21727350,41.8742536242,-87.6539052844,1303334694.0,21727285,21727421
21727421,41.8742611192,-87.6535832981,1303334696.0,21727350,21727498
21727498,41.874268425,-87.6532863168,1303334698.0,21727421,21727572
21727572,41.874272586,-87.653010227,1303334700.0,21727498,21727644
21727644,41.8742676331,-87.6527501825,1303334702.0,21727572,21727703
21727703,41.8742671596,-87.652470084,1303334704.0,21727644,21727770
21727770,41.874278189,-87.6521702772,1303334706.0,21727703,21727828
21727828,41.8742958412,-87.6518561663,1303334708.0,21727770,21727902
21727902,41.8743070167,-87.6515261454,1303334710.0,21727828,21727967
21727967,41.8743197886,-87.651183036,1303334712.0,21727902,21727990
21727990,41.8743323844,-87.6508348709,1303334714.0,21727967,21728063
21728063,41.8743362866,-87.6505039357,1303334716.0,21727990,21728131
21728131,41.8743376495,-87.6501949596,1303334718.0,21728063,21728184
21728184,41.8743389393,-87.649922006,1303334720.0,21728131,21728234
21728234,41.8743358675,-87.6496735134,1303334722.0,21728184,21728327
21728327,41.8743303584,-87.6493204071,1303334725.0,21728234,21728398
21728398,41.8743227185,-87.6490713926,1303334727.0,21728327,21728462
21728462,41.8743101136,-87.6487963593,1303334729.0,21728398,21728535
21728535,41.8743176493,-87.6485247941,1303334731.0,21728462,21728648
21728648,41.8743108312,-87.648193448,1303334734.0,21728535,21729033
21729033,41.8742797831,-87.64795105,1303334745.0,21728648,None
