113501745,41.8692358363,-87.6755735498,1303961770.0,None,113502205
113502205,41.8692157468,-87.6758692757,1303961793.0,113501745,113502252
113502252,41.8692074524,-87.6761117144,1303961795.0,113502205,113502294
113502294,41.8692016917,-87.6764037052,1303961797.0,113502252,113502317
113502317,41.8691925851,-87.6767277369,1303961799.0,113502294,113502358
113502358,41.8691781006,-87.6770768747,1303961801.0,113502317,113502399
113502399,41.8691684885,-87.6774468884,1303961803.0,113502358,113502446
113502446,41.8691673645,-87.6778298969,1303961805.0,113502399,113502489
113502489,41.8691634564,-87.6782228869,1303961807.0,113502446,113502522
113502522,41.8691593385,-87.6786209004,1303961809.0,113502489,113502556
113502556,41.869157109,-87.6790068762,1303961811.0,113502522,113502590
113502590,41.8691551926,-87.6793719289,1303961813.0,113502556,113502626
113502626,41.869152102,-87.679719964,1303961815.0,113502590,113502670
113502670,41.8691542683,-87.6800280044,1303961817.0,113502626,113502737
113502737,41.8691514248,-87.6803430347,1303961820.0,113502670,113503309
113503309,41.8691585101,-87.6806279953,1303961845.0,113502737,113503375
113503375,41.8691670432,-87.6809247952,1303961848.0,113503309,113503408
113503408,41.8691620327,-87.6811916556,1303961850.0,113503375,113503455
113503455,41.8691562654,-87.6815026011,1303961852.0,113503408,113503508
113503508,41.8691476224,-87.6818386394,1303961854.0,113503455,113503558
113503558,41.8691429671,-87.6821877141,1303961856.0,113503508,113503609
113503609,41.8691401994,-87.6825217314,1303961858.0,113503558,113503662
113503662,41.8691351264,-87.6828227894,1303961860.0,113503609,113503717
113503717,41.8691330947,-87.6830888984,1303961862.0,113503662,113503798
113503798,41.8691281993,-87.6833838065,1303961865.0,113503717,113504055
113504055,41.8691024309,-87.6836406434,1303961875.0,113503798,113504167
113504167,41.8691027024,-87.6839460204,1303961879.0,113504055,113504257
113504257,41.8690986236,-87.684304892,1303961882.0,113504167,113504331
113504331,41.8690936884,-87.6846207039,1303961885.0,113504257,113504468
113504468,41.8690846489,-87.6848758319,1303961890.0,113504331,113504586
113504586,41.8690732324,-87.6851858025,1303961894.0,113504468,113504667
113504667,41.8690639536,-87.6854780319,1303961897.0,113504586,113504745
113504745,41.8690841117,-87.68575879,1303961900.0,113504667,113505115
113505115,41.8691027353,-87.6860159093,1303961913.0,113504745,113505255
113505255,41.8692931523,-87.6861060862,1303961918.0,113505115,113505339
113505339,41.869504276,-87.6860938852,1303961921.0,113505255,113505428
113505428,41.8697312228,-87.6860963982,1303961924.0,113505339,113505520
113505520,41.8699811649,-87.6861025551,1303961927.0,113505428,113505578
113505578,41.8701671784,-87.6861141599,1303961929.0,113505520,113505646
113505646,41.8703561776,-87.686127252,1303961931.0,113505578,113505705
113505705,41.8705571686,-87.6861263359,1303961933.0,113505646,113505762
113505762,41.870767149,-87.6861324399,1303961935.0,113505705,113505821
113505821,41.8709842682,-87.6861409632,1303961937.0,113505762,113505884
113505884,41.8712072976,-87.6861456888,1303961939.0,113505821,113505946
113505946,41.871432238,-87.6861471972,1303961941.0,113505884,113506010
113506010,41.871663201,-87.6861577244,1303961943.0,113505946,113506068
113506068,41.8719001423,-87.6861633708,1303961945.0,113506010,113506130
113506130,41.8721390855,-87.6861692358,1303961947.0,113506068,113506198
113506198,41.8723860402,-87.6861696254,1303961949.0,113506130,113506257
113506257,41.8726300453,-87.6861739784,1303961951.0,113506198,113506322
113506322,41.8728630285,-87.6861790007,1303961953.0,113506257,113506385
113506385,41.8730790836,-87.6861877252,1303961955.0,113506322,113506444
113506444,41.8732610774,-87.6861944779,1303961957.0,113506385,113506558
113506558,41.8734690352,-87.6862029645,1303961961.0,113506444,113506848
113506848,41.8736508863,-87.6862148682,1303961970.0,113506558,113506980
113506980,41.8738449435,-87.6862189932,1303961974.0,113506848,113507107
113507107,41.873921268,-87.6860032536,1303961978.0,113506980,113507206
113507206,41.8739165463,-87.6857218705,1303961981.0,113507107,113507304
113507304,41.8739203481,-87.6853458951,1303961984.0,113507206,113507372
113507372,41.8739291579,-87.6850389177,1303961986.0,113507304,113507442
113507442,41.8739319407,-87.684724934,1303961988.0,113507372,113507508
113507508,41.8739238647,-87.6844400013,1303961990.0,113507442,113507597
113507597,41.8739107522,-87.6841130453,1303961993.0,113507508,113507868
113507868,41.8738749337,-87.6838731455,1303962001.0,113507597,113508015
113508015,41.8738926046,-87.6835261744,1303962005.0,113507868,113508078
113508078,41.8738929497,-87.6832622534,1303962007.0,113508015,113508142
113508142,41.8738909007,-87.6829512418,1303962009.0,113508078,113508199
113508199,41.8738970007,-87.6826161817,1303962011.0,113508142,113508264
113508264,41.8739020481,-87.6822771123,1303962013.0,113508199,113508330
113508330,41.8738998735,-87.6819521161,1303962015.0,113508264,113508395
113508395,41.8738993582,-87.6816792045,1303962017.0,113508330,113508487
113508487,41.8738914748,-87.6814173024,1303962020.0,113508395,113508707
113508707,41.8739102535,-87.681146327,1303962026.0,113508487,113508820
113508820,41.8739216169,-87.6808063426,1303962029.0,113508707,113508891
113508891,41.8739254651,-87.6805132961,1303962031.0,113508820,113508960
113508960,41.873928423,-87.6801872199,1303962033.0,113508891,113509024
113509024,41.8739354876,-87.6798582194,1303962035.0,113508960,113509089
113509089,41.8739446198,-87.6795261709,1303962037.0,113509024,113509157
113509157,41.8739515224,-87.6791881974,1303962039.0,113509089,113509227
113509227,41.873963406,-87.6788502174,1303962041.0,113509157,113509299
113509299,41.8739742186,-87.6785021909,1303962043.0,113509227,113509371
113509371,41.8739735205,-87.6781622053,1303962045.0,113509299,113509449
113509449,41.8739754832,-87.6778331859,1303962047.0,113509371,113509525
113509525,41.8739781986,-87.6775192427,1303962049.0,113509449,113509601
113509601,41.8739773774,-87.6772168088,1303962051.0,113509525,113509668
113509668,41.8739769206,-87.6769321938,1303962053.0,113509601,113509770
113509770,41.8739475335,-87.6765972435,1303962056.0,113509668,113509910
113509910,41.8737957784,-87.6764278284,1303962060.0,113509770,113510024
113510024,41.8735624016,-87.6764093532,1303962063.0,113509910,113510100
113510100,41.8733624509,-87.6764011627,1303962065.0,113510024,113510214
113510214,41.8731205364,-87.6763829776,1303962068.0,113510100,113511062
113511062,41.8729085899,-87.6763814996,1303962092.0,113510214,113511207
113511207,41.8726486438,-87.6763691997,1303962096.0,113511062,113511287
113511287,41.8724536376,-87.67636696,1303962098.0,113511207,113511363
113511363,41.8722213664,-87.6763560659,1303962100.0,113511287,113511439
113511439,41.87199234,-87.6763343036,1303962102.0,113511363,113511517
113511517,41.8717866394,-87.6763202994,1303962104.0,113511439,113511629
113511629,41.8715635594,-87.6763039561,1303962107.0,113511517,113511790
113511790,41.8714483026,-87.6760696636,1303962112.0,113511629,113511897
113511897,41.871465436,-87.6757759326,1303962115.0,113511790,113511961
113511961,41.8714771368,-87.6755190028,1303962117.0,113511897,113512004
113512004,41.8714909294,-87.6752307339,1303962119.0,113511961,113512073
113512073,41.8715050882,-87.6749373972,1303962121.0,113512004,113512139
113512139,41.8715134716,-87.6746438686,1303962123.0,113512073,113512216
113512216,41.8715207395,-87.6743559238,1303962125.0,113512139,113512270
113512270,41.871528876,-87.6740951989,1303962127.0,113512216,113512347
113512347,41.8715249679,-87.6738511425,1303962130.0,113512270,113512475
113512475,41.8715082348,-87.6735888797,1303962134.0,113512347,113512577
113512577,41.8715251747,-87.6732401516,1303962137.0,113512475,113512651
113512651,41.8715422597,-87.6729469577,1303962139.0,113512577,113512724
113512724,41.8715574912,-87.6726297902,1303962141.0,113512651,113512794
113512794,41.8715688722,-87.6723207489,1303962143.0,113512724,113512869
113512869,41.8715674753,-87.672047899,1303962145.0,113512794,113512961
113512961,41.8715551327,-87.6717376435,1303962148.0,113512869,113513771
113513771,41.8715582346,-87.6714807023,1303962171.0,113512961,113513888
113513888,41.8715705941,-87.6712346954,1303962174.0,113513771,113514011
113514011,41.8715869805,-87.6708597478,1303962177.0,113513888,113514089
113514089,41.8715997426,-87.6705638688,1303962179.0,113514011,113514164
113514164,41.871610651,-87.6702698616,1303962181.0,113514089,113514230
113514230,41.871612739,-87.6699764472,1303962183.0,113514164,113514283
113514283,41.8716159645,-87.6696797498,1303962185.0,113514230,113514352
113514352,41.8716114659,-87.6694006963,1303962187.0,113514283,113514448
113514448,41.8715950275,-87.6691342836,1303962190.0,113514352,113514753
113514753,41.8714190694,-87.6689800852,1303962198.0,113514448,113514864
113514864,41.8711774626,-87.6689969685,1303962201.0,113514753,113514939
113514939,41.8709704683,-87.668999059,1303962203.0,113514864,113515007
113515007,41.8707335594,-87.6689983231,1303962205.0,113514939,113515078
113515078,41.8704897628,-87.6689943252,1303962207.0,113515007,113515148
113515148,41.8702818044,-87.668991395,1303962209.0,113515078,113515256
113515256,41.8700707962,-87.6689948517,1303962212.0,113515148,113515413
113515413,41.8698748514,-87.6690013785,1303962216.0,113515256,113515562
113515562,41.869678899,-87.6690002176,1303962220.0,113515413,113515707
113515707,41.8694636395,-87.6689976611,1303962224.0,113515562,113515952
113515952,41.8692838598,-87.6690083175,1303962231.0,113515707,113516106
113516106,41.8690392336,-87.669006266,1303962235.0,113515952,113516180
113516180,41.868845008,-87.6689962028,1303962237.0,113516106,113516257
113516257,41.8686149009,-87.6689843912,1303962239.0,113516180,113516319
113516319,41.8683549223,-87.6689740076,1303962241.0,113516257,113516376
113516376,41.8680829051,-87.6689607494,1303962243.0,113516319,113516381
113516381,41.8678149145,-87.6689461619,1303962245.0,113516376,113516389
113516389,41.8675718989,-87.6689344556,1303962247.0,113516381,113516399
113516399,41.8673728675,-87.6689251716,1303962249.0,113516389,113516417
113516417,41.8671677642,-87.6689248053,1303962252.0,113516399,None
