79711421,41.8713421326,-87.6714772023,1303740879.0,None,79711572
79711572,41.8715572343,-87.6714989719,1303740884.0,79711421,79711671
79711671,41.8717860274,-87.6715079971,1303740887.0,79711572,79711759
79711759,41.8720340024,-87.6715093209,1303740890.0,79711671,79711818
79711818,41.872213989,-87.6715076193,1303740892.0,79711759,79711883
79711883,41.8723979852,-87.6715029167,1303740894.0,79711818,79711985
79711985,41.8726679983,-87.671504982,1303740897.0,79711883,79712053
79712053,41.8728519875,-87.6715138447,1303740899.0,79711985,79712145
79712145,41.8731159824,-87.671518787,1303740902.0,79712053,79712221
79712221,41.8733839855,-87.67151978,1303740905.0,79712145,79712278
79712278,41.8735669776,-87.6715128658,1303740907.0,79712221,79712378
79712378,41.8738089936,-87.6714992607,1303740910.0,79712278,79712522
79712522,41.8740153851,-87.6714515572,1303740914.0,79712378,79712692
79712692,41.8741361964,-87.6712199238,1303740919.0,79712522,79712780
79712780,41.8741662442,-87.6709249603,1303740922.0,79712692,79712868
79712868,41.8741664495,-87.6705980381,1303740925.0,79712780,79712967
79712967,41.8741287267,-87.6702999675,1303740928.0,79712868,79713069
79713069,41.8740741795,-87.6700250364,1303740931.0,79712967,79713175
79713175,41.8740152621,-87.6697720858,1303740934.0,79713069,79713312
79713312,41.8740432821,-87.6694410881,1303740938.0,79713175,79713409
79713409,41.8740464108,-87.6690976567,1303740941.0,79713312,79713512
79713512,41.8740571179,-87.6687331352,1303740944.0,79713409,79713583
79713583,41.8740560662,-87.6684800413,1303740946.0,79713512,79713648
79713648,41.874087574,-87.6682329003,1303740948.0,79713583,79713721
79713721,41.874105796,-87.6679897207,1303740950.0,79713648,79713812
79713812,41.874113625,-87.6676517057,1303740953.0,79713721,79713911
79713911,41.8741113117,-87.6673357308,1303740956.0,79713812,79714012
79714012,41.8741197052,-87.6670285067,1303740959.0,79713911,79714121
79714121,41.8741240471,-87.6667258226,1303740962.0,79714012,79714228
79714228,41.874134823,-87.6664259329,1303740965.0,79714121,79714340
79714340,41.8741471037,-87.6660929755,1303740968.0,79714228,79714440
79714440,41.8741586381,-87.6657408761,1303740971.0,79714340,79714538
79714538,41.8741652759,-87.6653788842,1303740974.0,79714440,79714605
79714605,41.8741677213,-87.6651299194,1303740976.0,79714538,79714674
79714674,41.8741599511,-87.6648829928,1303740978.0,79714605,79714781
79714781,41.8741537512,-87.6645310152,1303740981.0,79714674,79714892
79714892,41.8741502254,-87.6642130246,1303740984.0,79714781,79715008
79715008,41.8741500137,-87.6638950835,1303740987.0,79714892,79715112
79715112,41.8741398034,-87.6635690405,1303740990.0,79715008,79715221
79715221,41.8741383841,-87.6632679888,1303740993.0,79715112,79715330
79715330,41.8741385107,-87.6629849293,1303740996.0,79715221,79715435
79715435,41.8741414921,-87.6627408815,1303740999.0,79715330,79715619
79715619,41.8741498089,-87.6624588466,1303741004.0,79715435,79715835
79715835,41.8741539324,-87.6621728706,1303741010.0,79715619,79715975
79715975,41.8741528762,-87.6618578575,1303741014.0,79715835,79716076
79716076,41.874162173,-87.6615448539,1303741017.0,79715975,79716180
79716180,41.8741681918,-87.6611788643,1303741020.0,79716076,79716257
79716257,41.8741704572,-87.6609248659,1303741022.0,79716180,79716333
79716333,41.874176002,-87.6606698707,1303741024.0,79716257,79716404
79716404,41.874177452,-87.6604098974,1303741026.0,79716333,79716482
79716482,41.8741763214,-87.6601549196,1303741028.0,79716404,79716558
79716558,41.8741801241,-87.6599059273,1303741030.0,79716482,79716624
79716624,41.8741839509,-87.6596519273,1303741032.0,79716558,79716697
79716697,41.8741878496,-87.6593959177,1303741034.0,79716624,79716769
79716769,41.874192658,-87.6591278984,1303741036.0,79716697,79716845
79716845,41.8741974135,-87.6588708812,1303741038.0,79716769,79716959
79716959,41.8742047836,-87.6585168839,1303741041.0,79716845,79717072
79717072,41.874211414,-87.6581878484,1303741044.0,79716959,79717186
79717186,41.874218148,-87.6579008834,1303741047.0,79717072,79717335
79717335,41.8742231397,-87.6576509306,1303741051.0,79717186,79718216
79718216,41.874232643,-87.6573799949,1303741079.0,79717335,79718352
79718352,41.8742361665,-87.6571237363,1303741083.0,79718216,79718466
79718466,41.8742385485,-87.6568636833,1303741086.0,79718352,79718565
79718565,41.8742412405,-87.6565419939,1303741089.0,79718466,79718632
79718632,41.8742450834,-87.656292915,1303741091.0,79718565,79718703
79718703,41.8742499088,-87.6560326368,1303741093.0,79718632,79718775
79718775,41.8742535691,-87.6557775776,1303741095.0,79718703,79718848
79718848,41.8742568281,-87.6555126589,1303741097.0,79718775,79718925
79718925,41.8742589808,-87.6552477339,1303741099.0,79718848,79719004
79719004,41.8742626489,-87.6549847306,1303741101.0,79718925,79719081
79719081,41.8742687045,-87.654718698,1303741103.0,79719004,79719149
79719149,41.8742760411,-87.6544476724,1303741105.0,79719081,79719216
79719216,41.8742819521,-87.6541796596,1303741107.0,79719149,79719285
79719285,41.874285836,-87.6539186301,1303741109.0,79719216,79719358
79719358,41.8742893287,-87.6536646006,1303741111.0,79719285,79719427
79719427,41.874291525,-87.6534106746,1303741113.0,79719358,79719521
79719521,41.8742978119,-87.653057742,1303741116.0,79719427,79719631
79719631,41.8743050701,-87.6526978047,1303741119.0,79719521,79719746
79719746,41.8743102712,-87.6523388006,1303741122.0,79719631,79719851
79719851,41.8743154201,-87.6520054894,1303741125.0,79719746,79719951
79719951,41.8743181593,-87.65166671,1303741128.0,79719851,79720020
79720020,41.8743264887,-87.6514127049,1303741130.0,79719951,79720091
79720091,41.8743378888,-87.6511536267,1303741132.0,79720020,79720161
79720161,41.8743456832,-87.650901637,1303741134.0,79720091,79720270
79720270,41.8743552529,-87.6505487232,1303741137.0,79720161,79720374
79720374,41.8743622554,-87.6502407431,1303741140.0,79720270,79720557
79720557,41.8743702605,-87.6499955313,1303741145.0,79720374,79720819
79720819,41.8743735393,-87.6496845166,1303741152.0,79720557,79720923
79720923,41.8743839729,-87.6493676563,1303741155.0,79720819,79721032
79721032,41.8743855292,-87.6490217137,1303741158.0,79720923,79721141
79721141,41.8743933864,-87.6486698074,1303741161.0,79721032,79721252
79721252,41.8743875487,-87.6483401554,1303741164.0,79721141,79721368
79721368,41.8743602839,-87.6480707497,1303741167.0,79721252,79721508
79721508,41.874330066,-87.6478266018,1303741171.0,79721368,79721877
79721877,41.874285804,-87.6475928019,1303741181.0,79721508,79722011
79722011,41.8742625822,-87.647334221,1303741185.0,79721877,79722117
79722117,41.8742591366,-87.6470566518,1303741188.0,79722011,79722226
79722226,41.8742661694,-87.6467550073,1303741191.0,79722117,79722338
79722338,41.8742732495,-87.6464390119,1303741194.0,79722226,79722449
79722449,41.8742822765,-87.6461439654,1303741197.0,79722338,79722556
79722556,41.8742904557,-87.6458200005,1303741200.0,79722449,79722665
79722665,41.8742975535,-87.6454779974,1303741203.0,79722556,None
