6069338,41.8658219293,-87.6468636607,1302879613.0,None,6069798
6069798,41.8656365977,-87.6468192725,1302879634.0,6069338,6069920
6069920,41.8654348248,-87.6468116507,1302879639.0,6069798,6070013
6070013,41.865209865,-87.6468138313,1302879643.0,6069920,6070157
6070157,41.8650078041,-87.6468159447,1302879649.0,6070013,6070699
6070699,41.8647688918,-87.646797042,1302879671.0,6070157,6070780
6070780,41.864516874,-87.6467865896,1302879674.0,6070699,6070824
6070824,41.864305911,-87.6467814741,1302879676.0,6070780,6070880
6070880,41.8640678989,-87.6467774177,1302879678.0,6070824,6070933
6070933,41.8638099174,-87.6467724542,1302879680.0,6070880,6070980
6070980,41.8635469256,-87.6467720674,1302879682.0,6070933,6071034
6071034,41.8632899364,-87.6467722717,1302879684.0,6070980,6071085
6071085,41.8630329794,-87.6467600016,1302879686.0,6071034,6071140
6071140,41.8627879574,-87.6467537627,1302879688.0,6071085,6071198
6071198,41.8625850801,-87.6467465622,1302879690.0,6071140,6071306
6071306,41.8623693658,-87.646785195,1302879694.0,6071198,6071412
6071412,41.862329906,-87.6470691016,1302879698.0,6071306,6071500
6071500,41.8623466333,-87.6473919217,1302879701.0,6071412,6071555
6071555,41.8623501929,-87.6476640111,1302879703.0,6071500,6071614
6071614,41.8623471284,-87.6479580654,1302879705.0,6071555,6071669
6071669,41.8623404633,-87.648241091,1302879707.0,6071614,6071719
6071719,41.8623364621,-87.6484890512,1302879709.0,6071669,6071975
6071975,41.8623378017,-87.648763048,1302879718.0,6071719,6072094
6072094,41.8623435049,-87.6491089732,1302879722.0,6071975,6072173
6072173,41.8623368479,-87.6493649424,1302879725.0,6072094,6072433
6072433,41.8623250356,-87.6496400125,1302879738.0,6072173,6072449
6072449,41.8623199257,-87.6499519789,1302879741.0,6072433,6072461
6072461,41.862316738,-87.6502169783,1302879743.0,6072449,6072475
6072475,41.8623117782,-87.6504858984,1302879745.0,6072461,6072498
6072498,41.8623003029,-87.6507715308,1302879748.0,6072475,6072550
6072550,41.8624683571,-87.6509350353,1302879754.0,6072498,6072580
6072580,41.8626930994,-87.6509291588,1302879757.0,6072550,6072600
6072600,41.8628821415,-87.6509364384,1302879759.0,6072580,6072622
6072622,41.8630872044,-87.6509484528,1302879761.0,6072600,6072655
6072655,41.863336076,-87.6509481315,1302879764.0,6072622,6072715
6072715,41.8635826282,-87.6509536053,1302879770.0,6072655,6072754
6072754,41.8638031273,-87.6509625403,1302879773.0,6072715,6072780
6072780,41.8639991424,-87.6509702217,1302879775.0,6072754,6072807
6072807,41.8642181098,-87.6509805587,1302879777.0,6072780,6072835
6072835,41.8644190707,-87.6509818108,1302879779.0,6072807,6072877
6072877,41.8646141523,-87.6509785941,1302879782.0,6072835,6072951
6072951,41.8648091125,-87.6509882353,1302879787.0,6072877,6072996
6072996,41.8650410843,-87.65099691,1302879790.0,6072951,6073028
6073028,41.8652421226,-87.6510063924,1302879792.0,6072996,6073060
6073060,41.8654721381,-87.6510178043,1302879794.0,6073028,6073092
6073092,41.8657231364,-87.6510239787,1302879796.0,6073060,6073124
6073124,41.8659891322,-87.6510311415,1302879798.0,6073092,6073158
6073158,41.8662701249,-87.6510402475,1302879800.0,6073124,6073192
6073192,41.8665421826,-87.651049749,1302879802.0,6073158,6073226
6073226,41.8667731713,-87.6510673225,1302879804.0,6073192,6073278
6073278,41.8669959235,-87.6510837635,1302879807.0,6073226,6073348
6073348,41.8671416295,-87.6512919585,1302879811.0,6073278,6073404
6073404,41.86715274,-87.6515978028,1302879814.0,6073348,6073441
6073441,41.8671492058,-87.6518662948,1302879816.0,6073404,6073478
6073478,41.8671432757,-87.6521731163,1302879818.0,6073441,6073513
6073513,41.8671370959,-87.6525161428,1302879820.0,6073478,6073551
6073551,41.8671304834,-87.652887107,1302879822.0,6073513,6073590
6073590,41.8671236116,-87.6532792262,1302879824.0,6073551,6073630
6073630,41.8671172032,-87.6536803218,1302879826.0,6073590,6073669
6073669,41.8671091567,-87.6540991979,1302879828.0,6073630,6073707
6073707,41.867101758,-87.6545422394,1302879830.0,6073669,6073748
6073748,41.8670919401,-87.6549771996,1302879832.0,6073707,6073788
6073788,41.8670841101,-87.6553782161,1302879834.0,6073748,6073829
6073829,41.8670758966,-87.6557252531,1302879836.0,6073788,6073869
6073869,41.8670663623,-87.6560023395,1302879838.0,6073829,6073931
6073931,41.8670601122,-87.6562702936,1302879841.0,6073869,6074015
6074015,41.8670627799,-87.6565183836,1302879845.0,6073931,6074125
6074125,41.8671889088,-87.6566943983,1302879850.0,6074015,6074192
6074192,41.8673902569,-87.656703751,1302879853.0,6074125,6074238
6074238,41.8676612031,-87.6567201335,1302879856.0,6074192,6074264
6074264,41.8678690994,-87.6567259983,1302879858.0,6074238,6074292
6074292,41.8680911303,-87.6567327596,1302879860.0,6074264,6074320
6074320,41.8683231489,-87.6567416408,1302879862.0,6074292,6074354
6074354,41.8685680816,-87.6567461296,1302879864.0,6074320,6074390
6074390,41.8688130119,-87.6567506913,1302879866.0,6074354,6074423
6074423,41.8690449489,-87.6567527932,1302879868.0,6074390,6074457
6074457,41.8692640971,-87.6567525538,1302879870.0,6074423,6074499
6074499,41.8694677143,-87.6567579406,1302879872.0,6074457,6074547
6074547,41.8696511924,-87.6567594069,1302879874.0,6074499,6074617
6074617,41.8699223068,-87.6567750874,1302879877.0,6074547,6074660
6074660,41.8701162489,-87.6567855598,1302879879.0,6074617,6074702
6074702,41.8703241295,-87.6567891274,1302879881.0,6074660,6074746
6074746,41.8705431299,-87.656795748,1302879883.0,6074702,6074792
6074792,41.8707751928,-87.6568035718,1302879885.0,6074746,6074845
6074845,41.8710222159,-87.6568147759,1302879887.0,6074792,6074884
6074884,41.8712771797,-87.6568219733,1302879889.0,6074845,6074930
6074930,41.871524095,-87.6568259012,1302879891.0,6074884,6074975
6074975,41.8717468309,-87.6568246333,1302879893.0,6074930,6075024
6075024,41.8719396982,-87.6568150917,1302879895.0,6074975,6075093
6075093,41.8721409282,-87.6567933131,1302879898.0,6075024,6075305
6075305,41.8723300088,-87.6567800421,1302879907.0,6075093,6075376
6075376,41.8725417622,-87.6567804209,1302879910.0,6075305,6075424
6075424,41.8727296958,-87.6567750363,1302879912.0,6075376,6075475
6075475,41.8729415737,-87.6567637944,1302879914.0,6075424,6075528
6075528,41.8731596828,-87.65675004,1302879916.0,6075475,6075578
6075578,41.8733629282,-87.6567442034,1302879918.0,6075528,6075633
6075633,41.8735530732,-87.6567430899,1302879920.0,6075578,6075708
6075708,41.873781054,-87.6567394414,1302879923.0,6075633,6075808
6075808,41.873993856,-87.6567424647,1302879927.0,6075708,6075968
6075968,41.8741975907,-87.6566953148,1302879933.0,6075808,6076102
6076102,41.8742514498,-87.6564027631,1302879938.0,6075968,6076180
6076180,41.8742494946,-87.6560886698,1302879941.0,6076102,6076231
6076231,41.8742569209,-87.6558355798,1302879943.0,6076180,6076283
6076283,41.8742709896,-87.6555565088,1302879945.0,6076231,6076342
6076342,41.8742868907,-87.6552605097,1302879947.0,6076283,6076400
6076400,41.8743031643,-87.6549515138,1302879949.0,6076342,6076457
6076457,41.8743090602,-87.6546425361,1302879951.0,6076400,6076508
6076508,41.8743139787,-87.6543386241,1302879953.0,6076457,6076561
6076561,41.8743142451,-87.6540405276,1302879955.0,6076508,6076609
6076609,41.87432031,-87.6537454983,1302879957.0,6076561,6076663
6076663,41.8743283856,-87.653452482,1302879959.0,6076609,6076722
6076722,41.8743354753,-87.6531715543,1302879961.0,6076663,6076781
6076781,41.8743427933,-87.6529046294,1302879963.0,6076722,6076868
6076868,41.874346865,-87.65257176,1302879966.0,6076781,6076976
6076976,41.8743203878,-87.6522806397,1302879970.0,6076868,6077555
6077555,41.8743319788,-87.651975317,1302879990.0,6076976,6077647
6077647,41.8743435904,-87.6517092857,1302879993.0,6077555,6077734
6077734,41.8743499527,-87.6513944167,1302879996.0,6077647,6077824
6077824,41.874360459,-87.6510645458,1302879999.0,6077734,6077915
6077915,41.87436179,-87.6507026061,1302880002.0,6077824,6077978
6077978,41.8743638297,-87.6504606883,1302880004.0,6077915,6078072
6078072,41.8743649111,-87.6501216616,1302880007.0,6077978,6078167
6078167,41.8743700966,-87.6498063704,1302880010.0,6078072,6078249
6078249,41.8743816087,-87.6494756551,1302880013.0,6078167,6078321
6078321,41.8743894401,-87.6491146455,1302880016.0,6078249,6078385
6078385,41.8743946678,-87.6488576222,1302880018.0,6078321,6078454
6078454,41.8744014253,-87.6485889991,1302880020.0,6078385,6078521
6078521,41.8744055049,-87.6483123408,1302880022.0,6078454,6078591
6078591,41.8743972605,-87.6480381595,1302880024.0,6078521,6078644
6078644,41.8743758508,-87.6477842484,1302880026.0,6078591,6078732
6078732,41.8743447905,-87.647461058,1302880029.0,6078644,6078851
6078851,41.8742298912,-87.6472185268,1302880033.0,6078732,6078981
6078981,41.8739858787,-87.6471768438,1302880037.0,6078851,6079091
6079091,41.8737147849,-87.6471786678,1302880040.0,6078981,6079157
6079157,41.8735067227,-87.6471713042,1302880042.0,6079091,6079227
6079227,41.8732837303,-87.6471635114,1302880044.0,6079157,6079291
6079291,41.873066725,-87.6471539586,1302880046.0,6079227,6079352
6079352,41.8728527529,-87.6471470418,1302880048.0,6079291,6079412
6079412,41.8726528045,-87.6471383312,1302880050.0,6079352,6079474
6079474,41.8724638527,-87.6471299064,1302880052.0,6079412,6079541
6079541,41.872280635,-87.64712066,1302880054.0,6079474,6079638
6079638,41.8720246175,-87.6471000311,1302880057.0,6079541,6079734
6079734,41.8717555708,-87.6470802635,1302880060.0,6079638,6079805
6079805,41.8715706925,-87.6470736984,1302880062.0,6079734,6079874
6079874,41.8713837941,-87.6470654665,1302880064.0,6079805,6079950
6079950,41.8712027766,-87.6470585754,1302880066.0,6079874,6080041
6080041,41.8709347281,-87.6470308852,1302880069.0,6079950,6080099
6080099,41.8707517455,-87.6470119682,1302880071.0,6080041,6080167
6080167,41.8705637315,-87.6469993678,1302880073.0,6080099,6080268
6080268,41.8703087272,-87.6469586213,1302880076.0,6080167,6080368
6080368,41.8700768616,-87.6469293793,1302880079.0,6080268,6080507
6080507,41.8698929001,-87.6469173957,1302880083.0,6080368,6080733
6080733,41.8697121214,-87.6469072885,1302880090.0,6080507,6080876
6080876,41.8695676866,-87.6467161832,1302880094.0,6080733,6080983
6080983,41.8695820983,-87.6464727329,1302880097.0,6080876,6081087
6081087,41.869617439,-87.6461866073,1302880100.0,6080983,6081197
6081197,41.8696448529,-87.6459366657,1302880103.0,6081087,6081368
6081368,41.8696750532,-87.6456787431,1302880108.0,6081197,6082365
6082365,41.8697038453,-87.6453978763,1302880136.0,6081368,6082464
6082464,41.8697089258,-87.6451319238,1302880139.0,6082365,6082574
6082574,41.8697116458,-87.6448858931,1302880142.0,6082464,6082683
6082683,41.8697126285,-87.644629881,1302880145.0,6082574,6082787
6082787,41.8697195564,-87.6442958636,1302880148.0,6082683,6082859
6082859,41.8697225061,-87.6440358735,1302880150.0,6082787,6082932
6082932,41.86972753,-87.6437728997,1302880152.0,6082859,6083005
6083005,41.8697304677,-87.6435049115,1302880154.0,6082932,6083078
6083078,41.8697345552,-87.6432279119,1302880156.0,6083005,6083149
6083149,41.8697384378,-87.6429459135,1302880158.0,6083078,6083221
6083221,41.869744449,-87.6426869048,1302880160.0,6083149,6083329
6083329,41.8697523032,-87.6424060685,1302880163.0,6083221,6083472
6083472,41.8699189304,-87.6422545508,1302880168.0,6083329,6083561
6083561,41.8701300274,-87.642242085,1302880171.0,6083472,6083645
6083645,41.8703990153,-87.6422475043,1302880174.0,6083561,6083712
6083712,41.8706020074,-87.6422555946,1302880176.0,6083645,6083782
6083782,41.8708130048,-87.6422643979,1302880178.0,6083712,6083847
6083847,41.8710140012,-87.6422675634,1302880180.0,6083782,6083912
6083912,41.8712039948,-87.6422697511,1302880182.0,6083847,6084008
6084008,41.8714670005,-87.6422739636,1302880185.0,6083912,6084106
6084106,41.8717789554,-87.6422798854,1302880189.0,6084008,6084115
6084115,41.8719652752,-87.6422635781,1302880192.0,6084106,6084141
6084141,41.8720498843,-87.6420048986,1302880197.0,6084115,6084168
6084168,41.8720311396,-87.6417330528,1302880201.0,6084141,6084200
6084200,41.872016263,-87.6414380256,1302880205.0,6084168,6084478
6084478,41.8719928611,-87.6411899975,1302880230.0,6084200,6084575
6084575,41.8719576402,-87.6409533735,1302880237.0,6084478,6084633
6084633,41.8717770907,-87.6408931908,1302880241.0,6084575,6084679
6084679,41.8715619823,-87.6408956341,1302880244.0,6084633,6084725
6084725,41.8713130529,-87.6408857644,1302880247.0,6084679,6084757
6084757,41.871129063,-87.6408787214,1302880249.0,6084725,6084789
6084789,41.8709390268,-87.6408705124,1302880251.0,6084757,6084815
6084815,41.8707470185,-87.6408633974,1302880253.0,6084789,6084850
6084850,41.8705610037,-87.6408563293,1302880255.0,6084815,6084895
6084895,41.8703110043,-87.6408437424,1302880258.0,6084850,6084947
6084947,41.8701299881,-87.6408370497,1302880261.0,6084895,6085036
6085036,41.8699270046,-87.64084635,1302880266.0,6084947,6085144
6085144,41.869796541,-87.6410606999,1302880272.0,6085036,6085202
6085202,41.8697906843,-87.6413220576,1302880275.0,6085144,6085260
6085260,41.8697884397,-87.6416399844,1302880278.0,6085202,6085317
6085317,41.8697833287,-87.6420049902,1302880281.0,6085260,6085377
6085377,41.8697756156,-87.6423678537,1302880284.0,6085317,6085419
6085419,41.8697685009,-87.6426140745,1302880286.0,6085377,6085459
6085459,41.8697575248,-87.6428559944,1302880288.0,6085419,6085508
6085508,41.8697466618,-87.6431860539,1302880291.0,6085459,6085594
6085594,41.8697398453,-87.6434420516,1302880295.0,6085508,None
