56607345,41.8695201721,-87.6472187019,1302213512.0,None,56608002
56608002,41.869354923,-87.6470639875,1302213530.0,56607345,56608111
56608111,41.8691409669,-87.6470727526,1302213533.0,56608002,56608182
56608182,41.8689611344,-87.6470782564,1302213535.0,56608111,56608251
56608251,41.8687702062,-87.6470766567,1302213537.0,56608182,56608321
56608321,41.868582163,-87.6470716404,1302213539.0,56608251,56608397
56608397,41.8683920902,-87.6470684253,1302213541.0,56608321,56608471
56608471,41.868189936,-87.6470711058,1302213543.0,56608397,56608542
56608542,41.8679879131,-87.6470846201,1302213545.0,56608471,56608598
56608598,41.8677999865,-87.647093576,1302213547.0,56608542,56608607
56608607,41.8675792358,-87.6470994753,1302213550.0,56608598,56608719
56608719,41.8673964164,-87.6470718375,1302213566.0,56608607,56609039
56609039,41.8672349041,-87.6472105775,1302213593.0,56608719,56609081
56609081,41.8672103113,-87.6474900961,1302213596.0,56609039,56609126
56609126,41.867203753,-87.6478621083,1302213599.0,56609081,56609156
56609156,41.8671951117,-87.6481391897,1302213601.0,56609126,56609186
56609186,41.8671892916,-87.6484372033,1302213603.0,56609156,56609217
56609217,41.867182349,-87.6487411712,1302213605.0,56609186,56609250
56609250,41.8671782868,-87.6490431385,1302213607.0,56609217,56609282
56609282,41.8671768442,-87.6493330958,1302213609.0,56609250,56609312
56609312,41.8671795334,-87.6496109972,1302213611.0,56609282,56609345
56609345,41.8671816461,-87.6498739344,1302213613.0,56609312,56609381
56609381,41.8671784923,-87.650119916,1302213615.0,56609345,56609430
56609430,41.8671749845,-87.6504467885,1302213618.0,56609381,56609481
56609481,41.8671707527,-87.6506948901,1302213621.0,56609430,56609760
56609760,41.8671643419,-87.6509700581,1302213636.0,56609481,56609837
56609837,41.8671581993,-87.6512960506,1302213640.0,56609760,56609895
56609895,41.8671523533,-87.6515918191,1302213643.0,56609837,56609956
56609956,41.8671448272,-87.6519113169,1302213646.0,56609895,56610017
56610017,41.8671384913,-87.6522542092,1302213649.0,56609956,56610076
56610076,41.8671324073,-87.6525992468,1302213652.0,56610017,56610132
56610132,41.867126472,-87.6529391939,1302213655.0,56610076,56610187
56610187,41.8671199783,-87.6532633465,1302213658.0,56610132,56610257
56610257,41.8671126066,-87.6535855036,1302213661.0,56610187,56610324
56610324,41.8671054457,-87.6539344317,1302213664.0,56610257,56610385
56610385,41.8670948974,-87.6542924638,1302213667.0,56610324,56610449
56610449,41.8670848427,-87.6546327132,1302213670.0,56610385,56610523
56610523,41.8670655928,-87.6549517602,1302213673.0,56610449,56610568
56610568,41.8670676257,-87.6552045546,1302213676.0,56610523,56610657
56610657,41.8670750431,-87.6554653704,1302213681.0,56610568,56610742
56610742,41.8670651324,-87.655707491,1302213686.0,56610657,56610999
56610999,41.8670611325,-87.6560064186,1302213699.0,56610742,56611071
56611071,41.8670600382,-87.6562902947,1302213702.0,56610999,56611143
56611143,41.8670546985,-87.6565909842,1302213705.0,56611071,56611206
56611206,41.8670465137,-87.6569543257,1302213708.0,56611143,56611246
56611246,41.867042416,-87.6572453108,1302213710.0,56611206,56611285
56611285,41.8670364382,-87.6575523556,1302213712.0,56611246,56611338
56611338,41.8670321996,-87.6578733583,1302213714.0,56611285,56611393
56611393,41.8670263073,-87.6582063127,1302213716.0,56611338,56611445
56611445,41.8670205088,-87.6585623006,1302213718.0,56611393,56611494
56611494,41.8670148018,-87.658932292,1302213720.0,56611445,56611540
56611540,41.8670154584,-87.6592952451,1302213722.0,56611494,56611587
56611587,41.867017712,-87.6596431263,1302213724.0,56611540,56611638
56611638,41.8670153282,-87.6599510754,1302213726.0,56611587,56611693
56611693,41.8670104051,-87.6602231043,1302213728.0,56611638,56611770
56611770,41.86700305,-87.6605440834,1302213731.0,56611693,56611875
56611875,41.8669969957,-87.6608001403,1302213735.0,56611770,56612055
56612055,41.8669903613,-87.6610651925,1302213742.0,56611875,56612131
56612131,41.866986062,-87.6613452187,1302213745.0,56612055,56612209
56612209,41.8669798044,-87.6617132398,1302213748.0,56612131,56612264
56612264,41.8669724128,-87.6620002298,1302213750.0,56612209,56612321
56612321,41.8669641678,-87.6623112905,1302213752.0,56612264,56612383
56612383,41.866959904,-87.6626412895,1302213754.0,56612321,56612438
56612438,41.8669534182,-87.6629763164,1302213756.0,56612383,56612491
56612491,41.8669468475,-87.6632993933,1302213758.0,56612438,56612546
56612546,41.86693936,-87.6636203938,1302213760.0,56612491,56612599
56612599,41.8669319297,-87.6639334218,1302213762.0,56612546,56612656
56612656,41.866925431,-87.664236356,1302213764.0,56612599,56612701
56612701,41.8669197471,-87.6645213246,1302213766.0,56612656,56612722
56612722,41.8669149757,-87.6647673372,1302213768.0,56612701,56612733
56612733,41.8669108916,-87.6650683519,1302213771.0,56612722,56612755
56612755,41.8669086092,-87.6653713326,1302213775.0,56612733,56612814
56612814,41.8669043128,-87.6656232825,1302213783.0,56612755,56612979
56612979,41.8669032912,-87.6659011423,1302213799.0,56612814,56613015
56613015,41.8669047537,-87.666208062,1302213802.0,56612979,56613040
56613040,41.8669061687,-87.6664652355,1302213804.0,56613015,56613066
56613066,41.8669091185,-87.6667520259,1302213806.0,56613040,56613092
56613092,41.866910317,-87.6670650744,1302213808.0,56613066,56613119
56613119,41.8669108846,-87.6673990321,1302213810.0,56613092,56613147
56613147,41.8669137273,-87.6677258686,1302213812.0,56613119,56613175
56613175,41.8669165738,-87.6680187872,1302213814.0,56613147,56613197
56613197,41.8669181209,-87.668274776,1302213816.0,56613175,56613244
56613244,41.8669202448,-87.6685575823,1302213819.0,56613197,56613543
56613543,41.8669188383,-87.6688093745,1302213838.0,56613244,56613627
56613627,41.8670819329,-87.668938305,1302213843.0,56613543,56613678
56613678,41.8672861098,-87.6689558918,1302213846.0,56613627,56613714
56613714,41.8674681488,-87.6689708563,1302213848.0,56613678,56613773
56613773,41.8677322001,-87.6689929847,1302213851.0,56613714,56613825
56613825,41.8679782015,-87.6690427974,1302213854.0,56613773,56613884
56613884,41.868218154,-87.6690926565,1302213857.0,56613825,56613945
56613945,41.8684441005,-87.669107376,1302213860.0,56613884,56614000
56614000,41.8686541232,-87.6690961181,1302213863.0,56613945,56614082
56614082,41.8688380666,-87.669098958,1302213867.0,56614000,56614345
56614345,41.8690197576,-87.6690589759,1302213880.0,56614082,56614563
56614563,41.869213759,-87.6691930025,1302213890.0,56614345,56614652
56614652,41.8692117038,-87.6695374252,1302213894.0,56614563,56614717
56614717,41.8691754973,-87.6698903509,1302213897.0,56614652,56614760
56614760,41.8691620919,-87.6701500935,1302213899.0,56614717,56614800
56614800,41.8691519038,-87.6704080074,1302213901.0,56614760,56614832
56614832,41.8691496347,-87.6706578713,1302213903.0,56614800,None
