110856049,41.8668362485,-87.6665249858,1303305345.0,None,110856090
110856090,41.8669504508,-87.6663192641,1303305348.0,110856049,110856133
110856133,41.8671489855,-87.6662488818,1303305351.0,110856090,110856177
110856177,41.8674100097,-87.66626366,1303305354.0,110856133,110856207
110856207,41.8676090188,-87.6662756355,1303305356.0,110856177,110856238
110856238,41.8678130143,-87.6662846162,1303305358.0,110856207,110856269
110856269,41.8680150196,-87.6662925898,1303305360.0,110856238,110856301
110856301,41.8682210171,-87.6663015226,1303305362.0,110856269,110856332
110856332,41.868424021,-87.666314383,1303305364.0,110856301,110856366
110856366,41.8686450237,-87.6663233333,1303305366.0,110856332,110856399
110856399,41.8688690303,-87.6663294021,1303305368.0,110856366,110856430
110856430,41.8690860553,-87.666342373,1303305370.0,110856399,110856465
110856465,41.8692979895,-87.6663522697,1303305372.0,110856430,110856501
110856501,41.8695069438,-87.6663631243,1303305374.0,110856465,110856537
110856537,41.8697200107,-87.6663672077,1303305376.0,110856501,110856570
110856570,41.8699390075,-87.6663634369,1303305378.0,110856537,110856607
110856607,41.8701519993,-87.6663558536,1303305380.0,110856570,110856644
110856644,41.8703559926,-87.6663502885,1303305382.0,110856607,110856683
110856683,41.8705479896,-87.6663553876,1303305384.0,110856644,110856718
110856718,41.8707389824,-87.6663537243,1303305386.0,110856683,110856775
110856775,41.8709989794,-87.6663637633,1303305389.0,110856718,110856834
110856834,41.8712559723,-87.6663670339,1303305392.0,110856775,110856873
110856873,41.8714369703,-87.6663612997,1303305394.0,110856834,110856930
110856930,41.8716971058,-87.666366721,1303305397.0,110856873,110856990
110856990,41.871951,-87.6663693786,1303305400.0,110856930,110857053
110857053,41.8722029247,-87.666365426,1303305403.0,110856990,110857110
110857110,41.8724709795,-87.666371321,1303305406.0,110857053,110857153
110857153,41.8726659426,-87.666373323,1303305408.0,110857110,110857196
110857196,41.8728699487,-87.6663731631,1303305410.0,110857153,110857237
110857237,41.8730779304,-87.6663767963,1303305412.0,110857196,110857281
110857281,41.8732549059,-87.666435082,1303305414.0,110857237,110857344
110857344,41.8735169464,-87.6665053239,1303305417.0,110857281,110857389
110857389,41.873696988,-87.6665278773,1303305419.0,110857344,110857454
110857454,41.8739250002,-87.666544595,1303305422.0,110857389,110857544
110857544,41.8741198363,-87.6664680907,1303305426.0,110857454,110857608
110857608,41.8741750356,-87.6662240063,1303305429.0,110857544,110857679
110857679,41.874201578,-87.6658657814,1303305432.0,110857608,110857725
110857725,41.8742136463,-87.6655808417,1303305434.0,110857679,110857773
110857773,41.8742183407,-87.6652830273,1303305436.0,110857725,110857820
110857820,41.8742149215,-87.6649842083,1303305438.0,110857773,110857864
110857864,41.8742078862,-87.6646903036,1303305440.0,110857820,110857913
110857913,41.8742005206,-87.6643922895,1303305442.0,110857864,110857962
110857962,41.8741923555,-87.6640882686,1303305444.0,110857913,110858010
110858010,41.8741812808,-87.6637752351,1303305446.0,110857962,110858060
110858060,41.8741724718,-87.6634521391,1303305448.0,110858010,110858109
110858109,41.8741629088,-87.663116945,1303305450.0,110858060,110858156
110858156,41.8741578368,-87.6627808196,1303305452.0,110858109,110858205
110858205,41.8741549525,-87.6624598241,1303305454.0,110858156,110858248
110858248,41.8741580944,-87.6621558407,1303305456.0,110858205,110858294
110858294,41.8741631056,-87.6618577895,1303305458.0,110858248,110858345
110858345,41.8741688523,-87.6615538184,1303305460.0,110858294,110858397
110858397,41.8741739005,-87.661234818,1303305462.0,110858345,110858446
110858446,41.8741772068,-87.6609028313,1303305464.0,110858397,110858497
110858497,41.8741812514,-87.660564856,1303305466.0,110858446,110858547
110858547,41.8741828475,-87.6602258965,1303305468.0,110858497,110858596
110858596,41.8741834431,-87.6598959116,1303305470.0,110858547,110858649
110858649,41.8741848897,-87.6595679089,1303305472.0,110858596,110858700
110858700,41.8741940687,-87.6592378842,1303305474.0,110858649,110858745
110858745,41.8742031881,-87.6589028553,1303305476.0,110858700,110858780
110858780,41.8742131599,-87.6585618515,1303305478.0,110858745,110858819
110858819,41.8742216442,-87.658218811,1303305480.0,110858780,110858863
110858863,41.874229616,-87.6578728371,1303305482.0,110858819,110858910
110858910,41.8742397164,-87.657531911,1303305484.0,110858863,110858954
110858954,41.8742478574,-87.6572048006,1303305486.0,110858910,110858997
110858997,41.874256603,-87.6568916977,1303305488.0,110858954,110859041
110859041,41.8742547695,-87.6565805113,1303305490.0,110858997,110859088
110859088,41.8742572441,-87.6562798413,1303305492.0,110859041,110859143
110859143,41.8742604941,-87.6559865752,1303305494.0,110859088,110859206
110859206,41.8742633555,-87.6556835113,1303305496.0,110859143,110859266
110859266,41.8742690779,-87.6553646051,1303305498.0,110859206,110859324
110859324,41.8742766535,-87.6550355564,1303305500.0,110859266,110859374
110859374,41.8742841618,-87.654706549,1303305502.0,110859324,110859423
110859423,41.8742923412,-87.6543775893,1303305504.0,110859374,110859471
110859471,41.8742953673,-87.6540575239,1303305506.0,110859423,110859528
110859528,41.8743003898,-87.6537485056,1303305508.0,110859471,110859585
110859585,41.8743042784,-87.6534445172,1303305510.0,110859528,110859645
110859645,41.8743085817,-87.6531535798,1303305512.0,110859585,110859703
110859703,41.8743117352,-87.6528636842,1303305514.0,110859645,110859758
110859758,41.8743189644,-87.6525647555,1303305516.0,110859703,110859809
110859809,41.8743283871,-87.6522725702,1303305518.0,110859758,110859861
110859861,41.874333734,-87.6519983313,1303305520.0,110859809,110859918
110859918,41.8743362679,-87.6517552968,1303305522.0,110859861,110860009
110860009,41.8743380318,-87.6513994957,1303305525.0,110859918,110860067
110860067,41.8743408485,-87.6511495948,1303305527.0,110860009,110860125
110860125,41.8743435141,-87.6509016632,1303305529.0,110860067,110860176
110860176,41.8743502884,-87.6506596889,1303305531.0,110860125,110860258
110860258,41.8743541263,-87.6503567113,1303305534.0,110860176,110860349
110860349,41.8743579931,-87.6500386723,1303305538.0,110860258,110860444
110860444,41.8743662801,-87.6497904427,1303305541.0,110860349,110860537
110860537,41.8743745473,-87.6495477218,1303305544.0,110860444,110860620
110860620,41.8743794543,-87.6492857269,1303305547.0,110860537,110860706
110860706,41.8743814795,-87.6490077483,1303305550.0,110860620,110860791
110860791,41.8743829812,-87.6487178137,1303305553.0,110860706,110860885
110860885,41.874366965,-87.6484273101,1303305556.0,110860791,110860981
110860981,41.8743471893,-87.6481720658,1303305559.0,110860885,110861104
110861104,41.8743127418,-87.647872825,1303305563.0,110860981,110861245
110861245,41.8742691823,-87.6476135209,1303305568.0,110861104,110861690
110861690,41.8742476586,-87.6473145342,1303305582.0,110861245,110861784
110861784,41.8742422624,-87.6470525701,1303305585.0,110861690,110861880
110861880,41.8742515183,-87.6467620177,1303305588.0,110861784,110861971
110861971,41.8742692606,-87.6464540153,1303305591.0,110861880,110862064
110862064,41.874282289,-87.646161953,1303305594.0,110861971,110862164
110862164,41.8742854705,-87.6458620061,1303305597.0,110862064,110862263
110862263,41.8743004871,-87.6455379969,1303305600.0,110862164,110862368
110862368,41.8743164141,-87.6452019889,1303305603.0,110862263,110862465
110862465,41.8743083889,-87.6449079946,1303305606.0,110862368,110862594
110862594,41.8742865636,-87.6446250061,1303305610.0,110862465,110863090
110863090,41.8743135002,-87.6443640311,1303305625.0,110862594,110863253
110863253,41.8743473733,-87.6441059609,1303305630.0,110863090,110863387
110863387,41.874357369,-87.6438170018,1303305634.0,110863253,110863528
110863528,41.8743675566,-87.643530981,1303305638.0,110863387,110863706
110863706,41.8743805132,-87.6432519765,1303305643.0,110863528,110863882
110863882,41.8744074146,-87.6429739773,1303305648.0,110863706,110864014
110864014,41.8744104997,-87.6427189712,1303305652.0,110863882,110864796
110864796,41.874401005,-87.6424649558,1303305675.0,110864014,110864980
110864980,41.8746139913,-87.6423881497,1303305680.0,110864796,110865091
110865091,41.8748549909,-87.6424357619,1303305683.0,110864980,110865163
110865163,41.8750549995,-87.6424715931,1303305685.0,110865091,110865231
110865231,41.8752680189,-87.6424857094,1303305687.0,110865163,110865300
110865300,41.8754850067,-87.642485793,1303305689.0,110865231,110865371
110865371,41.8756999952,-87.6424789579,1303305691.0,110865300,110865450
110865450,41.8759129876,-87.6424720022,1303305693.0,110865371,110865563
110865563,41.8761539958,-87.6424671454,1303305696.0,110865450,110865718
110865718,41.8763539994,-87.6424571525,1303305700.0,110865563,None
