84947385,41.8743326605,-87.6566101037,1301927966.0,None,84947864
84947864,41.8743230613,-87.6568821945,1301927981.0,84947385,84948109
84948109,41.8743527551,-87.6571450742,1301927988.0,84947864,84948314
84948314,41.8743505755,-87.6574081413,1301927994.0,84948109,84948736
84948736,41.8743221173,-87.6577062288,1301928007.0,84948314,84948838
84948838,41.8743098306,-87.6580751963,1301928010.0,84948736,84948869
84948869,41.8743062873,-87.6583541463,1301928012.0,84948838,84948935
84948935,41.8743028301,-87.6586411065,1301928014.0,84948869,84949011
84949011,41.874296287,-87.6589250975,1301928016.0,84948935,84949085
84949085,41.8742929835,-87.6592240994,1301928018.0,84949011,84949122
84949122,41.874290494,-87.6595250717,1301928020.0,84949085,84949194
84949194,41.8742855835,-87.6598250847,1301928022.0,84949122,84949264
84949264,41.8742790789,-87.6601280875,1301928024.0,84949194,84949334
84949334,41.8742750011,-87.6604370987,1301928026.0,84949264,84949406
84949406,41.8742692855,-87.660748135,1301928028.0,84949334,84949478
84949478,41.874264209,-87.6610541361,1301928030.0,84949406,84949542
84949542,41.8742590647,-87.6613321482,1301928032.0,84949478,84949644
84949644,41.8742530988,-87.6616740631,1301928035.0,84949542,84949756
84949756,41.8742444771,-87.6620321472,1301928038.0,84949644,84949827
84949827,41.8742377918,-87.6623251422,1301928040.0,84949756,84949901
84949901,41.8742317553,-87.6626621198,1301928042.0,84949827,84949971
84949971,41.8742300157,-87.6630110212,1301928044.0,84949901,84950041
84950041,41.8742299736,-87.6633578942,1301928046.0,84949971,84950107
84950107,41.8742339969,-87.6637018056,1301928048.0,84950041,84950181
84950181,41.8742407631,-87.6640387645,1301928050.0,84950107,84950247
84950247,41.8742475571,-87.664364759,1301928052.0,84950181,84950315
84950315,41.8742544025,-87.6646897671,1301928054.0,84950247,84950384
84950384,41.8742595069,-87.6650258223,1301928056.0,84950315,84950458
84950458,41.874257986,-87.6653569537,1301928058.0,84950384,84950523
84950523,41.8742520113,-87.6656850359,1301928060.0,84950458,84950592
84950592,41.8742440966,-87.6659881076,1301928062.0,84950523,84950665
84950665,41.8742418204,-87.6662664152,1301928064.0,84950592,84950770
84950770,41.8742325626,-87.6666112737,1301928067.0,84950665,84950848
84950848,41.8742272696,-87.6669310836,1301928070.0,84950770,84950944
84950944,41.8742304005,-87.6672937308,1301928073.0,84950848,84950987
84950987,41.8742193278,-87.6675386502,1301928075.0,84950944,84951085
84951085,41.8742008091,-87.6678918535,1301928078.0,84950987,84951186
84951186,41.8741980952,-87.6682418997,1301928081.0,84951085,84951278
84951278,41.874168593,-87.668539109,1301928084.0,84951186,84951409
84951409,41.874144047,-87.6688037707,1301928088.0,84951278,84951748
84951748,41.8741865308,-87.669040397,1301928098.0,84951409,84951945
84951945,41.8739851998,-87.6689842894,1301928104.0,84951748,84952041
84952041,41.8737979976,-87.6689777854,1301928107.0,84951945,84952110
84952110,41.8736178895,-87.6689695428,1301928109.0,84952041,84952218
84952218,41.8733629704,-87.6689465177,1301928112.0,84952110,84952349
84952349,41.8731489876,-87.6689133532,1301928116.0,84952218,84952556
84952556,41.8728967468,-87.6689041227,1301928122.0,84952349,84952620
84952620,41.8727139932,-87.6689222724,1301928124.0,84952556,84952684
84952684,41.8724781142,-87.6689758986,1301928126.0,84952620,84952751
84952751,41.8722379624,-87.6690183787,1301928128.0,84952684,84952822
84952822,41.8720437089,-87.6690495397,1301928130.0,84952751,84952961
84952961,41.8718269762,-87.6690774062,1301928134.0,84952822,84953190
84953190,41.8716220001,-87.669091571,1301928141.0,84952961,84953279
84953279,41.8713854225,-87.6690720259,1301928144.0,84953190,84953339
84953339,41.8711768545,-87.669067425,1301928146.0,84953279,84953402
84953402,41.8709340508,-87.6690594049,1301928148.0,84953339,84953462
84953462,41.8706662047,-87.6690535484,1301928150.0,84953402,84953532
84953532,41.8704091331,-87.6690692376,1301928152.0,84953462,84953592
84953592,41.8701560614,-87.669063886,1301928154.0,84953532,84953658
84953658,41.8699250534,-87.6690593052,1301928156.0,84953592,84953719
84953719,41.8697260189,-87.6690626491,1301928158.0,84953658,84953814
84953814,41.8694979482,-87.6690612257,1301928161.0,84953719,84954055
84954055,41.8693118106,-87.6690257932,1301928168.0,84953814,84954261
84954261,41.869253798,-87.6692898952,1301928174.0,84954055,84954354
84954354,41.8692434859,-87.6695592082,1301928177.0,84954261,84954425
84954425,41.8692287843,-87.6698008079,1301928179.0,84954354,84954493
84954493,41.8692255443,-87.6700628095,1301928181.0,84954425,84954590
84954590,41.8692309957,-87.6704080654,1301928184.0,84954493,84954693
84954693,41.8692389331,-87.6706710412,1301928187.0,84954590,84954889
84954889,41.8692512993,-87.6709203821,1301928193.0,84954693,84955164
84955164,41.8692834414,-87.6711648477,1301928201.0,84954889,84955763
84955763,41.8692742312,-87.6714432856,1301928219.0,84955164,84955865
84955865,41.869206824,-87.6716730187,1301928222.0,84955763,84955969
84955969,41.869185991,-87.6720550868,1301928225.0,84955865,84956041
84956041,41.8691753231,-87.6723601187,1301928227.0,84955969,84956100
84956100,41.8691654236,-87.6726602366,1301928229.0,84956041,84956164
84956164,41.8691618062,-87.6729212235,1301928231.0,84956100,84956266
84956266,41.8691716062,-87.6732422512,1301928234.0,84956164,84957064
84957064,41.8691583069,-87.6735118295,1301928258.0,84956266,84957167
84957167,41.8691491209,-87.6737543674,1301928261.0,84957064,84957235
84957235,41.8691520941,-87.6740013727,1301928263.0,84957167,84957303
84957303,41.8691480993,-87.6742902727,1301928265.0,84957235,84957367
84957367,41.869143324,-87.6745912397,1301928267.0,84957303,84957435
84957435,41.8691385865,-87.6748972518,1301928269.0,84957367,84957498
84957498,41.869135753,-87.6752041896,1301928271.0,84957435,84957563
84957563,41.8691339711,-87.6754789657,1301928273.0,84957498,84957667
84957667,41.8691539164,-87.675779134,1301928276.0,84957563,84957842
84957842,41.8691529838,-87.6760296088,1301928281.0,84957667,84958007
84958007,41.8693667286,-87.6761574492,1301928286.0,84957842,84958096
84958096,41.8696411138,-87.6761404286,1301928289.0,84958007,84958163
84958163,41.8698749705,-87.6761403137,1301928291.0,84958096,84958229
84958229,41.8701419452,-87.6761436427,1301928293.0,84958163,84958295
84958295,41.8704278626,-87.6761541015,1301928295.0,84958229,84958363
84958363,41.8707119937,-87.6761660763,1301928297.0,84958295,84958434
84958434,41.8709580013,-87.6761686944,1301928299.0,84958363,84958496
84958496,41.8711639744,-87.6761704801,1301928301.0,84958434,84958592
84958592,41.8713532697,-87.6761798869,1301928304.0,84958496,84959214
84959214,41.8714700749,-87.6759329179,1301928323.0,84958592,84959309
84959309,41.8714628888,-87.6756238725,1301928326.0,84959214,84959418
84959418,41.871458601,-87.6753011323,1301928329.0,84959309,None
