35586981,41.8671193616,-87.6530693188,1303387582.0,None,35587196
35587196,41.8670986072,-87.6533435473,1303387588.0,35586981,35587291
35587291,41.8670893633,-87.6536187073,1303387591.0,35587196,35587392
35587392,41.8670812999,-87.6539765827,1303387594.0,35587291,35587467
35587467,41.8670742011,-87.654248565,1303387596.0,35587392,35587541
35587541,41.8670691642,-87.654543766,1303387598.0,35587467,35587617
35587617,41.8670685569,-87.6548598358,1303387600.0,35587541,35587691
35587691,41.8670692083,-87.6551945532,1303387602.0,35587617,35587757
35587757,41.8670676075,-87.6555245025,1303387604.0,35587691,35587824
35587824,41.8670648676,-87.6558294414,1303387606.0,35587757,35587892
35587892,41.867064729,-87.6560803116,1303387608.0,35587824,35587998
35587998,41.8670609572,-87.6563812023,1303387611.0,35587892,35588178
35588178,41.867136315,-87.6565978378,1303387616.0,35587998,35588395
35588395,41.8673685627,-87.6566221256,1303387622.0,35588178,35588445
35588445,41.8675745929,-87.6566417395,1303387625.0,35588395,35588478
35588478,41.8678387858,-87.6566534798,1303387628.0,35588445,35588522
35588522,41.8680388186,-87.6566583182,1303387630.0,35588478,35588558
35588558,41.8682497725,-87.6566652556,1303387632.0,35588522,35588587
35588587,41.8684657915,-87.6566752073,1303387634.0,35588558,35588605
35588605,41.8686798557,-87.6566810754,1303387636.0,35588587,35588628
35588628,41.8688900168,-87.6566830511,1303387638.0,35588605,35588647
35588647,41.8690961351,-87.6566801393,1303387640.0,35588628,35588685
35588685,41.8692899004,-87.656679358,1303387642.0,35588647,35588744
35588744,41.8695539394,-87.6566926306,1303387645.0,35588685,35588778
35588778,41.8697433588,-87.656705765,1303387647.0,35588744,35588814
35588814,41.8699475231,-87.6567173034,1303387649.0,35588778,35588853
35588853,41.8701577332,-87.6567268611,1303387651.0,35588814,35588903
35588903,41.8703738393,-87.656734858,1303387653.0,35588853,35588981
35588981,41.870592812,-87.6567423966,1303387655.0,35588903,35589058
35589058,41.870801754,-87.6567507969,1303387657.0,35588981,35589127
35589127,41.8710017527,-87.6567619718,1303387659.0,35589058,35589193
35589193,41.8711997663,-87.6567738685,1303387661.0,35589127,35589262
35589262,41.8713988152,-87.6567834669,1303387663.0,35589193,35589335
35589335,41.8715880038,-87.6567895982,1303387665.0,35589262,35589438
35589438,41.8718391943,-87.6567928731,1303387668.0,35589335,35589549
35589549,41.8720441728,-87.6567862796,1303387671.0,35589438,35589807
35589807,41.8722289179,-87.6567877599,1303387678.0,35589549,35589931
35589931,41.8724620747,-87.6567695927,1303387682.0,35589807,35590036
35590036,41.8727051191,-87.6567545801,1303387685.0,35589931,35590146
35590146,41.8729332293,-87.65674146,1303387688.0,35590036,35590261
35590261,41.8731262295,-87.6567255676,1303387691.0,35590146,35590367
35590367,41.8733220153,-87.6567230712,1303387694.0,35590261,35590474
35590474,41.8735300146,-87.656726844,1303387697.0,35590367,35590600
35590600,41.8737490379,-87.6567349759,1303387701.0,35590474,35590829
35590829,41.8739380145,-87.6567386457,1303387707.0,35590600,35591597
35591597,41.874136964,-87.6567515894,1303387732.0,35590829,35591776
35591776,41.874236183,-87.6565528412,1303387738.0,35591597,35591908
35591908,41.8742284241,-87.6562279421,1303387742.0,35591776,35592002
35592002,41.8742312416,-87.6558998852,1303387745.0,35591908,35592109
35592109,41.8742394195,-87.6555360105,1303387748.0,35592002,35592172
35592172,41.8742407138,-87.6552771488,1303387750.0,35592109,35592247
35592247,41.8742443374,-87.6550161439,1303387752.0,35592172,35592321
35592321,41.8742492478,-87.654757119,1303387754.0,35592247,35592397
35592397,41.8742558125,-87.6545060601,1303387756.0,35592321,35592413
35592413,41.8742561843,-87.654262085,1303387758.0,35592397,35592434
35592434,41.8742588695,-87.6540181306,1303387760.0,35592413,35592486
35592486,41.8742650502,-87.6536691768,1303387763.0,35592434,35592523
35592523,41.8742716799,-87.6533522085,1303387766.0,35592486,35592621
35592621,41.8742787844,-87.6530231236,1303387769.0,35592523,35592725
35592725,41.8742833801,-87.6527040464,1303387772.0,35592621,35592803
35592803,41.8742856558,-87.6524290587,1303387775.0,35592725,35592862
35592862,41.8742882997,-87.6521520944,1303387778.0,35592803,35592917
35592917,41.8742954432,-87.6518271835,1303387781.0,35592862,35592994
35592994,41.8743025943,-87.6514613688,1303387784.0,35592917,35593066
35593066,41.8743085601,-87.6512063118,1303387786.0,35592994,35593138
35593138,41.8743141483,-87.6509582089,1303387788.0,35593066,35593248
35593248,41.8743215178,-87.6505951412,1303387791.0,35593138,35593361
35593361,41.874324459,-87.6502471287,1303387794.0,35593248,35593459
35593459,41.8743269721,-87.6499123186,1303387797.0,35593361,35593556
35593556,41.8743329176,-87.6495675235,1303387800.0,35593459,35593665
35593665,41.8743367782,-87.6492203516,1303387803.0,35593556,35593779
35593779,41.8743446964,-87.648875266,1303387806.0,35593665,35593888
35593888,41.8743584294,-87.6485338977,1303387809.0,35593779,35593978
35593978,41.8743419803,-87.6481726614,1303387812.0,35593888,35594081
35594081,41.8743102318,-87.6478526774,1303387815.0,35593978,35594216
35594216,41.8742803592,-87.6475854951,1303387819.0,35594081,35594863
35594863,41.8742413498,-87.6473457493,1303387838.0,35594216,35595188
35595188,41.8740685099,-87.6471701484,1303387848.0,35594863,35595294
35595294,41.8738777507,-87.6471718345,1303387851.0,35595188,35595393
35595393,41.8736317621,-87.6471727336,1303387854.0,35595294,35595466
35595466,41.8734467736,-87.6471749591,1303387856.0,35595393,35595540
35595540,41.873252833,-87.6471734764,1303387858.0,35595466,35595605
35595605,41.873049865,-87.6471646374,1303387860.0,35595540,35595661
35595661,41.8728408783,-87.6471553873,1303387862.0,35595605,35595736
35595736,41.8726298727,-87.6471446065,1303387864.0,35595661,35595817
35595817,41.8724137978,-87.6471210734,1303387866.0,35595736,35595886
35595886,41.8722314941,-87.6470957296,1303387868.0,35595817,35595988
35595988,41.872026599,-87.6470840261,1303387871.0,35595886,35596097
35596097,41.8718015413,-87.6470782076,1303387874.0,35595988,35596204
35596204,41.8715297598,-87.6470769379,1303387877.0,35596097,35596271
35596271,41.8713238277,-87.6470714908,1303387879.0,35596204,35596341
35596341,41.8711007739,-87.6470643977,1303387881.0,35596271,35596377
35596377,41.870868775,-87.6470577864,1303387883.0,35596341,35596448
35596448,41.8706237958,-87.6470533688,1303387885.0,35596377,35596518
35596518,41.8703678312,-87.6470417594,1303387887.0,35596448,35596589
35596589,41.8701168799,-87.6470293935,1303387889.0,35596518,35596661
35596661,41.8698748738,-87.6470156095,1303387891.0,35596589,35596737
35596737,41.869645402,-87.6470073169,1303387893.0,35596661,35596799
35596799,41.8694284559,-87.6470176429,1303387895.0,35596737,35596867
35596867,41.8692218896,-87.6470182027,1303387897.0,35596799,35596933
35596933,41.8690117361,-87.6470088894,1303387899.0,35596867,35597004
35597004,41.8687926906,-87.6469962862,1303387901.0,35596933,35597082
35597082,41.8685817684,-87.6469978881,1303387903.0,35597004,35597152
35597152,41.8683728764,-87.6469929541,1303387905.0,35597082,35597218
35597218,41.8681771167,-87.6469878494,1303387907.0,35597152,35597288
35597288,41.8679880818,-87.6469778703,1303387909.0,35597218,35597395
35597395,41.8677378562,-87.6469585164,1303387912.0,35597288,35597490
35597490,41.8675417681,-87.6469333402,1303387915.0,35597395,35597634
35597634,41.8673530131,-87.6469090927,1303387919.0,35597490,35598017
35598017,41.8671449656,-87.6469165614,1303387930.0,35597634,35598115
35598115,41.8669447712,-87.6469123466,1303387933.0,35598017,35598215
35598215,41.8666948249,-87.6468913625,1303387936.0,35598115,35598326
35598326,41.8664298375,-87.6468723436,1303387939.0,35598215,35598434
35598434,41.8661938977,-87.6468443676,1303387942.0,35598326,35598547
35598547,41.8659931013,-87.6468340015,1303387945.0,35598434,35598706
35598706,41.8658078741,-87.6468360014,1303387950.0,35598547,None
