105028736,41.8694522001,-87.6705800972,1302100487.0,None,105028870
105028870,41.8693939589,-87.6708510897,1302100492.0,105028736,105028980
105028980,41.8693673838,-87.6711381382,1302100496.0,105028870,105029175
105029175,41.8693471504,-87.6713842217,1302100503.0,105028980,105029651
105029651,41.8691768591,-87.6715024245,1302100520.0,105029175,105029764
105029764,41.8689410944,-87.6715110263,1302100524.0,105029651,105029853
105029853,41.8687379751,-87.6714945101,1302100527.0,105029764,105029944
105029944,41.8685519901,-87.6714895404,1302100530.0,105029853,105030025
105030025,41.8683639879,-87.6715046761,1302100533.0,105029944,105030114
105030114,41.8681119889,-87.6715088109,1302100536.0,105030025,105030175
105030175,41.8679089934,-87.671502894,1302100538.0,105030114,105030239
105030239,41.8676909913,-87.6714898725,1302100540.0,105030175,105030294
105030294,41.8674659758,-87.6714728752,1302100542.0,105030239,105030353
105030353,41.8672520054,-87.6714578796,1302100544.0,105030294,105030415
105030415,41.8670629551,-87.6714402735,1302100546.0,105030353,105030500
105030500,41.866854262,-87.67139321,1302100549.0,105030415,105030634
105030634,41.8667403905,-87.6711369337,1302100553.0,105030500,105030722
105030722,41.8667696972,-87.6708089724,1302100556.0,105030634,105030775
105030775,41.8667913044,-87.6705409479,1302100558.0,105030722,105030833
105030833,41.8668091297,-87.6702389492,1302100560.0,105030775,105030893
105030893,41.8668142071,-87.6699229606,1302100562.0,105030833,105030956
105030956,41.8668153541,-87.6696149604,1302100564.0,105030893,105031021
105031021,41.8668183651,-87.6693139571,1302100566.0,105030956,105031087
105031087,41.8668216819,-87.6690083041,1302100568.0,105031021,105031154
105031154,41.8668105224,-87.6687022977,1302100570.0,105031087,105031222
105031222,41.8668027675,-87.6683829593,1302100572.0,105031154,105031287
105031287,41.866800412,-87.6680640238,1302100574.0,105031222,105031344
105031344,41.8668002295,-87.6677309806,1302100576.0,105031287,105031401
105031401,41.8668057957,-87.6673949741,1302100578.0,105031344,105031463
105031463,41.8668150363,-87.667084948,1302100580.0,105031401,105031521
105031521,41.8668272305,-87.6668089405,1302100582.0,105031463,105031626
105031626,41.8668613395,-87.6664898696,1302100585.0,105031521,105031723
105031723,41.8670173402,-87.6662859635,1302100588.0,105031626,105031819
105031819,41.8672540069,-87.6662636015,1302100591.0,105031723,105031887
105031887,41.867454018,-87.6662715572,1302100593.0,105031819,105031892
105031892,41.8676760167,-87.6662835517,1302100595.0,105031887,105031900
105031900,41.8679170184,-87.6662904651,1302100597.0,105031892,105031910
105031910,41.8681580147,-87.6662887729,1302100599.0,105031900,105031922
105031922,41.8684070118,-87.6662919219,1302100601.0,105031910,105031935
105031935,41.8686480061,-87.6662950859,1302100603.0,105031922,105031949
105031949,41.868868005,-87.6662963179,1302100605.0,105031935,105031973
105031973,41.8691180435,-87.6663199971,1302100608.0,105031949,105031999
105031999,41.8693039263,-87.666334777,1302100611.0,105031973,105032027
105032027,41.8695428958,-87.6663369572,1302100614.0,105031999,105032047
105032047,41.8697399988,-87.6663420428,1302100616.0,105032027,105032067
105032067,41.8699559987,-87.6663450868,1302100618.0,105032047,105032089
105032089,41.8701789973,-87.666351055,1302100620.0,105032067,105032111
105032111,41.8704139907,-87.6663522992,1302100622.0,105032089,105032134
105032134,41.870663985,-87.6663574886,1302100624.0,105032111,105032158
105032158,41.8709189838,-87.6663646198,1302100626.0,105032134,105032182
105032182,41.8711589785,-87.6663737101,1302100628.0,105032158,105032207
105032207,41.871383979,-87.6663817355,1302100630.0,105032182,105032233
105032233,41.8715950667,-87.666401529,1302100632.0,105032207,105032259
105032259,41.8717980053,-87.6664213841,1302100634.0,105032233,105032286
105032286,41.8719989816,-87.6664292607,1302100636.0,105032259,105032314
105032314,41.8721880051,-87.6664438494,1302100638.0,105032286,105032356
105032356,41.8724369944,-87.6664461942,1302100641.0,105032314,105032397
105032397,41.8726499778,-87.6664263851,1302100644.0,105032356,105032474
105032474,41.8728350002,-87.6664610662,1302100649.0,105032397,105032827
105032827,41.8730269659,-87.666466396,1302100670.0,105032474,105032882
105032882,41.8732269669,-87.6664746003,1302100673.0,105032827,105032935
105032935,41.8734649284,-87.6664917161,1302100676.0,105032882,105032993
105032993,41.8737290394,-87.6665279999,1302100679.0,105032935,105033049
105033049,41.8739868318,-87.6665669002,1302100682.0,105032993,105033106
105033106,41.8741714013,-87.6665255597,1302100685.0,105033049,105033185
105033185,41.874267507,-87.6662298173,1302100689.0,105033106,105033235
105033235,41.8742442375,-87.6658769128,1302100692.0,105033185,105033277
105033277,41.8742276496,-87.665614872,1302100694.0,105033235,105033322
105033322,41.8742059778,-87.6653449818,1302100696.0,105033277,105033363
105033363,41.8741792464,-87.6650670032,1302100698.0,105033322,105033403
105033403,41.8741685693,-87.6647790589,1302100700.0,105033363,105033416
105033416,41.8741552954,-87.6644870277,1302100702.0,105033403,105033423
105033423,41.8741423506,-87.6641879819,1302100704.0,105033416,105033432
105033432,41.8741337248,-87.6638859842,1302100706.0,105033423,105033443
105033443,41.8741224351,-87.6635779625,1302100708.0,105033432,105033455
105033455,41.8741078149,-87.663269947,1302100710.0,105033443,105033469
105033469,41.8740996658,-87.6629740075,1302100712.0,105033455,105033484
105033484,41.8740904717,-87.6626910477,1302100714.0,105033469,105033500
105033500,41.8740889452,-87.6624340552,1302100716.0,105033484,105033526
105033526,41.874087037,-87.6621520719,1302100719.0,105033500,105033594
105033594,41.8741018841,-87.6618841396,1302100726.0,105033526,105033638
105033638,41.8741222507,-87.6615590642,1302100730.0,105033594,105033673
105033673,41.8741347845,-87.6612170366,1302100733.0,105033638,105033697
105033697,41.8741423373,-87.6609669826,1302100735.0,105033673,105033721
105033721,41.8741463415,-87.6606989948,1302100737.0,105033697,105033747
105033747,41.8741521601,-87.6604280034,1302100739.0,105033721,105033773
105033773,41.8741471566,-87.6601510247,1302100741.0,105033747,105033799
105033799,41.8741391978,-87.6598650421,1302100743.0,105033773,105033827
105033827,41.8741413308,-87.6595830634,1302100745.0,105033799,105033854
105033854,41.8741481115,-87.6592930738,1302100747.0,105033827,105033882
105033882,41.8741493943,-87.6589970667,1302100749.0,105033854,105033911
105033911,41.8741525458,-87.6586990496,1302100751.0,105033882,105033941
105033941,41.8741556105,-87.6584070571,1302100753.0,105033911,105033970
105033970,41.8741577537,-87.6581270739,1302100755.0,105033941,105034001
105034001,41.8741663558,-87.6578640517,1302100757.0,105033970,105034033
105034033,41.8741719082,-87.657622091,1302100759.0,105034001,105034080
105034080,41.8741842586,-87.6573450963,1302100762.0,105034033,105034246
105034246,41.8742426459,-87.6570697295,1302100772.0,105034080,105034317
105034317,41.8742572993,-87.6567330522,1302100776.0,105034246,105034351
105034351,41.8742637846,-87.6564918573,1302100778.0,105034317,105034387
105034387,41.874270812,-87.656216747,1302100780.0,105034351,105034422
105034422,41.8742774207,-87.6559165707,1302100782.0,105034387,105034458
105034458,41.8742869333,-87.6556045092,1302100784.0,105034422,105034497
105034497,41.8742939194,-87.6552885138,1302100786.0,105034458,105034534
105034534,41.8742969262,-87.6549725054,1302100788.0,105034497,105034574
105034574,41.8742968227,-87.6546515199,1302100790.0,105034534,105034611
105034611,41.8742890783,-87.654325611,1302100792.0,105034574,105034649
105034649,41.8742827741,-87.6539896505,1302100794.0,105034611,105034689
105034689,41.8742843474,-87.653651692,1302100796.0,105034649,105034727
105034727,41.874288709,-87.6533177782,1302100798.0,105034689,105034769
105034769,41.8742900521,-87.6529938995,1302100800.0,105034727,105034808
105034808,41.8742954581,-87.652673894,1302100802.0,105034769,105034850
105034850,41.8743005437,-87.6523589389,1302100804.0,105034808,105034888
105034888,41.8743103135,-87.6520575893,1302100806.0,105034850,105034929
105034929,41.8743195809,-87.6517585151,1302100808.0,105034888,105034971
105034971,41.8743230427,-87.6514567967,1302100810.0,105034929,105035016
105035016,41.8743288806,-87.6511428236,1302100812.0,105034971,105035062
105035062,41.8743351899,-87.6506778917,1302100815.0,105035016,105035105
105035105,41.8743384589,-87.6503858947,1302100817.0,105035062,105035149
105035149,41.8743404339,-87.6501189593,1302100819.0,105035105,105035194
105035194,41.8743470145,-87.6498618717,1302100821.0,105035149,105035235
105035235,41.8743566356,-87.6495940513,1302100823.0,105035194,105035277
105035277,41.8743612177,-87.6493110275,1302100825.0,105035235,105035323
105035323,41.8743678163,-87.6490139334,1302100827.0,105035277,105035372
105035372,41.8743762143,-87.6487258753,1302100829.0,105035323,105035421
105035421,41.8743802667,-87.6484524926,1302100831.0,105035372,105035466
105035466,41.8743721133,-87.6481985066,1302100833.0,105035421,105035505
105035505,41.8743472011,-87.6479568175,1302100835.0,105035466,105035533
105035533,41.8742995123,-87.6476524448,1302100838.0,105035505,105035603
105035603,41.8742575452,-87.6473988124,1302100843.0,105035533,105035792
105035792,41.8741778715,-87.6471731463,1302100852.0,105035603,105035863
105035863,41.8740235173,-87.6470503672,1302100855.0,105035792,105035930
105035930,41.8738219853,-87.6469528478,1302100858.0,105035863,105036001
105036001,41.8735790001,-87.6468600318,1302100861.0,105035930,105036048
105036048,41.873389,-87.6468060023,1302100863.0,105036001,105036076
105036076,41.873162,-87.6467920008,1302100865.0,105036048,105036131
105036131,41.8728809999,-87.6468170035,1302100867.0,105036076,105036182
105036182,41.8726009847,-87.6468531228,1302100869.0,105036131,105036229
105036229,41.8723309785,-87.6468822847,1302100871.0,105036182,105036276
105036276,41.8720808829,-87.6469224255,1302100873.0,105036229,105036326
105036326,41.8718498771,-87.6469634085,1302100875.0,105036276,105036379
105036379,41.8716377117,-87.6469946853,1302100877.0,105036326,105036436
105036436,41.8714217591,-87.6470173343,1302100879.0,105036379,105036493
105036493,41.8711897649,-87.6470370117,1302100881.0,105036436,105036532
105036532,41.8709527495,-87.6470484231,1302100883.0,105036493,105036579
105036579,41.8707027684,-87.6470512272,1302100885.0,105036532,105036631
105036631,41.8704398659,-87.6470526442,1302100887.0,105036579,105036685
105036685,41.8701809611,-87.6470514903,1302100889.0,105036631,105036740
105036740,41.8699299559,-87.6470480066,1302100891.0,105036685,105036796
105036796,41.8696919147,-87.6470474289,1302100893.0,105036740,105036851
105036851,41.8694589658,-87.6470560759,1302100895.0,105036796,105036907
105036907,41.8692249351,-87.6470557685,1302100897.0,105036851,105036962
105036962,41.868984925,-87.6470522979,1302100899.0,105036907,105037013
105037013,41.8687349658,-87.6470476478,1302100901.0,105036962,105037068
105037068,41.8684819971,-87.6470444883,1302100903.0,105037013,105037126
105037126,41.8682320299,-87.6470439813,1302100905.0,105037068,105037182
105037182,41.8679871806,-87.6470455817,1302100907.0,105037126,105037240
105037240,41.8677560791,-87.6470458885,1302100909.0,105037182,105037298
105037298,41.8675590357,-87.6470451317,1302100911.0,105037240,105037382
105037382,41.8673376822,-87.6470447911,1302100914.0,105037298,105037642
105037642,41.8671400231,-87.6470503786,1302100923.0,105037382,105037734
105037734,41.8671044798,-87.6472923035,1302100926.0,105037642,105037786
105037786,41.8671093674,-87.6475500197,1302100928.0,105037734,105037830
105037830,41.8671300497,-87.6478421006,1302100930.0,105037786,105037890
105037890,41.8671438023,-87.6481231792,1302100932.0,105037830,105037951
105037951,41.8671526512,-87.6484112603,1302100934.0,105037890,105038014
105038014,41.8671546408,-87.6486862804,1302100936.0,105037951,105038074
105038074,41.8671560775,-87.6489412506,1302100938.0,105038014,105038166
105038166,41.8671547091,-87.6492272976,1302100941.0,105038074,None
