58961960,41.8693555133,-87.6756127696,1302655149.0,None,58962530
58962530,41.8693199455,-87.6758758607,1302655172.0,58961960,58962608
58962608,41.8692932172,-87.6761657459,1302655175.0,58962530,58962657
58962657,41.869281708,-87.6764128068,1302655177.0,58962608,58962710
58962710,41.8692570294,-87.6767108584,1302655179.0,58962657,58962763
58962763,41.8692344369,-87.6770428969,1302655181.0,58962710,58962817
58962817,41.8692200638,-87.6773908892,1302655183.0,58962763,58962868
58962868,41.8692224054,-87.6777589185,1302655185.0,58962817,58962926
58962926,41.8692299112,-87.6781349436,1302655187.0,58962868,58962977
58962977,41.8692300974,-87.6785078934,1302655189.0,58962926,58963014
58963014,41.8692239917,-87.678895902,1302655191.0,58962977,58963071
58963071,41.8692147168,-87.6792929464,1302655193.0,58963014,58963130
58963130,41.8692032465,-87.6796739227,1302655195.0,58963071,58963188
58963188,41.8691824202,-87.6800188886,1302655197.0,58963130,58963239
58963239,41.869167613,-87.6802889648,1302655199.0,58963188,58963340
58963340,41.8691311486,-87.6805570251,1302655203.0,58963239,58964105
58964105,41.8691442598,-87.6808418882,1302655230.0,58963340,58964156
58964156,41.8691487308,-87.6811726328,1302655233.0,58964105,58964216
58964216,41.8691417303,-87.6814475438,1302655235.0,58964156,58964278
58964278,41.8691340516,-87.6817645688,1302655237.0,58964216,58964342
58964342,41.8691282313,-87.6821086667,1302655239.0,58964278,58964404
58964404,41.8691190903,-87.6824757001,1302655241.0,58964342,58964461
58964461,41.8690997739,-87.6828207766,1302655243.0,58964404,58964514
58964514,41.8690732495,-87.683130955,1302655245.0,58964461,58964573
58964573,41.8690481017,-87.6833900265,1302655247.0,58964514,58964694
58964694,41.8690223871,-87.6836413455,1302655251.0,58964573,58965591
58965591,41.8690713403,-87.6839188683,1302655280.0,58964694,58965728
58965728,41.8692024237,-87.6841850662,1302655284.0,58965591,58965921
58965921,41.8692516118,-87.6844199966,1302655290.0,58965728,58966073
58966073,41.8692626069,-87.6846959841,1302655295.0,58965921,58966183
58966183,41.869282558,-87.6850020145,1302655298.0,58966073,58966291
58966291,41.8693187738,-87.6852930443,1302655301.0,58966183,58966418
58966418,41.8692858735,-87.6855310297,1302655305.0,58966291,58966674
58966674,41.8692341692,-87.6857948153,1302655313.0,58966418,58966816
58966816,41.8693698776,-87.6859652777,1302655317.0,58966674,58966916
58966916,41.8696167722,-87.6860113219,1302655320.0,58966816,58966986
58966986,41.8698367619,-87.6860265561,1302655322.0,58966916,58967058
58967058,41.8700907794,-87.6860366674,1302655324.0,58966986,58967127
58967127,41.8703658606,-87.6860477366,1302655326.0,58967058,58967190
58967190,41.8706589232,-87.6860590279,1302655328.0,58967127,58967258
58967258,41.8709648721,-87.6860678139,1302655330.0,58967190,58967328
58967328,41.8712566801,-87.6860870026,1302655332.0,58967258,58967397
58967397,41.871544636,-87.6860965478,1302655334.0,58967328,58967464
58967464,41.8718126903,-87.6861128087,1302655336.0,58967397,58967535
58967535,41.8720548209,-87.6861250299,1302655338.0,58967464,58967602
58967602,41.8722958532,-87.6861260114,1302655340.0,58967535,58967671
58967671,41.8725598566,-87.6861318745,1302655342.0,58967602,58967744
58967744,41.8728378786,-87.6861402243,1302655344.0,58967671,58967811
58967811,41.8730979003,-87.6861534427,1302655346.0,58967744,58967881
58967881,41.8733348991,-87.6861628098,1302655348.0,58967811,58967949
58967949,41.8735389343,-87.6861626744,1302655350.0,58967881,58968053
58968053,41.873762378,-87.6861556821,1302655353.0,58967949,58968803
58968803,41.8739341686,-87.6859943932,1302655374.0,58968053,58968918
58968918,41.8739225383,-87.6857328658,1302655377.0,58968803,58969035
58969035,41.8739170572,-87.6853629238,1302655380.0,58968918,58969113
58969113,41.8739151395,-87.6850640193,1302655382.0,58969035,58969182
58969182,41.8739139546,-87.6847390626,1302655384.0,58969113,58969245
58969245,41.8739173633,-87.6844110429,1302655386.0,58969182,58969314
58969314,41.8739231441,-87.6840909347,1302655388.0,58969245,58969388
58969388,41.8739261787,-87.6837509383,1302655390.0,58969314,58969461
58969461,41.8739295672,-87.6833880631,1302655392.0,58969388,58969527
58969527,41.8739364361,-87.6829930726,1302655394.0,58969461,58969605
58969605,41.8739393548,-87.6825790614,1302655396.0,58969527,58969683
58969683,41.8739368931,-87.6821860739,1302655398.0,58969605,58969753
58969753,41.8739379929,-87.6818581508,1302655400.0,58969683,58969860
58969860,41.8739392067,-87.6815562325,1302655403.0,58969753,58970049
58970049,41.873947862,-87.681270198,1302655408.0,58969860,58970158
58970158,41.8739583097,-87.6809581464,1302655411.0,58970049,58970234
58970234,41.8739660253,-87.6806922001,1302655413.0,58970158,58970307
58970307,41.8739703097,-87.6803891687,1302655415.0,58970234,58970387
58970387,41.8739710058,-87.6800511725,1302655417.0,58970307,58970454
58970454,41.8739734332,-87.6796841284,1302655419.0,58970387,58970525
58970525,41.8739783274,-87.6792991497,1302655421.0,58970454,58970587
58970587,41.8739825253,-87.6789201533,1302655423.0,58970525,58970659
58970659,41.8739842742,-87.6785551763,1302655425.0,58970587,58970730
58970730,41.8739900529,-87.6782091638,1302655427.0,58970659,58970806
58970806,41.8739959017,-87.6778861568,1302655429.0,58970730,58970883
58970883,41.8739990487,-87.6775772204,1302655431.0,58970806,58970962
58970962,41.8740028888,-87.6772900349,1302655433.0,58970883,58971024
58971024,41.8739976365,-87.6770474869,1302655435.0,58970962,58971141
58971141,41.8739696645,-87.6767752077,1302655438.0,58971024,58971794
58971794,41.8739188552,-87.6765328865,1302655459.0,58971141,58971929
58971929,41.8736916826,-87.6764874149,1302655463.0,58971794,58972034
58972034,41.873423693,-87.6764590818,1302655466.0,58971929,58972137
58972137,41.8731708719,-87.6764419327,1302655469.0,58972034,58972598
58972598,41.8729870919,-87.6764438059,1302655482.0,58972137,58972785
58972785,41.8727659556,-87.6764266496,1302655487.0,58972598,58972902
58972902,41.8725069882,-87.6764158979,1302655490.0,58972785,58972971
58972971,41.8722900978,-87.6764066992,1302655492.0,58972902,58973040
58973040,41.8720751342,-87.6763843198,1302655494.0,58972971,58973099
58973099,41.8718789736,-87.676357405,1302655496.0,58973040,58973206
58973206,41.8716368731,-87.6763377982,1302655499.0,58973099,58973355
58973355,41.871443434,-87.6762571766,1302655503.0,58973206,58973505
58973505,41.8714453061,-87.6759468699,1302655507.0,58973355,58973618
58973618,41.8714546337,-87.6755879437,1302655510.0,58973505,58973688
58973688,41.8714654955,-87.675173122,1302655513.0,58973618,58973765
58973765,41.8714714738,-87.6749127843,1302655515.0,58973688,58973866
58973866,41.8714564456,-87.674580676,1302655518.0,58973765,58974345
58974345,41.8714831438,-87.6743143157,1302655531.0,58973866,58974491
58974491,41.8714983846,-87.673999394,1302655535.0,58974345,58974857
58974857,41.8714885724,-87.6737068905,1302655545.0,58974491,58974997
58974997,41.8714956659,-87.673420664,1302655549.0,58974857,58975876
58975876,41.871503721,-87.6731273435,1302655573.0,58974997,58975987
58975987,41.8715269099,-87.6728209736,1302655576.0,58975876,58976058
58976058,41.871542642,-87.6725679295,1302655578.0,58975987,58976133
58976133,41.8715508462,-87.6722828468,1302655580.0,58976058,58976217
58976217,41.8715414905,-87.6720039933,1302655582.0,58976133,58976331
58976331,41.8715328787,-87.6716945975,1302655585.0,58976217,58977122
58977122,41.8715276813,-87.6714208381,1302655608.0,58976331,58977236
58977236,41.8715308735,-87.6711350913,1302655611.0,58977122,58977309
58977309,41.8715379317,-87.6708831632,1302655613.0,58977236,58977389
58977389,41.8715401772,-87.6706190481,1302655615.0,58977309,58977501
58977501,41.8715368598,-87.6702899135,1302655618.0,58977389,58977623
58977623,41.8715469717,-87.6700269067,1302655622.0,58977501,58978198
58978198,41.8715610218,-87.669744447,1302655638.0,58977623,58978406
58978406,41.8715924318,-87.6694607182,1302655644.0,58978198,58978625
58978625,41.8714674581,-87.6692376323,1302655650.0,58978406,58978734
58978734,41.8712622686,-87.6692207637,1302655653.0,58978625,58978810
58978810,41.8710812773,-87.6691983943,1302655655.0,58978734,58978877
58978877,41.8708682376,-87.6691796763,1302655657.0,58978810,58978947
58978947,41.8706291846,-87.6691501843,1302655659.0,58978877,58979006
58979006,41.8703721498,-87.669116137,1302655661.0,58978947,58979083
58979083,41.8701141165,-87.6691010325,1302655663.0,58979006,58979159
58979159,41.8698671166,-87.6690891768,1302655665.0,58979083,58979234
58979234,41.8696500772,-87.6690787978,1302655667.0,58979159,58979351
58979351,41.8694167845,-87.66906709,1302655670.0,58979234,58979695
58979695,41.8691816073,-87.669066185,1302655680.0,58979351,58979809
58979809,41.8689888754,-87.6690157217,1302655683.0,58979695,58979925
58979925,41.8687178752,-87.6689509043,1302655686.0,58979809,58980007
58980007,41.8685148912,-87.668902794,1302655688.0,58979925,58980084
58980084,41.8682788901,-87.6688731436,1302655690.0,58980007,58980164
58980164,41.8680199043,-87.6688524673,1302655692.0,58980084,58980245
58980245,41.8677718913,-87.6688505344,1302655694.0,58980164,58980314
58980314,41.8675488505,-87.6688570073,1302655696.0,58980245,58980419
58980419,41.8673079634,-87.6688780853,1302655699.0,58980314,58980740
58980740,41.8671155006,-87.668900934,1302655708.0,58980419,58980859
58980859,41.8669259045,-87.6688967089,1302655711.0,58980740,58981012
58981012,41.8667799563,-87.6687425553,1302655715.0,58980859,58981143
58981143,41.8667859586,-87.6684549979,1302655719.0,58981012,58981179
58981179,41.8667721285,-87.6681090067,1302655722.0,58981143,58981187
58981187,41.8667650107,-87.6678010996,1302655724.0,58981179,58981197
58981197,41.8667637068,-87.6674982114,1302655726.0,58981187,58981209
58981209,41.866757274,-87.6672411917,1302655728.0,58981197,58981236
58981236,41.8667471115,-87.6669791156,1302655732.0,58981209,58981286
58981286,41.8667509609,-87.6667131111,1302655738.0,58981236,58981314
58981314,41.8667518074,-87.6663962293,1302655741.0,58981286,58981334
58981334,41.8667536739,-87.6661301512,1302655743.0,58981314,58981354
58981354,41.8667533442,-87.6658631828,1302655745.0,58981334,58981376
58981376,41.8667573964,-87.665613217,1302655747.0,58981354,58981398
58981398,41.8667652817,-87.6653382308,1302655749.0,58981376,58981421
58981421,41.8667700656,-87.6650321886,1302655751.0,58981398,58981445
58981445,41.8667791559,-87.6646991656,1302655753.0,58981421,58981469
58981469,41.8667851497,-87.6643461448,1302655755.0,58981445,58981494
58981494,41.8667901526,-87.6640021839,1302655757.0,58981469,58981520
58981520,41.8667981069,-87.6636651918,1302655759.0,58981494,58981546
58981546,41.8668060436,-87.6633151864,1302655761.0,58981520,58981573
58981573,41.8668139332,-87.6629671627,1302655763.0,58981546,58981601
58981601,41.8668178753,-87.6626411328,1302655765.0,58981573,58981629
58981629,41.8668228315,-87.6623361085,1302655767.0,58981601,58981657
58981657,41.8668257433,-87.6620341094,1302655769.0,58981629,58981685
58981685,41.8668316021,-87.66170926,1302655771.0,58981657,58981712
58981712,41.8668394845,-87.6613671788,1302655773.0,58981685,58981742
58981742,41.8668434584,-87.6610141566,1302655775.0,58981712,58981775
58981775,41.8668494524,-87.6606561437,1302655777.0,58981742,58981805
58981805,41.8668565012,-87.6602881594,1302655779.0,58981775,58981837
58981837,41.8668644989,-87.6599071489,1302655781.0,58981805,58981868
58981868,41.8668714499,-87.6595131459,1302655783.0,58981837,58981901
58981901,41.866875423,-87.659125126,1302655785.0,58981868,58981934
58981934,41.8668763287,-87.6587521123,1302655787.0,58981901,58981966
58981966,41.8668822949,-87.6583861513,1302655789.0,58981934,58981998
58981998,41.8668892267,-87.6580231411,1302655791.0,58981966,58982033
58982033,41.8668932242,-87.6576641715,1302655793.0,58981998,58982070
58982070,41.8669009495,-87.6573161526,1302655795.0,58982033,58982105
58982105,41.8669108305,-87.6569681485,1302655797.0,58982070,58982140
58982140,41.8669163242,-87.6565942478,1302655799.0,58982105,58982175
58982175,41.8669215118,-87.6561950009,1302655801.0,58982140,58982213
58982213,41.8669277408,-87.6557760496,1302655803.0,58982175,58982250
58982250,41.866932895,-87.6553620597,1302655805.0,58982213,58982289
58982289,41.8669379246,-87.6549680752,1302655807.0,58982250,58982325
58982325,41.8669440429,-87.6545820762,1302655809.0,58982289,58982363
58982363,41.8669492229,-87.6541920661,1302655811.0,58982325,58982398
58982398,41.8669557308,-87.6538141646,1302655813.0,58982363,58982437
58982437,41.8669573017,-87.6534661258,1302655815.0,58982398,58982476
58982476,41.8669633229,-87.6531310522,1302655817.0,58982437,58982515
58982515,41.8669724564,-87.652779059,1302655819.0,58982476,58982557
58982557,41.8669795371,-87.6524110854,1302655821.0,58982515,58982596
58982596,41.866985633,-87.6520520611,1302655823.0,58982557,58982638
58982638,41.8669895827,-87.6517473986,1302655825.0,58982596,58982678
58982678,41.8670094767,-87.6514977343,1302655827.0,58982638,58982734
58982734,41.8670256073,-87.651230483,1302655830.0,58982678,None
