114357059,41.8716910225,-87.6734526001,1303769291.0,None,114357080
114357080,41.8717750269,-87.6731899053,1303769302.0,114357059,114357086
114357086,41.8718083567,-87.6728929417,1303769305.0,114357080,114357092
114357092,41.8718193455,-87.6725679978,1303769308.0,114357086,114357098
114357098,41.8718224032,-87.6722679878,1303769311.0,114357092,114357106
114357106,41.8718094981,-87.6719730517,1303769315.0,114357098,114357118
114357118,41.8716787943,-87.6717690814,1303769321.0,114357106,114357124
114357124,41.8716474389,-87.6715211092,1303769324.0,114357118,114357130
114357130,41.8716496259,-87.6711757402,1303769327.0,114357124,114357136
114357136,41.8716591076,-87.6708568066,1303769330.0,114357130,114357142
114357142,41.8716603272,-87.6705719946,1303769333.0,114357136,114357148
114357148,41.8716568821,-87.6703280917,1303769336.0,114357142,114357175
114357175,41.8716232494,-87.6700304545,1303769350.0,114357148,114357183
114357183,41.8717065475,-87.6697455845,1303769354.0,114357175,114357191
114357191,41.8717476827,-87.6695030578,1303769358.0,114357183,114357205
114357205,41.8716307169,-87.6692730948,1303769365.0,114357191,114357213
114357213,41.8713769705,-87.6691914661,1303769369.0,114357205,114357217
114357217,41.8711853095,-87.6691644835,1303769371.0,114357213,114357221
114357221,41.8709703361,-87.6691356411,1303769373.0,114357217,114357225
114357225,41.8707403355,-87.6691161345,1303769375.0,114357221,114357229
114357229,41.8705191856,-87.6691064371,1303769377.0,114357225,114357233
114357233,41.8703161312,-87.6691077175,1303769379.0,114357229,114357237
114357237,41.8701351079,-87.6691065692,1303769381.0,114357233,114357243
114357243,41.8698871329,-87.669103722,1303769384.0,114357237,114357247
114357247,41.8696970547,-87.6690910913,1303769387.0,114357243,114357283
114357283,41.8695118719,-87.6690341411,1303769405.0,114357247,114357303
114357303,41.8693296754,-87.6690146499,1303769415.0,114357283,114357311
114357311,41.8691287705,-87.6690182754,1303769419.0,114357303,114357317
114357317,41.8688900001,-87.6690130071,1303769422.0,114357311,114357321
114357321,41.8686989224,-87.6690104058,1303769424.0,114357317,114357325
114357325,41.8684938074,-87.6690090247,1303769426.0,114357321,114357329
114357329,41.8682808512,-87.6690077598,1303769428.0,114357325,114357333
114357333,41.8680688261,-87.6690104105,1303769430.0,114357329,114357337
114357337,41.8678698593,-87.6690095075,1303769432.0,114357333,114357343
114357343,41.8676289119,-87.6690024943,1303769435.0,114357337,114357349
114357349,41.8674449253,-87.6690023292,1303769438.0,114357343,114357355
114357355,41.867242954,-87.6689993394,1303769441.0,114357349,114357361
114357361,41.8670406449,-87.6689886187,1303769444.0,114357355,114357371
114357371,41.8668956674,-87.6687897959,1303769449.0,114357361,114357379
114357379,41.8669023339,-87.668462218,1303769453.0,114357371,114357383
114357383,41.8669053245,-87.6682092123,1303769455.0,114357379,114357387
114357387,41.8669073576,-87.66791519,1303769457.0,114357383,114357391
114357391,41.8669120892,-87.6676280837,1303769459.0,114357387,114357397
114357397,41.8669196643,-87.6672959494,1303769462.0,114357391,114357409
114357409,41.8669108592,-87.6670489525,1303769468.0,114357397,114357439
114357439,41.8668964771,-87.6667599851,1303769483.0,114357409,114357445
114357445,41.8668912485,-87.6664876789,1303769486.0,114357439,114357451
114357451,41.8668880482,-87.6661370332,1303769489.0,114357445,114357452
114357452,41.8669044243,-87.6650806944,1303769496.0,114357451,114357456
114357456,41.8669119015,-87.6647567057,1303769498.0,114357452,114357460
114357460,41.8669171447,-87.6644227246,1303769500.0,114357456,114357464
114357464,41.8669209327,-87.6640886588,1303769502.0,114357460,114357468
114357468,41.8669294854,-87.663763666,1303769504.0,114357464,114357472
114357472,41.8669343322,-87.6634406557,1303769506.0,114357468,114357476
114357476,41.8669404791,-87.6631296781,1303769508.0,114357472,114357480
114357480,41.8669455578,-87.662847728,1303769510.0,114357476,114357486
114357486,41.8669457252,-87.662532698,1303769513.0,114357480,114357494
114357494,41.8669389434,-87.6622786466,1303769517.0,114357486,114357537
114357537,41.8669460482,-87.6620096882,1303769539.0,114357494,114357545
114357545,41.866964846,-87.6617347551,1303769543.0,114357537,114357551
114357551,41.8669761891,-87.661409793,1303769546.0,114357545,114357555
114357555,41.8669756605,-87.661166779,1303769548.0,114357551,114357559
114357559,41.8669747935,-87.6608956934,1303769550.0,114357555,114357563
114357563,41.8669713432,-87.6606146732,1303769552.0,114357559,114357567
114357567,41.8669691458,-87.660334628,1303769554.0,114357563,114357571
114357571,41.8669672349,-87.6600565998,1303769556.0,114357567,114357575
114357575,41.8669710536,-87.6597786212,1303769558.0,114357571,114357579
114357579,41.8669714932,-87.6594956055,1303769560.0,114357575,114357583
114357583,41.8669744088,-87.6592115864,1303769562.0,114357579,114357587
114357587,41.8669783066,-87.6589296345,1303769564.0,114357583,114357591
114357591,41.866982372,-87.6586386369,1303769566.0,114357587,114357595
114357595,41.8669864994,-87.6583336235,1303769568.0,114357591,114357599
114357599,41.8669914889,-87.6580185891,1303769570.0,114357595,114357603
114357603,41.8669953663,-87.6576985469,1303769572.0,114357599,114357607
114357607,41.8669983995,-87.6573955542,1303769574.0,114357603,114357611
114357611,41.8669993103,-87.6571046017,1303769576.0,114357607,114357615
114357615,41.8670022816,-87.6567927088,1303769578.0,114357611,114357619
114357619,41.8670108056,-87.6564464076,1303769580.0,114357615,114357623
114357623,41.8670256886,-87.6560684378,1303769582.0,114357619,114357627
114357627,41.8670393572,-87.6556754978,1303769584.0,114357623,114357631
114357631,41.8670442364,-87.6552845019,1303769586.0,114357627,114357635
114357635,41.8670484865,-87.654894284,1303769588.0,114357631,114357639
114357639,41.8670582893,-87.6544993669,1303769590.0,114357635,114357643
114357643,41.8670680176,-87.6541125329,1303769592.0,114357639,114357647
114357647,41.8670782445,-87.6537334408,1303769594.0,114357643,114357651
114357651,41.8670869463,-87.6533676411,1303769596.0,114357647,114357655
114357655,41.8670923111,-87.6530136534,1303769598.0,114357651,114357659
114357659,41.8670932105,-87.65267456,1303769600.0,114357655,114357663
114357663,41.8670968371,-87.6523655564,1303769602.0,114357659,114357667
114357667,41.86709944,-87.6521035645,1303769604.0,114357663,114357673
114357673,41.8670983869,-87.6518383217,1303769607.0,114357667,114357695
114357695,41.8671189196,-87.6515740793,1303769618.0,114357673,114357703
114357703,41.8671253683,-87.6512590054,1303769622.0,114357695,114357755
114357755,41.8672108686,-87.6510165375,1303769648.0,114357703,114357763
114357763,41.8674182192,-87.650998707,1303769652.0,114357755,114357769
114357769,41.8676360063,-87.6509991624,1303769655.0,114357763,114357775
114357775,41.8678879331,-87.6510075083,1303769658.0,114357769,114357779
114357779,41.8680799647,-87.6510166951,1303769660.0,114357775,114357783
114357783,41.8683009796,-87.6510281168,1303769662.0,114357779,114357787
114357787,41.8685379661,-87.651034687,1303769664.0,114357783,114357791
114357791,41.8687589364,-87.6510392928,1303769666.0,114357787,114357795
114357795,41.8689448011,-87.6510418216,1303769668.0,114357791,114357801
114357801,41.8691772218,-87.6510501188,1303769671.0,114357795,None
