72839179,41.8673873227,-87.647069703,1302924660.0,None,72839542
72839542,41.867233178,-87.6472231817,1302924675.0,72839179,72839564
72839564,41.8672208634,-87.6475359779,1302924679.0,72839542,72839584
72839584,41.8672271539,-87.6477879363,1302924682.0,72839564,72839615
72839615,41.8672236271,-87.6481068703,1302924686.0,72839584,72839641
72839641,41.8672258209,-87.648366767,1302924689.0,72839615,72839669
72839669,41.8672213958,-87.6486327124,1302924692.0,72839641,72839699
72839699,41.8672172275,-87.6489076885,1302924695.0,72839669,72839731
72839731,41.8672114513,-87.6492076159,1302924698.0,72839699,72839764
72839764,41.8672115203,-87.6495516928,1302924701.0,72839731,72839788
72839788,41.867214013,-87.6498037414,1302924703.0,72839764,72839812
72839812,41.8672168983,-87.650060738,1302924705.0,72839788,72839836
72839836,41.8672150292,-87.6503118597,1302924707.0,72839812,72839857
72839857,41.8672131573,-87.6505568164,1302924709.0,72839836,72839885
72839885,41.867208797,-87.650799649,1302924711.0,72839857,72839922
72839922,41.8672030951,-87.6511638195,1302924714.0,72839885,72839951
72839951,41.8671898556,-87.651419084,1302924716.0,72839922,72839981
72839981,41.8671826768,-87.651702744,1302924718.0,72839951,72840007
72840007,41.8671763875,-87.6519955745,1302924720.0,72839981,72840036
72840036,41.8671705947,-87.6522846257,1302924722.0,72840007,72840068
72840068,41.8671632488,-87.6525715656,1302924724.0,72840036,72840092
72840092,41.8671618222,-87.6528615416,1302924726.0,72840068,72840097
72840097,41.8671570706,-87.6532775318,1302924729.0,72840092,72840106
72840106,41.8671513581,-87.6535555013,1302924731.0,72840097,72840117
72840117,41.8671434997,-87.6538484981,1302924733.0,72840106,72840130
72840130,41.8671378429,-87.6541645606,1302924735.0,72840117,72840143
72840143,41.8671322264,-87.6544904854,1302924737.0,72840130,72840158
72840158,41.86712907,-87.6548152854,1302924739.0,72840143,72840174
72840174,41.8671259842,-87.6551354872,1302924741.0,72840158,72840191
72840191,41.8671226775,-87.6554386384,1302924743.0,72840174,72840209
72840209,41.8671195572,-87.655716555,1302924745.0,72840191,72840228
72840228,41.8671155065,-87.6559634811,1302924747.0,72840209,72840258
72840258,41.8671121462,-87.6562636027,1302924750.0,72840228,72840301
72840301,41.8671078053,-87.6565205621,1302924754.0,72840258,72840661
72840661,41.8671167208,-87.6568236462,1302924781.0,72840301,72840708
72840708,41.8671086982,-87.6570737821,1302924784.0,72840661,72840756
72840756,41.8671037366,-87.6573427207,1302924787.0,72840708,72840805
72840805,41.8670977862,-87.6576497393,1302924790.0,72840756,72840855
72840855,41.8670916711,-87.6579987225,1302924793.0,72840805,72840889
72840889,41.8670877264,-87.6582607684,1302924795.0,72840855,72840922
72840922,41.8670836241,-87.6585417735,1302924797.0,72840889,72840958
72840958,41.8670815667,-87.658828758,1302924799.0,72840922,72840994
72840994,41.8670755625,-87.6591257119,1302924801.0,72840958,72841030
72841030,41.8670705524,-87.6594227511,1302924803.0,72840994,72841065
72841065,41.8670657327,-87.6597267438,1302924805.0,72841030,72841101
72841101,41.8670679457,-87.6600367297,1302924807.0,72841065,72841139
72841139,41.8670619179,-87.6603317266,1302924809.0,72841101,72841177
72841177,41.8670580185,-87.6605977317,1302924811.0,72841139,72841233
72841233,41.8670439495,-87.6609457674,1302924814.0,72841177,72841291
72841291,41.8670378728,-87.6612008444,1302924817.0,72841233,72841842
72841842,41.8670385884,-87.6614538034,1302924844.0,72841291,72841957
72841957,41.8670322935,-87.6617029133,1302924849.0,72841842,72842023
72842023,41.8670293409,-87.6619897275,1302924852.0,72841957,72842091
72842091,41.8670265954,-87.6623227098,1302924855.0,72842023,72842127
72842127,41.8670236054,-87.6625667457,1302924857.0,72842091,72842177
72842177,41.8670176424,-87.6628147565,1302924859.0,72842127,72842214
72842214,41.8670117117,-87.6630577447,1302924861.0,72842177,72842258
72842258,41.8670058957,-87.6632997137,1302924863.0,72842214,72842278
72842278,41.8670007446,-87.6635457221,1302924865.0,72842258,72842316
72842316,41.8669966602,-87.6638087479,1302924867.0,72842278,72842347
72842347,41.8669935174,-87.6640787289,1302924869.0,72842316,72842386
72842386,41.8669884718,-87.6643407658,1302924871.0,72842347,72842428
72842428,41.8669863341,-87.6646027566,1302924873.0,72842386,72842471
72842471,41.8669784136,-87.6648657859,1302924875.0,72842428,72842517
72842517,41.8669706659,-87.6651147908,1302924877.0,72842471,72842593
72842593,41.8669637329,-87.6654458859,1302924880.0,72842517,72842670
72842670,41.8669615041,-87.6656949158,1302924883.0,72842593,72842788
72842788,41.8669608611,-87.665965995,1302924888.0,72842670,72843373
72843373,41.866956594,-87.6662581458,1302924911.0,72842788,72843450
72843450,41.8669574398,-87.6665392197,1302924914.0,72843373,72843528
72843528,41.8669566427,-87.6669039503,1302924917.0,72843450,72843580
72843580,41.8669531187,-87.6671859913,1302924919.0,72843528,72843636
72843636,41.8669538636,-87.6674710996,1302924921.0,72843580,72843695
72843695,41.8669543373,-87.6677581768,1302924923.0,72843636,72843747
72843747,41.8669589763,-87.6680392262,1302924925.0,72843695,72843799
72843799,41.8669627973,-87.6683112131,1302924927.0,72843747,72843852
72843852,41.8669655044,-87.6685611688,1302924929.0,72843799,72843935
72843935,41.8669826389,-87.6688288778,1302924932.0,72843852,72844075
72844075,41.8671558415,-87.6689810971,1302924937.0,72843935,72844156
72844156,41.8673530926,-87.6689692953,1302924940.0,72844075,72844235
72844235,41.867625148,-87.6689636946,1302924943.0,72844156,72844294
72844294,41.8678411626,-87.668966097,1302924945.0,72844235,72844347
72844347,41.8680751959,-87.6689680858,1302924947.0,72844294,72844406
72844406,41.8683091587,-87.6689708244,1302924949.0,72844347,72844467
72844467,41.8685262303,-87.6689746256,1302924951.0,72844406,72844518
72844518,41.8687181653,-87.6689778527,1302924953.0,72844467,72844604
72844604,41.8689311901,-87.6689769454,1302924956.0,72844518,72844750
72844750,41.8691130492,-87.6689733544,1302924961.0,72844604,72844918
72844918,41.8692498414,-87.6691511407,1302924967.0,72844750,72845045
72845045,41.8692469196,-87.6694084677,1302924971.0,72844918,72845254
72845254,41.8692717729,-87.6696677089,1302924978.0,72845045,72845339
72845339,41.8692610168,-87.6700278032,1302924981.0,72845254,72845398
72845398,41.8692574637,-87.6703059966,1302924983.0,72845339,72845459
72845459,41.8692575665,-87.6705849835,1302924985.0,72845398,72845521
72845521,41.8692630778,-87.6708384087,1302924987.0,72845459,72845613
72845613,41.8692748515,-87.6710938875,1302924990.0,72845521,72845774
72845774,41.8692877284,-87.6713384386,1302924995.0,72845613,72845898
72845898,41.8693035194,-87.6716684528,1302924999.0,72845774,72845963
72845963,41.8693034294,-87.6719287785,1302925001.0,72845898,72846020
72846020,41.8692991698,-87.6722340257,1302925003.0,72845963,72846079
72846079,41.8692966965,-87.6725450925,1302925005.0,72846020,72846144
72846144,41.8692941667,-87.6728349677,1302925007.0,72846079,72846211
72846211,41.869310347,-87.6730761396,1302925009.0,72846144,72846314
72846314,41.8693109207,-87.6733751683,1302925012.0,72846211,72846407
72846407,41.8693067947,-87.6736896596,1302925015.0,72846314,72846471
72846471,41.8692973374,-87.6739428932,1302925017.0,72846407,72846531
72846531,41.8692884133,-87.6742249709,1302925019.0,72846471,72846592
72846592,41.8692843121,-87.6745399635,1302925021.0,72846531,72846656
72846656,41.8692758233,-87.6748568878,1302925023.0,72846592,72846723
72846723,41.869266019,-87.6751429359,1302925025.0,72846656,72846792
72846792,41.8692625671,-87.6753861327,1302925027.0,72846723,72846898
72846898,41.869269638,-87.6756441941,1302925030.0,72846792,None
