25118305,41.8658129023,-87.646812491,1303916358.0,None,25118911
25118911,41.8656177803,-87.6467815846,1303916384.0,25118305,25119163
25119163,41.865419984,-87.6467279747,1303916394.0,25118911,25119324
25119324,41.8652309652,-87.6467168492,1303916400.0,25119163,25119480
25119480,41.8650419769,-87.6467150639,1303916406.0,25119324,25119971
25119971,41.8648377573,-87.6466958634,1303916424.0,25119480,25120069
25120069,41.8645949762,-87.6466548791,1303916428.0,25119971,25120151
25120151,41.8643849811,-87.6466683459,1303916431.0,25120069,25120225
25120225,41.8641269623,-87.6466803988,1303916434.0,25120151,25120285
25120285,41.8639189721,-87.6466681994,1303916436.0,25120225,25120341
25120341,41.8637059696,-87.6466415065,1303916438.0,25120285,25120401
25120401,41.8634829729,-87.6466221533,1303916440.0,25120341,25120460
25120460,41.8632699708,-87.646602934,1303916442.0,25120401,25120516
25120516,41.863052947,-87.6465979739,1303916444.0,25120460,25120570
25120570,41.8628539142,-87.6465941244,1303916446.0,25120516,25120658
25120658,41.8626559735,-87.6466050195,1303916449.0,25120570,25120796
25120796,41.8625100772,-87.6467897407,1303916454.0,25120658,25120917
25120917,41.8624884301,-87.6471048805,1303916458.0,25120796,25121013
25121013,41.8624688413,-87.6474380531,1303916461.0,25120917,25121076
25121076,41.8624428555,-87.6476840095,1303916463.0,25121013,25121131
25121131,41.8623986591,-87.6480469153,1303916466.0,25121076,25121220
25121220,41.8623617393,-87.6483119832,1303916469.0,25121131,25121372
25121372,41.8623213262,-87.6485890953,1303916474.0,25121220,25121498
25121498,41.8623075549,-87.6488310415,1303916478.0,25121372,25121592
25121592,41.8622971397,-87.6490740898,1303916481.0,25121498,25121683
25121683,41.8622823945,-87.6493420749,1303916484.0,25121592,25121767
25121767,41.8622734779,-87.6496130852,1303916487.0,25121683,25121832
25121832,41.862267518,-87.6498641322,1303916490.0,25121767,25121930
25121930,41.8622478965,-87.6501151134,1303916493.0,25121832,25122066
25122066,41.8622323939,-87.650403104,1303916497.0,25121930,25122309
25122309,41.8622201477,-87.6506630195,1303916505.0,25122066,25122499
25122499,41.8623817723,-87.6508093261,1303916511.0,25122309,25122631
25122631,41.8626209743,-87.6508164005,1303916515.0,25122499,25122737
25122737,41.8628429271,-87.6508280137,1303916518.0,25122631,25122840
25122840,41.8630409042,-87.6508473812,1303916521.0,25122737,25122974
25122974,41.8632428347,-87.6508677022,1303916525.0,25122840,25123166
25123166,41.8634349042,-87.6508860069,1303916531.0,25122974,25123297
25123297,41.8636152721,-87.6509047264,1303916535.0,25123166,25123427
25123427,41.8638379471,-87.6509088696,1303916539.0,25123297,25123574
25123574,41.8640769096,-87.6509177348,1303916543.0,25123427,25123702
25123702,41.8643099945,-87.6509315078,1303916547.0,25123574,25123840
25123840,41.8644909852,-87.6509375671,1303916551.0,25123702,25124078
25124078,41.8647210107,-87.6509586988,1303916558.0,25123840,25124184
25124184,41.8649589727,-87.6509665045,1303916561.0,25124078,25124257
25124257,41.8651609973,-87.6509740754,1303916563.0,25124184,25124330
25124330,41.8653819985,-87.6509794252,1303916565.0,25124257,25124401
25124401,41.8655950005,-87.6509831423,1303916567.0,25124330,25124466
25124466,41.865804013,-87.6509916548,1303916569.0,25124401,25124539
25124539,41.8660060008,-87.6510001743,1303916571.0,25124466,25124612
25124612,41.8662019754,-87.6510038742,1303916573.0,25124539,25124682
25124682,41.8663889828,-87.6510083549,1303916575.0,25124612,25124778
25124778,41.8666409757,-87.651024642,1303916578.0,25124682,25124955
25124955,41.8668279324,-87.6510369729,1303916583.0,25124778,25125842
25125842,41.867008043,-87.6510631156,1303916608.0,25124955,25125988
25125988,41.8671255907,-87.6512910947,1303916612.0,25125842,25126101
25126101,41.8671301078,-87.6515850784,1303916615.0,25125988,25126247
25126247,41.867125189,-87.6518396996,1303916619.0,25126101,25126701
25126701,41.8671216143,-87.6521634397,1303916632.0,25126247,25126813
25126813,41.8671103186,-87.6525155005,1303916635.0,25126701,25126888
25126888,41.8671044516,-87.6527704742,1303916637.0,25126813,25126965
25126965,41.8670984345,-87.6530284484,1303916639.0,25126888,25127040
25127040,41.8670949851,-87.6532926132,1303916641.0,25126965,25127111
25127111,41.8670870739,-87.6535606353,1303916643.0,25127040,25127180
25127180,41.8670781752,-87.6538327028,1303916645.0,25127111,25127256
25127256,41.8670727923,-87.6540935172,1303916647.0,25127180,25127331
25127331,41.8670656165,-87.6543436077,1303916649.0,25127256,25127438
25127438,41.8670560637,-87.6546398358,1303916652.0,25127331,25127555
25127555,41.8670499958,-87.6549047915,1303916656.0,25127438,25127784
25127784,41.8670292367,-87.6551735261,1303916663.0,25127555,25128000
25128000,41.8669861075,-87.6554282293,1303916671.0,25127784,25128185
25128185,41.8669848783,-87.6557083424,1303916678.0,25128000,25128314
25128314,41.8669850741,-87.6560433903,1303916682.0,25128185,25128418
25128418,41.8669880527,-87.6563551354,1303916685.0,25128314,25128515
25128515,41.867004489,-87.6565960132,1303916688.0,25128418,25128657
25128657,41.8671960554,-87.6566784295,1303916692.0,25128515,25128765
25128765,41.8674449958,-87.6566828663,1303916695.0,25128657,25128840
25128840,41.8676578503,-87.6566917066,1303916697.0,25128765,25128912
25128912,41.8678918896,-87.6566982969,1303916699.0,25128840,25128987
25128987,41.8681329311,-87.6567088965,1303916701.0,25128912,25129054
25129054,41.8683649375,-87.6567183471,1303916703.0,25128987,25129124
25129124,41.8685819294,-87.6567251626,1303916705.0,25129054,25129196
25129196,41.8687769512,-87.6567264047,1303916707.0,25129124,25129286
25129286,41.8689850393,-87.656720981,1303916710.0,25129196,25130263
25130263,41.8691820688,-87.6567104762,1303916737.0,25129286,25130409
25130409,41.8694144909,-87.6567214011,1303916741.0,25130263,25130506
25130506,41.8697149947,-87.656745492,1303916745.0,25130409,25130608
25130608,41.8699859577,-87.6567616912,1303916748.0,25130506,25130679
25130679,41.870186997,-87.6567682086,1303916750.0,25130608,25130752
25130752,41.8703989494,-87.6567694641,1303916752.0,25130679,25130826
25130826,41.8706159173,-87.6567723396,1303916754.0,25130752,25130905
25130905,41.8708409186,-87.6567807096,1303916756.0,25130826,25130983
25130983,41.8710718992,-87.6567875807,1303916758.0,25130905,25131049
25131049,41.8713038662,-87.6567886866,1303916760.0,25130983,25131113
25131113,41.8715269653,-87.6567959667,1303916762.0,25131049,25131179
25131179,41.8717311278,-87.6567930518,1303916764.0,25131113,25131248
25131248,41.8719112872,-87.6567853474,1303916766.0,25131179,25131377
25131377,41.8721253076,-87.6567751118,1303916770.0,25131248,25131640
25131640,41.8723191595,-87.6567737522,1303916777.0,25131377,25131749
25131749,41.872560933,-87.6567704604,1303916780.0,25131640,25131823
25131823,41.8727779344,-87.6567602785,1303916782.0,25131749,25131893
25131893,41.8730258412,-87.6567469434,1303916784.0,25131823,25131957
25131957,41.8732779478,-87.6567335018,1303916786.0,25131893,25132026
25132026,41.8735110185,-87.6567322926,1303916788.0,25131957,25132098
25132098,41.8737040381,-87.6567311661,1303916790.0,25132026,25132212
25132212,41.8739020346,-87.656727236,1303916793.0,25132098,25132389
25132389,41.8741072232,-87.6567126316,1303916798.0,25132212,25133176
25133176,41.8742228914,-87.6565134968,1303916820.0,25132389,25133268
25133268,41.874226955,-87.6562649666,1303916823.0,25133176,25133383
25133383,41.8742352598,-87.6559238148,1303916826.0,25133268,25133457
25133457,41.8742393763,-87.6556728664,1303916828.0,25133383,25133530
25133530,41.8742426482,-87.6554030327,1303916830.0,25133457,25133601
25133601,41.8742471385,-87.6551220554,1303916832.0,25133530,25133677
25133677,41.8742503722,-87.6548420525,1303916834.0,25133601,25133753
25133753,41.8742525196,-87.6545531138,1303916836.0,25133677,25133813
25133813,41.8742556005,-87.6542580965,1303916838.0,25133753,25133875
25133875,41.8742597839,-87.6539651613,1303916840.0,25133813,25133940
25133940,41.8742667931,-87.6536731334,1303916842.0,25133875,25134009
25134009,41.8742731893,-87.6533871533,1303916844.0,25133940,25134081
25134081,41.8742804275,-87.6531210803,1303916846.0,25134009,25134158
25134158,41.8742863868,-87.652876972,1303916848.0,25134081,25134271
25134271,41.8742878146,-87.6525379846,1303916851.0,25134158,25134379
25134379,41.8742777969,-87.6522453124,1303916854.0,25134271,25134578
25134578,41.8742574501,-87.652001587,1303916860.0,25134379,None
