39682105,41.8675861125,-87.6470611502,1303684167.0,None,39682238
39682238,41.8673884314,-87.6470564474,1303684171.0,39682105,39682408
39682408,41.8672228328,-87.647248953,1303684176.0,39682238,39682559
39682559,41.8672074589,-87.647537122,1303684180.0,39682408,39682671
39682671,41.8672031928,-87.6478001027,1303684183.0,39682559,39682767
39682767,41.867198248,-87.6480491506,1303684186.0,39682671,39682907
39682907,41.8671951197,-87.6483351651,1303684190.0,39682767,39683050
39683050,41.8672018884,-87.6486019592,1303684194.0,39682907,39683595
39683595,41.8672096189,-87.6488567628,1303684209.0,39683050,39683729
39683729,41.8672033599,-87.6491107613,1303684213.0,39683595,39683804
39683804,41.8671977318,-87.6494047708,1303684216.0,39683729,39683893
39683893,41.8671936219,-87.6497398711,1303684219.0,39683804,39683999
39683999,41.8671874932,-87.6500738448,1303684222.0,39683893,39684089
39684089,41.8671818386,-87.650392857,1303684225.0,39683999,39684180
39684180,41.8671762429,-87.6506898889,1303684228.0,39684089,39684311
39684311,41.8671837545,-87.6509802663,1303684232.0,39684180,39684439
39684439,41.867347725,-87.6510787037,1303684236.0,39684311,39684547
39684547,41.8675291798,-87.6510407834,1303684239.0,39684439,39684664
39684664,41.8677632943,-87.651041962,1303684242.0,39684547,39684738
39684738,41.867944267,-87.6510489324,1303684244.0,39684664,39684812
39684812,41.8681352763,-87.6510606046,1303684246.0,39684738,39684886
39684886,41.868326252,-87.6510691201,1303684248.0,39684812,39684960
39684960,41.8685162431,-87.6510733081,1303684250.0,39684886,39685025
39685025,41.8686982571,-87.6510742147,1303684252.0,39684960,39685132
39685132,41.8689533527,-87.6510819771,1303684255.0,39685025,39685237
39685237,41.8691677966,-87.6511059793,1303684258.0,39685132,39685413
39685413,41.8693632553,-87.6511400569,1303684263.0,39685237,39686025
39686025,41.8695331628,-87.651251575,1303684280.0,39685413,39686215
39686215,41.8695437519,-87.6515059829,1303684286.0,39686025,39686713
39686713,41.8695173479,-87.6517541186,1303684299.0,39686215,39686816
39686816,41.8695065325,-87.6519980956,1303684302.0,39686713,39686920
39686920,41.8695000256,-87.6522970445,1303684305.0,39686816,39687028
39687028,41.8694978811,-87.6526339917,1303684308.0,39686920,39687134
39687134,41.8695005319,-87.6529699124,1303684311.0,39687028,39687239
39687239,41.8695006538,-87.6532998662,1303684314.0,39687134,39687341
39687341,41.869493667,-87.6536489018,1303684317.0,39687239,39687450
39687450,41.8694922302,-87.6539588642,1303684320.0,39687341,39687676
39687676,41.8694958659,-87.6542269785,1303684326.0,39687450,39687821
39687821,41.8694902739,-87.6545058529,1303684330.0,39687676,39687923
39687923,41.8694806658,-87.654812894,1303684333.0,39687821,39688027
39688027,41.8694775911,-87.6551579782,1303684336.0,39687923,39688123
39688123,41.8694717208,-87.6555189419,1303684339.0,39688027,39688200
39688200,41.869467055,-87.6557738852,1303684341.0,39688123,39688276
39688276,41.8694650016,-87.6560288757,1303684343.0,39688200,39688352
39688352,41.8694632406,-87.6562928748,1303684345.0,39688276,39688420
39688420,41.8694637105,-87.6565650126,1303684347.0,39688352,39688494
39688494,41.8694637774,-87.6568396451,1303684349.0,39688420,39688567
39688567,41.8694599262,-87.6571191531,1303684351.0,39688494,39688633
39688633,41.8694558995,-87.6574070666,1303684353.0,39688567,39688704
39688704,41.8694490079,-87.6577010444,1303684355.0,39688633,39688778
39688778,41.8694450491,-87.6579950069,1303684357.0,39688704,39688845
39688845,41.8694380996,-87.6582870222,1303684359.0,39688778,39688918
39688918,41.8694293212,-87.6585850158,1303684361.0,39688845,39688993
39688993,41.8694232102,-87.6588870095,1303684363.0,39688918,39689069
39689069,41.8694181545,-87.659185018,1303684365.0,39688993,39689146
39689146,41.8694148885,-87.6594690086,1303684367.0,39689069,39689220
39689220,41.8694128231,-87.6597470002,1303684369.0,39689146,39689296
39689296,41.8694078534,-87.6600219928,1303684371.0,39689220,39689365
39689365,41.8694019613,-87.6602939872,1303684373.0,39689296,39689442
39689442,41.8693961341,-87.6605540241,1303684375.0,39689365,39689515
39689515,41.8693904454,-87.6608000391,1303684377.0,39689442,39689621
39689621,41.8693841703,-87.661140146,1303684380.0,39689515,39689725
39689725,41.8693934472,-87.6613891607,1303684383.0,39689621,39690208
39690208,41.8693979544,-87.6616770741,1303684397.0,39689725,39690255
39690255,41.869381668,-87.6619738912,1303684401.0,39690208,39690269
39690269,41.8693706463,-87.6622728758,1303684404.0,39690255,39690287
39690287,41.8693693119,-87.6626119771,1303684407.0,39690269,39690308
39690308,41.8693673893,-87.662939994,1303684410.0,39690287,39690332
39690332,41.869368206,-87.6632440774,1303684413.0,39690308,39690350
39690350,41.8693696519,-87.6635410513,1303684416.0,39690332,39690377
39690377,41.8693649716,-87.6638042097,1303684419.0,39690350,39690451
39690451,41.8693658682,-87.6640793918,1303684426.0,39690377,39690496
39690496,41.8693538584,-87.664366084,1303684430.0,39690451,39690533
39690533,41.8693508453,-87.6646760159,1303684433.0,39690496,39690570
39690570,41.8693484666,-87.6650430334,1303684436.0,39690533,39690597
39690597,41.8693445448,-87.6653090079,1303684438.0,39690570,39690623
39690623,41.8693367632,-87.6655911504,1303684440.0,39690597,39690650
39690650,41.8693334827,-87.665885309,1303684442.0,39690623,39690678
39690678,41.8693344906,-87.6661741404,1303684444.0,39690650,39690707
39690707,41.8693386177,-87.6664460162,1303684446.0,39690678,39690747
39690747,41.8693359006,-87.6667738671,1303684449.0,39690707,39690826
39690826,41.8693274515,-87.6670366372,1303684454.0,39690747,39691035
39691035,41.8692900475,-87.6672869343,1303684467.0,39690826,39691087
39691087,41.8692806648,-87.6675449864,1303684470.0,39691035,39691138
39691138,41.8692783363,-87.6678618858,1303684473.0,39691087,39691194
39691194,41.8692772403,-87.668207073,1303684476.0,39691138,39691248
39691248,41.8692764975,-87.6685281877,1303684479.0,39691194,39691303
39691303,41.8692835943,-87.6687748902,1303684482.0,39691248,39691437
39691437,41.869266496,-87.6690370587,1303684489.0,39691303,39691513
39691513,41.8692607076,-87.669337867,1303684493.0,39691437,39691577
39691577,41.8692515208,-87.6696278816,1303684496.0,39691513,39691637
39691637,41.8692396312,-87.6699556383,1303684499.0,39691577,39691696
39691696,41.8692390079,-87.6702950493,1303684502.0,39691637,39691761
39691761,41.8692479495,-87.6706270182,1303684505.0,39691696,39691815
39691815,41.869252749,-87.6709164188,1303684508.0,39691761,39691886
39691886,41.8692536458,-87.6711802169,1303684512.0,39691815,39692151
39692151,41.8692641661,-87.6714409005,1303684528.0,39691886,39692327
39692327,41.869314028,-87.6717676232,1303684536.0,39692151,39692374
39692374,41.8693149779,-87.6720589214,1303684538.0,39692327,39692421
39692421,41.8693105755,-87.672347979,1303684540.0,39692374,39692474
39692474,41.869287149,-87.6726519469,1303684542.0,39692421,39692518
39692518,41.8692715307,-87.6729161614,1303684544.0,39692474,39692581
39692581,41.8692688147,-87.6731892725,1303684547.0,39692518,39692725
39692725,41.8692819145,-87.6734507851,1303684553.0,39692581,39692823
39692823,41.8692769716,-87.6737811333,1303684557.0,39692725,39692893
39692893,41.8692588493,-87.6741538693,1303684560.0,39692823,39692935
39692935,41.8692475687,-87.6744339485,1303684562.0,39692893,39692958
39692958,41.8692404252,-87.674702966,1303684564.0,39692935,39692965
39692965,41.8692371355,-87.674957931,1303684566.0,39692958,39692974
39692974,41.8692328594,-87.6752000443,1303684568.0,39692965,39692991
39692991,41.8692269943,-87.6755185657,1303684571.0,39692974,39693026
39693026,41.8692238126,-87.6757772846,1303684576.0,39692991,39693169
39693169,41.8692147304,-87.676052847,1303684591.0,39693026,39693203
39693203,41.869204745,-87.6763385955,1303684594.0,39693169,39693239
39693239,41.8691974606,-87.6766997225,1303684597.0,39693203,39693263
39693263,41.869191521,-87.6769658294,1303684599.0,39693239,39693289
39693289,41.8691856808,-87.6772508851,1303684601.0,39693263,39693315
39693315,41.8691798011,-87.6775518801,1303684603.0,39693289,39693341
39693341,41.8691749812,-87.6778738908,1303684605.0,39693315,39693362
39693362,41.8691730609,-87.6781998823,1303684607.0,39693341,39693392
39693392,41.8691710375,-87.6785179025,1303684609.0,39693362,39693421
39693421,41.8691688212,-87.6788348581,1303684611.0,39693392,39693448
39693448,41.8691707898,-87.6791439204,1303684613.0,39693421,39693478
39693478,41.8691668808,-87.6794399171,1303684615.0,39693448,39693504
39693504,41.8691648027,-87.6797249542,1303684617.0,39693478,39693535
39693535,41.8691643576,-87.679984964,1303684619.0,39693504,39693580
39693580,41.8691605183,-87.6802800292,1303684622.0,39693535,39693947
39693947,41.8691518826,-87.6805229405,1303684644.0,39693580,39694024
39694024,41.8691511696,-87.6807799389,1303684648.0,39693947,39694065
39694065,41.8691436874,-87.6811966352,1303684652.0,39694024,39694091
39694091,41.8691387378,-87.6814485405,1303684654.0,39694065,39694131
39694131,41.8691330874,-87.6817225635,1303684656.0,39694091,39694172
39694172,41.8691240453,-87.6820156318,1303684658.0,39694131,39694215
39694215,41.8691189897,-87.6823067152,1303684660.0,39694172,39694253
39694253,41.8691109372,-87.6825877048,1303684662.0,39694215,39694291
39694291,41.8691047746,-87.6828547786,1303684664.0,39694253,39694351
39694351,41.8691025671,-87.6831869574,1303684667.0,39694291,39694437
39694437,41.8691089653,-87.6834336551,1303684671.0,39694351,39694832
39694832,41.8690930519,-87.6836836737,1303684690.0,39694437,39694923
39694923,41.8690864861,-87.6840048526,1303684694.0,39694832,39694979
39694979,41.8690746257,-87.6843148187,1303684697.0,39694923,39695025
39695025,41.8690638392,-87.6845956937,1303684700.0,39694979,39695127
39695127,41.8690405016,-87.6848607712,1303684706.0,39695025,39695210
39695210,41.8690333456,-87.6851497871,1303684710.0,39695127,39695286
39695286,41.8690272562,-87.6854470091,1303684713.0,39695210,39695346
39695346,41.8690244086,-87.6857161103,1303684716.0,39695286,39695558
39695558,41.869029197,-87.6859594807,1303684725.0,39695346,39695801
39695801,41.869186696,-87.686094242,1303684735.0,39695558,39695873
39695873,41.8693721866,-87.6860847451,1303684738.0,39695801,39695950
39695950,41.8696081353,-87.6860785117,1303684741.0,39695873,39695997
39695997,41.8697911263,-87.6860826563,1303684743.0,39695950,39696053
39696053,41.869989072,-87.6860906567,1303684745.0,39695997,39696108
39696108,41.8701930793,-87.6861000334,1303684747.0,39696053,39696156
39696156,41.8703970945,-87.6861065665,1303684749.0,39696108,39696209
39696209,41.870603102,-87.6861115758,1303684751.0,39696156,39696257
39696257,41.8708061279,-87.6861161096,1303684753.0,39696209,39696305
39696305,41.8710012142,-87.6861241468,1303684755.0,39696257,39696358
39696358,41.8711862824,-87.6861395454,1303684757.0,39696305,39696445
39696445,41.8714343236,-87.6861574312,1303684760.0,39696358,39696524
39696524,41.8716393183,-87.6861750849,1303684763.0,39696445,39696625
39696625,41.8718463236,-87.6861885909,1303684767.0,39696524,39696735
39696735,41.8720462306,-87.6861946104,1303684771.0,39696625,39696817
39696817,41.8722341676,-87.6861960409,1303684774.0,39696735,39696901
39696901,41.8724721451,-87.6861912494,1303684777.0,39696817,39696951
39696951,41.8726541134,-87.6861866373,1303684779.0,39696901,39697004
39697004,41.8728370654,-87.6861848532,1303684781.0,39696951,39697088
39697088,41.8730940805,-87.6861892101,1303684784.0,39697004,39697165
39697165,41.8733340591,-87.6861973054,1303684787.0,39697088,39697252
39697252,41.8735670694,-87.6862056523,1303684790.0,39697165,39697335
39697335,41.8737622882,-87.6862102182,1303684793.0,39697252,39697474
39697474,41.8738948825,-87.6860406106,1303684799.0,39697335,39697595
39697595,41.8738995969,-87.6857459207,1303684803.0,39697474,39697685
39697685,41.8739068786,-87.6854609863,1303684806.0,39697595,39697771
39697771,41.8739162573,-87.6851779577,1303684809.0,39697685,39697855
39697855,41.8739264156,-87.6848839769,1303684812.0,39697771,39697946
39697946,41.8739399916,-87.6846059043,1303684815.0,39697855,39698043
39698043,41.8739483518,-87.6843639314,1303684818.0,39697946,39698159
39698159,41.873958527,-87.6841047373,1303684822.0,39698043,39698755
39698755,41.8739510866,-87.6838438332,1303684842.0,39698159,39698850
39698850,41.8739504323,-87.6835848555,1303684845.0,39698755,39698944
39698944,41.8739569005,-87.6832528799,1303684848.0,39698850,39699009
39699009,41.8739616514,-87.6829998717,1303684850.0,39698944,39699073
39699073,41.8739655697,-87.6827278932,1303684852.0,39699009,39699129
39699129,41.8739660773,-87.6824579155,1303684854.0,39699073,39699188
39699188,41.8739673158,-87.6821999549,1303684856.0,39699129,39699263
39699263,41.8739686061,-87.6819550045,1303684858.0,39699188,39699364
39699364,41.8739712529,-87.6816439606,1303684861.0,39699263,39699561
39699561,41.8739758661,-87.6813908941,1303684867.0,39699364,39699681
39699681,41.8739818915,-87.6811118828,1303684871.0,39699561,39699779
39699779,41.8739880905,-87.6807999221,1303684874.0,39699681,39699847
39699847,41.8739904793,-87.6805529847,1303684876.0,39699779,39699912
39699912,41.8739906389,-87.6802850328,1303684878.0,39699847,39699980
39699980,41.8739906464,-87.6799980671,1303684880.0,39699912,39700052
39700052,41.8739963023,-87.6797010148,1303684882.0,39699980,39700125
39700125,41.874001771,-87.6794110286,1303684884.0,39700052,39700191
39700191,41.8740090058,-87.6791179726,1303684886.0,39700125,39700258
39700258,41.8740123043,-87.6788249631,1303684888.0,39700191,39700325
39700325,41.8740155794,-87.678540987,1303684890.0,39700258,39700392
39700392,41.8740195634,-87.6782680013,1303684892.0,39700325,39700457
39700457,41.8740219555,-87.6780059869,1303684894.0,39700392,39700520
39700520,41.8740242786,-87.6777569398,1303684896.0,39700457,39700619
39700619,41.874027515,-87.6774120751,1303684899.0,39700520,39700726
39700726,41.8740277206,-87.6771119716,1303684902.0,39700619,39700871
39700871,41.8740090093,-87.676824443,1303684906.0,39700726,39701282
39701282,41.8739683036,-87.6765635816,1303684918.0,39700871,39701424
39701424,41.8737823877,-87.676496852,1303684922.0,39701282,39701534
39701534,41.8735748263,-87.6764780375,1303684925.0,39701424,39701647
39701647,41.8733729086,-87.6764657553,1303684928.0,39701534,39701750
39701750,41.8731930612,-87.6764550253,1303684931.0,39701647,39701925
39701925,41.8730040995,-87.6764455024,1303684936.0,39701750,None
