14611814,41.8691682867,-87.6758924052,1302485790.0,None,14612025
14612025,41.8691467552,-87.6761424123,1302485807.0,14611814,14612067
14612067,41.8691409846,-87.6764272484,1302485810.0,14612025,14612110
14612110,41.8691352731,-87.6767800956,1302485813.0,14612067,14612140
14612140,41.869128316,-87.677038033,1302485815.0,14612110,14612170
14612170,41.8691223739,-87.6773040272,1302485817.0,14612140,14612200
14612200,41.8691139233,-87.6775750395,1302485819.0,14612170,14612232
14612232,41.8691026536,-87.6778420709,1302485821.0,14612200,14612264
14612264,41.869092131,-87.6781030972,1302485823.0,14612232,14612296
14612296,41.869084383,-87.6783701505,1302485825.0,14612264,14612328
14612328,41.8690803591,-87.678652129,1302485827.0,14612296,14612362
14612362,41.869078111,-87.6789360929,1302485829.0,14612328,14612396
14612396,41.8690786775,-87.6792160567,1302485831.0,14612362,14612430
14612430,41.8690774866,-87.6794990879,1302485833.0,14612396,14612464
14612464,41.8690764248,-87.6797760805,1302485835.0,14612430,14612500
14612500,41.869069466,-87.6800321052,1302485837.0,14612464,14612554
14612554,41.8690625782,-87.6802921625,1302485840.0,14612500,14612970
14612970,41.8690683217,-87.6805401025,1302485862.0,14612554,14613050
14613050,41.8690736005,-87.6808331535,1302485866.0,14612970,14613112
14613112,41.8690723444,-87.6811552491,1302485869.0,14613050,14613154
14613154,41.8690643424,-87.6813982924,1302485871.0,14613112,14613190
14613190,41.8690603162,-87.6816572446,1302485873.0,14613154,14613233
14613233,41.8690545752,-87.6819231989,1302485875.0,14613190,14613275
14613275,41.8690492143,-87.6821741595,1302485877.0,14613233,14613321
14613321,41.8690458283,-87.6824161365,1302485879.0,14613275,14613386
14613386,41.8690411958,-87.6827680615,1302485882.0,14613321,14613453
14613453,41.8690388953,-87.6830800088,1302485885.0,14613386,14613541
14613541,41.869033311,-87.6833480588,1302485889.0,14613453,14614108
14614108,41.8690342341,-87.6836372431,1302485916.0,14613541,14614196
14614196,41.869049141,-87.6839167591,1302485920.0,14614108,14614274
14614274,41.8690725697,-87.6842047302,1302485923.0,14614196,14614352
14614352,41.8690824322,-87.6844737145,1302485926.0,14614274,14614414
14614414,41.8690570793,-87.6847627511,1302485932.0,14614352,14614428
14614428,41.8690570865,-87.6850447838,1302485935.0,14614414,14614446
14614446,41.8690611172,-87.6853779073,1302485938.0,14614428,14614467
14614467,41.8690429519,-87.6856851188,1302485941.0,14614446,14614508
14614508,41.8690653764,-87.6859704214,1302485946.0,14614467,14614585
14614585,41.8692759594,-87.6860209045,1302485954.0,14614508,14614629
14614629,41.8695357857,-87.686026308,1302485958.0,14614585,14614652
14614652,41.869730828,-87.686032527,1302485960.0,14614629,14614676
14614676,41.8699377896,-87.6860454355,1302485962.0,14614652,14614700
14614700,41.8701448266,-87.6860603451,1302485964.0,14614676,14614724
14614724,41.8703459185,-87.6860738223,1302485966.0,14614700,14614750
14614750,41.8705359301,-87.6860759275,1302485968.0,14614724,14614789
14614789,41.8707629407,-87.6860648855,1302485971.0,14614750,14614858
14614858,41.8709539207,-87.686076483,1302485976.0,14614789,14614917
14614917,41.8711527782,-87.6860874612,1302485980.0,14614858,14614956
14614956,41.8713417351,-87.6861023446,1302485983.0,14614917,14614998
14614998,41.8715637749,-87.6861182659,1302485986.0,14614956,14615049
14615049,41.8718038019,-87.6861290972,1302485989.0,14614998,14615092
14615092,41.8720498953,-87.6861402241,1302485992.0,14615049,14615145
14615145,41.8722979183,-87.6861475443,1302485995.0,14615092,14615193
14615193,41.8725679026,-87.6861477507,1302485998.0,14615145,14615243
14615243,41.8728359094,-87.6861521165,1302486001.0,14615193,14615295
14615295,41.8730969201,-87.6861594912,1302486004.0,14615243,14615348
14615348,41.8733188986,-87.6861620081,1302486007.0,14615295,14615477
14615477,41.8735189374,-87.6861576737,1302486014.0,14615348,14615790
14615790,41.8737252624,-87.6861958526,1302486030.0,14615477,14615894
14615894,41.8739088394,-87.6860984295,1302486035.0,14615790,14615989
14615989,41.8739051003,-87.6858038645,1302486040.0,14615894,14615998
14615998,41.873887812,-87.6854651836,1302486043.0,14615989,14616007
14616007,41.8738880296,-87.6851852294,1302486045.0,14615998,14616018
14616018,41.8738903741,-87.6848952219,1302486047.0,14616007,14616030
14616030,41.8738925377,-87.6846071847,1302486049.0,14616018,14616044
14616044,41.8738946738,-87.684318122,1302486051.0,14616030,14616059
14616059,41.8738990364,-87.6840381652,1302486053.0,14616044,14616075
14616075,41.8739085535,-87.6837450254,1302486055.0,14616059,14616092
14616092,41.8739156792,-87.6834330952,1302486057.0,14616075,14616110
14616110,41.8739189655,-87.6831181926,1302486059.0,14616092,14616129
14616129,41.8739266889,-87.6828001522,1302486061.0,14616110,14616149
14616149,41.8739331393,-87.6824860691,1302486063.0,14616129,14616169
14616169,41.8739375846,-87.6821840692,1302486065.0,14616149,14616191
14616191,41.873944393,-87.6818981327,1302486067.0,14616169,14616213
14616213,41.873949874,-87.681654189,1302486069.0,14616191,14616272
14616272,41.8739647597,-87.6813820341,1302486074.0,14616213,14616322
14616322,41.873975647,-87.6810749472,1302486078.0,14616272,14616348
14616348,41.8739790376,-87.6808209916,1302486080.0,14616322,14616374
14616374,41.8739827579,-87.6805130835,1302486082.0,14616348,14616402
14616402,41.8739878063,-87.6801690895,1302486084.0,14616374,14616430
14616430,41.8739905024,-87.6798110555,1302486086.0,14616402,14616458
14616458,41.8739936987,-87.6794470612,1302486088.0,14616430,14616487
14616487,41.8739978833,-87.6790850497,1302486090.0,14616458,14616517
14616517,41.8740054611,-87.6787220285,1302486092.0,14616487,14616542
14616542,41.8740105312,-87.6783630546,1302486094.0,14616517,14616573
14616573,41.8740163847,-87.6780060265,1302486096.0,14616542,14616604
14616604,41.8740221558,-87.6776600416,1302486098.0,14616573,14616635
14616635,41.8740252394,-87.6773320697,1302486100.0,14616604,14616667
14616667,41.8740208991,-87.677045875,1302486102.0,14616635,14616717
14616717,41.8740057422,-87.6767394489,1302486105.0,14616667,14616943
14616943,41.8738967618,-87.6765180907,1302486118.0,14616717,14616998
14616998,41.8736994886,-87.6764823392,1302486121.0,14616943,14617035
14617035,41.8735156961,-87.6764672453,1302486123.0,14616998,14617072
14617072,41.8732907889,-87.6764522064,1302486125.0,14617035,14617106
14617106,41.8730419637,-87.6764364385,1302486127.0,14617072,14617148
14617148,41.8727878034,-87.6764155856,1302486129.0,14617106,14617186
14617186,41.8725256815,-87.6763801794,1302486131.0,14617148,14617225
14617225,41.8722583877,-87.6763467287,1302486133.0,14617186,14617262
14617262,41.8720032524,-87.6763163362,1302486135.0,14617225,14617300
14617300,41.871770558,-87.6762892623,1302486137.0,14617262,14617344
14617344,41.8715798295,-87.6762600668,1302486139.0,14617300,14617484
14617484,41.8714121276,-87.6761910595,1302486146.0,14617344,14617596
14617596,41.8714436037,-87.6758782404,1302486151.0,14617484,14617657
14617657,41.8714603542,-87.6754989684,1302486154.0,14617596,14617699
14617699,41.8714725939,-87.6751749328,1302486156.0,14617657,14617743
14617743,41.8714914726,-87.674832164,1302486158.0,14617699,14617789
14617789,41.8715091979,-87.6745040513,1302486160.0,14617743,14617832
14617832,41.8715227151,-87.6741941295,1302486162.0,14617789,14617897
14617897,41.8715286768,-87.6738801278,1302486165.0,14617832,14618009
14618009,41.8715265174,-87.6735857131,1302486171.0,14617897,14618082
14618082,41.8715438037,-87.6732899389,1302486174.0,14618009,14618121
14618121,41.8715455537,-87.6730109442,1302486176.0,14618082,14618158
14618158,41.8715464486,-87.6727099078,1302486178.0,14618121,14618188
14618188,41.87154596,-87.6724059264,1302486180.0,14618158,14618225
14618225,41.8715458861,-87.6721159257,1302486182.0,14618188,14618288
14618288,41.8715418878,-87.6717926751,1302486185.0,14618225,None
