61436549,41.8715117252,-87.6733704856,1303334963.0,None,61436906
61436906,41.8715481443,-87.6731289245,1303334984.0,61436549,61436959
61436959,41.8715839804,-87.6728828503,1303334987.0,61436906,61437015
61437015,41.8715993266,-87.6725356343,1303334990.0,61436959,61437053
61437053,41.8716043089,-87.6722817651,1303334992.0,61437015,61437093
61437093,41.8716089886,-87.6720368324,1303334994.0,61437053,61437146
61437146,41.87165741,-87.6717399936,1303334997.0,61437093,61437206
61437206,41.8717160407,-87.6714692858,1303335000.0,61437146,61437262
61437262,41.8717197498,-87.6711390063,1303335003.0,61437206,61437293
61437293,41.8716744795,-87.6708648737,1303335005.0,61437262,61437335
61437335,41.8716255721,-87.6706038729,1303335007.0,61437293,61437400
61437400,41.8716003893,-87.6702918225,1303335010.0,61437335,61437675
61437675,41.8716116352,-87.6700354487,1303335023.0,61437400,61437808
61437808,41.8717763737,-87.6698937748,1303335029.0,61437675,61437925
61437925,41.871824609,-87.6696259792,1303335034.0,61437808,61438037
61438037,41.8716558629,-87.6694699366,1303335039.0,61437925,61438110
61438110,41.871460319,-87.6694124141,1303335042.0,61438037,61438141
61438141,41.8712723882,-87.6693613918,1303335044.0,61438110,61438188
61438188,41.8710741454,-87.6693162622,1303335046.0,61438141,61438232
61438232,41.8708721307,-87.6692681119,1303335048.0,61438188,61438271
61438271,41.8706620995,-87.6692254204,1303335050.0,61438232,61438304
61438304,41.8704531301,-87.6691915244,1303335052.0,61438271,61438341
61438341,41.8702511328,-87.6691788077,1303335054.0,61438304,61438377
61438377,41.8700511435,-87.6691780489,1303335056.0,61438341,61438419
61438419,41.8698651243,-87.6691718007,1303335058.0,61438377,61438490
61438490,41.8696550466,-87.6691476993,1303335061.0,61438419,61438848
61438848,41.8694660682,-87.6691266554,1303335076.0,61438490,61439077
61439077,41.8692836793,-87.669122154,1303335085.0,61438848,61439177
61439177,41.8690351738,-87.6690931279,1303335089.0,61439077,61439259
61439259,41.8687700027,-87.6690464281,1303335092.0,61439177,61439313
61439313,41.8685558148,-87.6690088977,1303335094.0,61439259,61439370
61439370,41.8683229068,-87.668979453,1303335096.0,61439313,61439419
61439419,41.868095905,-87.6689638825,1303335098.0,61439370,61439473
61439473,41.8679019144,-87.6689417919,1303335100.0,61439419,61439556
61439556,41.8676728909,-87.6689175053,1303335103.0,61439473,61439805
61439805,41.8674958559,-87.6688671049,1303335112.0,61439556,61440337
61440337,41.8673019636,-87.6688866081,1303335131.0,61439805,61440420
61440420,41.8670687197,-87.6688957369,1303335135.0,61440337,61440541
61440541,41.866873785,-87.6688128465,1303335139.0,61440420,61440659
61440659,41.8668411454,-87.6685110963,1303335143.0,61440541,61440739
61440739,41.8668476106,-87.6681772783,1303335146.0,61440659,61440820
61440820,41.8668374411,-87.6678261344,1303335149.0,61440739,61440908
61440908,41.8668232504,-87.6675069264,1303335152.0,61440820,61441008
61441008,41.8668196839,-87.6672309121,1303335155.0,61440908,61441135
61441135,41.8668166753,-87.6669639319,1303335159.0,61441008,61441956
61441956,41.8668085884,-87.6667110094,1303335186.0,61441135,61442084
61442084,41.8668088896,-87.6663962734,1303335190.0,61441956,61442183
61442183,41.8668122254,-87.6660449861,1303335193.0,61442084,61442250
61442250,41.866818026,-87.6657769235,1303335195.0,61442183,61442322
61442322,41.8668243112,-87.6654728824,1303335197.0,61442250,61442384
61442384,41.8668309118,-87.6651408065,1303335199.0,61442322,61442446
61442446,41.8668360616,-87.6647897971,1303335201.0,61442384,61442510
61442510,41.8668390413,-87.664427849,1303335203.0,61442446,61442569
61442569,41.8668421713,-87.6640658535,1303335205.0,61442510,61442632
61442632,41.8668455949,-87.6637029048,1303335207.0,61442569,61442694
61442694,41.866851046,-87.6633539045,1303335209.0,61442632,61442760
61442760,41.8668583432,-87.6630279023,1303335211.0,61442694,61442827
61442827,41.866861218,-87.6627239266,1303335213.0,61442760,61442901
61442901,41.8668616263,-87.662454958,1303335215.0,61442827,61443009
61443009,41.8668619273,-87.6621399886,1303335218.0,61442901,61443170
61443170,41.8668572958,-87.6618720972,1303335223.0,61443009,61443519
61443519,41.8668731389,-87.6616080607,1303335234.0,61443170,61443629
61443629,41.8668818355,-87.6613019796,1303335237.0,61443519,61443700
61443700,41.8668857606,-87.6610439481,1303335239.0,61443629,61443772
61443772,41.8668914116,-87.6607489118,1303335241.0,61443700,61443842
61443842,41.8668994112,-87.6604268517,1303335243.0,61443772,61443914
61443914,41.8669046853,-87.6600918594,1303335245.0,61443842,61443977
61443977,41.8669100472,-87.6597498984,1303335247.0,61443914,61444040
61444040,41.8669173987,-87.6594049117,1303335249.0,61443977,61444103
61444103,41.8669241125,-87.65905089,1303335251.0,61444040,61444172
61444172,41.8669283843,-87.6586928987,1303335253.0,61444103,61444242
61444242,41.8669328334,-87.6583279394,1303335255.0,61444172,61444311
61444311,41.8669382054,-87.6579588986,1303335257.0,61444242,61444382
61444382,41.8669451082,-87.6575829444,1303335259.0,61444311,61444461
61444461,41.8669506051,-87.6572079254,1303335261.0,61444382,61444531
61444531,41.866958097,-87.6568349434,1303335263.0,61444461,61444603
61444603,41.8669622786,-87.6564672279,1303335265.0,61444531,61444672
61444672,41.8669657788,-87.6560937422,1303335267.0,61444603,61444741
61444741,41.8669716222,-87.6557226737,1303335269.0,61444672,61444813
61444813,41.8669748592,-87.6553518262,1303335271.0,61444741,61444885
61444885,41.866978249,-87.6549887965,1303335273.0,61444813,61444947
61444947,41.8669855448,-87.6546347312,1303335275.0,61444885,61445012
61445012,41.8669925837,-87.6542898595,1303335277.0,61444947,61445083
61445083,41.8669976514,-87.6539558868,1303335279.0,61445012,61445156
61445156,41.8670066321,-87.6536339093,1303335281.0,61445083,61445227
61445227,41.8670110181,-87.653321002,1303335283.0,61445156,61445299
61445299,41.8670183242,-87.6530048293,1303335285.0,61445227,61445370
61445370,41.8670231692,-87.6526768593,1303335287.0,61445299,61445443
61445443,41.8670310787,-87.6523398238,1303335289.0,61445370,61445519
61445519,41.8670338094,-87.6520037686,1303335291.0,61445443,61445597
61445597,41.8670399967,-87.6516980804,1303335293.0,61445519,61445675
61445675,41.8670541396,-87.6514275958,1303335295.0,61445597,61445795
61445795,41.8670675668,-87.6511424608,1303335298.0,61445675,61446148
61446148,41.867196766,-87.6509429382,1303335308.0,61445795,61446254
61446254,41.8674059368,-87.6509281002,1303335311.0,61446148,61446332
61446332,41.8675997858,-87.6509390865,1303335313.0,61446254,61446414
61446414,41.8678226999,-87.6509497108,1303335315.0,61446332,61446487
61446487,41.8680637464,-87.6509600042,1303335317.0,61446414,61446561
61446561,41.8683167627,-87.6509725557,1303335319.0,61446487,61446627
61446627,41.8685597654,-87.6509817287,1303335321.0,61446561,61446691
61446691,41.8687717199,-87.6509877634,1303335323.0,61446627,61446787
61446787,41.8690204218,-87.651003541,1303335326.0,61446691,61446935
61446935,41.8692322354,-87.6510477303,1303335330.0,61446787,61447749
61447749,41.8694208364,-87.6510413196,1303335353.0,61446935,61447878
61447878,41.8695094579,-87.6508038077,1303335357.0,61447749,61447985
61447985,41.8694977768,-87.6505009063,1303335360.0,61447878,61448043
61448043,41.8694983914,-87.6502448592,1303335362.0,61447985,61448113
61448113,41.8695023194,-87.6499708659,1303335364.0,61448043,61448176
61448176,41.8695046392,-87.6496869123,1303335366.0,61448113,61448243
61448243,41.8695035221,-87.6494219532,1303335368.0,61448176,61448350
61448350,41.86948929,-87.6490929941,1303335371.0,61448243,61448499
61448499,41.8694897285,-87.6488249883,1303335375.0,61448350,61448827
61448827,41.8694987854,-87.648568034,1303335384.0,61448499,61449721
61449721,41.8694808328,-87.6483262321,1303335409.0,61448827,61449936
61449936,41.8695281408,-87.6480890662,1303335415.0,61449721,61450109
61450109,41.8695348701,-87.6478290866,1303335421.0,61449936,61450260
61450260,41.8695469673,-87.6475249601,1303335425.0,61450109,61450410
61450410,41.8695280705,-87.6472540994,1303335429.0,61450260,61450551
61450551,41.8693480303,-87.6471498566,1303335433.0,61450410,61450649
61450649,41.869135147,-87.6471646521,1303335436.0,61450551,61450743
61450743,41.8689001634,-87.647162976,1303335439.0,61450649,61450848
61450848,41.8686721736,-87.6471525191,1303335442.0,61450743,61450962
61450962,41.8684541132,-87.6471497786,1303335445.0,61450848,61451071
61451071,41.8682549379,-87.6471591211,1303335448.0,61450962,61451170
61451170,41.8680698605,-87.6471781044,1303335451.0,61451071,61451302
61451302,41.8678659541,-87.6471821393,1303335455.0,61451170,None
