30985574,41.8674080847,-87.647063178,1302117739.0,None,30985858
30985858,41.8672511344,-87.6472755963,1302117750.0,30985574,30985927
30985927,41.8672382478,-87.6475318638,1302117753.0,30985858,30986006
30986006,41.8672317288,-87.6478579007,1302117756.0,30985927,30986085
30986085,41.8672211286,-87.6481498972,1302117759.0,30986006,30986193
30986193,41.8672117571,-87.6484239193,1302117763.0,30986085,30986325
30986325,41.8672060581,-87.6487008709,1302117768.0,30986193,30986410
30986410,41.8672027468,-87.648971806,1302117771.0,30986325,30986487
30986487,41.86719695,-87.6492887655,1302117774.0,30986410,30986567
30986567,41.8671919707,-87.6496198563,1302117777.0,30986487,30986651
30986651,41.8671866735,-87.6499298455,1302117780.0,30986567,30986681
30986681,41.8671801544,-87.6502439225,1302117783.0,30986651,30986773
30986773,41.8671739567,-87.6505827733,1302117786.0,30986681,30986828
30986828,41.8671730286,-87.6508290517,1302117788.0,30986773,30986886
30986886,41.8671688428,-87.6510899503,1302117790.0,30986828,30986891
30986891,41.867164661,-87.6513470492,1302117792.0,30986886,30986899
30986899,41.867161091,-87.6515934598,1302117794.0,30986891,30986915
30986915,41.8671556451,-87.6519419051,1302117797.0,30986899,30986934
30986934,41.8671516516,-87.6522798563,1302117800.0,30986915,30986956
30986956,41.8671458965,-87.652619813,1302117803.0,30986934,30986980
30986980,41.8671399947,-87.652972797,1302117806.0,30986956,30987007
30987007,41.8671320254,-87.6533248808,1302117809.0,30986980,30987036
30987036,41.8671230621,-87.6536860173,1302117812.0,30987007,30987056
30987056,41.8671167168,-87.6539330691,1302117814.0,30987036,30987077
30987077,41.8671105827,-87.6541841014,1302117816.0,30987056,30987099
30987099,41.867105511,-87.6544381118,1302117818.0,30987077,30987121
30987121,41.8670983346,-87.6546912551,1302117820.0,30987099,30987157
30987157,41.8670873979,-87.655010377,1302117823.0,30987121,30987219
30987219,41.8670864133,-87.6552601916,1302117828.0,30987157,30987602
30987602,41.8670897716,-87.65555592,1302117854.0,30987219,30987653
30987653,41.8670862459,-87.6558268825,1302117857.0,30987602,30987702
30987702,41.8670817974,-87.6561539474,1302117860.0,30987653,30987754
30987754,41.8670796711,-87.6565116781,1302117863.0,30987702,30987792
30987792,41.8670752771,-87.6567656151,1302117865.0,30987754,30987827
30987827,41.8670712287,-87.6570300248,1302117867.0,30987792,30987861
30987861,41.8670684818,-87.6573009492,1302117869.0,30987827,30987897
30987897,41.8670643294,-87.6575779873,1302117871.0,30987861,30987935
30987935,41.8670591776,-87.6578639829,1302117873.0,30987897,30987972
30987972,41.8670548597,-87.6581539671,1302117875.0,30987935,30988010
30988010,41.8670513656,-87.6584419723,1302117877.0,30987972,30988047
30988047,41.8670479645,-87.658722928,1302117879.0,30988010,30988086
30988086,41.8670453479,-87.6589919155,1302117881.0,30988047,30988146
30988146,41.8670379858,-87.6593419071,1302117884.0,30988086,30988206
30988206,41.8670329528,-87.6596649005,1302117887.0,30988146,30988265
30988265,41.8670295281,-87.6599448784,1302117890.0,30988206,30988348
30988348,41.8670253485,-87.6602208931,1302117894.0,30988265,30988577
30988577,41.8670234678,-87.6604848299,1302117918.0,30988348,30988615
30988615,41.8670194019,-87.6607478844,1302117922.0,30988577,30988645
30988645,41.8670116339,-87.6610369701,1302117925.0,30988615,30988678
30988678,41.8670054861,-87.6613639986,1302117928.0,30988645,30988700
30988700,41.8670002197,-87.6616100975,1302117930.0,30988678,30988724
30988724,41.866995974,-87.6618650144,1302117932.0,30988700,30988748
30988748,41.8669912115,-87.6621269257,1302117934.0,30988724,30988772
30988772,41.8669849218,-87.6623999953,1302117936.0,30988748,30988798
30988798,41.8669780758,-87.6626800399,1302117938.0,30988772,30988824
30988824,41.8669725474,-87.6629550628,1302117940.0,30988798,30988850
30988850,41.86696708,-87.6632271051,1302117942.0,30988824,30988878
30988878,41.8669613771,-87.663499103,1302117944.0,30988850,30988905
30988905,41.8669565156,-87.6637591167,1302117946.0,30988878,30988933
30988933,41.8669504104,-87.6640051471,1302117948.0,30988905,30988977
30988977,41.8669426365,-87.664348148,1302117951.0,30988933,30989019
30989019,41.8669380229,-87.6646461475,1302117954.0,30988977,30989061
30989061,41.8669340537,-87.6649101903,1302117957.0,30989019,30989125
30989125,41.8669314557,-87.6651751576,1302117961.0,30989061,30989432
30989432,41.8669256802,-87.6654451923,1302117979.0,30989125,30989486
30989486,41.8669257063,-87.6656981309,1302117982.0,30989432,30989544
30989544,41.8669231732,-87.6660080445,1302117985.0,30989486,30989598
30989598,41.8669229183,-87.6663492783,1302117988.0,30989544,30989656
30989656,41.8669226135,-87.6666830412,1302117991.0,30989598,30989715
30989715,41.8669224206,-87.6670210368,1302117994.0,30989656,30989772
30989772,41.8669207489,-87.6673750328,1302117997.0,30989715,30989811
30989811,41.8669216467,-87.6676239375,1302117999.0,30989772,30989853
30989853,41.8669249451,-87.6678818853,1302118001.0,30989811,30989895
30989895,41.8669307107,-87.6681449133,1302118003.0,30989853,30989934
30989934,41.8669355884,-87.6683939791,1302118005.0,30989895,30989996
30989996,41.8669393166,-87.6686796222,1302118008.0,30989934,30990067
30990067,41.8670214394,-87.6689012561,1302118012.0,30989996,30990148
30990148,41.8672621827,-87.6689398389,1302118016.0,30990067,30990217
30990217,41.8674980713,-87.6689344807,1302118019.0,30990148,30990277
30990277,41.8677550312,-87.668937756,1302118022.0,30990217,30990340
30990340,41.8680230499,-87.6689450331,1302118025.0,30990277,30990392
30990392,41.8682080102,-87.6689486829,1302118027.0,30990340,30990464
30990464,41.8684729878,-87.6689478125,1302118030.0,30990392,30990481
30990481,41.8686529972,-87.6689513169,1302118032.0,30990464,30990528
30990528,41.8688901697,-87.6689566046,1302118035.0,30990481,30990606
30990606,41.8690818596,-87.6689636693,1302118039.0,30990528,30990781
30990781,41.8692499269,-87.6690372624,1302118049.0,30990606,30990863
30990863,41.8692452509,-87.6693042797,1302118053.0,30990781,30990986
30990986,41.8692023829,-87.6695874984,1302118058.0,30990863,30991054
30991054,41.8691394767,-87.6698213634,1302118061.0,30990986,30991128
30991128,41.8690726012,-87.6700689938,1302118064.0,30991054,30991193
30991193,41.8690653303,-87.6703500069,1302118067.0,30991128,30991274
30991274,41.8690877501,-87.6706319672,1302118070.0,30991193,30991346
30991346,41.8691695775,-87.6708974781,1302118073.0,30991274,30991517
30991517,41.8691946239,-87.671137697,1302118080.0,30991346,30992002
30992002,41.8693547955,-87.6712814643,1302118099.0,30991517,30992046
30992046,41.8693385456,-87.6715455484,1302118101.0,30992002,30992098
30992098,41.8693141402,-87.6718287362,1302118103.0,30992046,30992146
30992146,41.8692944739,-87.6721130136,1302118105.0,30992098,30992182
30992182,41.8692845239,-87.6723831191,1302118107.0,30992146,30992230
30992230,41.8692833497,-87.6726309767,1302118109.0,30992182,30992280
30992280,41.8692518077,-87.6729533058,1302118111.0,30992230,30992361
30992361,41.8692481783,-87.6731975237,1302118114.0,30992280,30992469
30992469,41.8692299837,-87.6734837553,1302118121.0,30992361,30992609
30992609,41.8693668586,-87.6736593232,1302118126.0,30992469,30992710
30992710,41.8695950042,-87.6736850667,1302118130.0,30992609,30992769
30992769,41.8697959275,-87.6736903913,1302118133.0,30992710,30992858
30992858,41.8700109448,-87.6736913454,1302118136.0,30992769,30992972
30992972,41.8702249536,-87.6736998017,1302118140.0,30992858,None
