103079434,41.8710752727,-87.6861378801,1301798066.0,None,103079489
103079489,41.8712601628,-87.6861345471,1301798073.0,103079434,103079516
103079516,41.8714541041,-87.6861379642,1301798076.0,103079489,103079546
103079546,41.8716910824,-87.6861483237,1301798079.0,103079516,103079577
103079577,41.8719361245,-87.6861637702,1301798082.0,103079546,103079599
103079599,41.8721820731,-87.6861701939,1301798085.0,103079577,103079636
103079636,41.8724330745,-87.686174065,1301798088.0,103079599,103079670
103079670,41.8726720614,-87.6861776709,1301798091.0,103079636,103079710
103079710,41.8729030546,-87.6861825482,1301798094.0,103079670,103079747
103079747,41.8731340887,-87.68619086,1301798097.0,103079710,103079789
103079789,41.8733520698,-87.6861979269,1301798100.0,103079747,103079830
103079830,41.8735330253,-87.6862002332,1301798103.0,103079789,103080059
103080059,41.8737182739,-87.6862005719,1301798118.0,103079830,103080158
103080158,41.8738917733,-87.6860911231,1301798124.0,103080059,103080242
103080242,41.8739234804,-87.6858017803,1301798129.0,103080158,103080315
103080315,41.8739339012,-87.6854697513,1301798133.0,103080242,103080363
103080363,41.8739357022,-87.6851558158,1301798136.0,103080315,103080419
103080419,41.8739341425,-87.6848169088,1301798139.0,103080363,103080478
103080478,41.8739319715,-87.6844809619,1301798142.0,103080419,103080530
103080530,41.8739227077,-87.6841839804,1301798145.0,103080478,103080610
103080610,41.8739240474,-87.6838989911,1301798149.0,103080530,103080671
103080671,41.8739280944,-87.6836349917,1301798152.0,103080610,103080729
103080729,41.8739353382,-87.6832990667,1301798155.0,103080671,103080769
103080769,41.8739386133,-87.6830510427,1301798157.0,103080729,103080790
103080790,41.8739442081,-87.6827870315,1301798159.0,103080769,103080833
103080833,41.8739526725,-87.6825209731,1301798161.0,103080790,103080878
103080878,41.8739570869,-87.6822609849,1301798163.0,103080833,103080916
103080916,41.8739591183,-87.682010042,1301798165.0,103080878,103080974
103080974,41.8739592162,-87.6816861094,1301798168.0,103080916,103081124
103081124,41.8739597181,-87.6814200829,1301798175.0,103080974,103081204
103081204,41.8739713847,-87.6811359548,1301798179.0,103081124,103081271
103081271,41.873977822,-87.6807990363,1301798182.0,103081204,103081318
103081318,41.8739802706,-87.680544084,1301798184.0,103081271,103081360
103081360,41.8739811353,-87.680270098,1301798186.0,103081318,103081403
103081403,41.873980247,-87.6799901382,1301798188.0,103081360,103081450
103081450,41.873985848,-87.6797170705,1301798190.0,103081403,103081500
103081500,41.8739872255,-87.679452093,1301798192.0,103081450,103081547
103081547,41.8739919215,-87.6791910954,1301798194.0,103081500,103081592
103081592,41.8739976273,-87.6789270681,1301798196.0,103081547,103081635
103081635,41.8740024359,-87.6786620588,1301798198.0,103081592,103081684
103081684,41.8740072536,-87.6783880666,1301798200.0,103081635,103081733
103081733,41.8740096368,-87.6781080754,1301798202.0,103081684,103081786
103081786,41.8740137175,-87.6778340639,1301798204.0,103081733,103081836
103081836,41.8740215753,-87.677568114,1301798206.0,103081786,103081883
103081883,41.8740277064,-87.6773220698,1301798208.0,103081836,103081954
103081954,41.8740238607,-87.6769770995,1301798211.0,103081883,103082025
103082025,41.8740103745,-87.676712988,1301798214.0,103081954,103082133
103082133,41.8739109949,-87.6765144174,1301798218.0,103082025,103082206
103082206,41.8737293228,-87.6764818144,1301798221.0,103082133,103082276
103082276,41.8734877825,-87.6764684759,1301798224.0,103082206,103082351
103082351,41.8732390128,-87.6764594206,1301798227.0,103082276,103082432
103082432,41.873051188,-87.6764582063,1301798230.0,103082351,103083017
103083017,41.872871309,-87.6765406163,1301798252.0,103082432,103083125
103083125,41.8726482353,-87.6765362265,1301798256.0,103083017,103083211
103083211,41.8723872561,-87.6765223432,1301798259.0,103083125,103083265
103083265,41.8721794701,-87.6765042435,1301798261.0,103083211,103083318
103083318,41.871975516,-87.6764746072,1301798263.0,103083265,103083374
103083374,41.8717843084,-87.6764565891,1301798265.0,103083318,103083460
103083460,41.871555813,-87.6764442783,1301798268.0,103083374,103083571
103083571,41.8714098834,-87.676285887,1301798272.0,103083460,103083656
103083656,41.8714292011,-87.6760118778,1301798275.0,103083571,103083732
103083732,41.871449582,-87.6756568849,1301798278.0,103083656,103083791
103083791,41.8714552969,-87.6753940179,1301798280.0,103083732,103083851
103083851,41.8714597343,-87.6751156778,1301798282.0,103083791,103083914
103083914,41.8714626061,-87.6748389276,1301798284.0,103083851,103083972
103083972,41.8714738194,-87.6745735772,1301798286.0,103083914,103084025
103084025,41.8714742998,-87.6743173243,1301798288.0,103083972,103084111
103084111,41.8714644885,-87.6740031214,1301798291.0,103084025,103084265
103084265,41.8714557947,-87.6737013227,1301798296.0,103084111,103084317
103084317,41.8714930864,-87.6733777163,1301798300.0,103084265,103084325
103084325,41.8715115362,-87.6731232984,1301798302.0,103084317,103084335
103084335,41.8715207915,-87.6728270162,1301798304.0,103084325,103084347
103084347,41.871523719,-87.6725371176,1301798306.0,103084335,103084360
103084360,41.8715183994,-87.6722479963,1301798308.0,103084347,103084374
103084374,41.8715122017,-87.6719919116,1301798310.0,103084360,103084398
103084398,41.871503236,-87.6717428281,1301798313.0,103084374,103084492
103084492,41.8715170909,-87.6715000301,1301798323.0,103084398,103084536
103084536,41.8715512503,-87.6712057947,1301798327.0,103084492,103084571
103084571,41.8715906965,-87.6709147077,1301798330.0,103084536,103084607
103084607,41.8716187371,-87.6705588687,1301798333.0,103084571,103084632
103084632,41.871627041,-87.670315958,1301798335.0,103084607,103084658
103084658,41.8716291465,-87.6700615581,1301798337.0,103084632,103084684
103084684,41.871626099,-87.669803237,1301798339.0,103084658,103084725
103084725,41.8716326052,-87.6695017677,1301798342.0,103084684,103084795
103084795,41.8716229599,-87.6692423992,1301798347.0,103084725,103084865
103084865,41.8714988171,-87.669061431,1301798352.0,103084795,103084907
103084907,41.8713027788,-87.6690546848,1301798355.0,103084865,103084955
103084955,41.8710268479,-87.6690534858,1301798358.0,103084907,103084985
103084985,41.8707959283,-87.6690370509,1301798360.0,103084955,103085018
103085018,41.8705549808,-87.6690237024,1301798362.0,103084985,103085052
103085052,41.8703188922,-87.6690146279,1301798364.0,103085018,103085086
103085086,41.8700998664,-87.669009086,1301798366.0,103085052,103085119
103085119,41.8698918655,-87.6690020619,1301798368.0,103085086,103085154
103085154,41.8696979125,-87.6690017097,1301798370.0,103085119,103085208
103085208,41.869450644,-87.6690033081,1301798373.0,103085154,103085316
103085316,41.8692584249,-87.6689981825,1301798379.0,103085208,103085408
103085408,41.8691518166,-87.6687307045,1301798384.0,103085316,103085467
103085467,41.86917744,-87.6684141944,1301798387.0,103085408,103085507
103085507,41.8691938069,-87.6681490321,1301798389.0,103085467,103085546
103085546,41.8691994698,-87.6678679622,1301798391.0,103085507,103085582
103085582,41.869203366,-87.6675978634,1301798393.0,103085546,103085619
103085619,41.8692064034,-87.6673448026,1301798395.0,103085582,103085683
103085683,41.8692109334,-87.6670186557,1301798398.0,103085619,103085766
103085766,41.8692118592,-87.6667578596,1301798402.0,103085683,103085952
103085952,41.8692396854,-87.6664898032,1301798411.0,103085766,103086036
103086036,41.8692654643,-87.6661958143,1301798415.0,103085952,103086098
103086098,41.8692890405,-87.6658976726,1301798418.0,103086036,103086166
103086166,41.8693021972,-87.6655608027,1301798421.0,103086098,103086232
103086232,41.8693092573,-87.6652118353,1301798424.0,103086166,103086300
103086300,41.8693129344,-87.6648968336,1301798427.0,103086232,103086341
103086341,41.869314002,-87.6646258775,1301798430.0,103086300,103086405
103086405,41.8693091798,-87.6643778787,1301798434.0,103086341,103086565
103086565,41.8693176875,-87.6641357873,1301798442.0,103086405,103086686
103086686,41.8693499601,-87.663809826,1301798447.0,103086565,103086753
103086753,41.8693662627,-87.6635088882,1301798450.0,103086686,103086821
103086821,41.8693784311,-87.6631949168,1301798453.0,103086753,103086895
103086895,41.8693835224,-87.6628979108,1301798456.0,103086821,103086967
103086967,41.8693855221,-87.662623918,1301798459.0,103086895,103087090
103087090,41.8693854464,-87.6623499592,1301798464.0,103086967,103087213
103087213,41.869407858,-87.662106036,1301798469.0,103087090,103087287
103087287,41.8694152688,-87.6618500087,1301798472.0,103087213,103087359
103087359,41.8694254891,-87.6615518497,1301798475.0,103087287,103087444
103087444,41.8694417609,-87.661216824,1301798478.0,103087359,103087496
103087496,41.8694518824,-87.6609618808,1301798480.0,103087444,103087546
103087546,41.8694535694,-87.6606919157,1301798482.0,103087496,103087590
103087590,41.8694524811,-87.6604269296,1301798484.0,103087546,103087641
103087641,41.8694512303,-87.6601699276,1301798486.0,103087590,103087694
103087694,41.8694512584,-87.6599139009,1301798488.0,103087641,103087751
103087751,41.8694520319,-87.6596488887,1301798490.0,103087694,None
