9820132,41.8673609204,-87.647037094,1302055185.0,None,9820829
9820829,41.8671622831,-87.6470863764,1302055207.0,9820132,9820934
9820934,41.8671625541,-87.6473408472,1302055210.0,9820829,9821002
9821002,41.8671597589,-87.647592225,1302055212.0,9820934,9821066
9821066,41.8671571006,-87.6478811654,1302055214.0,9821002,9821137
9821137,41.8671614503,-87.6481872372,1302055216.0,9821066,9821201
9821201,41.8671537973,-87.6485152935,1302055218.0,9821137,9821271
9821271,41.8671458157,-87.6488462744,1302055220.0,9821201,9821335
9821335,41.8671387133,-87.6491753109,1302055222.0,9821271,9821398
9821398,41.8671273186,-87.6495082707,1302055224.0,9821335,9821462
9821462,41.8671221188,-87.6498392182,1302055226.0,9821398,9821532
9821532,41.8671149976,-87.6501611952,1302055228.0,9821462,9821595
9821595,41.8671127976,-87.6504771991,1302055230.0,9821532,9821665
9821665,41.867112198,-87.6507880287,1302055232.0,9821595,9821734
9821734,41.8671060165,-87.6510920245,1302055234.0,9821665,9821791
9821791,41.8671132675,-87.6513799283,1302055236.0,9821734,9821863
9821863,41.8671150809,-87.6516659475,1302055238.0,9821791,9821936
9821936,41.8671104626,-87.6519525828,1302055240.0,9821863,9822011
9822011,41.867101051,-87.6522524467,1302055242.0,9821936,9822079
9822079,41.8670981138,-87.6525714977,1302055244.0,9822011,9822143
9822143,41.8670952929,-87.6529085155,1302055246.0,9822079,9822202
9822202,41.8670949114,-87.6532486563,1302055248.0,9822143,9822207
9822207,41.8670880344,-87.6535896591,1302055250.0,9822202,9822215
9822215,41.8670737996,-87.6539346135,1302055252.0,9822207,9822225
9822225,41.8670642814,-87.6542915735,1302055254.0,9822215,9822237
9822237,41.8670512086,-87.6546377964,1302055256.0,9822225,9822250
9822250,41.8670430483,-87.6549686916,1302055258.0,9822237,9822264
9822264,41.8670394091,-87.655285465,1302055260.0,9822250,9822280
9822280,41.867038967,-87.6555855746,1302055262.0,9822264,9822296
9822296,41.8670379179,-87.6558576191,1302055264.0,9822280,9822323
9822323,41.8670267287,-87.6562042767,1302055267.0,9822296,9822362
9822362,41.8670210678,-87.6564558643,1302055271.0,9822323,9822646
9822646,41.8670441884,-87.656734903,1302055295.0,9822362,9822681
9822681,41.867047748,-87.6570372738,1302055298.0,9822646,9822713
9822713,41.8670446399,-87.6572802878,1302055300.0,9822681,9822745
9822745,41.8670349905,-87.6575253766,1302055302.0,9822713,9822772
9822772,41.8670325634,-87.6577713869,1302055304.0,9822745,9822803
9822803,41.8670338387,-87.6580202779,1302055306.0,9822772,9822837
9822837,41.8670305088,-87.6582812722,1302055308.0,9822803,9822868
9822868,41.8670251706,-87.6585542723,1302055310.0,9822837,9822899
9822899,41.8670197116,-87.6588262505,1302055312.0,9822868,9822931
9822931,41.8670141926,-87.659104297,1302055314.0,9822899,9822968
9822968,41.8670084106,-87.6593903021,1302055316.0,9822931,9823002
9823002,41.8670002537,-87.6596923242,1302055318.0,9822968,9823035
9823035,41.8669857442,-87.660005386,1302055320.0,9823002,9823069
9823069,41.8669751726,-87.6603134092,1302055322.0,9823035,9823106
9823106,41.8669661843,-87.6605964161,1302055324.0,9823069,9823144
9823144,41.8669560061,-87.6608463517,1302055326.0,9823106,9823196
9823196,41.8669521679,-87.6611433175,1302055329.0,9823144,9823287
9823287,41.8669387027,-87.6614082792,1302055334.0,9823196,9823766
9823766,41.8669528436,-87.6616893756,1302055359.0,9823287,9823808
9823808,41.8669587664,-87.6620263448,1302055362.0,9823766,9823832
9823832,41.8669601665,-87.6623133179,1302055364.0,9823808,9823865
9823865,41.8669576096,-87.6626393084,1302055366.0,9823832,9823900
9823900,41.8669526201,-87.6629893215,1302055368.0,9823865,9823938
9823938,41.8669473474,-87.6633523759,1302055370.0,9823900,9823981
9823981,41.8669396238,-87.6637133697,1302055372.0,9823938,9824026
9824026,41.8669306161,-87.6640593858,1302055374.0,9823981,9824068
9824068,41.8669241275,-87.6643793136,1302055376.0,9824026,9824106
9824106,41.8669152625,-87.6646563569,1302055378.0,9824068,9824171
9824171,41.8669039955,-87.664986381,1302055381.0,9824106,9824239
9824239,41.8668962759,-87.6652493998,1302055384.0,9824171,9824324
9824324,41.8669018148,-87.665531307,1302055388.0,9824239,9824411
9824411,41.8669096416,-87.6658081777,1302055392.0,9824324,9824507
9824507,41.8669106674,-87.6660700619,1302055396.0,9824411,9825072
9825072,41.8669123646,-87.6663552103,1302055420.0,9824507,9825148
9825148,41.8669181325,-87.6666810462,1302055423.0,9825072,9825196
9825196,41.8669154696,-87.6669700329,1302055425.0,9825148,9825245
9825245,41.8669137244,-87.6672980629,1302055427.0,9825196,9825294
9825294,41.8669135386,-87.6676289063,1302055429.0,9825245,9825343
9825343,41.8669134299,-87.6679297908,1302055431.0,9825294,9825394
9825394,41.8669116291,-87.6681897301,1302055433.0,9825343,9825472
9825472,41.8669137892,-87.6685106767,1302055436.0,9825394,9825571
9825571,41.8669120254,-87.6687658057,1302055440.0,9825472,9825736
9825736,41.8670196033,-87.6689571574,1302055446.0,9825571,9825813
9825813,41.8672132791,-87.6689543384,1302055449.0,9825736,9825892
9825892,41.8674781408,-87.6689590214,1302055452.0,9825813,9825944
9825944,41.8677121488,-87.6689638847,1302055454.0,9825892,9826001
9826001,41.8679901879,-87.6689716658,1302055456.0,9825944,9826055
9826055,41.8682801736,-87.6689737547,1302055458.0,9826001,9826107
9826107,41.86856524,-87.6689788538,1302055460.0,9826055,9826160
9826160,41.8688331365,-87.6689843373,1302055462.0,9826107,9826216
9826216,41.869064928,-87.6689927587,1302055464.0,9826160,9826301
9826301,41.8692803409,-87.6689937782,1302055467.0,9826216,9826990
9826990,41.8693321669,-87.6692656627,1302055493.0,9826301,9827086
9827086,41.8692849111,-87.669600732,1302055496.0,9826990,9827149
9827149,41.8692618402,-87.6698633462,1302055498.0,9827086,9827205
9827205,41.8692530322,-87.6701098491,1302055500.0,9827149,9827285
9827285,41.8692447533,-87.6703680765,1302055503.0,9827205,9827375
9827375,41.8692382158,-87.6706319724,1302055506.0,9827285,9827465
9827465,41.8692553636,-87.6708944806,1302055509.0,9827375,9827592
9827592,41.8692597318,-87.6711385443,1302055513.0,9827465,9828269
9828269,41.8692281635,-87.6714016767,1302055535.0,9827592,9828430
9828430,41.8692763051,-87.6717378751,1302055540.0,9828269,9828499
9828499,41.8693229585,-87.6720729224,1302055542.0,9828430,9828571
9828571,41.8693281717,-87.6723649203,1302055544.0,9828499,9828630
9828630,41.8693083497,-87.6726710239,1302055546.0,9828571,9828684
9828684,41.869290639,-87.6729580517,1302055548.0,9828630,9828771
9828771,41.8693140773,-87.673215872,1302055551.0,9828684,9829143
9829143,41.8692683069,-87.6734967191,1302055562.0,9828771,9829271
9829271,41.8692627429,-87.6737789849,1302055566.0,9829143,9829366
9829366,41.8692767227,-87.6741168591,1302055569.0,9829271,9829433
9829433,41.8692779407,-87.6743849666,1302055571.0,9829366,9829501
9829501,41.8692727574,-87.674663944,1302055573.0,9829433,9829569
9829569,41.8692621316,-87.6749268908,1302055575.0,9829501,9829641
9829641,41.869243959,-87.6751689824,1302055577.0,9829569,9829745
9829745,41.8692395489,-87.675450394,1302055580.0,9829641,9829940
9829940,41.8692019796,-87.6756876696,1302055591.0,9829745,None
