45520147,41.8671259858,-87.6531371174,1302061519.0,None,45520270
45520270,41.8671207793,-87.6533902095,1302061530.0,45520147,45520320
45520320,41.8671145727,-87.6537163977,1302061534.0,45520270,45520359
45520359,41.8671081855,-87.6539992715,1302061537.0,45520320,45520400
45520400,41.8671083206,-87.6542850965,1302061540.0,45520359,45520442
45520442,41.8671029076,-87.6545921118,1302061543.0,45520400,45520485
45520485,41.8670932988,-87.6549162049,1302061546.0,45520442,45520530
45520530,41.8670870677,-87.6552381832,1302061549.0,45520485,45520569
45520569,41.8670824164,-87.6555471753,1302061552.0,45520530,45520611
45520611,41.8670745845,-87.655838235,1302061555.0,45520569,45520663
45520663,41.8670681601,-87.6560912389,1302061558.0,45520611,45520723
45520723,41.8670763575,-87.6563772028,1302061562.0,45520663,45520896
45520896,41.867088305,-87.6566301356,1302061572.0,45520723,45520979
45520979,41.8672899734,-87.6566748717,1302061577.0,45520896,45521054
45521054,41.867528912,-87.6566853472,1302061581.0,45520979,45521114
45521114,41.8677268652,-87.6566924492,1302061584.0,45521054,45521162
45521162,41.8679279125,-87.6567013975,1302061587.0,45521114,45521223
45521223,41.8681369182,-87.6567067141,1302061590.0,45521162,45521282
45521282,41.8683419128,-87.6567144628,1302061593.0,45521223,45521339
45521339,41.8685438969,-87.6567191153,1302061596.0,45521282,45521403
45521403,41.8687299258,-87.656722458,1302061599.0,45521339,45521487
45521487,41.8689420217,-87.6567289077,1302061603.0,45521403,45521605
45521605,41.8691280871,-87.6567226143,1302061609.0,45521487,45521798
45521798,41.869327318,-87.6567371356,1302061635.0,45521605,45521843
45521843,41.869560079,-87.6567441001,1302061639.0,45521798,45521876
45521876,41.8697772579,-87.6567591683,1302061642.0,45521843,45521913
45521913,41.8700240971,-87.6567697389,1302061645.0,45521876,45521950
45521950,41.8702800502,-87.6567788184,1302061648.0,45521913,45521990
45521990,41.8705390447,-87.6567849557,1302061651.0,45521950,45522030
45522030,41.8708110419,-87.6567895425,1302061654.0,45521990,45522052
45522052,41.870996029,-87.6567959908,1302061656.0,45522030,45522097
45522097,41.8712610116,-87.6568030236,1302061659.0,45522052,45522140
45522140,41.8714920759,-87.6568154684,1302061662.0,45522097,45522183
45522183,41.871714934,-87.6568141031,1302061665.0,45522140,45522231
45522231,41.8719218521,-87.6568072938,1302061668.0,45522183,45522327
45522327,41.8721079679,-87.6567927781,1302061674.0,45522231,45522437
45522437,41.8723306414,-87.6568072049,1302061681.0,45522327,45522510
45522510,41.8725375691,-87.6568182825,1302061685.0,45522437,45522561
45522561,41.8727175064,-87.6568074837,1302061688.0,45522510,45522614
45522614,41.8729033006,-87.6567957723,1302061691.0,45522561,45522671
45522671,41.8730913802,-87.656770633,1302061694.0,45522614,45522726
45522726,41.8732867924,-87.6567631949,1302061697.0,45522671,45522783
45522783,41.8734880241,-87.6567621264,1302061700.0,45522726,45522843
45522843,41.8736821292,-87.6567583666,1302061703.0,45522783,45522922
45522922,41.8739130406,-87.6567546896,1302061707.0,45522843,45523045
45523045,41.874102563,-87.6567430487,1302061713.0,45522922,45523166
45523166,41.8741979696,-87.656486241,1302061719.0,45523045,45523249
45523249,41.8742015569,-87.6561581894,1302061723.0,45523166,45523308
45523308,41.8742143178,-87.655882155,1302061726.0,45523249,45523370
45523370,41.8742252412,-87.6555952742,1302061729.0,45523308,45523438
45523438,41.8742328144,-87.655309271,1302061732.0,45523370,45523507
45523507,41.8742399943,-87.6550132342,1302061735.0,45523438,45523575
45523575,41.8742458624,-87.6547122076,1302061738.0,45523507,45523642
45523642,41.8742521575,-87.6544161417,1302061741.0,45523575,45523712
45523712,41.8742563937,-87.6541191295,1302061744.0,45523642,45523767
45523767,41.8742602014,-87.6538212231,1302061747.0,45523712,45523828
45523828,41.8742678916,-87.6535291978,1302061750.0,45523767,45523871
45523871,41.8742755008,-87.653247193,1302061753.0,45523828,45523920
45523920,41.8742808127,-87.6529760942,1302061756.0,45523871,45523974
45523974,41.8742842714,-87.6527330326,1302061759.0,45523920,45524063
45524063,41.8742866904,-87.6524660052,1302061763.0,45523974,45524239
45524239,41.8742877153,-87.6522211537,1302061770.0,45524063,45524415
45524415,41.874294248,-87.6519441464,1302061778.0,45524239,45524516
45524516,41.8742977485,-87.6516553265,1302061782.0,45524415,45524605
45524605,41.8743010407,-87.6514124324,1302061785.0,45524516,45524677
45524677,41.8743096278,-87.651153304,1302061788.0,45524605,45524742
45524742,41.8743152803,-87.6508802199,1302061791.0,45524677,45524819
45524819,41.8743200905,-87.6506051588,1302061794.0,45524742,45524905
45524905,41.8743240398,-87.6503531541,1302061797.0,45524819,45525012
45525012,41.8743291007,-87.6500571815,1302061801.0,45524905,45525112
45525112,41.874334162,-87.6498013817,1302061805.0,45525012,45525216
45525216,41.8743386164,-87.64955346,1302061809.0,45525112,45525333
45525333,41.8743438302,-87.6492493212,1302061813.0,45525216,45525421
45525421,41.8743489828,-87.6490002243,1302061816.0,45525333,45525500
45525500,41.8743544401,-87.6487281653,1302061819.0,45525421,45525581
45525581,41.8743565305,-87.6484468559,1302061822.0,45525500,45525665
45525665,41.8743399146,-87.6482034302,1302061825.0,45525581,45525785
45525785,41.8743181002,-87.647932756,1302061829.0,45525665,45525920
45525920,41.8742983817,-87.6476821228,1302061834.0,45525785,45526035
45526035,41.8742892067,-87.6474396169,1302061838.0,45525920,45526159
45526159,41.8741571276,-87.6472282211,1302061842.0,45526035,45526240
45526240,41.8739794223,-87.6472064549,1302061845.0,45526159,45526327
45526327,41.8737679278,-87.647199436,1302061848.0,45526240,45526419
45526419,41.8735469658,-87.6471990806,1302061851.0,45526327,45526508
45526508,41.8733170457,-87.6471944556,1302061854.0,45526419,45526600
45526600,41.8730880903,-87.6471837226,1302061857.0,45526508,45526687
45526687,41.8728550961,-87.6471695881,1302061860.0,45526600,45526772
45526772,41.8726170192,-87.6471525495,1302061863.0,45526687,45526859
45526859,41.8723739228,-87.6471357429,1302061866.0,45526772,45526959
45526959,41.8721248276,-87.6471206779,1302061869.0,45526859,45527062
45527062,41.871882743,-87.647111498,1302061872.0,45526959,45527125
45527125,41.8716398387,-87.6471036796,1302061875.0,45527062,45527211
45527211,41.8713979807,-87.647100994,1302061878.0,45527125,45527299
45527299,41.8711599884,-87.647098365,1302061881.0,45527211,45527395
45527395,41.8709219418,-87.6470891741,1302061884.0,45527299,45527483
45527483,41.8706889435,-87.647081532,1302061887.0,45527395,45527552
45527552,41.8704620516,-87.6470758823,1302061890.0,45527483,45527563
45527563,41.8702240578,-87.6470669767,1302061893.0,45527552,45527579
45527579,41.8699769389,-87.6470557429,1302061896.0,45527563,45527598
45527598,41.8697277403,-87.6470470786,1302061899.0,45527579,45527620
45527620,41.8694690613,-87.6470406164,1302061902.0,45527598,45527644
45527644,41.8692089013,-87.6470366636,1302061905.0,45527620,45527671
45527671,41.8689498003,-87.647034164,1302061908.0,45527644,45527700
45527700,41.8686937903,-87.6470247416,1302061911.0,45527671,45527730
45527730,41.8684378819,-87.6470199968,1302061914.0,45527700,45527763
45527763,41.8681881269,-87.6470155533,1302061917.0,45527730,45527797
45527797,41.8679551696,-87.6470097128,1302061920.0,45527763,45527833
45527833,41.8677389794,-87.6469992522,1302061923.0,45527797,45527870
45527870,41.8675527373,-87.6469910309,1302061926.0,45527833,45527949
45527949,41.8673369047,-87.6469711046,1302061932.0,45527870,45528019
45528019,41.8671159008,-87.6469348703,1302061937.0,45527949,45528063
45528063,41.8669298184,-87.6469219003,1302061940.0,45528019,45528103
45528103,41.86671885,-87.6469067055,1302061943.0,45528063,45528150
45528150,41.8664958758,-87.6468980822,1302061946.0,45528103,45528196
45528196,41.8662779432,-87.6468813408,1302061949.0,45528150,45528246
45528246,41.8660840158,-87.6468713841,1302061952.0,45528196,45528312
45528312,41.865890065,-87.6468911268,1302061956.0,45528246,None
