91928098,41.8715375355,-87.6711290233,1302704361.0,None,91928101
91928101,41.8715452809,-87.6708700956,1302704363.0,91928098,91928108
91928108,41.8715451732,-87.670595036,1302704365.0,91928101,91928122
91928122,41.8715496758,-87.6703138791,1302704367.0,91928108,91928139
91928139,41.8715527508,-87.6700388278,1302704369.0,91928122,91928160
91928160,41.8715651217,-87.6697912967,1302704371.0,91928139,91928194
91928194,41.8715768587,-87.6694858051,1302704374.0,91928160,91928249
91928249,41.8715760677,-87.669243535,1302704378.0,91928194,91928357
91928357,41.8717073902,-87.6690233393,1302704385.0,91928249,91928414
91928414,41.8718879702,-87.6690118247,1302704388.0,91928357,91928470
91928470,41.8721260648,-87.6690350166,1302704391.0,91928414,91928508
91928508,41.8723650346,-87.669054102,1302704394.0,91928470,91928570
91928570,41.8725580923,-87.6690615279,1302704397.0,91928508,91928720
91928720,41.8727402226,-87.6690522293,1302704404.0,91928570,91928927
91928927,41.872921441,-87.6690562844,1302704413.0,91928720,91929002
91929002,41.8731691744,-87.669069559,1302704416.0,91928927,91929054
91929054,41.8733951379,-87.6690612295,1302704418.0,91929002,91929133
91929133,41.8736419539,-87.6690657444,1302704421.0,91929054,91929232
91929232,41.873846938,-87.669085466,1302704425.0,91929133,91929362
91929362,41.8740216559,-87.6691654292,1302704430.0,91929232,91929565
91929565,41.8741776343,-87.6689960201,1302704437.0,91929362,91929642
91929642,41.8742029224,-87.6687290937,1302704440.0,91929565,91929728
91929728,41.8742360299,-87.6683809834,1302704443.0,91929642,91929788
91929788,41.874271025,-87.6681079349,1302704445.0,91929728,91929846
91929846,41.8743043764,-87.6677939791,1302704447.0,91929788,91929903
91929903,41.8743163162,-87.6674830031,1302704449.0,91929846,91929962
91929962,41.8742654079,-87.6671601142,1302704451.0,91929903,91930015
91930015,41.8741677884,-87.6668185729,1302704453.0,91929962,91930069
91930069,41.8741572893,-87.6665106596,1302704455.0,91930015,91930132
91930132,41.8741591335,-87.6662051223,1302704457.0,91930069,91930192
91930192,41.8741665572,-87.6658858486,1302704459.0,91930132,91930248
91930248,41.8741652264,-87.6655478456,1302704461.0,91930192,91930308
91930308,41.8741507042,-87.6651908646,1302704463.0,91930248,91930371
91930371,41.87414019,-87.66483292,1302704465.0,91930308,91930427
91930427,41.8741249501,-87.6644648862,1302704467.0,91930371,91930484
91930484,41.8741162156,-87.6640948873,1302704469.0,91930427,91930547
91930547,41.8741100157,-87.6637179045,1302704471.0,91930484,91930611
91930611,41.8741060288,-87.6633409427,1302704473.0,91930547,91930672
91930672,41.8741060635,-87.6629779982,1302704475.0,91930611,91930727
91930727,41.874107401,-87.6626560041,1302704477.0,91930672,91930790
91930790,41.8741124812,-87.6623770035,1302704479.0,91930727,91930887
91930887,41.8741228908,-87.6620760095,1302704482.0,91930790,91931147
91931147,41.87413502,-87.6618329964,1302704510.0,91930887,91931180
91931180,41.8741330849,-87.6615700104,1302704513.0,91931147,91931214
91931214,41.8741391883,-87.6612050128,1302704516.0,91931180,91931238
91931238,41.8741415384,-87.6609179782,1302704518.0,91931214,91931262
91931262,41.8741456185,-87.6606060038,1302704520.0,91931238,91931287
91931287,41.8741540721,-87.6602820001,1302704522.0,91931262,91931313
91931313,41.8741597401,-87.6599579971,1302704524.0,91931287,91931339
91931339,41.8741627948,-87.6596370018,1302704526.0,91931313,91931366
91931366,41.8741712046,-87.6593139981,1302704528.0,91931339,91931394
91931394,41.8741804312,-87.6589919551,1302704530.0,91931366,91931422
91931422,41.8741793793,-87.6586729712,1302704532.0,91931394,91931450
91931450,41.8741765181,-87.6583630107,1302704534.0,91931422,91931474
91931474,41.8741751052,-87.6580650268,1302704536.0,91931450,91931504
91931504,41.8741781521,-87.6577960265,1302704538.0,91931474,91931551
91931551,41.8741789761,-87.657470102,1302704541.0,91931504,91931925
91931925,41.8741735669,-87.6572221156,1302704564.0,91931551,91932054
91932054,41.8741770783,-87.6569201483,1302704571.0,91931925,91932109
91932109,41.8741994389,-87.656610657,1302704574.0,91932054,91932146
91932146,41.8742195048,-87.6563510003,1302704576.0,91932109,91932185
91932185,41.8742272475,-87.65606296,1302704578.0,91932146,91932228
91932228,41.8742324278,-87.6557559758,1302704580.0,91932185,91932269
91932269,41.8742371421,-87.6554321355,1302704582.0,91932228,91932307
91932307,41.8742420191,-87.6550971771,1302704584.0,91932269,91932347
91932347,41.8742443082,-87.6547592239,1302704586.0,91932307,91932387
91932387,41.8742483856,-87.6544252064,1302704588.0,91932347,91932430
91932430,41.8742525503,-87.6541111974,1302704590.0,91932387,91932474
91932474,41.8742583781,-87.6538032633,1302704592.0,91932430,91932507
91932507,41.8742623497,-87.6534923064,1302704594.0,91932474,91932549
91932549,41.8742671473,-87.6531823223,1302704596.0,91932507,91932592
91932592,41.8742725236,-87.6528801723,1302704598.0,91932549,91932636
91932636,41.8742753461,-87.6526121193,1302704600.0,91932592,91932680
91932680,41.8742582062,-87.6523422224,1302704603.0,91932636,91932983
91932983,41.8742585253,-87.6520926111,1302704620.0,91932680,91933039
91933039,41.8742645627,-87.651846625,1302704623.0,91932983,91933097
91933097,41.8742874932,-87.6515055187,1302704626.0,91933039,91933143
91933143,41.8743013703,-87.6512334521,1302704628.0,91933097,91933187
91933187,41.8743123102,-87.6509432513,1302704630.0,91933143,91933227
91933227,41.874315848,-87.6506552086,1302704632.0,91933187,91933266
91933266,41.8743236421,-87.6502841169,1302704635.0,91933227,91933334
91933334,41.8743281276,-87.6500102202,1302704638.0,91933266,91933403
91933403,41.8743335668,-87.649719478,1302704641.0,91933334,91933465
91933465,41.8743301734,-87.6493484335,1302704644.0,91933403,91933507
91933507,41.874331508,-87.6490723715,1302704646.0,91933465,91933555
91933555,41.8743410528,-87.6487972906,1302704648.0,91933507,91933604
91933604,41.8743451537,-87.6485328145,1302704650.0,91933555,91933649
91933649,41.8743457616,-87.6482806342,1302704652.0,91933604,91933710
91933710,41.8743261269,-87.6479304771,1302704655.0,91933649,91933777
91933777,41.8742975276,-87.6476532502,1302704658.0,91933710,91933877
91933877,41.8742558855,-87.6473871941,1302704662.0,91933777,91934116
91934116,41.8741084855,-87.6471787528,1302704672.0,91933877,91934191
91934191,41.8739117367,-87.6471711668,1302704675.0,91934116,91934257
91934257,41.87364579,-87.6471776058,1302704678.0,91934191,91934307
91934307,41.8734358137,-87.6471787822,1302704680.0,91934257,91934359
91934359,41.873209901,-87.6471763234,1302704682.0,91934307,91934412
91934412,41.8729899994,-87.6471709403,1302704684.0,91934359,91934465
91934465,41.8727850872,-87.6471657386,1302704686.0,91934412,91934512
91934512,41.8726041869,-87.6471645059,1302704688.0,91934465,91934587
91934587,41.8723932236,-87.6471732732,1302704691.0,91934512,91935249
91935249,41.8722094401,-87.6471808197,1302704716.0,91934587,91935663
91935663,41.8719803819,-87.6471593308,1302704731.0,91935249,91935755
91935755,41.8717313051,-87.6471497469,1302704734.0,91935663,91935808
91935808,41.8714211637,-87.647133744,1302704737.0,91935755,91935866
91935866,41.8711871207,-87.6471183554,1302704739.0,91935808,91935926
91935926,41.870941058,-87.6471030096,1302704741.0,91935866,91935987
91935987,41.870701013,-87.6470911565,1302704743.0,91935926,91936048
91936048,41.8704811024,-87.6470838028,1302704745.0,91935987,91936103
91936103,41.8702881555,-87.6470805547,1302704747.0,91936048,91936184
91936184,41.8700360327,-87.6470769663,1302704750.0,91936103,91936272
91936272,41.8697713627,-87.6470708473,1302704753.0,91936184,91936335
91936335,41.8695777343,-87.6470689371,1302704755.0,91936272,91936395
91936395,41.8693668838,-87.6470671271,1302704757.0,91936335,91936460
91936460,41.8691308971,-87.6470606359,1302704759.0,91936395,91936520
91936520,41.8688779682,-87.6470532871,1302704761.0,91936460,91936568
91936568,41.8686290295,-87.6470476719,1302704763.0,91936520,91936610
91936610,41.8683989969,-87.6470420612,1302704765.0,91936568,91936665
91936665,41.8681881041,-87.6470366817,1302704767.0,91936610,91936728
91936728,41.867989224,-87.6470323553,1302704769.0,91936665,91936792
91936792,41.8678061009,-87.6470278252,1302704771.0,91936728,91936895
91936895,41.8675798434,-87.6470181642,1302704774.0,91936792,91937016
91937016,41.867395954,-87.6470133318,1302704778.0,91936895,None
