108220140,41.8646261751,-87.6468771919,1302797998.0,None,108220159
108220159,41.8644320724,-87.6468839947,1302798001.0,108220140,108220200
108220200,41.8642169282,-87.6468841606,1302798006.0,108220159,108220238
108220238,41.8640230684,-87.6468759672,1302798010.0,108220200,108220269
108220269,41.8637671135,-87.6468550216,1302798013.0,108220238,108220290
108220290,41.8635711029,-87.6468525615,1302798015.0,108220269,108220312
108220312,41.8633871107,-87.6468436742,1302798017.0,108220290,108220347
108220347,41.8631940963,-87.6468251871,1302798020.0,108220312,108220421
108220421,41.8630229795,-87.6467552037,1302798026.0,108220347,108220543
108220543,41.8628149509,-87.646654572,1302798035.0,108220421,108220601
108220601,41.8625721216,-87.6466355547,1302798039.0,108220543,108220661
108220661,41.86239026,-87.6466982706,1302798043.0,108220601,108220724
108220724,41.8623539924,-87.646961133,1302798047.0,108220661,108220760
108220760,41.862334171,-87.6473088658,1302798050.0,108220724,108220796
108220796,41.8623232056,-87.6475650033,1302798052.0,108220760,108220833
108220833,41.862308709,-87.6478331176,1302798054.0,108220796,108220863
108220863,41.8623009961,-87.6480851456,1302798056.0,108220833,108220910
108220910,41.8622943126,-87.6483811405,1302798059.0,108220863,108221000
108221000,41.8622884253,-87.6486591007,1302798064.0,108220910,108221051
108221051,41.8622895111,-87.6489140412,1302798067.0,108221000,108221088
108221088,41.8622844715,-87.6491590986,1302798069.0,108221051,108221126
108221126,41.8622842931,-87.6494420939,1302798071.0,108221088,108221163
108221163,41.8622806003,-87.6497311162,1302798073.0,108221126,108221197
108221197,41.8622756903,-87.6500161296,1302798075.0,108221163,108221237
108221237,41.8622715767,-87.6502801377,1302798077.0,108221197,108221297
108221297,41.8622700501,-87.6505541367,1302798080.0,108221237,108221393
108221393,41.8623139538,-87.6507932731,1302798085.0,108221297,108221498
108221498,41.8625368749,-87.6508329666,1302798090.0,108221393,108221557
108221557,41.8627539676,-87.6508377192,1302798093.0,108221498,108221597
108221597,41.8629349566,-87.6508421251,1302798095.0,108221557,108221641
108221641,41.8631308405,-87.6508448181,1302798097.0,108221597,108221708
108221708,41.8633808629,-87.6508480592,1302798100.0,108221641,108221791
108221791,41.8636080377,-87.6508492207,1302798104.0,108221708,108221851
108221851,41.8638328892,-87.6508639868,1302798107.0,108221791,108221890
108221890,41.8640248687,-87.6508720908,1302798109.0,108221851,108221940
108221940,41.8642399344,-87.6508781584,1302798111.0,108221890,108221987
108221987,41.864449966,-87.6508811863,1302798113.0,108221940,108222051
108222051,41.8646868434,-87.6508893438,1302798116.0,108221987,108222135
108222135,41.8649099205,-87.6509097902,1302798120.0,108222051,108222211
108222211,41.8651628718,-87.6509154199,1302798123.0,108222135,108222262
108222262,41.8653838797,-87.6509214766,1302798125.0,108222211,108222306
108222306,41.8656408765,-87.6509255081,1302798127.0,108222262,108222352
108222352,41.865919874,-87.6509365852,1302798129.0,108222306,108222398
108222398,41.8662118703,-87.6509475847,1302798131.0,108222352,108222448
108222448,41.8665007818,-87.6509574232,1302798133.0,108222398,108222500
108222500,41.8667667365,-87.6509641057,1302798135.0,108222448,108222548
108222548,41.8669812512,-87.6509610752,1302798137.0,108222500,108222618
108222618,41.8671827204,-87.6510237618,1302798140.0,108222548,108222689
108222689,41.8672574485,-87.651285076,1302798143.0,108222618,108222739
108222739,41.8672232842,-87.6515487333,1302798145.0,108222689,108222792
108222792,41.8671674652,-87.6520366232,1302798148.0,108222739,108222842
108222842,41.8671524921,-87.6523887548,1302798150.0,108222792,108222892
108222892,41.8671469855,-87.6527007671,1302798152.0,108222842,108222972
108222972,41.8671454077,-87.653024706,1302798155.0,108222892,108223486
108223486,41.867151002,-87.6532825523,1302798176.0,108222972,108223557
108223557,41.8671443254,-87.6535955346,1302798179.0,108223486,108223609
108223609,41.8671393163,-87.653868532,1302798181.0,108223557,108223666
108223666,41.867132933,-87.6541805607,1302798183.0,108223609,108223717
108223717,41.8671249783,-87.6545184902,1302798185.0,108223666,108223770
108223770,41.8671179814,-87.6548733718,1302798187.0,108223717,108223829
108223829,41.8671125902,-87.6552336081,1302798189.0,108223770,108223856
108223856,41.8671051478,-87.6555916276,1302798191.0,108223829,108223912
108223912,41.8671000279,-87.6559325661,1302798193.0,108223856,108223969
108223969,41.8670950126,-87.6562097458,1302798195.0,108223912,108224091
108224091,41.8671026431,-87.6564825421,1302798199.0,108223969,108224454
108224454,41.8672516984,-87.6566683489,1302798212.0,108224091,108224545
108224545,41.8674629908,-87.6566838929,1302798215.0,108224454,108224603
108224603,41.8676588318,-87.6566895615,1302798217.0,108224545,108224663
108224663,41.86787487,-87.6566959423,1302798219.0,108224603,108224713
108224713,41.8681048805,-87.6566990946,1302798221.0,108224663,108224760
108224760,41.8683448363,-87.6567018028,1302798223.0,108224713,108224822
108224822,41.8685858434,-87.656704631,1302798225.0,108224760,108224883
108224883,41.868829937,-87.6567051499,1302798227.0,108224822,108224920
108224920,41.869070125,-87.6567049447,1302798229.0,108224883,108224975
108224975,41.8693059422,-87.6567008262,1302798231.0,108224920,108225029
108225029,41.86953125,-87.6567061589,1302798233.0,108224975,108225078
108225078,41.8697504281,-87.6567174025,1302798235.0,108225029,108225127
108225127,41.8699725701,-87.6567260051,1302798237.0,108225078,108225175
108225175,41.8701968022,-87.6567360847,1302798239.0,108225127,108225233
108225233,41.8704238479,-87.6567428589,1302798241.0,108225175,108225286
108225286,41.870651797,-87.6567450903,1302798243.0,108225233,108225337
108225337,41.8708767366,-87.656752932,1302798245.0,108225286,108225392
108225392,41.8710927476,-87.6567614427,1302798247.0,108225337,108225450
108225450,41.871302759,-87.6567654656,1302798249.0,108225392,108225506
108225506,41.8715108703,-87.6567749903,1302798251.0,108225450,108225562
108225562,41.8717191894,-87.6567790157,1302798253.0,108225506,108225624
108225624,41.8719214863,-87.6567636448,1302798255.0,108225562,108225725
108225725,41.8721645107,-87.6567412201,1302798258.0,108225624,108225875
108225875,41.8723674294,-87.6567233761,1302798263.0,108225725,108225968
108225968,41.8725604916,-87.6567090147,1302798266.0,108225875,108226025
108226025,41.8727435454,-87.6566853914,1302798268.0,108225968,108226089
108226089,41.872963653,-87.6566612755,1302798270.0,108226025,108226157
108226157,41.8732053337,-87.6566394936,1302798272.0,108226089,108226223
108226223,41.8734500914,-87.656622579,1302798274.0,108226157,108226282
108226282,41.8736829835,-87.6566174231,1302798276.0,108226223,108226347
108226347,41.8738929261,-87.6566238057,1302798278.0,108226282,108226436
108226436,41.8741379272,-87.6566303001,1302798281.0,108226347,108226827
108226827,41.8743056007,-87.6565050901,1302798293.0,108226436,108226917
108226917,41.8742816461,-87.6561987334,1302798296.0,108226827,108226978
108226978,41.8742700268,-87.65592456,1302798298.0,108226917,108227048
108227048,41.8742666764,-87.6556234861,1302798300.0,108226978,108227117
108227117,41.8742757324,-87.6553105517,1302798302.0,108227048,108227186
108227186,41.8742819087,-87.6549815318,1302798304.0,108227117,108227252
108227252,41.8742834138,-87.6546475509,1302798306.0,108227186,108227322
108227322,41.8742866893,-87.6543116222,1302798308.0,108227252,108227386
108227386,41.8742855797,-87.6539726138,1302798310.0,108227322,108227445
108227445,41.8742875374,-87.6536366384,1302798312.0,108227386,108227504
108227504,41.8742924029,-87.6533016979,1302798314.0,108227445,108227569
108227569,41.8742987942,-87.6529777547,1302798316.0,108227504,108227638
108227638,41.8743031278,-87.6526808311,1302798318.0,108227569,108227707
108227707,41.8743091852,-87.652422904,1302798320.0,108227638,108227811
108227811,41.8743095226,-87.6520725923,1302798323.0,108227707,108227928
108227928,41.8743105719,-87.651701876,1302798326.0,108227811,108227998
108227998,41.8743155682,-87.651430031,1302798328.0,108227928,108228060
108228060,41.8743212501,-87.6511480164,1302798330.0,108227998,108228124
108228124,41.8743252909,-87.6508590303,1302798332.0,108228060,108228191
108228191,41.8743294295,-87.6505740411,1302798334.0,108228124,108228259
108228259,41.8743339083,-87.6502949773,1302798336.0,108228191,108228332
108228332,41.8743381849,-87.6500170167,1302798338.0,108228259,108228393
108228393,41.8743436396,-87.6497571671,1302798340.0,108228332,108228501
108228501,41.8743481187,-87.6494202252,1302798343.0,108228393,108228608
108228608,41.8743458122,-87.6490902765,1302798346.0,108228501,108228680
108228680,41.8743440547,-87.6488412766,1302798348.0,108228608,108228745
108228745,41.8743427787,-87.6485759783,1302798350.0,108228680,108228814
108228814,41.8743352018,-87.6483002048,1302798352.0,108228745,108228885
108228885,41.8743168477,-87.6480298011,1302798354.0,108228814,108228962
108228962,41.8742928569,-87.6477899791,1302798356.0,108228885,108229066
108229066,41.874265776,-87.6475456757,1302798359.0,108228962,None
