77843087,41.8691973346,-87.6759786511,1303598256.0,None,77843771
77843771,41.8691907808,-87.6762531216,1303598277.0,77843087,77843869
77843869,41.8691788576,-87.6765977581,1303598280.0,77843771,77843942
77843942,41.8691717522,-87.6768748312,1303598282.0,77843869,77844010
77844010,41.8691668049,-87.6771788866,1303598284.0,77843942,77844079
77844079,41.8691610728,-87.6774948927,1303598286.0,77844010,77844144
77844144,41.8691562197,-87.6778169129,1303598288.0,77844079,77844211
77844211,41.8691523309,-87.6781399272,1303598290.0,77844144,77844278
77844278,41.8691463936,-87.6784519121,1303598292.0,77844211,77844346
77844346,41.8691422768,-87.6787689052,1303598294.0,77844278,77844416
77844416,41.8691419446,-87.6790809217,1303598296.0,77844346,77844485
77844485,41.8691399354,-87.6793859445,1303598298.0,77844416,77844551
77844551,41.8691349178,-87.6796829795,1303598300.0,77844485,77844620
77844620,41.8691357025,-87.6799630897,1303598302.0,77844551,77844691
77844691,41.8691366499,-87.6802062119,1303598304.0,77844620,77844793
77844793,41.8691396663,-87.6804709781,1303598307.0,77844691,77845695
77845695,41.8691400301,-87.6807150385,1303598334.0,77844793,77845796
77845796,41.8691355431,-87.6809638246,1303598337.0,77845695,77845821
77845821,41.8691183555,-87.6813266648,1303598340.0,77845796,77845887
77845887,41.8691094381,-87.6816136017,1303598342.0,77845821,77845949
77845949,41.869103109,-87.6819206426,1303598344.0,77845887,77846016
77846016,41.8690950384,-87.6822267563,1303598346.0,77845949,77846084
77846084,41.8690916014,-87.6825267311,1303598348.0,77846016,77846150
77846150,41.8690864456,-87.6828118004,1303598350.0,77846084,77846258
77846258,41.8690889755,-87.6831459218,1303598353.0,77846150,77846866
77846866,41.8690830929,-87.6834137243,1303598372.0,77846258,77847088
77847088,41.869064701,-87.6836878423,1303598379.0,77846866,77847183
77847183,41.8690591883,-87.6839677086,1303598382.0,77847088,77847286
77847286,41.8690570193,-87.6843087907,1303598385.0,77847183,77847396
77847396,41.8690546495,-87.6845977656,1303598388.0,77847286,77847598
77847598,41.8690615893,-87.6848397397,1303598394.0,77847396,77847715
77847715,41.8690552866,-87.6851197784,1303598398.0,77847598,77847810
77847810,41.8690504531,-87.6854429673,1303598401.0,77847715,77847916
77847916,41.8690491848,-87.6857072039,1303598404.0,77847810,77848134
77848134,41.8690586346,-87.6859823989,1303598410.0,77847916,77848870
77848870,41.8692362641,-87.6860704713,1303598433.0,77848134,77849014
77849014,41.8694650815,-87.6860599842,1303598437.0,77848870,77849128
77849128,41.8697330546,-87.6860732867,1303598440.0,77849014,77849196
77849196,41.8699430421,-87.6860843772,1303598442.0,77849128,77849254
77849254,41.8701660365,-87.6860933304,1303598444.0,77849196,77849309
77849309,41.8703830623,-87.6860995389,1303598446.0,77849254,77849375
77849375,41.8705880826,-87.6861057124,1303598448.0,77849309,77849441
77849441,41.8707811013,-87.6861110445,1303598450.0,77849375,77849511
77849511,41.8709711869,-87.6861161713,1303598452.0,77849441,77849580
77849580,41.8711611679,-87.6861247149,1303598454.0,77849511,77849645
77849645,41.8713530792,-87.6861310365,1303598456.0,77849580,77849716
77849716,41.8715529913,-87.6861349946,1303598458.0,77849645,77849784
77849784,41.8717559733,-87.686142006,1303598460.0,77849716,77849850
77849850,41.8719579692,-87.6861487114,1303598462.0,77849784,77849881
77849881,41.8721579156,-87.6861467432,1303598464.0,77849850,77849949
77849949,41.8723579186,-87.6861486728,1303598466.0,77849881,77850018
77850018,41.8725629325,-87.6861528064,1303598468.0,77849949,77850085
77850085,41.8727679283,-87.6861589267,1303598470.0,77850018,77850154
77850154,41.8729709712,-87.6861648795,1303598472.0,77850085,77850221
77850221,41.8731639702,-87.6861715306,1303598474.0,77850154,77850285
77850285,41.8733489542,-87.6861761076,1303598476.0,77850221,77850379
77850379,41.873575038,-87.6861742624,1303598479.0,77850285,77850697
77850697,41.8737671376,-87.6861699572,1303598502.0,77850379,77850753
77850753,41.8739301125,-87.6859981555,1303598508.0,77850697,77850794
77850794,41.8739260733,-87.6856918609,1303598512.0,77850753,77850827
77850827,41.8739228717,-87.6853458716,1303598515.0,77850794,77850850
77850850,41.8739248453,-87.6850739425,1303598517.0,77850827,77850874
77850874,41.8739258678,-87.6847949733,1303598519.0,77850850,77850898
77850898,41.8739292821,-87.6845259714,1303598521.0,77850874,77850923
77850923,41.8739314627,-87.6842619251,1303598523.0,77850898,77850949
77850949,41.8739382422,-87.6839908986,1303598525.0,77850923,77850975
77850975,41.8739452738,-87.68370584,1303598527.0,77850949,77851002
77851002,41.8739484575,-87.6833989485,1303598529.0,77850975,77851030
77851030,41.87395168,-87.6830759191,1303598531.0,77851002,77851058
77851058,41.8739543648,-87.68275296,1303598533.0,77851030,77851086
77851086,41.8739574919,-87.6824339614,1303598535.0,77851058,77851116
77851116,41.8739635041,-87.6821209987,1303598537.0,77851086,77851146
77851146,41.8739696293,-87.6818350097,1303598539.0,77851116,77851191
77851191,41.8739814767,-87.6815468256,1303598542.0,77851146,77851286
77851286,41.8739911911,-87.6812567725,1303598548.0,77851191,77851336
77851336,41.873995412,-87.6809488324,1303598551.0,77851286,77851370
77851370,41.8739979922,-87.6806818868,1303598553.0,77851336,77851403
77851403,41.874003156,-87.6803809342,1303598555.0,77851370,77851437
77851437,41.8740081908,-87.6800559667,1303598557.0,77851403,77851472
77851472,41.8740123845,-87.6797239203,1303598559.0,77851437,77851509
77851509,41.8740155655,-87.6793899537,1303598561.0,77851472,77851543
77851543,41.8740206246,-87.6790549073,1303598563.0,77851509,77851578
77851578,41.8740288245,-87.6787258691,1303598565.0,77851543,77851615
77851615,41.8740354777,-87.6784038901,1303598567.0,77851578,77851653
77851653,41.8740403348,-87.6780898842,1303598569.0,77851615,77851691
77851691,41.8740427156,-87.6777828883,1303598571.0,77851653,77851726
77851726,41.8740473546,-87.6774969659,1303598573.0,77851691,77851765
77851765,41.8740529037,-87.6772332168,1303598575.0,77851726,77851822
77851822,41.8740475648,-87.6769036683,1303598578.0,77851765,77851922
77851922,41.874038412,-87.6766592554,1303598583.0,77851822,77852077
77852077,41.8738755157,-87.6764812835,1303598591.0,77851922,77852141
77852141,41.8736543159,-87.6764588394,1303598594.0,77852077,77852184
77852184,41.8734605113,-87.676448899,1303598596.0,77852141,77852219
77852219,41.8732406627,-87.6764402311,1303598598.0,77852184,77852262
77852262,41.873004983,-87.6764356389,1303598600.0,77852219,77852305
77852305,41.8727689819,-87.6764287965,1303598602.0,77852262,77852349
77852349,41.872533058,-87.6764225321,1303598604.0,77852305,77852394
77852394,41.8722982825,-87.676418304,1303598606.0,77852349,77852419
77852419,41.8720655816,-87.6764026013,1303598608.0,77852394,77852456
77852456,41.8718523666,-87.6763764478,1303598610.0,77852419,77852503
77852503,41.8716102373,-87.6763580329,1303598613.0,77852456,77852553
77852553,41.8714348927,-87.6762645866,1303598617.0,77852503,77852623
77852623,41.8714246858,-87.6759613396,1303598621.0,77852553,77852686
77852686,41.8714443361,-87.6756189295,1303598624.0,77852623,77852730
77852730,41.8714468186,-87.675353092,1303598626.0,77852686,77852774
77852774,41.871450308,-87.6750591353,1303598628.0,77852730,77852816
77852816,41.8714537703,-87.674770928,1303598630.0,77852774,77852862
77852862,41.871461184,-87.6744915319,1303598632.0,77852816,77852908
77852908,41.8714680522,-87.6742402451,1303598634.0,77852862,77852977
77852977,41.8714853199,-87.673999325,1303598637.0,77852908,77853140
77853140,41.8714949269,-87.6737178878,1303598644.0,77852977,77853213
77853213,41.8715183771,-87.6734325181,1303598647.0,77853140,77853259
77853259,41.8715309816,-87.6731740278,1303598649.0,77853213,77853297
77853297,41.8715405512,-87.6728749033,1303598651.0,77853259,77853342
77853342,41.8715542864,-87.6725618214,1303598653.0,77853297,77853392
77853392,41.8715653014,-87.6722867774,1303598655.0,77853342,77853475
77853475,41.8715686003,-87.6719749407,1303598658.0,77853392,None
