103584664,41.8692909926,-87.6666631598,1301886298.0,None,103584686
103584686,41.8692801524,-87.6670171151,1301886301.0,103584664,103584701
103584701,41.8692706781,-87.667309072,1301886303.0,103584686,103584720
103584720,41.8692644504,-87.667628065,1301886305.0,103584701,103584737
103584737,41.8692614252,-87.6679508744,1301886307.0,103584720,103584757
103584757,41.8692601682,-87.6682691418,1301886309.0,103584737,103584777
103584777,41.8692579954,-87.6685571058,1301886311.0,103584757,103584809
103584809,41.8692561506,-87.6688508034,1301886314.0,103584777,103584866
103584866,41.8692498142,-87.6691141749,1301886319.0,103584809,103584902
103584902,41.8692433383,-87.6694384753,1301886322.0,103584866,103584921
103584921,41.8692411299,-87.6697093409,1301886324.0,103584902,103584949
103584949,41.8692362352,-87.6700208071,1301886326.0,103584921,103584976
103584976,41.8692283952,-87.6703430843,1301886328.0,103584949,103585000
103585000,41.8692242966,-87.6706469414,1301886330.0,103584976,103585029
103585029,41.8692243375,-87.6709267436,1301886332.0,103585000,103585072
103585072,41.8692319524,-87.6712465493,1301886335.0,103585029,103585162
103585162,41.8692308382,-87.6715265949,1301886341.0,103585072,103585254
103585254,41.8692006161,-87.6718218613,1301886347.0,103585162,103585301
103585301,41.8691636403,-87.6721351291,1301886350.0,103585254,103585332
103585332,41.8691595489,-87.6724021569,1301886352.0,103585301,103585366
103585366,41.869160523,-87.6726612394,1301886354.0,103585332,103585401
103585401,41.8691636356,-87.6729152277,1301886356.0,103585366,103585451
103585451,41.869196935,-87.6731552119,1301886359.0,103585401,103585541
103585541,41.869221692,-87.6734489345,1301886364.0,103585451,103585595
103585595,41.8692378801,-87.6738124625,1301886367.0,103585541,103585631
103585631,41.8692464891,-87.6741248476,1301886369.0,103585595,103585663
103585663,41.8692538475,-87.6744699606,1301886371.0,103585631,103585702
103585702,41.8692611345,-87.6748139164,1301886373.0,103585663,103585743
103585743,41.8692639089,-87.6751499387,1301886375.0,103585702,103585782
103585782,41.8692674762,-87.675475227,1301886377.0,103585743,103585809
103585809,41.8692720541,-87.675808844,1301886379.0,103585782,103585829
103585829,41.8692803031,-87.6761519558,1301886381.0,103585809,103585873
103585873,41.8692890897,-87.6765088865,1301886383.0,103585829,103585916
103585916,41.8692954686,-87.6768839347,1301886385.0,103585873,103585955
103585955,41.8692945252,-87.6772709508,1301886387.0,103585916,103585991
103585991,41.869295611,-87.6776599734,1301886389.0,103585955,103586022
103586022,41.8692954548,-87.6780389446,1301886391.0,103585991,103586068
103586068,41.8692935235,-87.6784149353,1301886393.0,103586022,103586114
103586114,41.869288613,-87.6787839357,1301886395.0,103586068,103586157
103586157,41.8692825227,-87.6791419274,1301886397.0,103586114,103586193
103586193,41.8692774674,-87.6794779334,1301886399.0,103586157,103586233
103586233,41.8692673495,-87.6797719434,1301886401.0,103586193,103586298
103586298,41.8692541494,-87.6800878801,1301886404.0,103586233,103586633
103586633,41.8691890724,-87.6803288166,1301886419.0,103586298,103586749
103586749,41.8691810282,-87.6806519521,1301886424.0,103586633,103586802
103586802,41.8691680437,-87.6809687665,1301886427.0,103586749,103586842
103586842,41.8691569015,-87.6812176357,1301886429.0,103586802,103586893
103586893,41.8691427603,-87.6814705481,1301886431.0,103586842,103586941
103586941,41.8691339522,-87.6817175503,1301886433.0,103586893,103586976
103586976,41.8691250613,-87.6819636174,1301886435.0,103586941,103587006
103587006,41.8691211427,-87.6822096921,1301886437.0,103586976,103587068
103587068,41.8691109386,-87.682564703,1301886440.0,103587006,103587111
103587111,41.8691006664,-87.6828977816,1301886443.0,103587068,103587168
103587168,41.8690936556,-87.6831809581,1301886446.0,103587111,103587258
103587258,41.8690897668,-87.6834306749,1301886450.0,103587168,103587400
103587400,41.8690780598,-87.6837537329,1301886456.0,103587258,103587475
103587475,41.8690758197,-87.6840567483,1301886459.0,103587400,103587551
103587551,41.8690814867,-87.6843508285,1301886462.0,103587475,103587631
103587631,41.8690772371,-87.6845946723,1301886465.0,103587551,103587772
103587772,41.8690549486,-87.6848347533,1301886471.0,103587631,103587876
103587876,41.869040335,-87.6851327639,1301886475.0,103587772,103587964
103587964,41.8690357531,-87.685444,1301886478.0,103587876,103588042
103588042,41.8690409538,-87.6857182325,1301886481.0,103587964,103588477
103588477,41.8691294804,-87.6859830558,1301886498.0,103588042,103589010
103589010,41.8693169562,-87.6860007878,1301886517.0,103588477,103589575
103589575,41.86953104,-87.6860644265,1301886536.0,103589010,103589654
103589654,41.8697562462,-87.6861015246,1301886539.0,103589575,103589715
103589715,41.8699452221,-87.6861092206,1301886541.0,103589654,103589761
103589761,41.8701391683,-87.6861115651,1301886543.0,103589715,103589821
103589821,41.8703301278,-87.6861099147,1301886545.0,103589761,103589882
103589882,41.8705131104,-87.6861088582,1301886547.0,103589821,103589975
103589975,41.8707530463,-87.6861025214,1301886550.0,103589882,103590097
103590097,41.8709800044,-87.6860926665,1301886554.0,103589975,103590220
103590220,41.8712257801,-87.6861038766,1301886558.0,103590097,103590317
103590317,41.8714298859,-87.6861218766,1301886561.0,103590220,103590395
103590395,41.8716700422,-87.6861441483,1301886564.0,103590317,103590445
103590445,41.8718630672,-87.6861540992,1301886566.0,103590395,103590511
103590511,41.872073003,-87.6861558488,1301886568.0,103590445,103590579
103590579,41.8722899651,-87.6861563379,1301886570.0,103590511,103590646
103590646,41.8725019527,-87.6861536891,1301886572.0,103590579,103590716
103590716,41.8726999241,-87.686155744,1301886574.0,103590646,103590776
103590776,41.8728919293,-87.6861589695,1301886576.0,103590716,103590871
103590871,41.8731549318,-87.6861639825,1301886579.0,103590776,103590960
103590960,41.8733648954,-87.6861569161,1301886582.0,103590871,103591321
103591321,41.8735449821,-87.6861354419,1301886593.0,103590960,103591800
103591800,41.8737279514,-87.68616155,1301886608.0,103591321,103591967
103591967,41.8738461157,-87.6859412844,1301886613.0,103591800,103592069
103592069,41.8738619434,-87.6856831276,1301886616.0,103591967,103592167
103592167,41.873871821,-87.6853263286,1301886619.0,103592069,103592235
103592235,41.8738701318,-87.6850512616,1301886621.0,103592167,103592305
103592305,41.8738650414,-87.6847742238,1301886623.0,103592235,103592373
103592373,41.8738679497,-87.6844921778,1301886625.0,103592305,103592444
103592444,41.8738501761,-87.6842121149,1301886627.0,103592373,103592508
103592508,41.87382488,-87.6839230916,1301886629.0,103592444,103592577
103592577,41.8738118833,-87.6836281542,1301886631.0,103592508,103592646
103592646,41.8738136438,-87.683314111,1301886633.0,103592577,103592716
103592716,41.8738260717,-87.6829821086,1301886635.0,103592646,103592787
103592787,41.8738299507,-87.6826410756,1301886637.0,103592716,103592862
103592862,41.8738393973,-87.6823070419,1301886639.0,103592787,103592936
103592936,41.8738425369,-87.6820010365,1301886641.0,103592862,103593005
103593005,41.8738424292,-87.6817550371,1301886643.0,103592936,103593145
103593145,41.8738399888,-87.681513111,1301886647.0,103593005,103593460
103593460,41.8738891312,-87.6812063319,1301886656.0,103593145,103593566
103593566,41.8739068853,-87.6807382918,1301886660.0,103593460,103593639
103593639,41.8739138413,-87.6804492581,1301886662.0,103593566,103593712
103593712,41.8739263022,-87.6801512125,1301886664.0,103593639,103593787
103593787,41.8739395758,-87.6798512207,1301886666.0,103593712,103593859
103593859,41.8739466165,-87.679547168,1301886668.0,103593787,103593933
103593933,41.8739515382,-87.6792511891,1301886670.0,103593859,103594009
103594009,41.8739594573,-87.6789662099,1301886672.0,103593933,103594084
103594084,41.8739702593,-87.6786872086,1301886674.0,103594009,103594152
103594152,41.8739752292,-87.6784091929,1301886676.0,103594084,103594218
103594218,41.8739773021,-87.6781381975,1301886678.0,103594152,103594289
103594289,41.8739793428,-87.6778721863,1301886680.0,103594218,103594366
103594366,41.8739812926,-87.6776091765,1301886682.0,103594289,103594434
103594434,41.8739802057,-87.6773521064,1301886684.0,103594366,103594544
103594544,41.8739810084,-87.677007299,1301886687.0,103594434,103594694
103594694,41.8739750006,-87.676754794,1301886691.0,103594544,103595244
103595244,41.8738624208,-87.6765230763,1301886706.0,103594694,103595348
103595348,41.8736749177,-87.6764922362,1301886709.0,103595244,103595450
103595450,41.873424124,-87.6764790893,1301886712.0,103595348,103595563
103595563,41.8731952828,-87.6764682091,1301886715.0,103595450,None
