28596425,41.869536644,-87.6477970917,1301922015.0,None,28596779
28596779,41.8695517992,-87.6474999148,1301922027.0,28596425,28596907
28596907,41.8695588885,-87.6472137305,1301922031.0,28596779,28597019
28597019,41.8694391313,-87.6470342782,1301922035.0,28596907,28597147
28597147,41.8691918986,-87.6470440383,1301922039.0,28597019,28597244
28597244,41.8689538476,-87.647042728,1301922042.0,28597147,28597304
28597304,41.8687708433,-87.6470382423,1301922044.0,28597244,28597369
28597369,41.8685779095,-87.647032983,1301922046.0,28597304,28597427
28597427,41.8683779775,-87.647033484,1301922048.0,28597369,28597488
28597488,41.8681840806,-87.6470433292,1301922050.0,28597427,28597555
28597555,41.8679991295,-87.6470516612,1301922052.0,28597488,28597658
28597658,41.8677570737,-87.6470552635,1301922055.0,28597555,28597752
28597752,41.8675620926,-87.6470530541,1301922058.0,28597658,28597901
28597901,41.8673651778,-87.6470549664,1301922063.0,28597752,28598100
28598100,41.8672315326,-87.6472782541,1301922069.0,28597901,28598230
28598230,41.8672178718,-87.6476140197,1301922073.0,28598100,28598337
28598337,41.8672175741,-87.6479330111,1301922076.0,28598230,28598426
28598426,41.8672132719,-87.6482549663,1301922079.0,28598337,28598529
28598529,41.8672067912,-87.6485769075,1301922082.0,28598426,28598629
28598629,41.8672044199,-87.6489067969,1301922085.0,28598529,28598738
28598738,41.8672001093,-87.6492377283,1301922088.0,28598629,28598790
28598790,41.8671963442,-87.6495747957,1301922091.0,28598738,28598801
28598801,41.8671937538,-87.6499187808,1301922094.0,28598790,28598817
28598817,41.8671952536,-87.6502607953,1301922097.0,28598801,28598836
28598836,41.8672065033,-87.6505227954,1301922100.0,28598817,28599047
28599047,41.8672039889,-87.6507734029,1301922122.0,28598836,28599406
28599406,41.8671987049,-87.6510237943,1301922148.0,28599047,28599468
28599468,41.8671723979,-87.6513263355,1301922152.0,28599406,28599515
28599515,41.8671660457,-87.6516521708,1301922155.0,28599468,28599548
28599548,41.8671621333,-87.6519028476,1301922157.0,28599515,28599580
28599580,41.8671573939,-87.6521627568,1301922159.0,28599548,28599614
28599614,41.8671529469,-87.6524197209,1301922161.0,28599580,28599650
28599650,41.867148259,-87.6526807505,1301922163.0,28599614,28599685
28599685,41.8671429756,-87.6529467482,1301922165.0,28599650,28599721
28599721,41.867137462,-87.6532196854,1301922167.0,28599685,28599756
28599756,41.8671319257,-87.6535057672,1301922169.0,28599721,28599794
28599794,41.8671258787,-87.6538017879,1301922171.0,28599756,28599832
28599832,41.8671207196,-87.6541037967,1301922173.0,28599794,28599869
28599869,41.8671158932,-87.6544107548,1301922175.0,28599832,28599906
28599906,41.8671091955,-87.6547196141,1301922177.0,28599869,28599945
28599945,41.8671010111,-87.6550328058,1301922179.0,28599906,28599983
28599983,41.8670963915,-87.6553528983,1301922181.0,28599945,28600023
28600023,41.867093022,-87.6556737937,1301922183.0,28599983,28600044
28600044,41.8670885607,-87.6559927421,1301922185.0,28600023,28600079
28600079,41.867085052,-87.6563088468,1301922187.0,28600044,28600119
28600119,41.8670871263,-87.656620895,1301922189.0,28600079,28600159
28600159,41.867077888,-87.656939968,1301922191.0,28600119,28600201
28600201,41.8670714392,-87.657259934,1301922193.0,28600159,28600243
28600243,41.8670663585,-87.6575849608,1301922195.0,28600201,28600282
28600282,41.8670590056,-87.6579069527,1301922197.0,28600243,28600325
28600325,41.8670523757,-87.6582269888,1301922199.0,28600282,28600368
28600368,41.867047987,-87.658552986,1301922201.0,28600325,28600412
28600412,41.8670444728,-87.6588829464,1301922203.0,28600368,28600454
28600454,41.8670386974,-87.6592159155,1301922205.0,28600412,28600494
28600494,41.8670335455,-87.659550928,1301922207.0,28600454,28600539
28600539,41.8670270427,-87.6598889201,1301922209.0,28600494,28600583
28600583,41.8670210931,-87.6602289438,1301922211.0,28600539,28600629
28600629,41.8670158556,-87.6605719011,1301922213.0,28600583,28600677
28600677,41.8670107983,-87.660913003,1301922215.0,28600629,28600717
28600717,41.8670086605,-87.6612559856,1301922217.0,28600677,28600762
28600762,41.8670037287,-87.6615990697,1301922219.0,28600717,28600808
28600808,41.8669989273,-87.6619388961,1301922221.0,28600762,28600833
28600833,41.8669931975,-87.6622798991,1301922223.0,28600808,28600861
28600861,41.8669864875,-87.6626249513,1301922225.0,28600833,28600894
28600894,41.8669814295,-87.6629679476,1301922227.0,28600861,28600933
28600933,41.86697533,-87.6633119462,1301922229.0,28600894,28600966
28600966,41.8669699075,-87.6636529416,1301922231.0,28600933,28601006
28601006,41.8669632579,-87.663983957,1301922233.0,28600966,28601047
28601047,41.8669582188,-87.6642889495,1301922235.0,28601006,28601087
28601087,41.8669564613,-87.6645489393,1301922237.0,28601047,28601154
28601154,41.8669515918,-87.664846963,1301922240.0,28601087,28601257
28601257,41.8669469836,-87.665100958,1301922244.0,28601154,28601961
28601961,41.866942529,-87.6653500533,1301922272.0,28601257,28602059
28602059,41.8669373222,-87.6656640571,1301922276.0,28601961,28602140
28602140,41.8669349194,-87.6659570336,1301922279.0,28602059,28602220
28602220,41.8669326265,-87.6662711742,1301922282.0,28602140,28602301
28602301,41.866931372,-87.6666061445,1301922285.0,28602220,28602380
28602380,41.8669311235,-87.6669209859,1301922288.0,28602301,28602460
28602460,41.8669283059,-87.6672300502,1301922291.0,28602380,28602543
28602543,41.8669282475,-87.6675460059,1301922294.0,28602460,28602624
28602624,41.8669311588,-87.6678379704,1301922297.0,28602543,28602726
28602726,41.866933541,-87.6680869645,1301922301.0,28602624,28603071
28603071,41.8669399492,-87.6683500323,1301922313.0,28602726,28603308
28603308,41.8669455368,-87.668594832,1301922323.0,28603071,28603633
28603633,41.8669973255,-87.6688549141,1301922334.0,28603308,28603727
28603727,41.8671759606,-87.668918516,1301922338.0,28603633,28603818
28603818,41.8673750643,-87.6689116654,1301922341.0,28603727,28603909
28603909,41.8676069907,-87.6689091968,1301922344.0,28603818,28604005
28604005,41.867857937,-87.6689122421,1301922347.0,28603909,28604092
28604092,41.8681068772,-87.6689164788,1301922350.0,28604005,28604182
28604182,41.8683298805,-87.6689271531,1301922353.0,28604092,28604275
28604275,41.8685508515,-87.6689326756,1301922356.0,28604182,28604369
28604369,41.8687740534,-87.6689290392,1301922359.0,28604275,28604504
28604504,41.868981163,-87.6689275579,1301922363.0,28604369,28604894
28604894,41.869164965,-87.6689362166,1301922376.0,28604504,28605084
28605084,41.8692561311,-87.6691421976,1301922382.0,28604894,28605223
28605223,41.8692458258,-87.6694583092,1301922386.0,28605084,28605320
28605320,41.8692386306,-87.6697534449,1301922389.0,28605223,28605417
28605417,41.8692379337,-87.6700727732,1301922392.0,28605320,28605511
28605511,41.8692582901,-87.6703750158,1301922395.0,28605417,28605603
28605603,41.8692593846,-87.6706420384,1301922398.0,28605511,28605743
28605743,41.8692586397,-87.6709314411,1301922402.0,28605603,28606478
28606478,41.8692682599,-87.6711853879,1301922424.0,28605743,28606961
28606961,41.8690778869,-87.671277184,1301922438.0,28606478,28607130
28607130,41.8688982645,-87.6713314029,1301922443.0,28606961,28607348
28607348,41.8688953536,-87.671674985,1301922449.0,28607130,28607462
28607462,41.8689153536,-87.6720349598,1301922452.0,28607348,28607534
28607534,41.8689224558,-87.6722850381,1301922454.0,28607462,28607607
28607607,41.868929349,-87.6725309848,1301922456.0,28607534,28607702
28607702,41.8689646274,-87.6728778628,1301922459.0,28607607,28607789
28607789,41.8690190653,-87.673151921,1301922462.0,28607702,28607961
28607961,41.8691127569,-87.6733929191,1301922467.0,28607789,28608229
28608229,41.8692797131,-87.6735053521,1301922474.0,28607961,28608362
28608362,41.8694293961,-87.6736460257,1301922479.0,28608229,28608504
28608504,41.8695768839,-87.6738757126,1301922483.0,28608362,28608603
28608603,41.869763078,-87.6739978554,1301922486.0,28608504,28608675
28608675,41.8699500358,-87.6740016491,1301922488.0,28608603,28608754
28608754,41.8701399759,-87.673989906,1301922490.0,28608675,28608831
28608831,41.8703229938,-87.6739779533,1301922492.0,28608754,28608907
28608907,41.8705140334,-87.673954516,1301922494.0,28608831,28608983
28608983,41.8707020715,-87.6739319565,1301922496.0,28608907,28609100
28609100,41.8709410817,-87.6739370238,1301922499.0,28608983,28609205
28609205,41.871121023,-87.673957008,1301922502.0,28609100,28609303
28609303,41.8712971912,-87.6738642643,1301922505.0,28609205,28609486
28609486,41.871463387,-87.6737602285,1301922510.0,28609303,28609711
28609711,41.871499377,-87.6734973611,1301922516.0,28609486,None
