22449843,41.874386339,-87.6566140784,1303391253.0,None,22450370
22450370,41.8743610124,-87.6568750843,1303391269.0,22449843,22450485
22450485,41.8743318774,-87.6571141443,1303391272.0,22450370,22451176
22451176,41.874182299,-87.6572809939,1303391292.0,22450485,22451353
22451353,41.8740661555,-87.6575750022,1303391297.0,22451176,22451456
22451456,41.8740291225,-87.6579380059,1303391300.0,22451353,22451519
22451519,41.8740241065,-87.6582370016,1303391302.0,22451456,22451524
22451524,41.8740200877,-87.6585580031,1303391304.0,22451519,22451532
22451532,41.8740291057,-87.6588850017,1303391306.0,22451524,22451542
22451542,41.8740311137,-87.6592130007,1303391308.0,22451532,22451554
22451554,41.8740241128,-87.6595370006,1303391310.0,22451542,22451567
22451567,41.8740171133,-87.6598530043,1303391312.0,22451554,22451581
22451581,41.8740101064,-87.6601660032,1303391314.0,22451567,22451597
22451597,41.8739920839,-87.6604770026,1303391316.0,22451581,22451613
22451613,41.8739740675,-87.6607930042,1303391318.0,22451597,22451631
22451631,41.8739660734,-87.6611180046,1303391320.0,22451613,22451649
22451649,41.8739580751,-87.6614449995,1303391322.0,22451631,22451669
22451669,41.8739621351,-87.661761027,1303391324.0,22451649,22451689
22451689,41.8739661323,-87.6620770241,1303391326.0,22451669,22451710
22451710,41.8739690944,-87.6624010021,1303391328.0,22451689,22451732
22451732,41.873963104,-87.6627409988,1303391330.0,22451710,22451754
22451754,41.8739551113,-87.6630939965,1303391332.0,22451732,22451778
22451778,41.8739580905,-87.663452993,1303391334.0,22451754,22451802
22451802,41.8739610691,-87.6638109964,1303391336.0,22451778,22451826
22451826,41.8739590381,-87.6641609982,1303391338.0,22451802,22451852
22451852,41.8739710543,-87.6644990003,1303391340.0,22451826,22451878
22451878,41.8739860893,-87.6648189953,1303391342.0,22451852,22451904
22451904,41.8740021759,-87.6651270288,1303391344.0,22451878,22451932
22451932,41.8740102308,-87.6654050282,1303391346.0,22451904,22451960
22451960,41.8740132995,-87.6656720349,1303391348.0,22451932,22451988
22451988,41.8740213428,-87.6659500427,1303391350.0,22451960,22452017
22452017,41.8740941448,-87.66628503,1303391352.0,22451988,22452056
22452056,41.8741328955,-87.6665623346,1303391355.0,22452017,22452135
22452135,41.8741162878,-87.6668612336,1303391360.0,22452056,22452165
22452165,41.8740353382,-87.6670810481,1303391362.0,22452135,22452198
22452198,41.8739679986,-87.6673089706,1303391364.0,22452165,22452231
22452231,41.8738980133,-87.6675440092,1303391366.0,22452198,22452265
22452265,41.8738230464,-87.6677650085,1303391368.0,22452231,22452314
22452314,41.8737570593,-87.6680920035,1303391371.0,22452265,22452367
22452367,41.873747194,-87.6684030043,1303391374.0,22452314,22452437
22452437,41.8737540549,-87.6686599913,1303391378.0,22452367,22452811
22452811,41.8739169888,-87.6685499864,1303391398.0,22452437,22453304
22453304,41.8736980696,-87.6686058361,1303391422.0,22452811,22453373
22453373,41.873456001,-87.6686030122,1303391425.0,22453304,22453421
22453421,41.8732250134,-87.6685438117,1303391428.0,22453373,22453479
22453479,41.8730000048,-87.668485796,1303391431.0,22453421,22453516
22453516,41.8728209229,-87.6685388498,1303391433.0,22453479,22453541
22453541,41.8726238401,-87.6686342702,1303391435.0,22453516,22453588
22453588,41.8724350481,-87.6686313975,1303391439.0,22453541,22453777
22453777,41.8722410203,-87.6686333826,1303391448.0,22453588,22453872
22453872,41.8720438873,-87.668641186,1303391452.0,22453777,22453942
22453942,41.8718391337,-87.6687181833,1303391455.0,22453872,22454017
22454017,41.871656169,-87.6687536069,1303391458.0,22453942,22454113
22454113,41.8714269681,-87.66878074,1303391462.0,22454017,22454184
22454184,41.8711629943,-87.6687902025,1303391465.0,22454113,22454229
22454229,41.8709689681,-87.6687669579,1303391467.0,22454184,22454281
22454281,41.8707649605,-87.6687409664,1303391469.0,22454229,22454332
22454332,41.8705399899,-87.668709826,1303391471.0,22454281,22454383
22454383,41.8703120093,-87.6686869268,1303391473.0,22454332,22454437
22454437,41.8700960357,-87.6686747736,1303391475.0,22454383,22454484
22454484,41.8698790258,-87.6686817686,1303391477.0,22454437,22454555
22454555,41.8696129927,-87.6686744335,1303391480.0,22454484,22454631
22454631,41.8694070004,-87.6686612881,1303391483.0,22454555,22454763
22454763,41.8692204845,-87.668615102,1303391488.0,22454631,22454938
22454938,41.8690280617,-87.6686200148,1303391495.0,22454763,22455109
22455109,41.8689120042,-87.6688469445,1303391501.0,22454938,22455204
22455204,41.8688610875,-87.669142194,1303391505.0,22455109,22455282
22455282,41.8688480773,-87.6694480036,1303391508.0,22455204,22455339
22455339,41.8688700949,-87.6697020031,1303391510.0,22455282,22455397
22455397,41.868897153,-87.6699570679,1303391512.0,22455339,22455456
22455456,41.868902936,-87.6702079811,1303391514.0,22455397,22455515
22455515,41.8689269528,-87.6704550126,1303391516.0,22455456,22455593
22455593,41.868961053,-87.6707659843,1303391519.0,22455515,22455673
22455673,41.8690709561,-87.6710269889,1303391522.0,22455593,22455746
22455746,41.8691930745,-87.6712304345,1303391525.0,22455673,22455895
22455895,41.8693580916,-87.6714052937,1303391530.0,22455746,22455988
22455988,41.8694392023,-87.6716369398,1303391533.0,22455895,22456045
22456045,41.8694225881,-87.6718958976,1303391535.0,22455988,22456103
22456103,41.8694185526,-87.6721738976,1303391537.0,22456045,22456162
22456162,41.8694163267,-87.6724418881,1303391539.0,22456103,22456214
22456214,41.8693998772,-87.6727040963,1303391541.0,22456162,22456302
22456302,41.8694040354,-87.6729763247,1303391544.0,22456214,22456483
22456483,41.8693859008,-87.6732618839,1303391550.0,22456302,22456574
22456574,41.8692760669,-87.6735272419,1303391553.0,22456483,22456658
22456658,41.8691891389,-87.6737662382,1303391556.0,22456574,22456744
22456744,41.869160363,-87.6740722682,1303391559.0,22456658,22456804
22456804,41.8691481047,-87.6743272578,1303391561.0,22456744,22456868
22456868,41.8691497704,-87.6745782434,1303391563.0,22456804,22456926
22456926,41.8691540625,-87.674836235,1303391565.0,22456868,22456987
22456987,41.8691689748,-87.6750931453,1303391567.0,22456926,22457050
22457050,41.8691889317,-87.675348193,1303391569.0,22456987,22457144
22457144,41.8692032714,-87.6756636694,1303391572.0,22457050,22457290
22457290,41.8692928738,-87.6759212911,1303391577.0,22457144,22457410
22457410,41.8695180147,-87.6759923372,1303391581.0,22457290,22457510
22457510,41.8697590121,-87.6760326015,1303391584.0,22457410,22457577
22457577,41.8699519664,-87.6760759372,1303391586.0,22457510,22457646
22457646,41.8701479313,-87.676129311,1303391588.0,22457577,22457747
22457747,41.870405867,-87.6761589716,1303391591.0,22457646,22457811
22457811,41.8706039473,-87.6761747408,1303391593.0,22457747,22457869
22457869,41.8708039466,-87.6761809354,1303391595.0,22457811,22457956
22457956,41.8710589793,-87.6762010556,1303391598.0,22457869,22458325
22458325,41.8712501406,-87.676185103,1303391610.0,22457956,22458518
22458518,41.8713357898,-87.675914215,1303391616.0,22458325,22458618
22458618,41.8713267565,-87.6756690436,1303391619.0,22458518,22458719
22458719,41.8713158905,-87.6753870097,1303391622.0,22458618,22458860
22458860,41.8713162509,-87.6751060545,1303391626.0,22458719,22459429
22459429,41.871318318,-87.6748530468,1303391643.0,22458860,22459539
22459539,41.8713169217,-87.6745950684,1303391646.0,22459429,22459651
22459651,41.8713432612,-87.6743040429,1303391649.0,22459539,22459750
22459750,41.871363909,-87.6740159656,1303391652.0,22459651,22460012
22460012,41.871392872,-87.6737743888,1303391660.0,22459750,22460157
22460157,41.8714229201,-87.6735004232,1303391664.0,22460012,22460257
22460257,41.8714294367,-87.6732016399,1303391667.0,22460157,22460368
22460368,41.8714424274,-87.6728603626,1303391670.0,22460257,22460471
22460471,41.8714494907,-87.6725032562,1303391673.0,22460368,22460535
22460535,41.8714472386,-87.6722241452,1303391675.0,22460471,22460603
22460603,41.8714413023,-87.6719239783,1303391677.0,22460535,22460674
22460674,41.871434107,-87.6716352078,1303391679.0,22460603,22460743
22460743,41.8714380569,-87.6713564258,1303391681.0,22460674,22460813
22460813,41.8714451891,-87.6710732539,1303391683.0,22460743,22460871
22460871,41.8714489657,-87.670798201,1303391685.0,22460813,22460949
22460949,41.8714520445,-87.6705330815,1303391687.0,22460871,22461026
22461026,41.8714563163,-87.6702820636,1303391689.0,22460949,22461142
22461142,41.8714911781,-87.6699516239,1303391692.0,22461026,22461248
22461248,41.8715166377,-87.6697068571,1303391695.0,22461142,22462312
22462312,41.8715786895,-87.6694787656,1303391724.0,22461248,22462584
22462584,41.8715582812,-87.6691892045,1303391733.0,22462312,22462728
22462728,41.8715874646,-87.668937476,1303391737.0,22462584,22462863
22462863,41.8716357502,-87.6686178285,1303391741.0,22462728,22462976
22462976,41.8716567132,-87.668308954,1303391744.0,22462863,22463050
22463050,41.8716368946,-87.6680360492,1303391746.0,22462976,22463120
22463120,41.8716110036,-87.6677789925,1303391748.0,22463050,22463219
22463219,41.8715970624,-87.6674259453,1303391751.0,22463120,22463320
22463320,41.8715869602,-87.6671099444,1303391754.0,22463219,22463469
22463469,41.8715750636,-87.6668439368,1303391758.0,22463320,22463712
22463712,41.8715863518,-87.6665659702,1303391765.0,22463469,22463919
22463919,41.8717630431,-87.6664561139,1303391771.0,22463712,22464020
22464020,41.8719920013,-87.6664529281,1303391774.0,22463919,22464097
22464097,41.8721790162,-87.6664513837,1303391776.0,22464020,22464172
22464172,41.8723899854,-87.6664490349,1303391778.0,22464097,22464242
22464242,41.8726109987,-87.6664510231,1303391780.0,22464172,22464312
22464312,41.8728380396,-87.6665093181,1303391782.0,22464242,22464386
22464386,41.8730700707,-87.6665430974,1303391784.0,22464312,22464463
22464463,41.8732880682,-87.6665783977,1303391786.0,22464386,22464536
22464536,41.8734780545,-87.666642244,1303391788.0,22464463,22464632
22464632,41.8736670198,-87.6667825504,1303391791.0,22464536,None
