74398767,41.8671469028,-87.651209475,1303233853.0,None,74398843
74398843,41.8671438333,-87.6515499824,1303233856.0,74398767,74398894
74398894,41.8671395142,-87.6518056945,1303233858.0,74398843,74398929
74398929,41.8671353904,-87.6520503384,1303233860.0,74398894,74399003
74399003,41.867128476,-87.6523573753,1303233863.0,74398929,74399112
74399112,41.8671258147,-87.6526273736,1303233867.0,74399003,74399364
74399364,41.8671272434,-87.6529012148,1303233877.0,74399112,74399470
74399470,41.8671230397,-87.6532362313,1303233881.0,74399364,74399544
74399544,41.8671158162,-87.6535624144,1303233884.0,74399470,74399622
74399622,41.8671088175,-87.6539063711,1303233887.0,74399544,74399673
74399673,41.867106452,-87.6541532537,1303233889.0,74399622,74399726
74399726,41.8670991069,-87.6544033778,1303233891.0,74399673,74399778
74399778,41.867093219,-87.6546595168,1303233893.0,74399726,74399834
74399834,41.8670841769,-87.6549225407,1303233895.0,74399778,74399893
74399893,41.8670750928,-87.6551924869,1303233897.0,74399834,74399940
74399940,41.8670704684,-87.6554694297,1303233899.0,74399893,74399998
74399998,41.8670649162,-87.6557374791,1303233901.0,74399940,74400059
74400059,41.8670557885,-87.6559874852,1303233903.0,74399998,74400143
74400143,41.8670465986,-87.6562923533,1303233906.0,74400059,74400225
74400225,41.8670417435,-87.6565635777,1303233909.0,74400143,74400306
74400306,41.8670290194,-87.6569073393,1303233912.0,74400225,74400357
74400357,41.8670220039,-87.6571693839,1303233914.0,74400306,74400415
74400415,41.8670180136,-87.6574544385,1303233916.0,74400357,74400475
74400475,41.8670152003,-87.6577514597,1303233918.0,74400415,74400536
74400536,41.8670130555,-87.6580553957,1303233920.0,74400475,74400597
74400597,41.8670127078,-87.6583613635,1303233922.0,74400536,74400655
74400655,41.8670079003,-87.6586693391,1303233924.0,74400597,74400711
74400711,41.8670030345,-87.6589783507,1303233926.0,74400655,74400764
74400764,41.8669944472,-87.6592884109,1303233928.0,74400711,74400822
74400822,41.8669893061,-87.6596023964,1303233930.0,74400764,74400880
74400880,41.8669823067,-87.6599273779,1303233932.0,74400822,74400939
74400939,41.8669762337,-87.6602644076,1303233934.0,74400880,74401001
74401001,41.8669700124,-87.6606054055,1303233936.0,74400939,74401069
74401069,41.866965045,-87.6609483739,1303233938.0,74401001,74401130
74401130,41.8669601645,-87.6612933051,1303233940.0,74401069,74401183
74401183,41.8669557183,-87.6616393685,1303233942.0,74401130,74401238
74401238,41.8669507444,-87.6619883707,1303233944.0,74401183,74401296
74401296,41.8669476046,-87.6623413763,1303233946.0,74401238,74401356
74401356,41.8669427129,-87.6626963714,1303233948.0,74401296,74401414
74401414,41.8669378164,-87.6630484092,1303233950.0,74401356,74401472
74401472,41.8669327993,-87.6633864872,1303233952.0,74401414,74401533
74401533,41.866930196,-87.6637074446,1303233954.0,74401472,74401595
74401595,41.8669234968,-87.6640074543,1303233956.0,74401533,74401664
74401664,41.8669168156,-87.6642903691,1303233958.0,74401595,74401723
74401723,41.866911899,-87.6645613551,1303233960.0,74401664,74401786
74401786,41.8669079361,-87.66482236,1303233962.0,74401723,74401880
74401880,41.8669020932,-87.665161405,1303233965.0,74401786,74401976
74401976,41.866899036,-87.6654083346,1303233968.0,74401880,74402152
74402152,41.8668982561,-87.6656522946,1303233974.0,74401976,74402269
74402269,41.8668989963,-87.6659101532,1303233978.0,74402152,74402373
74402373,41.8669000075,-87.6662050501,1303233981.0,74402269,74402470
74402470,41.866900022,-87.6665552282,1303233984.0,74402373,74402535
74402535,41.8668996638,-87.6668210314,1303233986.0,74402470,74402600
74402600,41.8668996577,-87.6670990997,1303233988.0,74402535,74402659
74402659,41.866901001,-87.6673830567,1303233990.0,74402600,74402722
74402722,41.8669048008,-87.6676618826,1303233992.0,74402659,74402781
74402781,41.8669095566,-87.6679297725,1303233994.0,74402722,74402880
74402880,41.8669141546,-87.6682607494,1303233997.0,74402781,74403053
74403053,41.8669186838,-87.668556571,1303234002.0,74402880,74403193
74403193,41.8669371725,-87.6688049597,1303234006.0,74403053,74403347
74403347,41.8671414527,-87.6689287178,1303234011.0,74403193,74403446
74403446,41.8673511028,-87.6689254602,1303234014.0,74403347,74403546
74403546,41.8675890295,-87.6689308855,1303234017.0,74403446,74403646
74403646,41.8678460239,-87.6689362875,1303234020.0,74403546,74403752
74403752,41.8680729771,-87.6689351898,1303234023.0,74403646,74403844
74403844,41.8682789288,-87.6689381561,1303234026.0,74403752,74404018
74404018,41.8684720405,-87.6689534871,1303234031.0,74403844,74404410
74404410,41.8686791533,-87.668974797,1303234042.0,74404018,74404503
74404503,41.8688841728,-87.6689852528,1303234045.0,74404410,74404671
74404671,41.8690731637,-87.6689921145,1303234050.0,74404503,74405206
74405206,41.8692407537,-87.6691008114,1303234065.0,74404671,74405382
74405382,41.8692427122,-87.6694077609,1303234070.0,74405206,74405491
74405491,41.8692238387,-87.669693056,1303234073.0,74405382,74405606
74405606,41.8692098166,-87.669962008,1303234076.0,74405491,74405761
74405761,41.8692117907,-87.6702720207,1303234080.0,74405606,74405851
74405851,41.8692125398,-87.6705140057,1303234083.0,74405761,74405941
74405941,41.8692176512,-87.6707637967,1303234086.0,74405851,74406054
74406054,41.8692226204,-87.6710066705,1303234089.0,74405941,74406252
74406252,41.8692238674,-87.6712706836,1303234094.0,74406054,74406746
74406746,41.8690826544,-87.6715368025,1303234108.0,74406252,74406821
74406821,41.868849039,-87.6716606259,1303234110.0,74406746,74406897
74406897,41.8686320477,-87.6717520227,1303234112.0,74406821,74406974
74406974,41.8683990009,-87.6718940014,1303234114.0,74406897,74407053
74407053,41.8682540003,-87.6721140001,1303234116.0,74406974,74407155
74407155,41.8682660053,-87.6724629994,1303234119.0,74407053,74407257
74407257,41.868317023,-87.6727989969,1303234122.0,74407155,74407364
74407364,41.8683620529,-87.6730969939,1303234125.0,74407257,74407423
74407423,41.8684080733,-87.6733329625,1303234128.0,74407364,74407650
74407650,41.868501068,-87.673553936,1303234135.0,74407423,74407775
74407775,41.8686689996,-87.673699046,1303234140.0,74407650,74407913
74407913,41.8688420453,-87.6737878877,1303234144.0,74407775,74408024
74408024,41.869086249,-87.6738459559,1303234147.0,74407913,74408104
74408104,41.8692739559,-87.673846599,1303234149.0,74408024,74408214
74408214,41.869519107,-87.6738589995,1303234152.0,74408104,74408314
74408314,41.8697360533,-87.6738803696,1303234155.0,74408214,74408443
74408443,41.8699610286,-87.6739497,1303234159.0,74408314,74408583
74408583,41.8701330037,-87.6740356923,1303234163.0,74408443,74408744
74408744,41.8703730151,-87.6740506972,1303234168.0,74408583,74408776
74408776,41.8705579996,-87.6740457871,1303234171.0,74408744,74408906
74408906,41.8708290318,-87.6740117384,1303234175.0,74408776,74409008
74409008,41.8710220804,-87.6739271748,1303234178.0,74408906,74409139
74409139,41.8712313428,-87.6737855642,1303234183.0,74409008,74409225
74409225,41.8713986257,-87.6736812573,1303234186.0,74409139,74409318
74409318,41.8714373856,-87.6733524053,1303234199.0,74409225,74409855
74409855,41.8714393412,-87.6730313264,1303234228.0,74409318,74409968
74409968,41.8714543942,-87.6727162906,1303234231.0,74409855,74410068
74410068,41.8714643543,-87.6723732511,1303234234.0,74409968,74410171
74410171,41.8714705017,-87.6720469053,1303234237.0,74410068,74410288
74410288,41.871480359,-87.6717659461,1303234240.0,74410171,74410397
74410397,41.8714927802,-87.6714682491,1303234243.0,74410288,74410486
74410486,41.8715113534,-87.6711363142,1303234246.0,74410397,74410570
74410570,41.871515991,-87.6704770081,1303234252.0,74410486,74410679
74410679,41.8715170817,-87.6702179496,1303234255.0,74410570,None
