85943589,41.8744063033,-87.6566309531,1302008965.0,None,85943872
85943872,41.8744043905,-87.6569379126,1302008979.0,85943589,85943965
85943965,41.8743969416,-87.6572439078,1302008983.0,85943872,85944402
85944402,41.8743878435,-87.6575018732,1302009004.0,85943965,85944488
85944488,41.8743833901,-87.6577567587,1302009008.0,85944402,85944556
85944556,41.8743794796,-87.6580657318,1302009011.0,85944488,85944634
85944634,41.874370652,-87.6584277932,1302009014.0,85944556,85944689
85944689,41.8743677291,-87.6586928147,1302009016.0,85944634,85944732
85944732,41.8743638095,-87.6589728478,1302009018.0,85944689,85944778
85944778,41.8743587613,-87.6592738491,1302009020.0,85944732,85944827
85944827,41.8743537967,-87.6595928451,1302009022.0,85944778,85944874
85944874,41.8743529629,-87.6599158423,1302009024.0,85944827,85944927
85944927,41.874345876,-87.6602378551,1302009026.0,85944874,85944979
85944979,41.8743267644,-87.6605598355,1302009028.0,85944927,85945030
85945030,41.8743075965,-87.660885844,1302009030.0,85944979,85945079
85945079,41.8742979859,-87.6612058647,1302009032.0,85945030,85945129
85945129,41.8742938002,-87.661514866,1302009034.0,85945079,85945179
85945179,41.8742890363,-87.6618308399,1302009036.0,85945129,85945232
85945232,41.8742841537,-87.6621558978,1302009038.0,85945179,85945286
85945286,41.8742790665,-87.6624908752,1302009040.0,85945232,85945340
85945340,41.8742749743,-87.6628328722,1302009042.0,85945286,85945393
85945393,41.8742728435,-87.6631799444,1302009044.0,85945340,85945445
85945445,41.8742740518,-87.6635280021,1302009046.0,85945393,85945493
85945493,41.8742781262,-87.6638710161,1302009048.0,85945445,85945545
85945545,41.8742860383,-87.6642070412,1302009050.0,85945493,85945596
85945596,41.8742902855,-87.6645360364,1302009052.0,85945545,85945651
85945651,41.8742964978,-87.6648570424,1302009054.0,85945596,85945708
85945708,41.8742996275,-87.6651719448,1302009056.0,85945651,85945763
85945763,41.8742987163,-87.6654878658,1302009058.0,85945708,85945819
85945819,41.8742949527,-87.6657937846,1302009060.0,85945763,85945872
85945872,41.8742881428,-87.6660819192,1302009062.0,85945819,85945925
85945925,41.8742824541,-87.666344014,1302009064.0,85945872,85946005
85946005,41.8742768204,-87.6666949436,1302009067.0,85945925,85946086
85946086,41.8742732162,-87.6670145517,1302009070.0,85946005,85946172
85946172,41.8742443015,-87.6673086312,1302009073.0,85946086,85946217
85946217,41.8742247468,-87.6675666665,1302009075.0,85946172,85946274
85946274,41.8742143265,-87.6678327882,1302009077.0,85946217,85946321
85946321,41.874210185,-87.6681148569,1302009079.0,85946274,85946380
85946380,41.8742102464,-87.6683699739,1302009081.0,85946321,85946462
85946462,41.8741849638,-87.6687021736,1302009084.0,85946380,85946573
85946573,41.8741908914,-87.6689684594,1302009088.0,85946462,85947202
85947202,41.8740144657,-87.6690942723,1302009111.0,85946573,85947319
85947319,41.8738360515,-87.6689817535,1302009115.0,85947202,85947414
85947414,41.8736330384,-87.6688076943,1302009118.0,85947319,85947512
85947512,41.8734340101,-87.6688157105,1302009121.0,85947414,85947632
85947632,41.8732450263,-87.6688607932,1302009125.0,85947512,85947820
85947820,41.8730779424,-87.6690642309,1302009131.0,85947632,85947946
85947946,41.8728261652,-87.6690942547,1302009135.0,85947820,85948046
85948046,41.872571054,-87.6690955346,1302009138.0,85947946,85948114
85948114,41.8723728996,-87.6690738546,1302009140.0,85948046,85948173
85948173,41.8721849211,-87.6690714585,1302009142.0,85948114,85948266
85948266,41.8719606085,-87.669075962,1302009145.0,85948173,85948489
85948489,41.871778331,-87.6690800133,1302009152.0,85948266,85948687
85948687,41.8715584631,-87.6690671104,1302009158.0,85948489,85948786
85948786,41.8713469152,-87.6690480964,1302009161.0,85948687,85948857
85948857,41.8711575559,-87.6690403116,1302009163.0,85948786,85948929
85948929,41.8709427106,-87.6690331451,1302009165.0,85948857,85948998
85948998,41.8707139165,-87.6690287106,1302009167.0,85948929,85949068
85949068,41.8704790093,-87.6690256961,1302009169.0,85948998,85949126
85949126,41.8702489435,-87.6690239892,1302009171.0,85949068,85949187
85949187,41.8700239214,-87.6690190314,1302009173.0,85949126,85949255
85949255,41.8698289237,-87.6690169748,1302009175.0,85949187,85949359
85949359,41.8696019576,-87.6690176946,1302009178.0,85949255,85949536
85949536,41.8694133587,-87.668981696,1302009183.0,85949359,85949728
85949728,41.8692690529,-87.6691398906,1302009189.0,85949536,85949818
85949818,41.8692607599,-87.6694028075,1302009192.0,85949728,85949922
85949922,41.8692498149,-87.6697451475,1302009195.0,85949818,85949988
85949988,41.8692531015,-87.6700017033,1302009197.0,85949922,85950096
85950096,41.869249178,-87.6703390546,1302009200.0,85949988,85950203
85950203,41.8692620056,-87.6706842151,1302009203.0,85950096,85950310
85950310,41.8692697137,-87.6709385235,1302009206.0,85950203,85950433
85950433,41.8692644486,-87.6712043976,1302009210.0,85950310,85950900
85950900,41.86929386,-87.6714692941,1302009223.0,85950433,85950996
85950996,41.8692727961,-87.6717188525,1302009226.0,85950900,85951096
85951096,41.8692476136,-87.672048758,1302009229.0,85950996,85951165
85951165,41.869236567,-87.6723130716,1302009231.0,85951096,85951238
85951238,41.8692316249,-87.6725900461,1302009233.0,85951165,85951312
85951312,41.8692284947,-87.6728682301,1302009235.0,85951238,85951387
85951387,41.8692293803,-87.6731272747,1302009237.0,85951312,85951497
85951497,41.8692418001,-87.6734239176,1302009240.0,85951387,85952105
85952105,41.8692129318,-87.673675038,1302009257.0,85951497,85952394
85952394,41.8692178216,-87.6739697812,1302009265.0,85952105,85952535
85952535,41.8692079772,-87.6742889719,1302009269.0,85952394,85952651
85952651,41.8692012774,-87.6746100546,1302009272.0,85952535,85952722
85952722,41.8691981512,-87.6748540586,1302009274.0,85952651,85952795
85952795,41.8691933185,-87.6751080805,1302009276.0,85952722,85952870
85952870,41.8691906546,-87.6753541985,1302009278.0,85952795,85952980
85952980,41.8691956751,-87.6756756108,1302009281.0,85952870,85953130
85953130,41.8692051644,-87.6759306782,1302009285.0,85952980,85953377
85953377,41.8692220379,-87.6761854392,1302009292.0,85953130,85953540
85953540,41.8694031521,-87.6762289592,1302009296.0,85953377,85953651
85953651,41.8696379456,-87.6762206078,1302009299.0,85953540,85953750
85953750,41.8698980809,-87.6762206152,1302009302.0,85953651,85953863
85953863,41.8700840985,-87.676224411,1302009305.0,85953750,85953996
85953996,41.8702731144,-87.6762249534,1302009309.0,85953863,85954079
85954079,41.8704791146,-87.6762326167,1302009312.0,85953996,85954150
85954150,41.8706670125,-87.6762390385,1302009314.0,85954079,85954216
85954216,41.8708650024,-87.6762472392,1302009316.0,85954150,85954289
85954289,41.8710530413,-87.6762510205,1302009318.0,85954216,85954385
85954385,41.8712847601,-87.6762520759,1302009321.0,85954289,85954526
85954526,41.8714553025,-87.6761580633,1302009325.0,85954385,85954624
85954624,41.87147075,-87.6759058988,1302009328.0,85954526,85954735
85954735,41.8714604336,-87.675595911,1302009331.0,85954624,85954847
85954847,41.8714641969,-87.6753200088,1302009334.0,85954735,None
