72312457,41.8695069541,-87.6484570519,1302896543.0,None,72312492
72312492,41.8695178838,-87.6482030822,1302896551.0,72312457,72312519
72312519,41.8695221179,-87.6479381168,1302896555.0,72312492,72312551
72312551,41.8695214628,-87.6476781281,1302896559.0,72312519,72312607
72312607,41.8695291998,-87.6474138642,1302896565.0,72312551,72312659
72312659,41.8695189532,-87.6471511769,1302896570.0,72312607,72312704
72312704,41.8693422094,-87.6470750905,1302896574.0,72312659,72312764
72312764,41.8691580069,-87.6470790681,1302896579.0,72312704,72312926
72312926,41.8689570842,-87.6470703159,1302896591.0,72312764,72312970
72312970,41.8687071282,-87.6470616344,1302896594.0,72312926,72313000
72313000,41.8685080582,-87.6470558657,1302896596.0,72312970,72313030
72313030,41.86830801,-87.6470522816,1302896598.0,72313000,72313061
72313061,41.8681230164,-87.6470581713,1302896600.0,72313030,72313109
72313109,41.8678870541,-87.6470722102,1302896603.0,72313061,72313156
72313156,41.8677060943,-87.6470785046,1302896606.0,72313109,72313648
72313648,41.8675101998,-87.6470659096,1302896634.0,72313156,72313845
72313845,41.8673257763,-87.6470675172,1302896644.0,72313648,72314116
72314116,41.8672175107,-87.6472866735,1302896657.0,72313845,72314179
72314179,41.8672144782,-87.6475640496,1302896660.0,72314116,72314246
72314246,41.8672155083,-87.6479080303,1302896663.0,72314179,72314291
72314291,41.8672123059,-87.648161999,1302896665.0,72314246,72314336
72314336,41.8672096224,-87.6484149459,1302896667.0,72314291,72314381
72314381,41.8672076502,-87.6486608519,1302896669.0,72314336,72314427
72314427,41.8672084246,-87.6489787423,1302896672.0,72314381,72314518
72314518,41.8672058964,-87.6492576695,1302896676.0,72314427,72315019
72315019,41.8671978429,-87.6495607776,1302896700.0,72314518,72315089
72315089,41.8671953831,-87.6498697896,1302896703.0,72315019,72315160
72315160,41.8671960275,-87.6502227976,1302896706.0,72315089,72315235
72315235,41.8671904073,-87.6505727471,1302896709.0,72315160,72315300
72315300,41.8671846481,-87.6509126379,1302896712.0,72315235,72315370
72315370,41.8671757174,-87.651250578,1302896715.0,72315300,72315444
72315444,41.8671640932,-87.6516023257,1302896718.0,72315370,72315493
72315493,41.8671591216,-87.651846049,1302896720.0,72315444,72315574
72315574,41.8671525367,-87.6521638691,1302896723.0,72315493,72315670
72315670,41.8671470432,-87.6524328741,1302896727.0,72315574,72315810
72315810,41.867146954,-87.6527017664,1302896732.0,72315670,72315889
72315889,41.8671418002,-87.6529627552,1302896735.0,72315810,72315963
72315963,41.8671345101,-87.6532527931,1302896738.0,72315889,72316041
72316041,41.8671303906,-87.6535068188,1302896741.0,72315963,72316148
72316148,41.8671270048,-87.6537527688,1302896745.0,72316041,72316256
72316256,41.867116468,-87.6539979823,1302896749.0,72316148,72316364
72316364,41.8671105683,-87.6542890253,1302896753.0,72316256,72316452
72316452,41.8671007356,-87.6545882261,1302896756.0,72316364,72316535
72316535,41.8670924994,-87.654903264,1302896759.0,72316452,72316618
72316618,41.8670841439,-87.6552272701,1302896762.0,72316535,72316698
72316698,41.8670822034,-87.6555152085,1302896765.0,72316618,72316791
72316791,41.8670788571,-87.655799111,1302896769.0,72316698,72317348
72317348,41.8670776938,-87.6560420631,1302896788.0,72316791,72317500
72317500,41.8670662305,-87.6563431994,1302896793.0,72317348,72317583
72317583,41.8670597898,-87.6566239219,1302896796.0,72317500,72317673
72317673,41.8670562566,-87.6569342374,1302896799.0,72317583,72317768
72317768,41.8670511107,-87.65727621,1302896802.0,72317673,72317829
72317829,41.8670470069,-87.6575232532,1302896804.0,72317768,72317891
72317891,41.8670428606,-87.6577782715,1302896806.0,72317829,72317922
72317922,41.8670379904,-87.6580312221,1302896808.0,72317891,72317986
72317986,41.8670380357,-87.6582881828,1302896810.0,72317922,72318046
72318046,41.8670361216,-87.6585471494,1302896812.0,72317986,72318104
72318104,41.8670315795,-87.6588071209,1302896814.0,72318046,72318166
72318166,41.867028276,-87.6590701288,1302896816.0,72318104,72318231
72318231,41.8670214341,-87.6593311588,1302896818.0,72318166,72318293
72318293,41.8670112492,-87.6595792348,1302896820.0,72318231,72318388
72318388,41.8670052163,-87.6599262085,1302896823.0,72318293,72318475
72318475,41.8670001749,-87.6602182525,1302896826.0,72318388,72318593
72318593,41.8669959265,-87.6604962215,1302896830.0,72318475,72318780
72318780,41.8669850511,-87.660739267,1302896836.0,72318593,72319574
72319574,41.8669885067,-87.6610272352,1302896860.0,72318780,72319702
72319702,41.866982531,-87.6613462466,1302896864.0,72319574,72319796
72319796,41.8669771337,-87.6616802834,1302896867.0,72319702,72319865
72319865,41.8669718464,-87.6619332454,1302896869.0,72319796,72319932
72319932,41.8669653447,-87.6622062836,1302896871.0,72319865,72319997
72319997,41.8669605317,-87.6624813176,1302896873.0,72319932,72320066
72320066,41.8669541577,-87.6627563172,1302896875.0,72319997,72320130
72320130,41.8669485682,-87.6630353506,1302896877.0,72320066,72320191
72320191,41.8669467935,-87.6633103873,1302896879.0,72320130,72320257
72320257,41.8669418182,-87.6635763822,1302896881.0,72320191,72320328
72320328,41.8669384089,-87.6638353532,1302896883.0,72320257,72320399
72320399,41.8669350129,-87.6640873348,1302896885.0,72320328,72320471
72320471,41.8669318557,-87.6643342744,1302896887.0,72320399,72320582
72320582,41.8669282899,-87.6646842513,1302896890.0,72320471,72320681
72320681,41.8669241644,-87.6649772721,1302896893.0,72320582,72320779
72320779,41.8669189033,-87.6652322928,1302896896.0,72320681,72320905
72320905,41.8669167754,-87.6654922635,1302896900.0,72320779,72321233
72321233,41.8669176428,-87.6657391748,1302896909.0,72320905,72322263
72322263,41.8669136606,-87.6660470712,1302896938.0,72321233,72322371
72322371,41.8669141948,-87.6663052185,1302896941.0,72322263,72322476
72322476,41.8669169374,-87.6666331108,1302896944.0,72322371,72322553
72322553,41.8669173653,-87.6668860159,1302896946.0,72322476,72322621
72322621,41.866916568,-87.6671650978,1302896948.0,72322553,72322691
72322691,41.8669163027,-87.6674540025,1302896950.0,72322621,72322760
72322760,41.8669178689,-87.6677178912,1302896952.0,72322691,72322837
72322837,41.8669198772,-87.667962833,1302896954.0,72322760,72322950
72322950,41.8669247438,-87.6683108485,1302896957.0,72322837,72323063
72323063,41.8669280868,-87.6686061705,1302896960.0,72322950,72323240
72323240,41.8669641187,-87.6688547293,1302896965.0,72323063,72323511
72323511,41.867140509,-87.6689105451,1302896973.0,72323240,72323686
72323686,41.8673311002,-87.6689086879,1302896978.0,72323511,72323803
72323803,41.8675579974,-87.668916858,1302896981.0,72323686,72323915
72323915,41.8678269759,-87.6689235683,1302896984.0,72323803,72323993
72323993,41.868016952,-87.6689275072,1302896986.0,72323915,72324062
72324062,41.8682048973,-87.6689317014,1302896988.0,72323993,72324133
72324133,41.8683889375,-87.6689382819,1302896990.0,72324062,72324210
72324210,41.8686459649,-87.6689467269,1302896993.0,72324133,72324284
72324284,41.8688511141,-87.6689474208,1302896996.0,72324210,72324377
72324377,41.869036858,-87.6689453866,1302897000.0,72324284,72324661
72324661,41.8692310205,-87.6690408127,1302897009.0,72324377,72324791
72324791,41.8692517857,-87.6693241068,1302897013.0,72324661,72324900
72324900,41.8692352783,-87.6695835173,1302897016.0,72324791,72325008
72325008,41.8692182119,-87.6698360862,1302897019.0,72324900,72325113
72325113,41.8692028403,-87.670088957,1302897022.0,72325008,72325253
72325253,41.8692150205,-87.6703760742,1302897026.0,72325113,72325390
72325390,41.869207304,-87.6706189197,1302897030.0,72325253,72325763
72325763,41.8692203633,-87.6708707564,1302897040.0,72325390,72326224
72326224,41.8692376592,-87.6711210778,1302897053.0,72325763,72326954
72326954,41.8692482836,-87.6713901366,1302897073.0,72326224,72327176
72327176,41.8693226942,-87.6716304768,1302897079.0,72326954,72327322
72327322,41.8693103094,-87.6719988029,1302897083.0,72327176,72327388
72327388,41.8693030097,-87.6722820171,1302897085.0,72327322,72327452
72327452,41.8693015775,-87.6725490978,1302897087.0,72327388,72327561
72327561,41.8693253758,-87.6728890087,1302897090.0,72327452,72327679
72327679,41.8693091304,-87.6731799895,1302897093.0,72327561,72327858
72327858,41.8692627538,-87.6734378907,1302897098.0,72327679,72328246
72328246,41.8693913257,-87.6736167411,1302897109.0,72327858,72328539
72328539,41.8695899828,-87.6736617716,1302897117.0,72328246,72328679
72328679,41.8697919463,-87.6736921997,1302897121.0,72328539,72328784
72328784,41.8699719336,-87.6737122018,1302897124.0,72328679,72328896
72328896,41.8701849503,-87.6737337818,1302897127.0,72328784,72329008
72329008,41.8703960049,-87.6737620583,1302897130.0,72328896,72329119
72329119,41.8705760121,-87.6737968157,1302897133.0,72329008,72329233
72329233,41.870757015,-87.6738320981,1302897136.0,72329119,72329338
72329338,41.8709410783,-87.6738619252,1302897139.0,72329233,72329472
72329472,41.871162099,-87.6738949721,1302897143.0,72329338,72329764
72329764,41.8713476377,-87.6738717447,1302897151.0,72329472,72329965
72329965,41.8714685201,-87.6736654578,1302897157.0,72329764,72330145
72330145,41.8714398948,-87.6734204587,1302897162.0,72329965,None
