9840441,41.8729796221,-87.6763851096,1302056005.0,None,9841193
9841193,41.8727656312,-87.6763596599,1302056029.0,9840441,9841256
9841256,41.8725857216,-87.6763218995,1302056031.0,9841193,9841330
9841330,41.8723727176,-87.6762906269,1302056033.0,9841256,9841400
9841400,41.8721455315,-87.6762696775,1302056035.0,9841330,9841468
9841468,41.8719265999,-87.6762466738,1302056037.0,9841400,9841539
9841539,41.8717356753,-87.6762387202,1302056039.0,9841468,9841643
9841643,41.8715300981,-87.6762270802,1302056042.0,9841539,9841824
9841824,41.8714048403,-87.6760618491,1302056047.0,9841643,9841974
9841974,41.8714331282,-87.6757159835,1302056051.0,9841824,9842047
9842047,41.8714444863,-87.6754599984,1302056053.0,9841974,9842112
9842112,41.8714560744,-87.6751733349,1302056055.0,9842047,9842168
9842168,41.8714688278,-87.6748758746,1302056057.0,9842112,9842242
9842242,41.8714811645,-87.6745805052,1302056059.0,9842168,9842315
9842315,41.8714854412,-87.6743202808,1302056061.0,9842242,9842423
9842423,41.8714744907,-87.6740092055,1302056064.0,9842315,9843389
9843389,41.8714803177,-87.6737649022,1302056091.0,9842423,9843538
9843538,41.8714976943,-87.6735094059,1302056095.0,9843389,9844088
9844088,41.8715066165,-87.6732634507,1302056110.0,9843538,9844225
9844225,41.8715351092,-87.6729639909,1302056114.0,9844088,9844291
9844291,41.8715527218,-87.672719853,1302056116.0,9844225,9844358
9844358,41.8715611243,-87.6724518205,1302056118.0,9844291,9844428
9844428,41.8715634892,-87.6721738813,1302056120.0,9844358,9844503
9844503,41.8715675764,-87.6718949731,1302056122.0,9844428,9844580
9844580,41.8715703154,-87.6716167152,1302056124.0,9844503,9844653
9844653,41.8715767046,-87.6713427201,1302056126.0,9844580,9844728
9844728,41.8715836494,-87.6710727115,1302056128.0,9844653,9844806
9844806,41.8715937601,-87.6708067417,1302056130.0,9844728,9844877
9844877,41.8715996822,-87.6705448763,1302056132.0,9844806,9844945
9844945,41.8716032525,-87.670282829,1302056134.0,9844877,9845001
9845001,41.8716014042,-87.670020506,1302056136.0,9844945,9845070
9845070,41.8715997231,-87.6697526947,1302056138.0,9845001,9845147
9845147,41.8715938841,-87.6694925912,1302056140.0,9845070,9845262
9845262,41.8715765903,-87.6691799737,1302056143.0,9845147,9845551
9845551,41.8714578848,-87.6689777245,1302056151.0,9845262,9845649
9845649,41.8712435662,-87.6689886309,1302056154.0,9845551,9845723
9845723,41.8710444738,-87.6689847114,1302056156.0,9845649,9845787
9845787,41.8708094589,-87.6689724533,1302056158.0,9845723,9845862
9845862,41.8705515836,-87.6689562207,1302056160.0,9845787,9845943
9845943,41.8702937695,-87.6689483423,1302056162.0,9845862,9846017
9846017,41.8700477303,-87.6689418559,1302056164.0,9845943,9846099
9846099,41.8698217471,-87.668937922,1302056166.0,9846017,9846165
9846165,41.8696246358,-87.6689324205,1302056168.0,9846099,9846263
9846263,41.8694121223,-87.6689194525,1302056171.0,9846165,9846621
9846621,41.8691963255,-87.668914378,1302056181.0,9846263,9846734
9846734,41.8690057147,-87.6689169739,1302056184.0,9846621,9846803
9846803,41.8688017882,-87.6688979664,1302056186.0,9846734,9846878
9846878,41.8685648732,-87.6688927545,1302056188.0,9846803,9846944
9846944,41.8683038894,-87.6688892727,1302056190.0,9846878,9846998
9846998,41.8680389061,-87.6688869786,1302056192.0,9846944,9847056
9847056,41.8677788859,-87.6688818933,1302056194.0,9846998,9847124
9847124,41.8675468498,-87.6688660085,1302056196.0,9847056,9847200
9847200,41.8673639632,-87.6688555614,1302056198.0,9847124,9847348
9847348,41.8671699208,-87.6688549584,1302056202.0,9847200,9847995
9847995,41.8669642613,-87.66890216,1302056220.0,9847348,9848174
9848174,41.8667910131,-87.6687783379,1302056225.0,9847995,9848314
9848314,41.8667867205,-87.6684619908,1302056229.0,9848174,9848386
9848386,41.8667892691,-87.6681929776,1302056231.0,9848314,9848457
9848457,41.8667864299,-87.6678599911,1302056233.0,9848386,9848536
9848536,41.8667872335,-87.6675300795,1302056235.0,9848457,9848611
9848611,41.8667880565,-87.667243124,1302056237.0,9848536,9848722
9848722,41.8667885884,-87.6669250644,1302056240.0,9848611,9848898
9848898,41.866791055,-87.6666590738,1302056245.0,9848722,9849010
9849010,41.8667942919,-87.6663762602,1302056248.0,9848898,9849078
9849078,41.866799319,-87.66611508,1302056250.0,9849010,9849149
9849149,41.8668046134,-87.6658190619,1302056252.0,9849078,9849217
9849217,41.8668094868,-87.6655040541,1302056254.0,9849149,9849290
9849290,41.8668148143,-87.6651670278,1302056256.0,9849217,9849366
9849366,41.866826268,-87.6648109125,1302056258.0,9849290,9849442
9849442,41.8668382995,-87.6644438557,1302056260.0,9849366,9849511
9849511,41.8668498143,-87.6640717536,1302056262.0,9849442,9849578
9849578,41.8668610774,-87.6636976869,1302056264.0,9849511,9849652
9849652,41.866868886,-87.6633306697,1302056266.0,9849578,9849724
9849724,41.8668742061,-87.6629747231,1302056268.0,9849652,9849804
9849804,41.8668793492,-87.6626247415,1302056270.0,9849724,9849880
9849880,41.8668851795,-87.662273748,1302056272.0,9849804,9849951
9849951,41.8668940964,-87.6619267083,1302056274.0,9849880,9850024
9850024,41.8669016033,-87.6615947346,1302056276.0,9849951,9850096
9850096,41.8669112697,-87.6612847363,1302056278.0,9850024,9850170
9850170,41.8669160987,-87.660972699,1302056280.0,9850096,9850236
9850236,41.8669194835,-87.660647641,1302056282.0,9850170,9850311
9850311,41.8669252667,-87.6603216016,1302056284.0,9850236,9850384
9850384,41.8669313863,-87.6599876237,1302056286.0,9850311,9850456
9850456,41.8669363671,-87.6596496322,1302056288.0,9850384,9850530
9850530,41.8669422813,-87.6593096462,1302056290.0,9850456,9850607
9850607,41.8669490904,-87.6589686951,1302056292.0,9850530,9850677
9850677,41.8669540635,-87.6586286935,1302056294.0,9850607,9850745
9850745,41.8669592551,-87.6582926815,1302056296.0,9850677,9850809
9850809,41.8669643557,-87.6579596257,1302056298.0,9850745,9850870
9850870,41.8669697182,-87.6576306524,1302056300.0,9850809,9850929
9850929,41.8669766399,-87.657308627,1302056302.0,9850870,9851001
9851001,41.8669815005,-87.6569906563,1302056304.0,9850929,9851081
9851081,41.8669835452,-87.6566712016,1302056306.0,9851001,9851159
9851159,41.8669827353,-87.6563398535,1302056308.0,9851081,9851236
9851236,41.8669894216,-87.6559914221,1302056310.0,9851159,9851315
9851315,41.8669959236,-87.6556284411,1302056312.0,9851236,9851393
9851393,41.8670011627,-87.6552625025,1302056314.0,9851315,9851456
9851456,41.8670064046,-87.6549122537,1302056316.0,9851393,9851518
9851518,41.8670116127,-87.6546182061,1302056318.0,9851456,9851574
9851574,41.867015358,-87.6543714582,1302056320.0,9851518,9851643
9851643,41.8670233596,-87.6540215329,1302056323.0,9851574,9851745
9851745,41.8670340853,-87.6536713389,1302056326.0,9851643,9851817
9851817,41.8670416794,-87.653421483,1302056328.0,9851745,9851876
9851876,41.8670491214,-87.6531574753,1302056330.0,9851817,9851931
9851931,41.8670557669,-87.6528765047,1302056332.0,9851876,9851987
9851987,41.8670588346,-87.6525954968,1302056334.0,9851931,9852044
9852044,41.867060457,-87.6523245361,1302056336.0,9851987,9852092
9852092,41.8670634866,-87.6520764872,1302056338.0,9852044,9852173
9852173,41.8670667285,-87.6518043815,1302056341.0,9852092,9852300
9852300,41.8671005134,-87.6515540239,1302056345.0,9852173,9852440
9852440,41.8671153185,-87.6512994886,1302056349.0,9852300,9853145
9853145,41.8672013599,-87.651043269,1302056371.0,9852440,9853283
9853283,41.8674202214,-87.6509994598,1302056375.0,9853145,9853394
9853394,41.8676860506,-87.6510055896,1302056378.0,9853283,9853456
9853456,41.8679060249,-87.6510174103,1302056380.0,9853394,9853526
9853526,41.8681460764,-87.6510310197,1302056382.0,9853456,9853593
9853593,41.8683940737,-87.6510417797,1302056384.0,9853526,9853659
9853659,41.8686390949,-87.6510503887,1302056386.0,9853593,9853722
9853722,41.8688741308,-87.6510614034,1302056388.0,9853659,9853787
9853787,41.8690921735,-87.651073752,1302056390.0,9853722,9853851
9853851,41.8692800555,-87.6510978152,1302056392.0,9853787,9853955
9853955,41.8694709066,-87.6511074231,1302056395.0,9853851,9854092
9854092,41.8695607156,-87.6508535438,1302056399.0,9853955,9854207
9854207,41.8695450515,-87.6505241187,1302056402.0,9854092,9854278
9854278,41.8695460119,-87.6502388463,1302056404.0,9854207,9854349
9854349,41.8695486256,-87.6499178098,1302056406.0,9854278,9854403
9854403,41.8695484469,-87.6495738763,1302056408.0,9854349,9854468
9854468,41.869547292,-87.6492359136,1302056410.0,9854403,9854535
9854535,41.8695461552,-87.6489289524,1302056412.0,9854468,9854599
9854599,41.8695387167,-87.6486859391,1302056414.0,9854535,9854738
9854738,41.8695339582,-87.64842893,1302056418.0,9854599,None
