58874092,41.8673531136,-87.6470902039,1302651413.0,None,58874176
58874176,41.8672453198,-87.6472948241,1302651418.0,58874092,58874229
58874229,41.8672419006,-87.6475789008,1302651421.0,58874176,58874272
58874272,41.8672347392,-87.6479548356,1302651424.0,58874229,58874311
58874311,41.8672312742,-87.6482547767,1302651426.0,58874272,58874350
58874350,41.8672257699,-87.6485876967,1302651428.0,58874311,58874385
58874385,41.8672223062,-87.6489346746,1302651430.0,58874350,58874419
58874419,41.8672156061,-87.649270614,1302651432.0,58874385,58874458
58874458,41.8672105887,-87.6495827102,1302651434.0,58874419,58874496
58874496,41.8672041939,-87.649859752,1302651436.0,58874458,58874555
58874555,41.8671931336,-87.6501618084,1302651439.0,58874496,58875110
58875110,41.8671926849,-87.6504297432,1302651466.0,58874555,58875159
58875159,41.8671947737,-87.6506858347,1302651469.0,58875110,58875208
58875208,41.8671933104,-87.651004825,1302651472.0,58875159,58875266
58875266,41.8671858619,-87.6513140464,1302651475.0,58875208,58875306
58875306,41.8671763149,-87.6516509232,1302651478.0,58875266,58875355
58875355,41.86716913,-87.6519866205,1302651481.0,58875306,58875416
58875416,41.8671689876,-87.652252635,1302651484.0,58875355,58875514
58875514,41.867171162,-87.6525345488,1302651489.0,58875416,58875713
58875713,41.8671509213,-87.6527746842,1302651498.0,58875514,58875799
58875799,41.8671458276,-87.6530756748,1302651502.0,58875713,58875869
58875869,41.8671386677,-87.6534396369,1302651505.0,58875799,58875914
58875914,41.8671328236,-87.6537406332,1302651507.0,58875869,58875959
58875959,41.8671363572,-87.6540595964,1302651509.0,58875914,58876004
58876004,41.8671358545,-87.6543874808,1302651511.0,58875959,58876050
58876050,41.8671300868,-87.6547002647,1302651513.0,58876004,58876095
58876095,41.8671205072,-87.6550274508,1302651515.0,58876050,58876142
58876142,41.8671129429,-87.6553546609,1302651517.0,58876095,58876192
58876192,41.8671096602,-87.6556615916,1302651519.0,58876142,58876238
58876238,41.8671053935,-87.6559535192,1302651521.0,58876192,58876288
58876288,41.8670981589,-87.6562496904,1302651523.0,58876238,58876334
58876334,41.8670983263,-87.6565609499,1302651525.0,58876288,58876382
58876382,41.8670924573,-87.6568978202,1302651527.0,58876334,58876431
58876431,41.8670900173,-87.6572557845,1302651529.0,58876382,58876483
58876483,41.8670865266,-87.657640767,1302651531.0,58876431,58876531
58876531,41.867081317,-87.6580507515,1302651533.0,58876483,58876581
58876581,41.8670769458,-87.6584707806,1302651535.0,58876531,58876631
58876631,41.8670727769,-87.6588797548,1302651537.0,58876581,58876685
58876685,41.8670649081,-87.6592627251,1302651539.0,58876631,58876735
58876735,41.8670590785,-87.6596477459,1302651541.0,58876685,58876787
58876787,41.8670512609,-87.660049733,1302651543.0,58876735,58876840
58876840,41.8670405961,-87.660465726,1302651545.0,58876787,58876891
58876891,41.8670346768,-87.6608738007,1302651547.0,58876840,58876937
58876937,41.8670293947,-87.6612648434,1302651549.0,58876891,58876990
58876990,41.8670205028,-87.6616469245,1302651551.0,58876937,58877041
58877041,41.867010634,-87.6620397407,1302651553.0,58876990,58877100
58877100,41.8670054379,-87.6624527757,1302651555.0,58877041,58877156
58877156,41.8669992937,-87.6628858047,1302651557.0,58877100,58877211
58877211,41.8669930921,-87.663311759,1302651559.0,58877156,58877257
58877257,41.8669842263,-87.6637177951,1302651561.0,58877211,58877306
58877306,41.8669764254,-87.6640947958,1302651563.0,58877257,58877360
58877360,41.866972941,-87.664448828,1302651565.0,58877306,58877413
58877413,41.8669646191,-87.6647828403,1302651567.0,58877360,58877468
58877468,41.8669573956,-87.6650948638,1302651569.0,58877413,58877528
58877528,41.8669555382,-87.6653789483,1302651571.0,58877468,58877590
58877590,41.8669547374,-87.6656259282,1302651573.0,58877528,58877664
58877664,41.8669558939,-87.6659520027,1302651576.0,58877590,58877746
58877746,41.8669524286,-87.6663212701,1302651579.0,58877664,58877804
58877804,41.8669532774,-87.6666110957,1302651581.0,58877746,58877859
58877859,41.8669541223,-87.6669189493,1302651583.0,58877804,58877917
58877917,41.8669538993,-87.6672510043,1302651585.0,58877859,58877976
58877976,41.8669539908,-87.6675811285,1302651587.0,58877917,58878035
58878035,41.866960386,-87.6678812214,1302651589.0,58877976,58878085
58878085,41.8669650783,-87.6681422634,1302651591.0,58878035,58878179
58878179,41.8669646332,-87.6684611518,1302651594.0,58878085,58878609
58878609,41.8669688095,-87.668711128,1302651609.0,58878179,58878804
58878804,41.8671229416,-87.6689030936,1302651615.0,58878609,58878894
58878894,41.8673241034,-87.6689156367,1302651618.0,58878804,58878947
58878947,41.8675060143,-87.6689167255,1302651620.0,58878894,58879005
58879005,41.8677159744,-87.6689126038,1302651622.0,58878947,58879070
58879070,41.8679489038,-87.6689116792,1302651624.0,58879005,58879131
58879131,41.8682068627,-87.6689201775,1302651626.0,58879070,58879160
58879160,41.8684558797,-87.6689311556,1302651628.0,58879131,58879165
58879165,41.8686859887,-87.6689440388,1302651630.0,58879160,58879173
58879173,41.8688891772,-87.6689587541,1302651632.0,58879165,58879189
58879189,41.8691231463,-87.6689881892,1302651635.0,58879173,58879281
58879281,41.8692909697,-87.6690851471,1302651647.0,58879189,58879330
58879330,41.8693034418,-87.6693533789,1302651652.0,58879281,58879384
58879384,41.8693997877,-87.6696482265,1302651657.0,58879330,58879407
58879407,41.8694110518,-87.669958143,1302651659.0,58879384,58879431
58879431,41.8694150396,-87.6702960227,1302651661.0,58879407,58879455
58879455,41.8694159881,-87.6705920807,1302651663.0,58879431,58879493
58879493,41.8694184471,-87.6708770901,1302651666.0,58879455,58879615
58879615,41.8694306231,-87.6711720861,1302651675.0,58879493,58879733
58879733,41.8696336188,-87.6712387399,1302651683.0,58879615,58879780
58879780,41.8697656616,-87.6714669062,1302651686.0,58879733,58879810
58879810,41.8698048589,-87.6717090144,1302651688.0,58879780,58879843
58879843,41.8697608543,-87.6720819472,1302651690.0,58879810,58879876
58879876,41.8697136425,-87.6723649743,1302651692.0,58879843,58879925
58879925,41.8696296588,-87.6725918292,1302651695.0,58879876,58880245
58880245,41.8695248196,-87.6728287553,1302651713.0,58879925,58880340
58880340,41.8694738284,-87.6731118602,1302651718.0,58880245,58880399
58880399,41.8694241733,-87.6733587816,1302651721.0,58880340,58880459
58880459,41.8693778307,-87.6736792929,1302651724.0,58880399,58880520
58880520,41.8693577274,-87.6740440058,1302651727.0,58880459,58880559
58880559,41.8693456961,-87.6743379218,1302651729.0,58880520,58880601
58880601,41.8693303593,-87.6746549141,1302651731.0,58880559,58880643
58880643,41.869314916,-87.674955839,1302651733.0,58880601,58880682
58880682,41.8693108503,-87.6752158778,1302651735.0,58880643,58880744
58880744,41.8693012552,-87.6755080057,1302651738.0,58880682,None
