46634910,41.8657169053,-87.6469161853,1302567619.0,None,46634997
46634997,41.8655319207,-87.6468880739,1302567623.0,46634910,46635094
46635094,41.8653129386,-87.6468774115,1302567627.0,46634997,46635194
46635194,41.8650779018,-87.6468709195,1302567631.0,46635094,46635237
46635237,41.8648879592,-87.6468645515,1302567634.0,46635194,46635296
46635296,41.8646931212,-87.6468609717,1302567637.0,46635237,46635337
46635337,41.8644920445,-87.6468532025,1302567640.0,46635296,46635398
46635398,41.864278838,-87.6468492347,1302567643.0,46635337,46635452
46635452,41.8640589806,-87.6468403421,1302567646.0,46635398,46635517
46635517,41.8638360409,-87.6468296793,1302567649.0,46635452,46635594
46635594,41.8636080436,-87.6468242615,1302567652.0,46635517,46635673
46635673,41.8633830482,-87.6468188648,1302567655.0,46635594,46635748
46635748,41.8631650706,-87.6468126439,1302567658.0,46635673,46635820
46635820,41.8629590914,-87.6468058021,1302567661.0,46635748,46635895
46635895,41.8627769805,-87.6468029453,1302567664.0,46635820,46636003
46636003,41.8625968733,-87.6468030635,1302567668.0,46635895,46636155
46636155,41.8623876118,-87.6468516435,1302567674.0,46636003,46636291
46636291,41.8623618957,-87.6471309652,1302567679.0,46636155,46636396
46636396,41.8623573919,-87.6474139215,1302567683.0,46636291,46636501
46636501,41.8623510247,-87.6477350207,1302567687.0,46636396,46636582
46636582,41.8623452824,-87.6479940732,1302567690.0,46636501,46636667
46636667,41.8623385658,-87.6482651008,1302567693.0,46636582,46636753
46636753,41.8623362797,-87.648510045,1302567696.0,46636667,46636918
46636918,41.8623334689,-87.6487630591,1302567702.0,46636753,46637059
46637059,41.8623279943,-87.6490600365,1302567707.0,46636918,46637147
46637147,41.8623238531,-87.649303947,1302567710.0,46637059,46637237
46637237,41.86231996,-87.6495730275,1302567713.0,46637147,46637320
46637320,41.8623168076,-87.6498470427,1302567716.0,46637237,46637389
46637389,41.8623144507,-87.6500959843,1302567719.0,46637320,46637514
46637514,41.8623051086,-87.650403992,1302567723.0,46637389,46637635
46637635,41.8623004599,-87.6506699618,1302567727.0,46637514,46637834
46637834,41.8623791642,-87.6508984263,1302567734.0,46637635,46637957
46637957,41.8625681548,-87.6509069742,1302567738.0,46637834,46638057
46638057,41.8627480904,-87.6509160395,1302567741.0,46637957,46638153
46638153,41.8629421256,-87.6509234482,1302567744.0,46638057,46638233
46638233,41.8631241676,-87.6509291745,1302567747.0,46638153,46638345
46638345,41.8633380398,-87.6509336705,1302567751.0,46638233,46638565
46638565,41.86354243,-87.6509391992,1302567758.0,46638345,46638695
46638695,41.8637401516,-87.6509514557,1302567762.0,46638565,46638784
46638784,41.8639200843,-87.6509541887,1302567765.0,46638695,46638875
46638875,41.8641100821,-87.650961941,1302567768.0,46638784,46638973
46638973,41.8643000779,-87.6509683858,1302567771.0,46638875,46639106
46639106,41.8645180758,-87.6509779506,1302567775.0,46638973,46639330
46639330,41.864717164,-87.6509868258,1302567782.0,46639106,46639449
46639449,41.8649140864,-87.6509920791,1302567786.0,46639330,46639593
46639593,41.865157097,-87.65099752,1302567790.0,46639449,46639689
46639689,41.8653641049,-87.6510044467,1302567793.0,46639593,46639785
46639785,41.8655751173,-87.6510114059,1302567796.0,46639689,46639889
46639889,41.8657801234,-87.651020805,1302567799.0,46639785,46639990
46639990,41.8659771303,-87.6510293708,1302567802.0,46639889,46640087
46640087,41.8661751164,-87.651035474,1302567805.0,46639990,46640191
46640191,41.8663781412,-87.651040856,1302567808.0,46640087,46640302
46640302,41.8665851653,-87.6510509651,1302567811.0,46640191,46640391
46640391,41.8667801452,-87.6510656676,1302567814.0,46640302,46640530
46640530,41.8670085482,-87.6510802465,1302567818.0,46640391,46640685
46640685,41.8671621882,-87.6512850379,1302567823.0,46640530,46640814
46640814,41.867155983,-87.6515846844,1302567827.0,46640685,46640910
46640910,41.8671494706,-87.6518443611,1302567830.0,46640814,46641019
46641019,41.8671425636,-87.6522001209,1302567834.0,46640910,46641129
46641129,41.86713909,-87.65245411,1302567837.0,46641019,46641277
46641277,41.8671325565,-87.6527601376,1302567841.0,46641129,46641422
46641422,41.8671279715,-87.6530290954,1302567845.0,46641277,46642346
46642346,41.8671219724,-87.6532972617,1302567871.0,46641422,46642481
46642481,41.8671151308,-87.6535934253,1302567875.0,46642346,46642596
46642596,41.8671121857,-87.6538603405,1302567878.0,46642481,46642708
46642708,41.8671073492,-87.6541552218,1302567881.0,46642596,46642823
46642823,41.8671004814,-87.6544652962,1302567884.0,46642708,46642928
46642928,41.867090839,-87.6547914607,1302567887.0,46642823,46643024
46643024,41.8670845663,-87.6551273423,1302567890.0,46642928,46643133
46643133,41.8670782688,-87.6554593095,1302567893.0,46643024,46643240
46643240,41.8670754835,-87.6557732269,1302567896.0,46643133,46643357
46643357,41.8670737159,-87.6560671511,1302567899.0,46643240,46643476
46643476,41.8670726544,-87.6563111004,1302567902.0,46643357,46643696
46643696,41.8670736306,-87.6565645512,1302567908.0,46643476,46643953
46643953,41.8672566208,-87.6566901419,1302567915.0,46643696,46644097
46644097,41.8674962709,-87.6567044371,1302567919.0,46643953,46644206
46644206,41.8677001304,-87.6567169053,1302567922.0,46644097,46644318
46644318,41.8679091034,-87.6567262539,1302567925.0,46644206,46644432
46644432,41.8681311559,-87.6567369321,1302567928.0,46644318,46644544
46644544,41.8683561448,-87.6567434409,1302567931.0,46644432,46644656
46644656,41.8685861078,-87.6567522212,1302567934.0,46644544,46644733
46644733,41.868823039,-87.6567613973,1302567937.0,46644656,46644841
46644841,41.8690569262,-87.6567603544,1302567940.0,46644733,46644951
46644951,41.8692832199,-87.6567565039,1302567943.0,46644841,46645036
46645036,41.8695071964,-87.6567589861,1302567946.0,46644951,46645153
46645153,41.869736573,-87.6567707755,1302567949.0,46645036,46645245
46645245,41.8699793566,-87.6567843302,1302567952.0,46645153,46645360
46645360,41.8702272081,-87.6567956737,1302567955.0,46645245,46645423
46645423,41.8704791724,-87.6568036212,1302567958.0,46645360,46645516
46645516,41.8707292443,-87.6568116797,1302567961.0,46645423,46645600
46645600,41.8709882579,-87.6568195973,1302567964.0,46645516,46645693
46645693,41.8712482056,-87.656826808,1302567967.0,46645600,46645807
46645807,41.8714991471,-87.656832282,1302567970.0,46645693,46645915
46645915,41.8717318304,-87.6568275916,1302567973.0,46645807,46646030
46646030,41.8719487596,-87.656811285,1302567976.0,46645915,46646168
46646168,41.8721347781,-87.6568010202,1302567980.0,46646030,46646430
46646430,41.872349787,-87.6567925178,1302567987.0,46646168,46646541
46646541,41.8725367444,-87.6567837743,1302567990.0,46646430,46646646
46646646,41.8727486954,-87.6567735457,1302567993.0,46646541,46646762
46646762,41.8729736408,-87.6567576338,1302567996.0,46646646,46646855
46646855,41.8731858332,-87.656741672,1302567999.0,46646762,46646948
46646948,41.8734059672,-87.6567344997,1302568002.0,46646855,46647060
46647060,41.8736130422,-87.6567361609,1302568005.0,46646948,46647171
46647171,41.8737980241,-87.6567401408,1302568008.0,46647060,46647320
46647320,41.874002763,-87.6567422777,1302568012.0,46647171,46647819
46647819,41.8741834538,-87.6567343735,1302568026.0,46647320,46648009
46648009,41.874244393,-87.6565087939,1302568031.0,46647819,46648137
46648137,41.8742465743,-87.6562108065,1302568035.0,46648009,46648238
46648238,41.8742502198,-87.6559536078,1302568038.0,46648137,46648354
46648354,41.8742553065,-87.6556815733,1302568041.0,46648238,46648466
46648466,41.874262241,-87.6553956594,1302568044.0,46648354,46648579
46648579,41.8742679707,-87.6551016342,1302568047.0,46648466,46648689
46648689,41.8742770352,-87.6547025964,1302568051.0,46648579,46648791
46648791,41.8742818764,-87.6544016269,1302568054.0,46648689,46648888
46648888,41.8742822532,-87.6541126253,1302568057.0,46648791,46649002
46649002,41.8742863094,-87.6538306102,1302568060.0,46648888,46649118
46649118,41.8742900692,-87.6535526337,1302568063.0,46649002,46649233
46649233,41.8742952612,-87.6532776684,1302568066.0,46649118,46649338
46649338,41.8743006389,-87.6529917128,1302568069.0,46649233,46649447
46649447,41.8743030983,-87.6527108196,1302568072.0,46649338,46649537
46649537,41.8743045056,-87.6524678879,1302568075.0,46649447,46650142
46650142,41.8743083551,-87.6521866282,1302568092.0,46649537,46650310
46650310,41.8743166418,-87.6518924932,1302568097.0,46650142,46650463
46650463,41.8743226263,-87.6515746928,1302568101.0,46650310,46650572
46650572,41.8743281323,-87.6513087146,1302568104.0,46650463,46650675
46650675,41.8743353469,-87.6510337358,1302568107.0,46650572,46650780
46650780,41.874343509,-87.6507567086,1302568110.0,46650675,46650878
46650878,41.8743479998,-87.6504957745,1302568113.0,46650780,46650987
46650987,41.8743495588,-87.6502488106,1302568116.0,46650878,46651427
46651427,41.8743529473,-87.6499756652,1302568128.0,46650987,46651577
46651577,41.8743583539,-87.6497277636,1302568132.0,46651427,46651726
46651726,41.8743637629,-87.6494149298,1302568136.0,46651577,46651833
46651833,41.8743689357,-87.649145917,1302568139.0,46651726,46651934
46651934,41.8743755304,-87.6488697835,1302568142.0,46651833,46652044
46652044,41.8743855904,-87.6485850037,1302568145.0,46651934,46652144
46652144,41.8743774151,-87.6483061156,1302568148.0,46652044,46652250
46652250,41.8743582341,-87.6480498074,1302568151.0,46652144,46652406
46652406,41.8743330867,-87.6477501224,1302568155.0,46652250,46652559
46652559,41.8743085856,-87.6475065319,1302568159.0,46652406,46652914
46652914,41.8742369072,-87.6472731228,1302568169.0,46652559,46653060
46653060,41.8740356922,-87.6472058214,1302568173.0,46652914,46653173
46653173,41.8738478792,-87.647200662,1302568176.0,46653060,46653285
46653285,41.8736419278,-87.6471966141,1302568179.0,46653173,46653387
46653387,41.8734199606,-87.6471922634,1302568182.0,46653285,46653495
46653495,41.8731900511,-87.6471868265,1302568185.0,46653387,46653598
46653598,41.8729561492,-87.6471801525,1302568188.0,46653495,46653710
46653710,41.8727342596,-87.6471771267,1302568191.0,46653598,46653825
46653825,41.8725282225,-87.6471819707,1302568194.0,46653710,46653940
46653940,41.8723472558,-87.6471913931,1302568197.0,46653825,46654842
46654842,41.8721555069,-87.6471803213,1302568222.0,46653940,46655018
46655018,41.8719592552,-87.6471494176,1302568227.0,46654842,46655171
46655171,41.8717361824,-87.6471354155,1302568231.0,46655018,46655285
46655285,41.8715451618,-87.6471290692,1302568234.0,46655171,46655397
46655397,41.8713391378,-87.6471251067,1302568237.0,46655285,46655495
46655495,41.8711191523,-87.6471207816,1302568240.0,46655397,46655599
46655599,41.8708891263,-87.6471124181,1302568243.0,46655495,46655710
46655710,41.8706491009,-87.6471012405,1302568246.0,46655599,46655819
46655819,41.8704072148,-87.6470959231,1302568249.0,46655710,46655936
46655936,41.8701711515,-87.6470923061,1302568252.0,46655819,46656053
46656053,41.8699720519,-87.6470887903,1302568255.0,46655936,None
