43976372,41.8692655167,-87.6713524718,1304004766.0,None,43976546
43976546,41.8692454256,-87.6716342516,1304004773.0,43976372,43976661
43976661,41.8692855473,-87.6719457943,1304004778.0,43976546,43976735
43976735,41.8692718457,-87.6722290489,1304004781.0,43976661,43976814
43976814,41.8692630051,-87.6725840601,1304004784.0,43976735,43976864
43976864,41.8692522241,-87.6728391081,1304004786.0,43976814,43976916
43976916,41.8692440914,-87.6730893818,1304004788.0,43976864,43976990
43976990,41.8692401105,-87.6733949359,1304004791.0,43976916,43977174
43977174,41.8692624471,-87.6736588232,1304004798.0,43976990,43977275
43977275,41.869457951,-87.6737186805,1304004802.0,43977174,43977354
43977354,41.8696700496,-87.6737325392,1304004805.0,43977275,43977436
43977436,41.8699178899,-87.6737354284,1304004808.0,43977354,43977521
43977521,41.8701819439,-87.6737328371,1304004811.0,43977436,43977569
43977569,41.8703669717,-87.6737254588,1304004813.0,43977521,43977643
43977643,41.8706289847,-87.6737172172,1304004816.0,43977569,43977722
43977722,41.8708900381,-87.6737115558,1304004819.0,43977643,43977806
43977806,41.8711320471,-87.6737082704,1304004822.0,43977722,43977894
43977894,41.8713143126,-87.6737091661,1304004825.0,43977806,43978117
43978117,41.8714920994,-87.6737403901,1304004836.0,43977894,43978221
43978221,41.8715169184,-87.6733803886,1304004845.0,43978117,43978538
43978538,41.8715361941,-87.6728979478,1304004869.0,43978221,43978595
43978595,41.8715856971,-87.6717618191,1304004879.0,43978538,43978691
43978691,41.8715894703,-87.6714257481,1304004882.0,43978595,43978775
43978775,41.8715836576,-87.6710727126,1304004885.0,43978691,43978835
43978835,41.8715846682,-87.6707268125,1304004888.0,43978775,43978871
43978871,41.8715895764,-87.6703328078,1304004892.0,43978835,43979015
43979015,41.8715862993,-87.6700334979,1304004896.0,43978871,43979155
43979155,41.8716092997,-87.6697755886,1304004900.0,43979015,43979331
43979331,41.8716705707,-87.6695178883,1304004906.0,43979155,43979632
43979632,41.8716234805,-87.6692831421,1304004915.0,43979331,43979820
43979820,41.8714853987,-87.6691230182,1304004921.0,43979632,43979941
43979941,41.8712819526,-87.6690854984,1304004925.0,43979820,43980042
43980042,41.8710718628,-87.6690600374,1304004928.0,43979941,43980153
43980153,41.8708197626,-87.6690278361,1304004931.0,43980042,43980260
43980260,41.8705518432,-87.6690104067,1304004934.0,43980153,43980355
43980355,41.8702998314,-87.6690010369,1304004937.0,43980260,43980453
43980453,41.8700848032,-87.6689955001,1304004940.0,43980355,43980548
43980548,41.8698898101,-87.6689903505,1304004943.0,43980453,43980646
43980646,41.8697028596,-87.6689873309,1304004946.0,43980548,43980791
43980791,41.8695086754,-87.6689815859,1304004950.0,43980646,43981116
43981116,41.869302654,-87.668960621,1304004959.0,43980791,43981246
43981246,41.8690417307,-87.6689568741,1304004964.0,43981116,43981349
43981349,41.8688108658,-87.6689446454,1304004967.0,43981246,43981462
43981462,41.8685569474,-87.6689390897,1304004970.0,43981349,43981572
43981572,41.8682889578,-87.668929796,1304004973.0,43981462,43981647
43981647,41.8681049397,-87.6689246564,1304004975.0,43981572,43981720
43981720,41.8679179288,-87.6689255269,1304004977.0,43981647,43981786
43981786,41.8677379113,-87.6689275149,1304004979.0,43981720,43981891
43981891,41.8674948696,-87.6689190397,1304004982.0,43981786,43981989
43981989,41.8672769252,-87.6689081175,1304004985.0,43981891,43982102
43982102,41.8670880176,-87.6689057219,1304004988.0,43981989,43982252
43982252,41.8668772336,-87.6688733803,1304004992.0,43982102,43982436
43982436,41.8667921492,-87.6685878851,1304004997.0,43982252,43982542
43982542,41.8667982274,-87.6683259826,1304005000.0,43982436,43982649
43982649,41.8667966236,-87.6679920064,1304005003.0,43982542,43982691
43982691,41.8667988904,-87.6676509823,1304005006.0,43982649,43982704
43982704,41.8668023696,-87.6673870022,1304005009.0,43982691,43982734
43982734,41.866808606,-87.6671439936,1304005014.0,43982704,43982780
43982780,41.8668078526,-87.6668519634,1304005020.0,43982734,43982807
43982807,41.8668088418,-87.6665680976,1304005023.0,43982780,43982836
43982836,41.8668113223,-87.6662151239,1304005026.0,43982807,43982856
43982856,41.8668152034,-87.6659529602,1304005028.0,43982836,43982877
43982877,41.8668205156,-87.6656729043,1304005030.0,43982856,43982899
43982899,41.8668255419,-87.6653838927,1304005032.0,43982877,43982921
43982921,41.8668303643,-87.665089837,1304005034.0,43982899,43982945
43982945,41.8668359686,-87.6647937952,1304005036.0,43982921,43982969
43982969,41.8668401038,-87.6645058207,1304005038.0,43982945,43982993
43982993,41.8668448207,-87.6642177823,1304005040.0,43982969,43983019
43983019,41.8668504733,-87.6639267622,1304005042.0,43982993,43983045
43983045,41.8668570995,-87.6636317469,1304005044.0,43983019,43983071
43983071,41.8668615569,-87.6633417556,1304005046.0,43983045,43983099
43983099,41.8668666314,-87.6630627928,1304005048.0,43983071,43983127
43983127,41.8668721056,-87.6627947879,1304005050.0,43983099,43983154
43983154,41.8668761561,-87.6625527923,1304005052.0,43983127,43983193
43983193,41.8668795648,-87.6622418161,1304005055.0,43983154,43983238
43983238,41.8668770547,-87.6619908836,1304005058.0,43983193,43983284
43983284,41.8668760257,-87.6617480031,1304005061.0,43983238,43983331
43983331,41.8669016548,-87.6614697672,1304005064.0,43983284,43983381
43983381,41.8669060201,-87.6611237834,1304005067.0,43983331,43983412
43983412,41.8669076899,-87.6608657451,1304005069.0,43983381,43983445
43983445,41.8669118105,-87.66058869,1304005071.0,43983412,43983478
43983478,41.8669168036,-87.6602926824,1304005073.0,43983445,43983514
43983514,41.866921934,-87.6599876953,1304005075.0,43983478,43983549
43983549,41.866923248,-87.6596767516,1304005077.0,43983514,43983584
43983584,41.8669283731,-87.6593567754,1304005079.0,43983549,43983618
43983618,41.8669335197,-87.6590307975,1304005081.0,43983584,43983653
43983653,41.8669377301,-87.6587088123,1304005083.0,43983618,43983682
43983682,41.8669426888,-87.6584008223,1304005085.0,43983653,43983720
43983720,41.8669476007,-87.6581217767,1304005087.0,43983682,43983762
43983762,41.8669516658,-87.6578727829,1304005089.0,43983720,43983815
43983815,41.8669594383,-87.6575247759,1304005092.0,43983762,43983869
43983869,41.8669645653,-87.6572227595,1304005095.0,43983815,43983971
43983971,41.8669686592,-87.6569528217,1304005100.0,43983869,43984307
43984307,41.8669644145,-87.6566950315,1304005117.0,43983971,43984422
43984422,41.8669703967,-87.65642609,1304005122.0,43984307,43984483
43984483,41.8669838817,-87.6561576655,1304005125.0,43984422,43984535
43984535,41.8670058016,-87.6558083642,1304005128.0,43984483,43984565
43984565,41.8670232953,-87.655550425,1304005130.0,43984535,43984605
43984605,41.8670218118,-87.6552794367,1304005132.0,43984565,43984634
43984634,41.8670169891,-87.6550102634,1304005134.0,43984605,43984663
43984663,41.8670158523,-87.6547480925,1304005136.0,43984634,43984696
43984696,41.8670175787,-87.6545002981,1304005138.0,43984663,43984758
43984758,41.8670164458,-87.6541526054,1304005141.0,43984696,43984825
43984825,41.8670212584,-87.6538684989,1304005144.0,43984758,43984940
43984940,41.8670237705,-87.6536205646,1304005149.0,43984825,None
