22761169,41.8661510011,-87.6471209691,1303407127.0,None,22761584
22761584,41.8663980004,-87.6471599919,1303407140.0,22761169,22761663
22761663,41.8666590002,-87.6471719902,1303407143.0,22761584,22761720
22761720,41.8668670001,-87.6471669865,1303407145.0,22761663,22761776
22761776,41.8670867742,-87.6471717657,1303407147.0,22761720,22761839
22761839,41.867316385,-87.6471681728,1303407149.0,22761776,22761907
22761907,41.8675530084,-87.647157899,1303407151.0,22761839,22761980
22761980,41.867786006,-87.6471506693,1303407153.0,22761907,22762052
22762052,41.8680200017,-87.6471504654,1303407155.0,22761980,22762115
22762115,41.8682480086,-87.6471535267,1303407157.0,22762052,22762178
22762178,41.8684540126,-87.647145554,1303407159.0,22762115,22762266
22762266,41.8686970325,-87.6471025989,1303407162.0,22762178,22762428
22762428,41.8688780369,-87.6470867068,1303407167.0,22762266,22763175
22763175,41.8690881429,-87.6470531417,1303407189.0,22762428,22763209
22763209,41.8692731001,-87.6470363804,1303407191.0,22763175,22763276
22763276,41.869477987,-87.6470284215,1303407193.0,22763209,22763345
22763345,41.8696847844,-87.6470243517,1303407195.0,22763276,22763416
22763416,41.869903104,-87.6470181713,1303407197.0,22763345,22763485
22763485,41.870131154,-87.6470213436,1303407199.0,22763416,22763551
22763551,41.8703632866,-87.6470039539,1303407201.0,22763485,22763619
22763619,41.8705962892,-87.6469999106,1303407203.0,22763551,22763691
22763691,41.8708252752,-87.6469981431,1303407205.0,22763619,22763760
22763760,41.8710402928,-87.6470020942,1303407207.0,22763691,22763832
22763832,41.8712232564,-87.6470051204,1303407209.0,22763760,22763926
22763926,41.8714032574,-87.6470118904,1303407212.0,22763832,22764626
22764626,41.8716093322,-87.6469923277,1303407232.0,22763926,22764735
22764735,41.8717924293,-87.6470112028,1303407235.0,22764626,22764798
22764798,41.8719724215,-87.6470106954,1303407237.0,22764735,22764868
22764868,41.8721915407,-87.6470168044,1303407239.0,22764798,22764942
22764942,41.8724183193,-87.6470254506,1303407241.0,22764868,22765022
22765022,41.8726513281,-87.6470313554,1303407243.0,22764942,22765090
22765090,41.8728693922,-87.6470505987,1303407245.0,22765022,22765153
22765153,41.8730883969,-87.6470644488,1303407247.0,22765090,22765228
22765228,41.873286385,-87.6470873056,1303407249.0,22765153,22765305
22765305,41.8734773485,-87.647106867,1303407251.0,22765228,22765381
22765381,41.8736722367,-87.6471096567,1303407253.0,22765305,22765502
22765502,41.8739072275,-87.6471008365,1303407256.0,22765381,22765636
22765636,41.8740928368,-87.6471039096,1303407260.0,22765502,22765885
22765885,41.8742719123,-87.6472991962,1303407267.0,22765636,22765997
22765997,41.8743443129,-87.647592457,1303407270.0,22765885,22766071
22766071,41.874385952,-87.6478454213,1303407272.0,22765997,22766149
22766149,41.8744094676,-87.6481236989,1303407274.0,22766071,22766228
22766228,41.8744213982,-87.6484110671,1303407276.0,22766149,22766307
22766307,41.8744167748,-87.6487022665,1303407278.0,22766228,22766383
22766383,41.8744142389,-87.6489923958,1303407280.0,22766307,22766454
22766454,41.8744060368,-87.6492863824,1303407282.0,22766383,22766526
22766526,41.8743923689,-87.6495983876,1303407284.0,22766454,22766600
22766600,41.8743952848,-87.6498945101,1303407286.0,22766526,22766673
22766673,41.8743992452,-87.650181329,1303407288.0,22766600,22766748
22766748,41.8743939743,-87.6504653395,1303407290.0,22766673,22766819
22766819,41.8743749514,-87.650749362,1303407292.0,22766748,22766893
22766893,41.8743539563,-87.6510213508,1303407294.0,22766819,22767008
22767008,41.8743708105,-87.6513595828,1303407297.0,22766893,22767329
22767329,41.8743994687,-87.6516066036,1303407312.0,22767008,22767355
22767355,41.8743854122,-87.6519066773,1303407317.0,22767329,22767382
22767382,41.8743738417,-87.6522494252,1303407321.0,22767355,22767398
22767398,41.8743694748,-87.6525021877,1303407323.0,22767382,22767414
22767414,41.8743638454,-87.6528033436,1303407325.0,22767398,22767432
22767432,41.8743587092,-87.6530974924,1303407327.0,22767414,22767450
22767450,41.8743537401,-87.6533935507,1303407329.0,22767432,22767470
22767470,41.8743505157,-87.6536865462,1303407331.0,22767450,22767490
22767490,41.8743501928,-87.6539724907,1303407333.0,22767470,22767511
22767511,41.8743431781,-87.6542544247,1303407335.0,22767490,22767533
22767533,41.8743370815,-87.6545424847,1303407337.0,22767511,22767555
22767555,41.8743264103,-87.6548275048,1303407339.0,22767533,22767579
22767579,41.8743161236,-87.655100513,1303407341.0,22767555,22767603
22767603,41.8743046807,-87.6553724642,1303407343.0,22767579,22767627
22767627,41.8742972258,-87.6556235552,1303407345.0,22767603,22767666
22767666,41.8742742285,-87.6559464343,1303407348.0,22767627,22767705
22767705,41.8742689495,-87.6561983017,1303407351.0,22767666,22767972
22767972,41.8742646481,-87.6564566107,1303407369.0,22767705,22768053
22768053,41.8742817417,-87.656717695,1303407374.0,22767972,22768104
22768104,41.8742858196,-87.6569962433,1303407377.0,22768053,22768155
22768155,41.8742794528,-87.6572701644,1303407380.0,22768104,22768208
22768208,41.8742730264,-87.6575291975,1303407383.0,22768155,22768262
22768262,41.8742656434,-87.6578462576,1303407386.0,22768208,22768316
22768316,41.8742631981,-87.6582032872,1303407389.0,22768262,22768353
22768353,41.8742742413,-87.6584552528,1303407391.0,22768316,22768391
22768391,41.8742857792,-87.658717181,1303407393.0,22768353,22768429
22768429,41.8743017366,-87.6589870564,1303407395.0,22768391,22768467
22768467,41.8743247911,-87.6592678945,1303407397.0,22768429,22768505
22768505,41.8743457923,-87.659566844,1303407399.0,22768467,22768545
22768545,41.8743428002,-87.6598888383,1303407401.0,22768505,22768585
22768585,41.8743328834,-87.6602058574,1303407403.0,22768545,22768625
22768625,41.8743192925,-87.6605178573,1303407405.0,22768585,22768664
22768664,41.8742998433,-87.6608108929,1303407407.0,22768625,22768703
22768703,41.8742889277,-87.6610869324,1303407409.0,22768664,22768763
22768763,41.874276322,-87.6613959853,1303407412.0,22768703,22768845
22768845,41.874290885,-87.6616589153,1303407416.0,22768763,22768931
22768931,41.8743243968,-87.6619908591,1303407420.0,22768845,22768992
22768992,41.8743000939,-87.6623268649,1303407423.0,22768931,22769032
22769032,41.8742771336,-87.6625868697,1303407425.0,22768992,22769079
22769079,41.8742590536,-87.6628849298,1303407427.0,22769032,22769125
22769125,41.8742528496,-87.6631849496,1303407429.0,22769079,22769169
22769169,41.8742432344,-87.6634859117,1303407431.0,22769125,22769212
22769212,41.8742350657,-87.6637927802,1303407433.0,22769169,22769254
22769254,41.8742263204,-87.6641046892,1303407435.0,22769212,22769297
22769297,41.8742218136,-87.664411675,1303407437.0,22769254,22769343
22769343,41.8742217258,-87.6647056763,1303407439.0,22769297,22769390
22769390,41.8742253579,-87.6649987882,1303407441.0,22769343,22769442
22769442,41.8742251801,-87.665285956,1303407443.0,22769390,22769487
22769487,41.8742228505,-87.6655651011,1303407445.0,22769442,22769530
22769530,41.8742246663,-87.6658301932,1303407447.0,22769487,22769574
22769574,41.8742195118,-87.6660792,1303407449.0,22769530,22769646
22769646,41.8742208872,-87.6663916215,1303407452.0,22769574,None
