41438454,41.8669321402,-87.6654941371,1303823151.0,None,41439117
41439117,41.866934491,-87.6657910309,1303823170.0,41438454,41439216
41439216,41.8669340117,-87.6660730454,1303823173.0,41439117,41439325
41439325,41.8669335934,-87.6664104235,1303823176.0,41439216,41439391
41439391,41.8669343448,-87.6666550733,1303823178.0,41439325,41439459
41439459,41.8669342133,-87.6669149751,1303823180.0,41439391,41439534
41439534,41.86693327,-87.6671880458,1303823182.0,41439459,41439608
41439608,41.8669332444,-87.6674620448,1303823184.0,41439534,41439680
41439680,41.8669345446,-87.6677320176,1303823186.0,41439608,41439752
41439752,41.8669375397,-87.6679970282,1303823188.0,41439680,41439824
41439824,41.8669407193,-87.6682530485,1303823190.0,41439752,41439923
41439923,41.8669447123,-87.6685838219,1303823193.0,41439824,41440056
41440056,41.8669845017,-87.6688502592,1303823197.0,41439923,41440226
41440226,41.86720121,-87.6689225482,1303823202.0,41440056,41440342
41440342,41.8673910818,-87.668933491,1303823205.0,41440226,41440456
41440456,41.8676390785,-87.6689411526,1303823208.0,41440342,41440528
41440528,41.8678260788,-87.6689456591,1303823210.0,41440456,41440590
41440590,41.8680240743,-87.6689492243,1303823212.0,41440528,41440654
41440654,41.8682120783,-87.6689587196,1303823214.0,41440590,41440716
41440716,41.8684071432,-87.668964239,1303823216.0,41440654,41440787
41440787,41.8685931631,-87.6689708208,1303823218.0,41440716,41440888
41440888,41.8688371214,-87.6689739805,1303823221.0,41440787,41441036
41441036,41.8690435301,-87.668975523,1303823225.0,41440888,41441833
41441833,41.8692277889,-87.6690891532,1303823248.0,41441036,41441974
41441974,41.8692405583,-87.669334734,1303823252.0,41441833,41442069
41442069,41.8692300963,-87.669584731,1303823255.0,41441974,41442170
41442170,41.8692181878,-87.6698719917,1303823258.0,41442069,41442279
41442279,41.8692458258,-87.6701358577,1303823261.0,41442170,41442766
41442766,41.8692636788,-87.6704069633,1303823275.0,41442279,41442958
41442958,41.8692634722,-87.6706701638,1303823280.0,41442766,41443214
41443214,41.8692705271,-87.670934508,1303823289.0,41442958,41443298
41443298,41.8692753286,-87.6711837919,1303823303.0,41443214,41443414
41443414,41.8693002175,-87.6714613576,1303823315.0,41443298,41443459
41443459,41.8693434795,-87.6717170996,1303823319.0,41443414,41443495
41443495,41.8693376681,-87.6720028782,1303823322.0,41443459,41443532
41443532,41.869324371,-87.6723139374,1303823325.0,41443495,41443571
41443571,41.869308284,-87.672668004,1303823328.0,41443532,41443611
41443611,41.8692955988,-87.6730089931,1303823331.0,41443571,41443653
41443653,41.8692829164,-87.6733152286,1303823334.0,41443611,41443720
41443720,41.8692705012,-87.6735704624,1303823339.0,41443653,41443907
41443907,41.8694118378,-87.6737490895,1303823352.0,41443720,41443971
41443971,41.8696021441,-87.6737515081,1303823356.0,41443907,41444021
41444021,41.8697879793,-87.6737469228,1303823359.0,41443971,41444075
41444075,41.8699899625,-87.6737502767,1303823362.0,41444021,41444127
41444127,41.8701959535,-87.6737525466,1303823365.0,41444075,41444180
41444180,41.8703920055,-87.6737591472,1303823368.0,41444127,41444235
41444235,41.8705830071,-87.6737658086,1303823371.0,41444180,41444289
41444289,41.8707709922,-87.673768876,1303823374.0,41444235,41444346
41444346,41.8709711015,-87.6737727816,1303823377.0,41444289,41444401
41444401,41.8711562504,-87.6737790631,1303823380.0,41444346,41444518
41444518,41.8713385207,-87.6737893952,1303823386.0,41444401,41444931
41444931,41.8714951523,-87.6736297701,1303823408.0,41444518,41445051
41445051,41.8715069288,-87.6733835989,1303823417.0,41444931,41445522
41445522,41.8715577604,-87.6731399241,1303823439.0,41445051,41445613
41445613,41.8715849894,-87.6728157627,1303823443.0,41445522,41445678
41445678,41.8716024624,-87.6725296385,1303823446.0,41445613,41445747
41445747,41.8716092815,-87.6722448058,1303823449.0,41445678,41445823
41445823,41.871601991,-87.6719958715,1303823452.0,41445747,41446100
41446100,41.8715577683,-87.6717396868,1303823464.0,41445823,41446230
41446230,41.8715496331,-87.6714917624,1303823469.0,41446100,41446308
41446308,41.8715553848,-87.6712387066,1303823472.0,41446230,41446380
41446380,41.8715634462,-87.6709418735,1303823475.0,41446308,41446448
41446448,41.8715679257,-87.6706449441,1303823478.0,41446380,41446520
41446520,41.8715709931,-87.6703898772,1303823481.0,41446448,41446655
41446655,41.8715665858,-87.6701235654,1303823486.0,41446520,41447444
41447444,41.8715800512,-87.6698547234,1303823515.0,41446655,41447577
41447577,41.8715873387,-87.6695837861,1303823520.0,41447444,41447748
41447748,41.8716012038,-87.6693316086,1303823526.0,41447577,41448538
41448538,41.8715044489,-87.6691107407,1303823554.0,41447748,41448689
41448689,41.8712658472,-87.6690766641,1303823559.0,41448538,41448780
41448780,41.8710468172,-87.669053185,1303823562.0,41448689,41448856
41448856,41.8708049505,-87.6690407747,1303823565.0,41448780,41448952
41448952,41.8705890131,-87.6690288346,1303823568.0,41448856,41449053
41449053,41.8703979846,-87.6690256235,1303823571.0,41448952,41449142
41449142,41.8702069383,-87.6690252128,1303823574.0,41449053,41449236
41449236,41.8700099421,-87.6690222204,1303823577.0,41449142,41449332
41449332,41.8698199027,-87.6690164459,1303823580.0,41449236,41449457
41449457,41.8696169921,-87.6690160062,1303823584.0,41449332,41449611
41449611,41.8694226623,-87.669021212,1303823589.0,41449457,41449937
41449937,41.8692170568,-87.6690289951,1303823599.0,41449611,41450062
41450062,41.8689968544,-87.6690446174,1303823603.0,41449937,41450159
41450159,41.8687740065,-87.6690405205,1303823606.0,41450062,41450260
41450260,41.8685167466,-87.6690340223,1303823609.0,41450159,41450326
41450326,41.8683208245,-87.669026575,1303823611.0,41450260,41450397
41450397,41.8681118176,-87.6690170881,1303823613.0,41450326,41450461
41450461,41.8678928525,-87.6690162976,1303823615.0,41450397,41450530
41450530,41.8676799176,-87.6690171306,1303823617.0,41450461,41450596
41450596,41.8674919071,-87.6690112395,1303823619.0,41450530,41450688
41450688,41.8672789554,-87.6690021108,1303823622.0,41450596,41450772
41450772,41.8670944867,-87.669004681,1303823628.0,41450688,41450807
41450807,41.8668985639,-87.668970895,1303823634.0,41450772,41450845
41450845,41.8667695915,-87.668752856,1303823639.0,41450807,41450871
41450871,41.8667747974,-87.6685010222,1303823642.0,41450845,41450899
41450899,41.8667769244,-87.6681849917,1303823645.0,41450871,41450929
41450929,41.8667819091,-87.6678660085,1303823648.0,41450899,41450972
41450972,41.8667884655,-87.6676130549,1303823652.0,41450929,41451236
41451236,41.8667984181,-87.6673530413,1303823673.0,41450972,41451299
41451299,41.8668027567,-87.6670650123,1303823677.0,41451236,41451341
41451341,41.8668050548,-87.6667779879,1303823680.0,41451299,41451391
41451391,41.8668062994,-87.6664622179,1303823683.0,41451341,41451438
41451438,41.8668099066,-87.6661100248,1303823686.0,41451391,41451469
41451469,41.8668113889,-87.6658669868,1303823688.0,41451438,41451504
41451504,41.8668166325,-87.6656159466,1303823690.0,41451469,41451540
41451540,41.8668214863,-87.6653549381,1303823692.0,41451504,41451572
41451572,41.8668271022,-87.6650828872,1303823694.0,41451540,41451605
41451605,41.8668332133,-87.6648068292,1303823696.0,41451572,41451640
41451640,41.866838668,-87.6645368342,1303823698.0,41451605,41451678
41451678,41.8668453072,-87.6642647874,1303823700.0,41451640,41451713
41451713,41.8668501846,-87.6639887544,1303823702.0,41451678,41451749
41451749,41.866854564,-87.6637067698,1303823704.0,41451713,41451786
41451786,41.8668611324,-87.663416737,1303823706.0,41451749,41451824
41451824,41.8668683725,-87.6631257413,1303823708.0,41451786,41451862
41451862,41.8668748424,-87.6628267505,1303823710.0,41451824,41451899
41451899,41.8668797975,-87.6625247432,1303823712.0,41451862,41451937
41451937,41.8668826038,-87.6622217854,1303823714.0,41451899,41451976
41451976,41.8668859999,-87.6619147895,1303823716.0,41451937,41452015
41452015,41.8668971147,-87.6616007822,1303823718.0,41451976,41452054
41452054,41.8669071567,-87.6612757598,1303823720.0,41452015,41452092
41452092,41.8669112887,-87.6609487185,1303823722.0,41452054,41452132
41452132,41.8669148036,-87.6606216707,1303823724.0,41452092,41452173
41452173,41.8669167683,-87.6603016826,1303823726.0,41452132,41452209
41452209,41.8669205127,-87.6599887133,1303823728.0,41452173,41452252
41452252,41.8669269055,-87.659678711,1303823730.0,41452209,41452295
41452295,41.8669320047,-87.6593677459,1303823732.0,41452252,41452338
41452338,41.866935505,-87.65905476,1303823734.0,41452295,41452379
41452379,41.8669383051,-87.6587517999,1303823736.0,41452338,41452420
41452420,41.8669431497,-87.658461801,1303823738.0,41452379,41452466
41452466,41.8669509563,-87.6581837302,1303823740.0,41452420,41452511
41452511,41.8669558844,-87.6579297031,1303823742.0,41452466,41452533
41452533,41.8669618772,-87.6576177328,1303823745.0,41452511,41452603
41452603,41.8669709045,-87.657328661,1303823749.0,41452533,None
