27334382,41.8658239963,-87.6469176546,1304083193.0,None,27335204
27335204,41.8656393335,-87.6469462958,1304083217.0,27334382,27335293
27335293,41.8654291686,-87.6469717821,1304083220.0,27335204,27335388
27335388,41.8652010829,-87.6469601396,1304083223.0,27335293,27335493
27335493,41.8649511282,-87.6469370698,1304083226.0,27335388,27335573
27335573,41.8647402547,-87.6469200015,1304083228.0,27335493,27335631
27335631,41.8645041574,-87.6469071222,1304083230.0,27335573,27335697
27335697,41.8642558723,-87.646897824,1304083232.0,27335631,27335769
27335769,41.8639991088,-87.6468970091,1304083234.0,27335697,27335846
27335846,41.8637381259,-87.6468941732,1304083236.0,27335769,27335907
27335907,41.8634831092,-87.6468752559,1304083238.0,27335846,27335953
27335953,41.8632491307,-87.6468584987,1304083240.0,27335907,27336013
27336013,41.8630321196,-87.6468478993,1304083242.0,27335953,27336121
27336121,41.8627970651,-87.6468519973,1304083245.0,27336013,27336264
27336264,41.8625988818,-87.6468366372,1304083249.0,27336121,27336656
27336656,41.862396227,-87.6468520386,1304083260.0,27336264,27336838
27336838,41.8623690712,-87.6471289895,1304083265.0,27336656,27336939
27336939,41.8623838545,-87.6474169927,1304083268.0,27336838,27337036
27337036,41.862381276,-87.6477639631,1304083271.0,27336939,27337151
27337151,41.8623648995,-87.6481239966,1304083274.0,27337036,27337262
27337262,41.8623444701,-87.6484340305,1304083277.0,27337151,27337469
27337469,41.8623221059,-87.6486760642,1304083283.0,27337262,27337689
27337689,41.8623297473,-87.6489900094,1304083289.0,27337469,27337836
27337836,41.8623274801,-87.6492639328,1304083293.0,27337689,27338541
27338541,41.8623313011,-87.6495299986,1304083313.0,27337836,27338643
27338643,41.8623360109,-87.6498609435,1304083316.0,27338541,27338718
27338718,41.8623317766,-87.6501329172,1304083318.0,27338643,27338787
27338787,41.8623199309,-87.6503789342,1304083320.0,27338718,27338967
27338967,41.8623054671,-87.6506312481,1304083325.0,27338787,27339212
27339212,41.8624455961,-87.650826424,1304083332.0,27338967,27339356
27339356,41.8626950049,-87.6508414413,1304083336.0,27339212,27339454
27339454,41.862950993,-87.6508614666,1304083339.0,27339356,27339520
27339520,41.8631339439,-87.6508781316,1304083341.0,27339454,27339630
27339630,41.8633399068,-87.6508916848,1304083344.0,27339520,27340036
27340036,41.8635422748,-87.6508909418,1304083355.0,27339630,27340134
27340134,41.8637299157,-87.650912712,1304083358.0,27340036,27340201
27340201,41.8639119976,-87.6509368616,1304083360.0,27340134,27340268
27340268,41.864116092,-87.6509660264,1304083362.0,27340201,27340337
27340337,41.8642990898,-87.6509732461,1304083364.0,27340268,27340560
27340560,41.8644800625,-87.65098469,1304083370.0,27340337,27340707
27340707,41.864666242,-87.6509959694,1304083374.0,27340560,27340798
27340798,41.8649281137,-87.6510049859,1304083377.0,27340707,27340867
27340867,41.8651261505,-87.6510183991,1304083379.0,27340798,27340939
27340939,41.8653531707,-87.6510319422,1304083381.0,27340867,27341012
27341012,41.8656001798,-87.6510436797,1304083383.0,27340939,27341083
27341083,41.8658501819,-87.6510525012,1304083385.0,27341012,27341156
27341156,41.8660791852,-87.651060442,1304083387.0,27341083,27341227
27341227,41.8662801811,-87.6510638079,1304083389.0,27341156,27341334
27341334,41.8664992774,-87.6510690017,1304083392.0,27341227,27341546
27341546,41.8666873143,-87.6510789502,1304083398.0,27341334,27342401
27342401,41.8669037582,-87.6510936181,1304083422.0,27341546,27342568
27342568,41.867086797,-87.6512272886,1304083427.0,27342401,27342706
27342706,41.8671272279,-87.6515339581,1304083431.0,27342568,27342815
27342815,41.8671349254,-87.6518815292,1304083434.0,27342706,27342889
27342889,41.867134152,-87.652148333,1304083436.0,27342815,27342963
27342963,41.8671374672,-87.6524141837,1304083438.0,27342889,27343041
27343041,41.867135875,-87.6526591195,1304083440.0,27342963,27343151
27343151,41.8671331526,-87.6529170189,1304083443.0,27343041,27344105
27344105,41.8671327821,-87.6531618815,1304083470.0,27343151,27344201
27344201,41.8671320767,-87.6534327507,1304083473.0,27344105,27344276
27344276,41.8671266346,-87.653680861,1304083475.0,27344201,27344353
27344353,41.8671163663,-87.6539700187,1304083477.0,27344276,27344430
27344430,41.8671083072,-87.654286097,1304083479.0,27344353,27344497
27344497,41.8670990926,-87.6546063049,1304083481.0,27344430,27344565
27344565,41.8670916456,-87.6549083112,1304083483.0,27344497,27344636
27344636,41.86708656,-87.6551852126,1304083485.0,27344565,27344738
27344738,41.8670780425,-87.6555163149,1304083488.0,27344636,27344884
27344884,41.8670472738,-87.6558035831,1304083492.0,27344738,27345198
27345198,41.867008612,-87.6561064078,1304083501.0,27344884,27345303
27345303,41.8669953155,-87.6563501546,1304083504.0,27345198,27345434
27345434,41.8669971052,-87.6566294098,1304083508.0,27345303,27345623
27345623,41.8671590796,-87.6567171421,1304083513.0,27345434,27345729
27345729,41.8673523351,-87.6567093949,1304083516.0,27345623,27345832
27345832,41.8676073827,-87.6567296626,1304083519.0,27345729,27345907
27345907,41.8677952206,-87.656741233,1304083521.0,27345832,27345983
27345983,41.867986193,-87.6567491206,1304083523.0,27345907,27346061
27346061,41.8681782453,-87.6567614688,1304083525.0,27345983,27346160
27346160,41.8684152626,-87.6567802048,1304083528.0,27346061,27346311
27346311,41.8686012161,-87.6568017987,1304083533.0,27346160,27346478
27346478,41.8688061195,-87.6568009191,1304083540.0,27346311,27346651
27346651,41.8690159143,-87.6567916777,1304083545.0,27346478,27346766
27346766,41.8692170472,-87.656777104,1304083549.0,27346651,27346896
27346896,41.8694337598,-87.6568168676,1304083553.0,27346766,27346961
27346961,41.8696170934,-87.6568295761,1304083555.0,27346896,27347029
27347029,41.8698026791,-87.6568252147,1304083557.0,27346961,27347101
27347101,41.8700192982,-87.6567831255,1304083559.0,27347029,27347175
27347175,41.8702379954,-87.6567692886,1304083561.0,27347101,27347253
27347253,41.87044686,-87.6567518639,1304083563.0,27347175,27347325
27347325,41.8706438018,-87.6567278285,1304083565.0,27347253,27347430
27347430,41.8708877749,-87.6567008254,1304083568.0,27347325,27347536
27347536,41.871094799,-87.6567054294,1304083571.0,27347430,27347641
27347641,41.8712888523,-87.6566938103,1304083574.0,27347536,27347780
27347780,41.8714979505,-87.6566568469,1304083578.0,27347641,27347993
27347993,41.8716780048,-87.6565786574,1304083584.0,27347780,27348173
27348173,41.8719130011,-87.6565130545,1304083589.0,27347993,27348276
27348276,41.8721320004,-87.6564760152,1304083592.0,27348173,27348383
27348383,41.8724080013,-87.6565010837,1304083595.0,27348276,27348449
27348449,41.8726170448,-87.6565593169,1304083597.0,27348383,27348519
27348519,41.8727942006,-87.6566069154,1304083599.0,27348449,27348621
27348621,41.8730033528,-87.6566184054,1304083602.0,27348519,27348801
27348801,41.8732063456,-87.6566440621,1304083607.0,27348621,27349158
27349158,41.8734290636,-87.6566353461,1304083617.0,27348801,27349288
27349288,41.8736159289,-87.6566703249,1304083621.0,27349158,27349791
27349791,41.8738238531,-87.6566856692,1304083635.0,27349288,27349991
27349991,41.8740310985,-87.6566579099,1304083641.0,27349791,27350126
27350126,41.8741252386,-87.6564006515,1304083645.0,27349991,27350231
27350231,41.8741851082,-87.6561352812,1304083648.0,27350126,27350339
27350339,41.8742076364,-87.6558862264,1304083651.0,27350231,27350835
27350835,41.8742411086,-87.655610907,1304083665.0,27350339,27350976
27350976,41.8742550527,-87.6552778114,1304083669.0,27350835,27351076
27351076,41.8742591774,-87.6549608121,1304083672.0,27350976,27351149
27351149,41.8742640361,-87.6547048079,1304083674.0,27351076,27351226
27351226,41.8742700145,-87.654418773,1304083676.0,27351149,27351302
27351302,41.8742774884,-87.6541346989,1304083678.0,27351226,27351369
27351369,41.8742829001,-87.6538696751,1304083680.0,27351302,27351465
27351465,41.8742992525,-87.6535475258,1304083683.0,27351369,27351579
27351579,41.8743091435,-87.6532325033,1304083686.0,27351465,27351687
27351687,41.8743056383,-87.6529146906,1304083689.0,27351579,27351780
27351780,41.8743026011,-87.652647835,1304083692.0,27351687,27351961
27351961,41.8742991374,-87.6523999717,1304083697.0,27351780,27352562
27352562,41.8743258344,-87.6521493852,1304083714.0,27351961,27352668
27352668,41.8743236333,-87.6519003794,1304083717.0,27352562,27352766
27352766,41.8743233207,-87.6515666841,1304083720.0,27352668,27352834
27352834,41.8743281028,-87.6513237075,1304083722.0,27352766,27352908
27352908,41.8743409659,-87.650971666,1304083725.0,27352834,27353023
27353023,41.8743434097,-87.6506237656,1304083728.0,27352908,27353141
27353141,41.8743450287,-87.6502688547,1304083731.0,27353023,27353245
27353245,41.87435107,-87.6499526702,1304083734.0,27353141,27353338
27353338,41.8743561473,-87.6496470269,1304083737.0,27353245,27353435
27353435,41.8743617971,-87.6493300064,1304083740.0,27353338,27353534
27353534,41.8743800229,-87.6489877575,1304083743.0,27353435,27353611
27353611,41.8743948741,-87.6487307206,1304083745.0,27353534,27353690
27353690,41.8744023112,-87.6484845233,1304083747.0,27353611,27353805
27353805,41.8743788002,-87.6481320476,1304083750.0,27353690,27353910
27353910,41.8743465619,-87.6478083883,1304083753.0,27353805,27354047
27354047,41.8743197997,-87.647555227,1304083757.0,27353910,27354434
27354434,41.8742382409,-87.6473072132,1304083768.0,27354047,27354572
27354572,41.874002993,-87.6472098226,1304083772.0,27354434,27354674
27354674,41.8737499237,-87.6472053328,1304083775.0,27354572,27354744
27354744,41.8735629861,-87.6472026968,1304083777.0,27354674,27354814
27354814,41.8733670938,-87.647208645,1304083779.0,27354744,27354889
27354889,41.8731762228,-87.6472109746,1304083781.0,27354814,27354956
27354956,41.8729912839,-87.6472101998,1304083783.0,27354889,27355030
27355030,41.8728053373,-87.6472150124,1304083785.0,27354956,27355135
27355135,41.8725412299,-87.6472008198,1304083788.0,27355030,27355244
27355244,41.8722992896,-87.6472100503,1304083791.0,27355135,27355299
27355299,41.8721114892,-87.647206678,1304083797.0,27355244,None
