76596698,41.8676420815,-87.6470489661,1303489345.0,None,76596947
76596947,41.8674510692,-87.6470291153,1303489352.0,76596698,76597194
76597194,41.8672588105,-87.647121776,1303489359.0,76596947,76597370
76597370,41.8672157464,-87.647425931,1303489364.0,76597194,76597479
76597479,41.8672139565,-87.6477270522,1303489367.0,76597370,76597575
76597575,41.8672084711,-87.6480920442,1303489370.0,76597479,76597649
76597649,41.8672052125,-87.6483490427,1303489372.0,76597575,76597723
76597723,41.8672016976,-87.6486179568,1303489374.0,76597649,76597799
76597799,41.8671983472,-87.6489108723,1303489376.0,76597723,76597864
76597864,41.8671967204,-87.6492067852,1303489378.0,76597799,76597932
76597932,41.8671945075,-87.6494977704,1303489380.0,76597864,76598009
76598009,41.8671899465,-87.6497918769,1303489382.0,76597932,76598082
76598082,41.8671839987,-87.6500888706,1303489384.0,76598009,76598147
76598147,41.8671791967,-87.6503839036,1303489386.0,76598082,76598216
76598216,41.8671728877,-87.650672893,1303489388.0,76598147,76598291
76598291,41.8671712085,-87.6509539428,1303489390.0,76598216,76598361
76598361,41.8671648603,-87.6512413814,1303489392.0,76598291,76598420
76598420,41.8671603988,-87.6515295153,1303489394.0,76598361,76598475
76598475,41.8671561306,-87.6518261837,1303489396.0,76598420,76598547
76598547,41.867153242,-87.652125853,1303489398.0,76598475,76598622
76598622,41.8671469885,-87.6524258713,1303489400.0,76598547,76598694
76598694,41.8671420442,-87.652725885,1303489402.0,76598622,76598769
76598769,41.867139209,-87.6530188206,1303489404.0,76598694,76598836
76598836,41.8671330485,-87.6533008549,1303489406.0,76598769,76598902
76598902,41.8671282574,-87.6535758823,1303489408.0,76598836,76598920
76598920,41.8671233089,-87.6538398977,1303489410.0,76598902,76598989
76598989,41.8671196416,-87.6541048219,1303489412.0,76598920,76599047
76599047,41.8671163514,-87.6543697708,1303489414.0,76598989,76599111
76599111,41.8671025272,-87.6546181011,1303489416.0,76599047,76599216
76599216,41.8670922733,-87.6549542086,1303489419.0,76599111,76599327
76599327,41.8670902446,-87.6552060884,1303489422.0,76599216,76599598
76599598,41.8670900511,-87.6554620225,1303489430.0,76599327,76600119
76600119,41.8670874618,-87.6557398967,1303489445.0,76599598,76600218
76600218,41.8670844733,-87.656026846,1303489448.0,76600119,76600328
76600328,41.8670787111,-87.6563741818,1303489451.0,76600218,76600400
76600400,41.8670801446,-87.656619047,1303489453.0,76600328,76600473
76600473,41.8670726054,-87.6568810176,1303489455.0,76600400,76600543
76600543,41.8670693238,-87.6571319913,1303489457.0,76600473,76600643
76600643,41.8670647885,-87.6574869754,1303489460.0,76600543,76600718
76600718,41.8670613219,-87.6577359933,1303489462.0,76600643,76600789
76600789,41.8670569603,-87.6579949452,1303489464.0,76600718,76600861
76600861,41.8670549856,-87.6582649574,1303489466.0,76600789,76600931
76600931,41.8670509384,-87.6585369644,1303489468.0,76600861,76601002
76601002,41.8670497466,-87.6588079017,1303489470.0,76600931,76601076
76601076,41.8670457145,-87.6590798674,1303489472.0,76601002,76601153
76601153,41.8670407934,-87.6593498734,1303489474.0,76601076,76601220
76601220,41.8670382405,-87.6596098669,1303489476.0,76601153,76601313
76601313,41.8670339183,-87.6599458345,1303489479.0,76601220,76601423
76601423,41.8670298125,-87.6602068466,1303489482.0,76601313,76601638
76601638,41.8670242609,-87.6604668285,1303489488.0,76601423,76602447
76602447,41.8670100744,-87.660766976,1303489511.0,76601638,76602551
76602551,41.8670075862,-87.6610280248,1303489514.0,76602447,76602654
76602654,41.8670022396,-87.6613340495,1303489517.0,76602551,76602753
76602753,41.8669959856,-87.6616721016,1303489520.0,76602654,76602857
76602857,41.8669897896,-87.6620219828,1303489523.0,76602753,76602933
76602933,41.8669863603,-87.6622639988,1303489525.0,76602857,76603006
76603006,41.8669842904,-87.6625149847,1303489527.0,76602933,76603078
76603078,41.866981661,-87.6627609788,1303489529.0,76603006,76603188
76603188,41.8669771154,-87.663119977,1303489532.0,76603078,76603295
76603295,41.8669702562,-87.6634719652,1303489535.0,76603188,76603402
76603402,41.8669648084,-87.6638289771,1303489538.0,76603295,76603508
76603508,41.8669566557,-87.6641869893,1303489541.0,76603402,76603615
76603615,41.8669511188,-87.6645200063,1303489544.0,76603508,76603730
76603730,41.8669456747,-87.664810018,1303489547.0,76603615,76603865
76603865,41.8669433887,-87.6651229942,1303489551.0,76603730,76604043
76604043,41.8669396772,-87.6653760798,1303489556.0,76603865,76605021
76605021,41.8669422605,-87.665623001,1303489584.0,76604043,76605160
76605160,41.8669416342,-87.6658779983,1303489588.0,76605021,76605263
76605263,41.8669402723,-87.6661520836,1303489591.0,76605160,76605371
76605371,41.866940258,-87.6664715258,1303489594.0,76605263,76605478
76605478,41.8669380399,-87.6668419631,1303489597.0,76605371,76605551
76605551,41.8669365194,-87.667116001,1303489599.0,76605478,76605623
76605623,41.8669390115,-87.6673940509,1303489601.0,76605551,76605691
76605691,41.8669415491,-87.667670089,1303489603.0,76605623,76605756
76605756,41.8669480846,-87.6679451505,1303489605.0,76605691,76605829
76605829,41.8669498081,-87.6682151641,1303489607.0,76605756,76605903
76605903,41.8669513211,-87.6684670787,1303489609.0,76605829,76606004
76606004,41.8669579912,-87.668746478,1303489612.0,76605903,76606178
76606178,41.8671154039,-87.6689233355,1303489617.0,76606004,76606273
76606273,41.867299159,-87.6689345265,1303489620.0,76606178,76606379
76606379,41.8675570916,-87.6689480442,1303489623.0,76606273,76606453
76606453,41.8677500971,-87.6689516242,1303489625.0,76606379,76606525
76606525,41.8679571278,-87.6689604719,1303489627.0,76606453,76606600
76606600,41.8681651737,-87.6689697358,1303489629.0,76606525,76606674
76606674,41.8683722672,-87.6689819238,1303489631.0,76606600,76606744
76606744,41.8685723176,-87.6689919341,1303489633.0,76606674,76606812
76606812,41.8687581996,-87.6689969571,1303489635.0,76606744,76606912
76606912,41.868994291,-87.6689934715,1303489638.0,76606812,76607155
76607155,41.8691786946,-87.6690059842,1303489645.0,76606912,76607447
76607447,41.8692529126,-87.6692595787,1303489653.0,76607155,76607549
76607549,41.8692254665,-87.6695350557,1303489656.0,76607447,76607655
76607655,41.8691831197,-87.6698704063,1303489659.0,76607549,76607721
76607721,41.8691585634,-87.6701130801,1303489661.0,76607655,76607790
76607790,41.8691709498,-87.6703649593,1303489663.0,76607721,76607857
76607857,41.8691850228,-87.6706079728,1303489665.0,76607790,76607965
76607965,41.8692009829,-87.6708994209,1303489668.0,76607857,76608118
76608118,41.8692198231,-87.6711689167,1303489672.0,76607965,76608920
76608920,41.869192271,-87.6714268297,1303489695.0,76608118,76609066
76609066,41.8691363178,-87.6716758346,1303489699.0,76608920,76609174
76609174,41.8690921509,-87.671968998,1303489702.0,76609066,76609284
76609284,41.8690935806,-87.6723340751,1303489705.0,76609174,76609354
76609354,41.8690982813,-87.6725850695,1303489707.0,76609284,76609420
76609420,41.869097753,-87.6728330119,1303489709.0,76609354,76609519
76609519,41.8691022093,-87.6731630229,1303489712.0,76609420,76609618
76609618,41.869183318,-87.6734712428,1303489715.0,76609519,76609883
76609883,41.8692722434,-87.6737091052,1303489722.0,76609618,76609986
76609986,41.8694740594,-87.6737260159,1303489726.0,76609883,76610084
76610084,41.8697049128,-87.6737108936,1303489730.0,76609986,76610200
76610200,41.8699408896,-87.6737084358,1303489734.0,76610084,76610302
76610302,41.8701349435,-87.6737159658,1303489737.0,76610200,76610406
76610406,41.8703439745,-87.6737160559,1303489740.0,76610302,76610499
76610499,41.8705470037,-87.6737283674,1303489743.0,76610406,76610593
76610593,41.8707439833,-87.6737461614,1303489746.0,76610499,76610692
76610692,41.8709390823,-87.6737547302,1303489749.0,76610593,76610828
76610828,41.8711571631,-87.6737602856,1303489753.0,76610692,76611051
76611051,41.8713578533,-87.6737654182,1303489759.0,76610828,76611371
76611371,41.8715012628,-87.6736017286,1303489768.0,76611051,None
