110141670,41.8824029886,-87.6418239987,1303168579.0,None,110141693
110141693,41.882476,-87.64205,1303168582.0,110141670,110141709
110141709,41.8825079949,-87.6422920229,1303168584.0,110141693,110141727
110141727,41.8825320821,-87.6425890421,1303168586.0,110141709,110141745
110141745,41.8825440323,-87.6428711,1303168588.0,110141727,110141765
110141765,41.8824679066,-87.643102963,1303168590.0,110141745,110141785
110141785,41.8824589748,-87.6433509799,1303168592.0,110141765,110141806
110141806,41.8824469997,-87.6435959998,1303168594.0,110141785,110141828
110141828,41.882302,-87.643824,1303168596.0,110141806,110141850
110141850,41.882142,-87.644009,1303168598.0,110141828,110141886
110141886,41.8819349553,-87.6440839322,1303168601.0,110141850,110141922
110141922,41.8817129182,-87.6442507034,1303168604.0,110141886,110141961
110141961,41.8814460029,-87.6443189289,1303168607.0,110141922,110141987
110141987,41.8812280028,-87.6443019299,1303168609.0,110141961,110142014
110142014,41.8809849999,-87.6442849089,1303168611.0,110141987,110142042
110142042,41.880694008,-87.6442478094,1303168613.0,110142014,110142070
110142070,41.8803890156,-87.6441796149,1303168615.0,110142042,110142096
110142096,41.8800849998,-87.6440957494,1303168617.0,110142070,110142126
110142126,41.8797719951,-87.6440491056,1303168619.0,110142096,110142131
110142131,41.8794800043,-87.6440342044,1303168621.0,110142126,110142139
110142139,41.8792139896,-87.6440281326,1303168623.0,110142131,110142149
110142149,41.8789600131,-87.6439963795,1303168625.0,110142139,110142161
110142161,41.8786959841,-87.6439663623,1303168627.0,110142149,110142174
110142174,41.8784379723,-87.6439363856,1303168629.0,110142161,110142188
110142188,41.8781780016,-87.6439265233,1303168631.0,110142174,110142204
110142204,41.8779289786,-87.6439145467,1303168633.0,110142188,110142220
110142220,41.8776749907,-87.6439075152,1303168635.0,110142204,110142238
110142238,41.8774049897,-87.6439075942,1303168637.0,110142220,110142256
110142256,41.8771199991,-87.6439075318,1303168639.0,110142238,110142276
110142276,41.8768289769,-87.6439104513,1303168641.0,110142256,110142296
110142296,41.8765279941,-87.6439363727,1303168643.0,110142276,110142317
110142317,41.8762209994,-87.6439660307,1303168645.0,110142296,110142339
110142339,41.8759090087,-87.6439748887,1303168647.0,110142317,110142361
110142361,41.8756140156,-87.6439827279,1303168649.0,110142339,110142385
110142385,41.8753240046,-87.6439915681,1303168651.0,110142361,110142409
110142409,41.8750300072,-87.6439974501,1303168653.0,110142385,110142433
110142433,41.8747710077,-87.6440052559,1303168655.0,110142409,110142459
110142459,41.8745608479,-87.6440139522,1303168657.0,110142433,110142498
110142498,41.8743581925,-87.6440189354,1303168660.0,110142459,110142639
110142639,41.8742626923,-87.6443129816,1303168670.0,110142498,110142684
110142684,41.8742788144,-87.6446829957,1303168673.0,110142639,110142714
110142714,41.8742838984,-87.6449810081,1303168675.0,110142684,110142743
110142743,41.8742899511,-87.6452890128,1303168677.0,110142714,110142775
110142775,41.8742959549,-87.6455860114,1303168679.0,110142743,110142808
110142808,41.8742989702,-87.6458610165,1303168681.0,110142775,110142840
110142840,41.8742991665,-87.6461270259,1303168683.0,110142808,110142873
110142873,41.8743002839,-87.6463849918,1303168685.0,110142840,110142907
110142907,41.8743063596,-87.6466370285,1303168687.0,110142873,110142942
110142942,41.87431336,-87.646900199,1303168689.0,110142907,110142976
110142976,41.8743244522,-87.6471728254,1303168691.0,110142942,110143011
110143011,41.8743608474,-87.6474466793,1303168693.0,110142976,110143047
110143047,41.8743886859,-87.6477136176,1303168695.0,110143011,110143084
110143084,41.8744191678,-87.6479926644,1303168697.0,110143047,110143120
110143120,41.8744503104,-87.6482888358,1303168699.0,110143084,110143156
110143156,41.874465758,-87.6485819677,1303168701.0,110143120,110143194
110143194,41.8744616181,-87.6488593223,1303168703.0,110143156,110143232
110143232,41.8744568333,-87.6491193899,1303168705.0,110143194,110143269
110143269,41.8744545423,-87.6493674208,1303168707.0,110143232,110143307
110143307,41.8744505787,-87.6496145182,1303168709.0,110143269,110143346
110143346,41.8744455728,-87.6498684119,1303168711.0,110143307,110143384
110143384,41.8744413845,-87.6501392385,1303168713.0,110143346,110143424
110143424,41.8744326312,-87.6504422111,1303168715.0,110143384,110143465
110143465,41.8744286044,-87.6507482783,1303168717.0,110143424,110143505
110143505,41.8744227909,-87.6510543345,1303168719.0,110143465,110143546
110143546,41.874415324,-87.6513494413,1303168721.0,110143505,110143586
110143586,41.8744100847,-87.6516335085,1303168723.0,110143546,110143628
110143628,41.8744087362,-87.6519194108,1303168725.0,110143586,110143667
110143667,41.874405935,-87.6522222372,1303168727.0,110143628,110143709
110143709,41.87440456,-87.6525421033,1303168729.0,110143667,110143750
110143750,41.8743992707,-87.6528662062,1303168731.0,110143709,110143786
110143786,41.8743932468,-87.6531993077,1303168733.0,110143750,110143822
110143822,41.8743902099,-87.6535402527,1303168735.0,110143786,110143869
110143869,41.8743878689,-87.6538902122,1303168737.0,110143822,110143916
110143916,41.8743840616,-87.6542481236,1303168739.0,110143869,110143961
110143961,41.8743796639,-87.6546061714,1303168741.0,110143916,110144002
110144002,41.874373676,-87.6549652037,1303168743.0,110143961,110144046
110144046,41.8743677496,-87.6553062053,1303168745.0,110144002,110144091
110144091,41.8743603607,-87.6556131708,1303168747.0,110144046,110144139
110144139,41.8743547508,-87.6558751485,1303168749.0,110144091,110144211
110144211,41.8743523147,-87.6561281463,1303168752.0,110144139,110144737
110144737,41.8743633434,-87.6564311078,1303168778.0,110144211,110144806
110144806,41.8743617488,-87.6566931384,1303168781.0,110144737,110144878
110144878,41.8743573784,-87.6569970768,1303168784.0,110144806,110144949
110144949,41.8743524636,-87.6573461306,1303168787.0,110144878,110145000
110145000,41.8743489944,-87.6576110299,1303168789.0,110144949,110145038
110145038,41.874344957,-87.6578969192,1303168791.0,110145000,110145092
110145092,41.8743403245,-87.658202859,1303168793.0,110145038,110145147
110145147,41.8743368626,-87.6585218717,1303168795.0,110145092,110145199
110145199,41.8743397052,-87.6588478512,1303168797.0,110145147,110145224
110145224,41.8743383849,-87.6591628662,1303168799.0,110145199,110145275
110145275,41.8743362839,-87.6594658637,1303168801.0,110145224,110145326
110145326,41.874330324,-87.6597578491,1303168803.0,110145275,110145374
110145374,41.8743234915,-87.6600488658,1303168805.0,110145326,110145429
110145429,41.8743166834,-87.660355885,1303168807.0,110145374,110145481
110145481,41.8743079933,-87.6606808723,1303168809.0,110145429,110145537
110145537,41.8743002415,-87.6610028664,1303168811.0,110145481,110145591
110145591,41.8742915658,-87.6613168771,1303168813.0,110145537,110145642
110145642,41.8742882372,-87.6616199336,1303168815.0,110145591,110145692
110145692,41.8742818572,-87.6619068716,1303168817.0,110145642,110145744
110145744,41.8742743654,-87.6621769344,1303168819.0,110145692,110145799
110145799,41.8742694438,-87.6624449141,1303168821.0,110145744,110145851
110145851,41.8742636712,-87.6627239072,1303168823.0,110145799,110145908
110145908,41.8742580143,-87.6630069344,1303168825.0,110145851,110145968
110145968,41.8742553788,-87.6632879556,1303168827.0,110145908,110146023
110146023,41.8742582431,-87.6635599709,1303168829.0,110145968,110146079
110146079,41.8742630415,-87.6638209628,1303168831.0,110146023,110146134
110146134,41.8742662643,-87.6640689506,1303168833.0,110146079,110146215
110146215,41.8742723277,-87.6643829447,1303168836.0,110146134,110146320
110146320,41.8742863925,-87.6647040071,1303168840.0,110146215,110146408
110146408,41.8742930342,-87.664982001,1303168843.0,110146320,110146488
110146488,41.8742916941,-87.6652999363,1303168846.0,110146408,110146578
110146578,41.8742870654,-87.6656088514,1303168849.0,110146488,110146669
110146669,41.8742736353,-87.6658568816,1303168852.0,110146578,110146805
110146805,41.8742816203,-87.6661609624,1303168857.0,110146669,110146921
110146921,41.8742737553,-87.6664860558,1303168861.0,110146805,110147014
110147014,41.8742502671,-87.6667949455,1303168864.0,110146921,110147112
110147112,41.8742353015,-87.6671447442,1303168867.0,110147014,110147174
110147174,41.8742230991,-87.6674076899,1303168869.0,110147112,110147230
110147230,41.8742114254,-87.6676797966,1303168871.0,110147174,110147284
110147284,41.8741905421,-87.6679498886,1303168873.0,110147230,110147340
110147340,41.8741726541,-87.668228001,1303168875.0,110147284,110147399
110147399,41.8741580203,-87.6685120651,1303168877.0,110147340,110147459
110147459,41.8741449789,-87.6687727471,1303168879.0,110147399,110147557
110147557,41.8741154096,-87.6690700929,1303168882.0,110147459,110147687
110147687,41.8739700967,-87.6692580553,1303168886.0,110147557,110147802
110147802,41.8737678843,-87.6692389524,1303168890.0,110147687,110147896
110147896,41.8735579377,-87.66920082,1303168893.0,110147802,110147986
110147986,41.8733189263,-87.6691833264,1303168896.0,110147896,110148079
110148079,41.8731208533,-87.6692016261,1303168899.0,110147986,110148297
110148297,41.8729222487,-87.6691595967,1303168906.0,110148079,110148387
110148387,41.8727360426,-87.6690677556,1303168909.0,110148297,110148493
110148493,41.8724651483,-87.6690219165,1303168912.0,110148387,110148553
110148553,41.8721968973,-87.6690342642,1303168915.0,110148493,110148688
110148688,41.8720026589,-87.6690457792,1303168919.0,110148553,110148943
110148943,41.8718200132,-87.6690964262,1303168927.0,110148688,110149048
110149048,41.8716125295,-87.6690870784,1303168930.0,110148943,110149145
110149145,41.8713722936,-87.6690665663,1303168933.0,110149048,110149245
110149245,41.8711318017,-87.669055799,1303168936.0,110149145,110149347
110149347,41.8709189597,-87.6690503161,1303168939.0,110149245,110149477
110149477,41.8707070949,-87.6690426326,1303168943.0,110149347,None
