41149719,41.8828489581,-87.6425989943,1303772087.0,None,41149940
41149940,41.8830430154,-87.6425770396,1303772096.0,41149719,41150036
41150036,41.8832238931,-87.6425200016,1303772100.0,41149940,41150124
41150124,41.8832869821,-87.6422209966,1303772104.0,41150036,41150233
41150233,41.8833189879,-87.6419230177,1303772108.0,41150124,41150507
41150507,41.8832258232,-87.6417039972,1303772119.0,41150233,41150986
41150986,41.8831033639,-87.641500658,1303772137.0,41150507,41151260
41151260,41.883027011,-87.6412810505,1303772147.0,41150986,41151398
41151398,41.8829609995,-87.6410550045,1303772152.0,41151260,41152118
41152118,41.8827809998,-87.6410650115,1303772178.0,41151398,41152702
41152702,41.8825650399,-87.6410839569,1303772197.0,41152118,41152796
41152796,41.8823659692,-87.6411260751,1303772200.0,41152702,41152935
41152935,41.8821849895,-87.6412570474,1303772204.0,41152796,41153084
41153084,41.8820940165,-87.6414939656,1303772209.0,41152935,41153175
41153175,41.8820429282,-87.6417610151,1303772212.0,41153084,41153262
41153262,41.8819630439,-87.6420500089,1303772215.0,41153175,41153337
41153337,41.8819079509,-87.6423900492,1303772218.0,41153262,41153481
41153481,41.8818550497,-87.642662072,1303772222.0,41153337,41153830
41153830,41.8817950552,-87.642928015,1303772233.0,41153481,41153923
41153923,41.8817870778,-87.6431830127,1303772236.0,41153830,41154031
41154031,41.8818101096,-87.6434970113,1303772239.0,41153923,41154124
41154124,41.8818182103,-87.6438129711,1303772242.0,41154031,41154297
41154297,41.8818011048,-87.6440662038,1303772247.0,41154124,41155217
41155217,41.8815819845,-87.6441323465,1303772274.0,41154297,41155322
41155322,41.8813409872,-87.6441391803,1303772277.0,41155217,41155386
41155386,41.8811510033,-87.6441479334,1303772279.0,41155322,41155448
41155448,41.880942009,-87.6441627518,1303772281.0,41155386,41155513
41155513,41.8807150043,-87.6441657697,1303772283.0,41155448,41155583
41155583,41.8804769977,-87.6441437571,1303772285.0,41155513,41155652
41155652,41.8802289968,-87.6441167056,1303772287.0,41155583,41155729
41155729,41.8799720102,-87.6441005923,1303772289.0,41155652,41155800
41155800,41.8797070069,-87.644082596,1303772291.0,41155729,41155877
41155877,41.8794330078,-87.6440716722,1303772293.0,41155800,41155953
41155953,41.8791500056,-87.6440596919,1303772295.0,41155877,41156021
41156021,41.8788680091,-87.6440507509,1303772297.0,41155953,41156087
41156087,41.8785700025,-87.6440397295,1303772299.0,41156021,41156157
41156157,41.878273994,-87.6440286717,1303772301.0,41156087,41156225
41156225,41.8779790025,-87.6440177729,1303772303.0,41156157,41156295
41156295,41.8776920069,-87.6440018182,1303772305.0,41156225,41156370
41156370,41.8774019952,-87.6439908312,1303772307.0,41156295,41156441
41156441,41.8771070104,-87.643973102,1303772309.0,41156370,41156526
41156526,41.8768149799,-87.6439561662,1303772311.0,41156441,41156600
41156600,41.8765209896,-87.6439679671,1303772313.0,41156526,41156670
41156670,41.8762249988,-87.6439729103,1303772315.0,41156600,41156737
41156737,41.8759220088,-87.6439739058,1303772317.0,41156670,41156813
41156813,41.8756140146,-87.6439650157,1303772319.0,41156737,41156886
41156886,41.8753200029,-87.6439620026,1303772321.0,41156813,41156959
41156959,41.8750769939,-87.6439550027,1303772323.0,41156886,41157028
41157028,41.8748849862,-87.6439519127,1303772325.0,41156959,41157068
41157068,41.8746949542,-87.6439399292,1303772328.0,41157028,41157125
41157125,41.8745109483,-87.6439403245,1303772338.0,41157068,41157157
41157157,41.8743641245,-87.6440898839,1303772342.0,41157125,41157180
41157180,41.8743672307,-87.6443500315,1303772345.0,41157157,41157210
41157210,41.8743731721,-87.6446490275,1303772348.0,41157180,41157240
41157240,41.8743702441,-87.6450040315,1303772351.0,41157210,41157262
41157262,41.8743673269,-87.6452820344,1303772353.0,41157240,41157283
41157283,41.8743664045,-87.6455810344,1303772355.0,41157262,41157307
41157307,41.8743654301,-87.645876038,1303772357.0,41157283,41157330
41157330,41.8743643482,-87.6461550236,1303772359.0,41157307,41157367
41157367,41.8743679563,-87.6464790299,1303772362.0,41157330,41157418
41157418,41.8743726877,-87.6467310296,1303772366.0,41157367,41157632
41157632,41.8743726606,-87.6470328885,1303772381.0,41157418,41157680
41157680,41.8743879665,-87.6473020026,1303772384.0,41157632,41157727
41157727,41.8744251406,-87.6476483705,1303772387.0,41157680,41157759
41157759,41.8744482313,-87.6479212056,1303772389.0,41157727,41157792
41157792,41.8744740803,-87.6482144493,1303772391.0,41157759,41157824
41157824,41.8744979318,-87.648500929,1303772393.0,41157792,41157858
41157858,41.8744978952,-87.648797054,1303772395.0,41157824,41157893
41157893,41.8744893769,-87.6491011393,1303772397.0,41157858,41157928
41157928,41.8744841896,-87.6494041769,1303772399.0,41157893,41157963
41157963,41.8744787632,-87.6497111375,1303772401.0,41157928,41157999
41157999,41.8744752201,-87.6500320386,1303772403.0,41157963,41158036
41158036,41.8744679504,-87.6503660103,1303772405.0,41157999,41158072
41158072,41.8744605453,-87.6507150321,1303772407.0,41158036,41158108
41158108,41.8744497667,-87.6510761395,1303772409.0,41158072,41158146
41158146,41.8744433002,-87.6514411754,1303772411.0,41158108,41158184
41158184,41.8744353445,-87.6518041704,1303772413.0,41158146,41158224
41158224,41.874427932,-87.6521660564,1303772415.0,41158184,41158262
41158262,41.874423229,-87.6525370138,1303772417.0,41158224,41158300
41158300,41.874418943,-87.6529040516,1303772419.0,41158262,41158338
41158338,41.8744121808,-87.6532631171,1303772421.0,41158300,41158377
41158377,41.8744035947,-87.6536190952,1303772423.0,41158338,41158420
41158420,41.8743975659,-87.6539670947,1303772425.0,41158377,41158460
41158460,41.8743901389,-87.6542860708,1303772427.0,41158420,41158501
41158501,41.8743844601,-87.654580133,1303772429.0,41158460,41158542
41158542,41.8743803403,-87.654862142,1303772431.0,41158501,41158582
41158582,41.874373855,-87.6551301869,1303772433.0,41158542,41158624
41158624,41.8743681839,-87.6553831766,1303772435.0,41158582,41158672
41158672,41.8743629943,-87.6557351113,1303772438.0,41158624,41158738
41158738,41.8743597312,-87.6560450902,1303772441.0,41158672,41158810
41158810,41.8743548855,-87.656298095,1303772444.0,41158738,41159394
41159394,41.8743521018,-87.6565475023,1303772473.0,41158810,41159561
41159561,41.8743527025,-87.6568490875,1303772480.0,41159394,41159632
41159632,41.8743502383,-87.6571300945,1303772483.0,41159561,41159709
41159709,41.874346163,-87.657483124,1303772486.0,41159632,41159754
41159754,41.8743424182,-87.6577580343,1303772488.0,41159709,41159806
41159806,41.8743376346,-87.6580569113,1303772490.0,41159754,41159858
41159858,41.8743305801,-87.6583799195,1303772492.0,41159806,41159904
41159904,41.8743261189,-87.6587219268,1303772494.0,41159858,41159940
41159940,41.8743225795,-87.6590779312,1303772496.0,41159904,41159959
41159959,41.8743159356,-87.6594289248,1303772498.0,41159940,41159966
41159966,41.8743100125,-87.6597679289,1303772500.0,41159959,41159975
41159975,41.8743016683,-87.6600979599,1303772502.0,41159966,41159986
41159986,41.8742958943,-87.6604259648,1303772504.0,41159975,41159998
41159998,41.8742908465,-87.6607429643,1303772506.0,41159986,41160012
41160012,41.8742834152,-87.6610339784,1303772508.0,41159998,41160027
41160027,41.8742783928,-87.6612919876,1303772510.0,41160012,41160044
41160044,41.874275017,-87.6615639612,1303772513.0,41160027,41160209
41160209,41.8742710923,-87.6618509048,1303772529.0,41160044,41160244
41160244,41.8742670518,-87.6621149984,1303772532.0,41160209,41160283
41160283,41.8742627151,-87.6624599467,1303772535.0,41160244,41160308
41160308,41.8742586291,-87.6627289397,1303772537.0,41160283,41160335
41160335,41.8742554856,-87.6630229393,1303772539.0,41160308,41160363
41160363,41.8742554018,-87.6633379632,1303772541.0,41160335,41160390
41160390,41.8742567906,-87.6636709495,1303772543.0,41160363,41160418
41160418,41.8742619307,-87.6640269323,1303772545.0,41160390,41160448
41160448,41.8742665401,-87.664399899,1303772547.0,41160418,41160472
41160472,41.8742721033,-87.6647888954,1303772549.0,41160448,41160504
41160504,41.8742790089,-87.6651739069,1303772551.0,41160472,41160536
41160536,41.8742770409,-87.6655428903,1303772553.0,41160504,41160565
41160565,41.8742718447,-87.6658928856,1303772555.0,41160536,41160596
41160596,41.8742629109,-87.6662322081,1303772557.0,41160565,41160630
41160630,41.8742536804,-87.6665471277,1303772559.0,41160596,41160663
41160663,41.8742480464,-87.6668378423,1303772561.0,41160630,41160695
41160695,41.874244814,-87.6671196647,1303772563.0,41160663,41160728
41160728,41.8742460358,-87.6674046497,1303772565.0,41160695,41160764
41160764,41.8742460831,-87.6677046352,1303772567.0,41160728,41160798
41160798,41.8742348671,-87.6680067575,1303772569.0,41160764,41160833
41160833,41.874225011,-87.6683190028,1303772571.0,41160798,41160866
41160866,41.8742122637,-87.6686202126,1303772573.0,41160833,41160902
41160902,41.8742052361,-87.6688844371,1303772575.0,41160866,41160957
41160957,41.8741780667,-87.6691634079,1303772578.0,41160902,41161031
41161031,41.8740019594,-87.6692475796,1303772582.0,41160957,41161107
41161107,41.8738228443,-87.6692195669,1303772586.0,41161031,41161166
41161166,41.8735969646,-87.6692125857,1303772589.0,41161107,41161205
41161205,41.8734159797,-87.6692141744,1303772591.0,41161166,41161262
41161262,41.8731899275,-87.6692224291,1303772594.0,41161205,41161405
41161405,41.8729980976,-87.6692069259,1303772601.0,41161262,41161467
41161467,41.8728182183,-87.6690975323,1303772604.0,41161405,41161523
41161523,41.8726290145,-87.6689535673,1303772607.0,41161467,41161587
41161587,41.8724011351,-87.6689278969,1303772610.0,41161523,41161646
41161646,41.8721549144,-87.6689562972,1303772613.0,41161587,41161719
41161719,41.8719748326,-87.6690022961,1303772617.0,41161646,41161776
41161776,41.8717741613,-87.669023078,1303772621.0,41161719,41161817
41161817,41.8715552161,-87.6690175377,1303772624.0,41161776,41161872
41161872,41.8712794939,-87.6690085234,1303772627.0,41161817,41161913
41161913,41.8710764617,-87.6689989608,1303772629.0,41161872,41161959
41161959,41.8708544515,-87.6689851306,1303772631.0,41161913,41162006
41162006,41.8706265491,-87.6689730022,1303772633.0,41161959,41162054
41162054,41.8704057007,-87.6689731671,1303772635.0,41162006,41162102
41162102,41.8701887615,-87.6689769802,1303772637.0,41162054,41162143
41162143,41.8699847544,-87.6689731883,1303772639.0,41162102,41162190
41162190,41.8697957808,-87.6689693762,1303772641.0,41162143,41162264
41162264,41.8695817221,-87.6689638353,1303772644.0,41162190,41162406
41162406,41.8694035329,-87.6690783221,1303772650.0,41162264,41162498
41162498,41.8693846026,-87.669407153,1303772654.0,41162406,41162570
41162570,41.8693892709,-87.6697101912,1303772657.0,41162498,41162645
41162645,41.8693854538,-87.669989951,1303772660.0,41162570,None
