55736454,41.8742914044,-87.6521960622,1301973475.0,None,55736813
55736813,41.8742969815,-87.6519120518,1301973485.0,55736454,55736962
55736962,41.8743166575,-87.6516127766,1301973489.0,55736813,55737071
55737071,41.8743239153,-87.651357801,1301973492.0,55736962,55737175
55737175,41.8743361316,-87.651094696,1301973495.0,55737071,55737270
55737270,41.8743386245,-87.6508077631,1301973498.0,55737175,55737377
55737377,41.8743407804,-87.650523871,1301973501.0,55737270,55737499
55737499,41.8743415869,-87.6502329006,1301973504.0,55737377,55737616
55737616,41.874345744,-87.6499407992,1301973507.0,55737499,55737721
55737721,41.8743632555,-87.6496568136,1301973510.0,55737616,55737825
55737825,41.8743741356,-87.649360775,1301973513.0,55737721,55737930
55737930,41.8743828872,-87.649048689,1301973516.0,55737825,55738041
55738041,41.8743784521,-87.6487148585,1301973519.0,55737930,55738148
55738148,41.8743628693,-87.6483972303,1301973522.0,55738041,55738265
55738265,41.8743148864,-87.6480874794,1301973525.0,55738148,55738379
55738379,41.8742571888,-87.6478021294,1301973528.0,55738265,55738516
55738516,41.8742493475,-87.6474939568,1301973532.0,55738379,55738657
55738657,41.8740851317,-87.6472801657,1301973536.0,55738516,55738811
55738811,41.8738489923,-87.6472254412,1301973540.0,55738657,55738924
55738924,41.8736449963,-87.6472095348,1301973543.0,55738811,55739033
55739033,41.8734250182,-87.6471992463,1301973546.0,55738924,55739153
55739153,41.8731851626,-87.6471995756,1301973549.0,55739033,55739223
55739223,41.8729461852,-87.6471833011,1301973552.0,55739153,55739313
55739313,41.8726972744,-87.6471781648,1301973555.0,55739223,55739390
55739390,41.8724602036,-87.6471824998,1301973558.0,55739313,55739481
55739481,41.8722383482,-87.6471706792,1301973561.0,55739390,55739564
55739564,41.8720112985,-87.6471555377,1301973564.0,55739481,55739660
55739660,41.8717861531,-87.6471354561,1301973567.0,55739564,55739749
55739749,41.8715580618,-87.6471156695,1301973570.0,55739660,55739849
55739849,41.871309071,-87.6471109403,1301973573.0,55739749,55739962
55739962,41.8710530879,-87.6471094871,1301973576.0,55739849,55740069
55740069,41.8708031021,-87.6471073658,1301973579.0,55739962,55740177
55740177,41.8705691861,-87.647113604,1301973582.0,55740069,55740287
55740287,41.8703492513,-87.6471248869,1301973585.0,55740177,55740396
55740396,41.8701631552,-87.6471369353,1301973588.0,55740287,55740536
55740536,41.8699681489,-87.6471558531,1301973592.0,55740396,55740671
55740671,41.8697796757,-87.6471737786,1301973596.0,55740536,55740778
55740778,41.8695875574,-87.6471834657,1301973599.0,55740671,55740876
55740876,41.8693764495,-87.6471554666,1301973602.0,55740778,55740993
55740993,41.8691561176,-87.6471333575,1301973605.0,55740876,55741105
55741105,41.8689262264,-87.6471215242,1301973608.0,55740993,55741212
55741212,41.868684243,-87.647117655,1301973611.0,55741105,55741307
55741307,41.8684431375,-87.6471073862,1301973614.0,55741212,55741414
55741414,41.8682088797,-87.6471033816,1301973617.0,55741307,55741509
55741509,41.8679928112,-87.6471093155,1301973620.0,55741414,55741617
55741617,41.867797972,-87.6471238863,1301973623.0,55741509,55741768
55741768,41.8675991923,-87.6471267878,1301973627.0,55741617,55742373
55742373,41.8673909811,-87.6470969562,1301973644.0,55741768,55742505
55742505,41.8671508439,-87.6470914166,1301973648.0,55742373,55742614
55742614,41.8669452183,-87.6470578025,1301973651.0,55742505,55742717
55742717,41.866728131,-87.647047223,1301973654.0,55742614,55742824
55742824,41.8665150684,-87.6470654199,1301973657.0,55742717,55742940
55742940,41.8662990126,-87.647067898,1301973660.0,55742824,55743047
55743047,41.8661070008,-87.6470661611,1301973663.0,55742940,55743184
55743184,41.8659079132,-87.6470086597,1301973667.0,55743047,55743324
55743324,41.8657123451,-87.6469801657,1301973671.0,55743184,55743464
55743464,41.8654972135,-87.6469454831,1301973675.0,55743324,55743653
55743653,41.8653040004,-87.6469154431,1301973680.0,55743464,55744173
55744173,41.8654290027,-87.6471117535,1301973695.0,55743653,55744568
55744568,41.865248066,-87.6469919273,1301973707.0,55744173,55744711
55744711,41.8650161388,-87.6469598012,1301973711.0,55744568,55744806
55744806,41.864809165,-87.6469621571,1301973714.0,55744711,55744908
55744908,41.8645870991,-87.6469663654,1301973717.0,55744806,55745017
55745017,41.864354047,-87.6469458621,1301973720.0,55744908,55745127
55745127,41.8641150656,-87.6469163726,1301973723.0,55745017,55745238
55745238,41.863881097,-87.6468899401,1301973726.0,55745127,55745345
55745345,41.8636421047,-87.6468620635,1301973729.0,55745238,55745454
55745454,41.8634081299,-87.6468596901,1301973732.0,55745345,55745559
55745559,41.8632201139,-87.646883442,1301973735.0,55745454,55745882
55745882,41.8630440207,-87.6469498561,1301973744.0,55745559,55746057
55746057,41.8630369747,-87.6472489697,1301973749.0,55745882,55746164
55746164,41.863012028,-87.6474920106,1301973752.0,55746057,55746271
55746271,41.8629860533,-87.6477470084,1301973755.0,55746164,55746382
55746382,41.8629600665,-87.6480940162,1301973759.0,55746271,55746527
55746527,41.8629270134,-87.6483980163,1301973763.0,55746382,55746736
55746736,41.8628809462,-87.648655993,1301973769.0,55746527,55746875
55746875,41.8628609329,-87.6489099972,1301973773.0,55746736,55747024
55747024,41.8628488719,-87.6492249687,1301973777.0,55746875,55747122
55747122,41.8628329381,-87.649478961,1301973780.0,55747024,55747230
55747230,41.8628209826,-87.6497379965,1301973783.0,55747122,55747331
55747331,41.8628109888,-87.6499939996,1301973786.0,55747230,55747463
55747463,41.8627819689,-87.6502899986,1301973790.0,55747331,55747638
55747638,41.8627539224,-87.6505430795,1301973796.0,55747463,55748013
55748013,41.8629149454,-87.6506958417,1301973806.0,55747638,55748174
55748174,41.8630660153,-87.6508841378,1301973811.0,55748013,55748341
55748341,41.8632581838,-87.6509939984,1301973816.0,55748174,55748593
55748593,41.8634380733,-87.651061219,1301973823.0,55748341,55748734
55748734,41.8636181103,-87.6510775066,1301973827.0,55748593,55748882
55748882,41.8638420567,-87.6510891549,1301973831.0,55748734,55749017
55749017,41.8640750678,-87.6510929079,1301973835.0,55748882,55749164
55749164,41.8642980331,-87.6511022396,1301973839.0,55749017,55749302
55749302,41.8644820572,-87.651095484,1301973843.0,55749164,55749592
55749592,41.8646902199,-87.6510539533,1301973851.0,55749302,55749734
55749734,41.8649111427,-87.6510597954,1301973855.0,55749592,55749841
55749841,41.8650921562,-87.6510603958,1301973858.0,55749734,55749944
55749944,41.8652891651,-87.6510589468,1301973861.0,55749841,55750041
55750041,41.8654871735,-87.651057666,1301973864.0,55749944,55750113
55750113,41.8656901711,-87.6510624648,1301973867.0,55750041,55750180
55750180,41.8658981855,-87.6510613351,1301973870.0,55750113,55750285
55750285,41.8660861841,-87.6510566296,1301973873.0,55750180,55750369
55750369,41.8662741854,-87.6510646291,1301973876.0,55750285,55750483
55750483,41.8664982953,-87.6510794387,1301973880.0,55750369,55750663
55750663,41.8666833203,-87.6510875857,1301973886.0,55750483,55751190
55751190,41.866872535,-87.6511893406,1301973901.0,55750663,55751330
55751330,41.8669930285,-87.6514197016,1301973905.0,55751190,55751470
55751470,41.8670412268,-87.6517323053,1301973909.0,55751330,55751577
55751577,41.8670764361,-87.6520043883,1301973912.0,55751470,55751679
55751679,41.8671042361,-87.6522764394,1301973915.0,55751577,55751788
55751788,41.8671212001,-87.6525414449,1301973918.0,55751679,55751925
55751925,41.8671327759,-87.6528500643,1301973922.0,55751788,55752145
55752145,41.8671407674,-87.653103748,1301973928.0,55751925,None
