56157839,41.8680777989,-87.65099416,1302120919.0,None,56158273
56158273,41.8682908179,-87.6510048477,1302120932.0,56157839,56158387
56158387,41.8684968415,-87.6510165452,1302120935.0,56158273,56158511
56158511,41.868696894,-87.6510316069,1302120938.0,56158387,56158651
56158651,41.8689159298,-87.6510481885,1302120942.0,56158511,56159189
56159189,41.8690968472,-87.6510634363,1302120957.0,56158651,56159699
56159699,41.8692855884,-87.6510764067,1302120971.0,56159189,56159957
56159957,41.8694558831,-87.6509028016,1302120978.0,56159699,56160098
56160098,41.8694764771,-87.6506187018,1302120982.0,56159957,56160202
56160202,41.8694933294,-87.6502888771,1302120985.0,56160098,56160246
56160246,41.8695038601,-87.6500328546,1302120987.0,56160202,56160324
56160324,41.8695146802,-87.6497478705,1302120989.0,56160246,56160373
56160373,41.8695238869,-87.649455886,1302120991.0,56160324,56160421
56160421,41.8695320632,-87.6491739095,1302120993.0,56160373,56160490
56160490,41.8695365483,-87.648919948,1302120995.0,56160421,56160576
56160576,41.8695379724,-87.6486119438,1302120998.0,56160490,56160713
56160713,41.8695437022,-87.6483688325,1302121003.0,56160576,56161305
56161305,41.8695785792,-87.6480928348,1302121021.0,56160713,56161484
56161484,41.8696064048,-87.6478258653,1302121026.0,56161305,56161631
56161631,41.8696274031,-87.6475488988,1302121030.0,56161484,56161776
56161776,41.869575435,-87.6472935778,1302121034.0,56161631,56161909
56161909,41.8694001037,-87.6471604424,1302121038.0,56161776,56162075
56162075,41.8691850049,-87.6470938523,1302121043.0,56161909,56162767
56162767,41.8690079344,-87.6470550994,1302121063.0,56162075,56163735
56163735,41.8688231643,-87.647074873,1302121091.0,56162767,56163907
56163907,41.8686377452,-87.6470011603,1302121096.0,56163735,56164089
56164089,41.868447863,-87.6469459289,1302121101.0,56163907,56164233
56164233,41.8682660284,-87.6469886252,1302121105.0,56164089,56164436
56164436,41.868066232,-87.6470271771,1302121111.0,56164233,56164783
56164783,41.8678801592,-87.6470495752,1302121121.0,56164436,56165616
56165616,41.8676819438,-87.6470156619,1302121145.0,56164783,56165896
56165896,41.8674967348,-87.6469797758,1302121153.0,56165616,56166261
56166261,41.8673137904,-87.6470538727,1302121164.0,56165896,56166436
56166436,41.8672856209,-87.6473388857,1302121169.0,56166261,56166570
56166570,41.8672838545,-87.6476538548,1302121173.0,56166436,56166679
56166679,41.8672828567,-87.6479277823,1302121176.0,56166570,56166788
56166788,41.8672833162,-87.6482307457,1302121179.0,56166679,56166887
56166887,41.8672746847,-87.6485486866,1302121182.0,56166788,56166990
56166990,41.867260469,-87.6488757185,1302121185.0,56166887,56167095
56167095,41.8672464818,-87.6491966395,1302121188.0,56166990,56167197
56167197,41.8672308584,-87.6495176553,1302121191.0,56167095,56167308
56167308,41.8672121399,-87.6498497434,1302121194.0,56167197,56167423
56167423,41.867200262,-87.6501867813,1302121197.0,56167308,56167533
56167533,41.8671934352,-87.6504977262,1302121200.0,56167423,56167629
56167629,41.8671883946,-87.6508123726,1302121203.0,56167533,56167738
56167738,41.8671856122,-87.6511428488,1302121206.0,56167629,56167838
56167838,41.8671778723,-87.6514701434,1302121209.0,56167738,56167939
56167939,41.8671723063,-87.651791818,1302121212.0,56167838,56168049
56168049,41.8671687078,-87.6520996226,1302121215.0,56167939,56168162
56168162,41.8671638197,-87.6523945962,1302121218.0,56168049,56168258
56168258,41.8671559391,-87.652684622,1302121221.0,56168162,56168362
56168362,41.8671518147,-87.6529726056,1302121224.0,56168258,56168468
56168468,41.8671409707,-87.653266647,1302121227.0,56168362,56168569
56168569,41.8671341804,-87.6535657117,1302121230.0,56168468,56168671
56168671,41.8671243571,-87.6538897826,1302121233.0,56168569,56168782
56168782,41.8671119115,-87.6542399985,1302121236.0,56168671,56168887
56168887,41.8671061547,-87.6545859505,1302121239.0,56168782,56168993
56168993,41.8671017822,-87.6549138031,1302121242.0,56168887,56169099
56169099,41.8670966724,-87.6552308783,1302121245.0,56168993,56169212
56169212,41.8670934231,-87.6554919158,1302121248.0,56169099,56169869
56169869,41.8670782662,-87.6557421758,1302121267.0,56169212,56170106
56170106,41.867054059,-87.6560404742,1302121274.0,56169869,56170214
56170214,41.8670627034,-87.6563671638,1302121277.0,56170106,56170289
56170289,41.8670667465,-87.6566375872,1302121279.0,56170214,56170362
56170362,41.8670676502,-87.6569500884,1302121281.0,56170289,56170433
56170433,41.8670665072,-87.6572829727,1302121283.0,56170362,56170442
56170442,41.8670605505,-87.6576250406,1302121285.0,56170433,56170493
56170493,41.8670538532,-87.6579610028,1302121287.0,56170442,56170530
56170530,41.8670473473,-87.6582920513,1302121289.0,56170493,56170593
56170593,41.8670429697,-87.6586280254,1302121291.0,56170530,56170649
56170649,41.8670373189,-87.6589650298,1302121293.0,56170593,56170706
56170706,41.8670307801,-87.6593000158,1302121295.0,56170649,56170769
56170769,41.867024973,-87.6596390231,1302121297.0,56170706,56170830
56170830,41.8670198722,-87.659970009,1302121299.0,56170769,56170864
56170864,41.8670119672,-87.6602840524,1302121301.0,56170830,56170936
56170936,41.8670050228,-87.6605520508,1302121303.0,56170864,56171048
56171048,41.8670013111,-87.6608690863,1302121306.0,56170936,56171191
56171191,41.8669948477,-87.6611481277,1302121310.0,56171048,56172056
56172056,41.867003334,-87.6613970049,1302121335.0,56171191,56172153
56172153,41.8670056285,-87.6616480244,1302121338.0,56172056,56172254
56172254,41.8670052716,-87.6619997998,1302121341.0,56172153,56172324
56172324,41.8670020814,-87.6622778015,1302121343.0,56172254,56172389
56172389,41.866995422,-87.6625818604,1302121345.0,56172324,56172464
56172464,41.8669866814,-87.6628998975,1302121347.0,56172389,56172540
56172540,41.8669800671,-87.6632179097,1302121349.0,56172464,56172608
56172608,41.8669755447,-87.6635358843,1302121351.0,56172540,56172682
56172682,41.8669703597,-87.6638578982,1302121353.0,56172608,56172748
56172748,41.8669658661,-87.6641688716,1302121355.0,56172682,56172823
56172823,41.866962519,-87.6644668988,1302121357.0,56172748,56172887
56172887,41.8669600232,-87.6647488727,1302121359.0,56172823,56172958
56172958,41.866956711,-87.6650168992,1302121361.0,56172887,56173028
56173028,41.8669529439,-87.6652659334,1302121363.0,56172958,56173141
56173141,41.8669502711,-87.665570973,1302121366.0,56173028,56173280
56173280,41.8669459297,-87.6658669852,1302121370.0,56173141,56173462
56173462,41.8669446008,-87.6661430748,1302121375.0,56173280,56173566
56173566,41.8669480487,-87.666437513,1302121378.0,56173462,56173639
56173639,41.8669493247,-87.6666880103,1302121380.0,56173566,56173712
56173712,41.8669508536,-87.666971939,1302121382.0,56173639,56173787
56173787,41.8669530607,-87.6672810061,1302121384.0,56173712,56173855
56173855,41.866954903,-87.6675861267,1302121386.0,56173787,56173918
56173918,41.8669562339,-87.6678812024,1302121388.0,56173855,56173987
56173987,41.8669546669,-87.6681572092,1302121390.0,56173918,56174094
56174094,41.8669577123,-87.6684821105,1302121393.0,56173987,56174658
56174658,41.8669662436,-87.6687331771,1302121409.0,56174094,56174860
56174860,41.8670805377,-87.6689256467,1302121415.0,56174658,56174966
56174966,41.8672991585,-87.6689345275,1302121419.0,56174860,56175062
56175062,41.8675390592,-87.6689346651,1302121422.0,56174966,56175160
56175160,41.8678100552,-87.6689420817,1302121425.0,56175062,56175235
56175235,41.8680050495,-87.6689455894,1302121427.0,56175160,56175313
56175313,41.8681989806,-87.6689457895,1302121429.0,56175235,56175389
56175389,41.8683910057,-87.6689484339,1302121431.0,56175313,56175461
56175461,41.8685810034,-87.6689549866,1302121433.0,56175389,56175526
56175526,41.8687610701,-87.6689577204,1302121435.0,56175461,56175630
56175630,41.868982188,-87.6689594486,1302121438.0,56175526,56175869
56175869,41.8691726303,-87.6689646155,1302121445.0,56175630,56176219
56176219,41.869263805,-87.6692227046,1302121455.0,56175869,56176362
56176362,41.8692528532,-87.6695488095,1302121459.0,56176219,56176463
56176463,41.8692520188,-87.6698243056,1302121462.0,56176362,56176558
56176558,41.8692592708,-87.6700978909,1302121465.0,56176463,56176659
56176659,41.869255708,-87.6703630239,1302121468.0,56176558,56176768
56176768,41.8692687503,-87.6706380872,1302121471.0,56176659,56176872
56176872,41.8692749764,-87.6708865341,1302121474.0,56176768,56177019
56177019,41.8692836481,-87.6711488441,1302121478.0,56176872,56177337
56177337,41.8692923346,-87.6714085213,1302121487.0,56177019,56177543
56177543,41.8692716221,-87.6717108306,1302121493.0,56177337,56177690
56177690,41.8692474705,-87.6720257683,1302121497.0,56177543,56177798
56177798,41.8692562306,-87.6722820568,1302121500.0,56177690,56177906
56177906,41.8692572991,-87.672554109,1302121503.0,56177798,56178005
56178005,41.8692446233,-87.6727960592,1302121506.0,56177906,56178142
56178142,41.8691968946,-87.6730971908,1302121510.0,56178005,56178245
56178245,41.8690969938,-87.6733068754,1302121513.0,56178142,56178458
56178458,41.8691662857,-87.6735663331,1302121519.0,56178245,56178671
56178671,41.8693443316,-87.6737085503,1302121525.0,56178458,56178815
56178815,41.8695571218,-87.6737638078,1302121529.0,56178671,56178921
56178921,41.8697610082,-87.6737634589,1302121532.0,56178815,56179016
56179016,41.8699649951,-87.6737737281,1302121535.0,56178921,56179118
56179118,41.8701630031,-87.6737855877,1302121538.0,56179016,56179267
56179267,41.870382026,-87.6738055886,1302121542.0,56179118,56179409
56179409,41.870591003,-87.6737870789,1302121546.0,56179267,56179598
56179598,41.8707970204,-87.673843506,1302121551.0,56179409,56180191
56180191,41.8709810954,-87.6738724398,1302121568.0,56179598,56180822
56180822,41.8710689667,-87.6736643663,1302121586.0,56180191,56180988
56180988,41.8711631243,-87.6734381903,1302121594.0,56180822,None
