12306509,41.8669273139,-87.6658570596,1302235339.0,None,12306875
12306875,41.866923677,-87.6661510789,1302235351.0,12306509,12306966
12306966,41.866925977,-87.6665223876,1302235354.0,12306875,12307027
12307027,41.8669250459,-87.6668200031,1302235356.0,12306966,12307088
12307088,41.8669245897,-87.667150056,1302235358.0,12307027,12307150
12307150,41.8669245882,-87.6674840179,1302235360.0,12307088,12307210
12307210,41.8669285058,-87.6678069363,1302235362.0,12307150,12307264
12307264,41.8669317662,-87.6681159428,1302235364.0,12307210,12307335
12307335,41.866933761,-87.6683999526,1302235366.0,12307264,12307426
12307426,41.8669324096,-87.6687350008,1302235369.0,12307335,12307564
12307564,41.8670228231,-87.6689493687,1302235373.0,12307426,12307680
12307680,41.8672262322,-87.668940036,1302235377.0,12307564,12307774
12307774,41.8674810793,-87.6689344048,1302235380.0,12307680,12307837
12307837,41.8677030655,-87.6689401637,1302235382.0,12307774,12307900
12307900,41.8679530644,-87.6689501774,1302235384.0,12307837,12307963
12307963,41.8682100933,-87.6689608885,1302235386.0,12307900,12308031
12308031,41.8684561849,-87.6689677368,1302235388.0,12307963,12308103
12308103,41.8686651727,-87.6689783178,1302235390.0,12308031,12308198
12308198,41.8689221964,-87.6689704185,1302235393.0,12308103,12308325
12308325,41.8691117891,-87.6689468443,1302235398.0,12308198,12308722
12308722,41.8692613132,-87.6690708177,1302235410.0,12308325,12308853
12308853,41.8692970198,-87.6693521854,1302235414.0,12308722,12308961
12308961,41.8693203942,-87.6697063386,1302235417.0,12308853,12309033
12309033,41.8692998624,-87.6700227997,1302235419.0,12308961,12309097
12309097,41.869270972,-87.6703469885,1302235421.0,12309033,12309160
12309160,41.8692508077,-87.6706240116,1302235423.0,12309097,12309264
12309264,41.8692521177,-87.6709393568,1302235426.0,12309160,12309387
12309387,41.8692420494,-87.6711987034,1302235430.0,12309264,12309670
12309670,41.8693596492,-87.6713927047,1302235438.0,12309387,12309839
12309839,41.8694814345,-87.6716530147,1302235443.0,12309670,12309908
12309908,41.8694725998,-87.6719108445,1302235445.0,12309839,12309982
12309982,41.8694475635,-87.6722228987,1302235447.0,12309908,12310055
12310055,41.8694324367,-87.672554934,1302235449.0,12309982,12310121
12310121,41.8694304445,-87.6728221818,1302235451.0,12310055,12310192
12310192,41.8694191059,-87.673066092,1302235453.0,12310121,12310265
12310265,41.8694010675,-87.6733396647,1302235455.0,12310192,12310344
12310344,41.8693731184,-87.6736280571,1302235457.0,12310265,12310416
12310416,41.8693529494,-87.673936988,1302235459.0,12310344,12310481
12310481,41.8693317605,-87.6742689597,1302235461.0,12310416,12310551
12310551,41.869320476,-87.6745739402,1302235463.0,12310481,12310626
12310626,41.8693180117,-87.6748348375,1302235465.0,12310551,12310738
12310738,41.8692994854,-87.675167868,1302235468.0,12310626,12310876
12310876,41.8692909542,-87.6754461478,1302235472.0,12310738,12311217
12311217,41.8692194422,-87.6756866295,1302235481.0,12310876,12311390
12311390,41.8692181414,-87.6760031166,1302235486.0,12311217,12311496
12311496,41.8691899071,-87.6763277209,1302235489.0,12311390,12311606
12311606,41.8691703913,-87.6766798233,1302235492.0,12311496,12311680
12311680,41.8691589518,-87.676952898,1302235494.0,12311606,12311758
12311758,41.8691514385,-87.6772509206,1302235496.0,12311680,12311830
12311830,41.8691465694,-87.6775649261,1302235498.0,12311758,12311903
12311903,41.8691390145,-87.6778949364,1302235500.0,12311830,12311977
12311977,41.8691322695,-87.6782279691,1302235502.0,12311903,12312052
12312052,41.8691155475,-87.6785690353,1302235504.0,12311977,12312127
12312127,41.8691025204,-87.6789230175,1302235506.0,12312052,12312196
12312196,41.8690958236,-87.6792780261,1302235508.0,12312127,12312268
12312268,41.8690890234,-87.6796160633,1302235510.0,12312196,12312345
12312345,41.8690845591,-87.6799251502,1302235512.0,12312268,12312424
12312424,41.869085008,-87.6801852127,1302235514.0,12312345,12312519
12312519,41.86906642,-87.6804542135,1302235517.0,12312424,12313366
12313366,41.8690706126,-87.6807030615,1302235544.0,12312519,12313455
12313455,41.8690673562,-87.680947192,1302235547.0,12313366,12313557
12313557,41.869057682,-87.6812703563,1302235550.0,12313455,12313626
12313626,41.8690448651,-87.6815324219,1302235552.0,12313557,12313698
12313698,41.8690348504,-87.6818123985,1302235554.0,12313626,12313772
12313772,41.8690313272,-87.682115286,1302235556.0,12313698,12313840
12313840,41.8690305952,-87.6824342418,1302235558.0,12313772,12313908
12313908,41.8690253272,-87.6827381769,1302235560.0,12313840,12313979
12313979,41.869023985,-87.683008061,1302235562.0,12313908,12314080
12314080,41.8690373241,-87.6833240715,1302235565.0,12313979,12314586
12314586,41.8690175436,-87.6836064298,1302235580.0,12314080,12314723
12314723,41.869014279,-87.6838660088,1302235584.0,12314586,12314831
12314831,41.8690029095,-87.6841700176,1302235587.0,12314723,12314947
12314947,41.8689974909,-87.6845102098,1302235590.0,12314831,12315107
12315107,41.869001024,-87.6847751511,1302235595.0,12314947,12315259
12315259,41.8689987663,-87.6850609198,1302235600.0,12315107,12315268
12315268,41.8689916979,-87.6853539518,1302235603.0,12315259,12315282
12315282,41.8689897321,-87.6856799847,1302235606.0,12315268,12315300
12315300,41.8690107895,-87.685943979,1302235609.0,12315282,12315329
12315329,41.8691490969,-87.6861131989,1302235613.0,12315300,12315362
12315362,41.8693700611,-87.6861618637,1302235617.0,12315329,12315389
12315389,41.8696333009,-87.6861495982,1302235620.0,12315362,12315409
12315409,41.8698463159,-87.6861520441,1302235622.0,12315389,12315429
12315429,41.8700732514,-87.6861728712,1302235624.0,12315409,12315450
12315450,41.8703041753,-87.6861862416,1302235626.0,12315429,12315472
12315472,41.8705171597,-87.6861854246,1302235628.0,12315450,12315494
12315494,41.8707111583,-87.6861805487,1302235630.0,12315472,12315530
12315530,41.8709222117,-87.6861725106,1302235633.0,12315494,12315759
12315759,41.8711113223,-87.6861600799,1302235651.0,12315530,12315802
12315802,41.8713042927,-87.6861513439,1302235654.0,12315759,12315850
12315850,41.871580327,-87.6861695096,1302235657.0,12315802,12315879
12315879,41.8718053118,-87.6861813451,1302235659.0,12315850,12315911
12315911,41.872057224,-87.6861965747,1302235661.0,12315879,12315945
12315945,41.8723271887,-87.6862179589,1302235663.0,12315911,12315979
12315979,41.8726031844,-87.6862292925,1302235665.0,12315945,12316010
12316010,41.8728711777,-87.6862364029,1302235667.0,12315979,12316044
12316044,41.8731151818,-87.68624065,1302235669.0,12316010,12316078
12316078,41.8733331775,-87.6862427775,1302235671.0,12316044,12316116
12316116,41.8735170847,-87.686247218,1302235673.0,12316078,12316167
12316167,41.8737241352,-87.6862429038,1302235676.0,12316116,12316296
12316296,41.8738918529,-87.686107025,1302235683.0,12316167,12316352
12316352,41.8738909253,-87.6858539713,1302235686.0,12316296,12316409
12316409,41.8738818286,-87.6855282049,1302235689.0,12316352,12316449
12316449,41.8738852399,-87.68526924,1302235691.0,12316409,12316486
12316486,41.8738927597,-87.6849851827,1302235693.0,12316449,12316525
12316525,41.8739018318,-87.6846911582,1302235695.0,12316486,12316565
12316565,41.8739050184,-87.6844051001,1302235697.0,12316525,12316627
12316627,41.8738828362,-87.6840741937,1302235700.0,12316565,12316727
12316727,41.8738880192,-87.6838120979,1302235705.0,12316627,12316835
12316835,41.873904838,-87.6835611436,1302235710.0,12316727,12316897
12316897,41.8739235151,-87.6832611009,1302235713.0,12316835,12316941
12316941,41.8739380142,-87.6830060669,1302235715.0,12316897,12316984
12316984,41.8739498328,-87.6827149852,1302235717.0,12316941,12317029
12317029,41.87395833,-87.682404965,1302235719.0,12316984,12317058
12317058,41.8739612566,-87.6820930246,1302235721.0,12317029,12317100
12317100,41.8739549179,-87.6818071342,1302235723.0,12317058,12317162
12317162,41.8739487251,-87.6815162158,1302235726.0,12317100,12317264
12317264,41.873967817,-87.6812529969,1302235732.0,12317162,12317342
12317342,41.87397847,-87.6809559721,1302235736.0,12317264,12317408
12317408,41.8739900184,-87.680662966,1302235739.0,12317342,12317481
12317481,41.8740041102,-87.6803089355,1302235742.0,12317408,12317529
12317529,41.8740114907,-87.6800399412,1302235744.0,12317481,12317577
12317577,41.8740148419,-87.6797439073,1302235746.0,12317529,12317622
12317622,41.8740138189,-87.6794309576,1302235748.0,12317577,12317669
12317669,41.8740179619,-87.6790979206,1302235750.0,12317622,12317720
12317720,41.8740261579,-87.6787618818,1302235752.0,12317669,12317771
12317771,41.8740345697,-87.6784148952,1302235754.0,12317720,12317823
12317823,41.874038689,-87.6780758937,1302235756.0,12317771,12317874
12317874,41.8740395378,-87.6777488548,1302235758.0,12317823,12317919
12317919,41.874039386,-87.6774360194,1302235760.0,12317874,12317969
12317969,41.8740351132,-87.6771461454,1302235762.0,12317919,12318018
12318018,41.8740206416,-87.6769010614,1302235764.0,12317969,12318089
12318089,41.8740016371,-87.6766559504,1302235767.0,12318018,12318159
12318159,41.8738857374,-87.6764253471,1302235775.0,12318089,12318177
12318177,41.8736952083,-87.6764271627,1302235778.0,12318159,12318198
12318198,41.8734594147,-87.6764346723,1302235781.0,12318177,12318222
12318222,41.8732215918,-87.6764290251,1302235784.0,12318198,12318257
12318257,41.8730347802,-87.6764181595,1302235788.0,12318222,12318306
12318306,41.8728347772,-87.676412164,1302235793.0,12318257,12318338
12318338,41.8726357742,-87.6764028708,1302235796.0,12318306,12318371
12318371,41.8723828161,-87.6763958021,1302235799.0,12318338,12318395
12318395,41.8721927072,-87.6763818286,1302235801.0,12318371,12318419
12318419,41.8719937431,-87.6763592081,1302235803.0,12318395,12318443
12318443,41.8718008484,-87.6763418578,1302235805.0,12318419,12318482
12318482,41.8715759674,-87.6763184037,1302235808.0,12318443,12318535
12318535,41.8714114681,-87.6761802877,1302235812.0,12318482,12318605
12318605,41.8714020639,-87.6759329419,1302235817.0,12318535,12318649
12318649,41.8714114781,-87.6756360751,1302235820.0,12318605,12318679
12318679,41.8714116792,-87.675390176,1302235822.0,12318649,12318708
12318708,41.8714071586,-87.6751187927,1302235824.0,12318679,12318739
12318739,41.8713913781,-87.674845528,1302235826.0,12318708,12318771
12318771,41.871359159,-87.6745871585,1302235828.0,12318739,12318819
12318819,41.8713608033,-87.674258019,1302235831.0,12318771,12318884
12318884,41.871352556,-87.6739729293,1302235835.0,12318819,12318953
12318953,41.8713591539,-87.6737041817,1302235839.0,12318884,12319002
12319002,41.8713842242,-87.6734204194,1302235842.0,12318953,12319054
12319054,41.8713989543,-87.6730722609,1302235845.0,12319002,12319091
12319091,41.8714026242,-87.6728152541,1302235847.0,12319054,12319124
12319124,41.8714076442,-87.6725312084,1302235849.0,12319091,12319163
12319163,41.871397649,-87.6722270875,1302235851.0,12319124,12319200
12319200,41.8713858188,-87.6719151013,1302235853.0,12319163,12319234
12319234,41.8713748398,-87.6716310216,1302235855.0,12319200,12319292
12319292,41.8713718607,-87.671280186,1302235858.0,12319234,12319355
12319355,41.8713725983,-87.6710320272,1302235861.0,12319292,12319429
12319429,41.8713735924,-87.6707810335,1302235865.0,12319355,12319511
12319511,41.8713775588,-87.6704630211,1302235869.0,12319429,12319572
12319572,41.8713813755,-87.6701720448,1302235872.0,12319511,12319631
12319631,41.8713870433,-87.6698249967,1302235875.0,12319572,12319692
12319692,41.8713818404,-87.6695619739,1302235878.0,12319631,12319778
12319778,41.8713624382,-87.6693200009,1302235882.0,12319692,12319887
12319887,41.871216156,-87.6691251546,1302235887.0,12319778,12319975
12319975,41.8709960735,-87.6690692016,1302235891.0,12319887,12320043
12320043,41.8707578929,-87.6690308185,1302235894.0,12319975,12320089
12320089,41.8705757376,-87.6690003783,1302235896.0,12320043,12320103
12320103,41.8703067555,-87.6689710467,1302235899.0,12320089,12320124
12320124,41.8701067387,-87.6689683234,1302235901.0,12320103,12320160
12320160,41.8699037366,-87.6689635668,1302235903.0,12320124,12320200
12320200,41.8697027812,-87.6689574699,1302235905.0,12320160,12320259
12320259,41.8694513657,-87.6689482784,1302235908.0,12320200,12320345
12320345,41.86925137,-87.6689327283,1302235912.0,12320259,12320487
12320487,41.8690517733,-87.6689107362,1302235918.0,12320345,12320552
12320552,41.8688707735,-87.6688907234,1302235921.0,12320487,12320620
12320620,41.868627849,-87.6688827857,1302235924.0,12320552,12320672
12320672,41.8684378645,-87.6688784387,1302235926.0,12320620,12320721
12320721,41.8682328894,-87.6688700268,1302235928.0,12320672,12320759
12320759,41.8680209034,-87.6688566083,1302235930.0,12320721,12320798
12320798,41.8678099004,-87.6688483219,1302235932.0,12320759,12320848
12320848,41.8676098734,-87.6688424831,1302235934.0,12320798,12320926
12320926,41.8673679957,-87.6688306943,1302235937.0,12320848,12321022
12321022,41.8671809034,-87.6688189214,1302235941.0,12320926,12321269
12321269,41.8669909246,-87.66882178,1302235951.0,12321022,12321371
12321371,41.8667943707,-87.6687446248,1302235955.0,12321269,12321472
12321472,41.8667298814,-87.6684470994,1302235959.0,12321371,12321546
12321546,41.866714013,-87.6681490693,1302235962.0,12321472,12321625
12321625,41.866689957,-87.6677920887,1302235965.0,12321546,12321682
12321682,41.866682121,-87.6675320824,1302235967.0,12321625,12321733
12321733,41.8666787214,-87.6672800422,1302235969.0,12321682,12321818
12321818,41.8666711973,-87.6669640078,1302235972.0,12321733,12321926
12321926,41.8666668951,-87.6667060013,1302235976.0,12321818,12322028
12322028,41.8666565297,-87.6664199944,1302235980.0,12321926,12322114
12322114,41.8666564361,-87.6661180065,1302235983.0,12322028,12322204
12322204,41.8666614415,-87.6657680146,1302235986.0,12322114,12322261
12322261,41.8666694877,-87.6655100196,1302235988.0,12322204,12322319
12322319,41.8666765215,-87.665232016,1302235990.0,12322261,12322376
12322376,41.8666825334,-87.6649330172,1302235992.0,12322319,12322427
12322427,41.8666875194,-87.6646170149,1302235994.0,12322376,12322480
12322480,41.8666955791,-87.6642840157,1302235996.0,12322427,12322538
12322538,41.8666995369,-87.6639400204,1302235998.0,12322480,12322600
12322600,41.8667055282,-87.6635800207,1302236000.0,12322538,12322661
12322661,41.8667125325,-87.6632080178,1302236002.0,12322600,12322718
12322718,41.8667195754,-87.6628300166,1302236004.0,12322661,12322775
12322775,41.86672664,-87.6624530169,1302236006.0,12322718,12322831
12322831,41.8667296237,-87.6620919977,1302236008.0,12322775,12322884
12322884,41.8667345948,-87.6617480255,1302236010.0,12322831,12322940
12322940,41.8667395165,-87.6614190211,1302236012.0,12322884,12322998
12322998,41.8667434631,-87.6610890146,1302236014.0,12322940,12323057
12323057,41.866748435,-87.6607560141,1302236016.0,12322998,12323115
12323115,41.8667534222,-87.6604220119,1302236018.0,12323057,12323180
12323180,41.8667604438,-87.660098011,1302236020.0,12323115,12323237
12323237,41.8667685016,-87.6597910145,1302236022.0,12323180,12323295
12323295,41.8667745092,-87.6594930098,1302236024.0,12323237,12323353
12323353,41.8667774586,-87.6591870102,1302236026.0,12323295,12323416
12323416,41.8667824622,-87.6588660031,1302236028.0,12323353,12323481
12323481,41.8667884647,-87.6585280136,1302236030.0,12323416,12323539
12323539,41.8667964951,-87.6581780187,1302236032.0,12323481,12323595
12323595,41.8667984051,-87.6578280169,1302236034.0,12323539,12323658
12323658,41.8668012911,-87.6574819921,1302236036.0,12323595,12323720
12323720,41.8668114662,-87.6571480124,1302236038.0,12323658,12323781
12323781,41.8668266553,-87.6568260228,1302236040.0,12323720,12323841
12323841,41.8668409244,-87.6565140503,1302236042.0,12323781,12323897
12323897,41.8668500063,-87.6561929838,1302236044.0,12323841,12323949
12323949,41.8668488919,-87.6558589979,1302236046.0,12323897,12324017
12324017,41.8668427011,-87.6555170074,1302236048.0,12323949,12324083
12324083,41.866841643,-87.6551860158,1302236050.0,12324017,12324146
12324146,41.8668456476,-87.6548730311,1302236052.0,12324083,12324208
12324208,41.8668567772,-87.654571013,1302236054.0,12324146,12324272
12324272,41.8668730824,-87.6542850291,1302236056.0,12324208,12324337
12324337,41.8668812831,-87.654016009,1302236058.0,12324272,12324395
12324395,41.866890466,-87.6537390501,1302236060.0,12324337,12324456
12324456,41.866898441,-87.653456056,1302236062.0,12324395,12324520
12324520,41.8669013266,-87.6531661552,1302236064.0,12324456,12324591
12324591,41.8669064793,-87.6528660794,1302236066.0,12324520,12324653
12324653,41.866909356,-87.652560047,1302236068.0,12324591,12324721
12324721,41.8669134941,-87.6522620576,1302236070.0,12324653,12324789
12324789,41.8669154198,-87.6520000754,1302236072.0,12324721,12324873
12324873,41.8669162095,-87.6517031813,1302236075.0,12324789,12325730
12325730,41.86695149,-87.6514653373,1302236102.0,12324873,12325910
12325910,41.8669607742,-87.651221163,1302236107.0,12325730,12326052
12326052,41.866857974,-87.6509981055,1302236111.0,12325910,12326178
12326178,41.8666118755,-87.6510105563,1302236115.0,12326052,12326280
12326280,41.8663728974,-87.6510132144,1302236118.0,12326178,12326350
12326350,41.8661809404,-87.6510061104,1302236120.0,12326280,12326422
12326422,41.8659639327,-87.6509950002,1302236122.0,12326350,12326492
12326492,41.8657299216,-87.6509877922,1302236124.0,12326422,12326561
12326561,41.8654849335,-87.6509787487,1302236126.0,12326492,12326634
12326634,41.8652469414,-87.6509652853,1302236128.0,12326561,12326703
12326703,41.8650269733,-87.6509500133,1302236130.0,12326634,12326797
12326797,41.8647839111,-87.6509245998,1302236133.0,12326703,12326981
12326981,41.8645649169,-87.6509044353,1302236138.0,12326797,12327091
12327091,41.8643639469,-87.6509105728,1302236141.0,12326981,12327191
12327191,41.8641009317,-87.6509106866,1302236144.0,12327091,12327299
12327299,41.8638589263,-87.6509117173,1302236147.0,12327191,12327398
12327398,41.8636526528,-87.6509115262,1302236150.0,12327299,12327558
12327558,41.8634842882,-87.6508157842,1302236155.0,12327398,12327686
12327686,41.8634608543,-87.6505690394,1302236162.0,12327558,12327708
12327708,41.8634629919,-87.6502800523,1302236166.0,12327686,12327735
12327735,41.8634621876,-87.649994055,1302236170.0,12327708,12327813
12327813,41.8636569936,-87.6499230588,1302236179.0,12327735,12327897
12327897,41.8638387141,-87.6499891429,1302236187.0,12327813,None
