28777228,41.8695958114,-87.6471611872,1301930317.0,None,28777413
28777413,41.8694312193,-87.6470308398,1301930325.0,28777228,28777431
28777431,41.8691838811,-87.6470397413,1301930329.0,28777413,28777449
28777449,41.8689248097,-87.6470347271,1301930332.0,28777431,28777463
28777463,41.8687248012,-87.64703017,1301930334.0,28777449,28777478
28777478,41.868511872,-87.6470233263,1301930336.0,28777463,28777494
28777494,41.8682999937,-87.6470273952,1301930338.0,28777478,28777511
28777511,41.8680971651,-87.6470394359,1301930340.0,28777494,28777529
28777529,41.8679051605,-87.6470474239,1301930342.0,28777511,28777558
28777558,41.86769008,-87.6470499173,1301930345.0,28777529,28777787
28777787,41.8674930528,-87.647045511,1301930365.0,28777558,28777900
28777900,41.8673069902,-87.6470799987,1301930373.0,28777787,28777971
28777971,41.8672200281,-87.6473708074,1301930378.0,28777900,28778021
28778021,41.8672199381,-87.6476490197,1301930381.0,28777971,28778065
28778065,41.8672160068,-87.6479669961,1301930384.0,28778021,28778114
28778114,41.8672108307,-87.6483209673,1301930387.0,28778065,28778148
28778148,41.8672067754,-87.6485659124,1301930389.0,28778114,28778180
28778180,41.8672021206,-87.648812892,1301930391.0,28778148,28778213
28778213,41.8671982116,-87.649064845,1301930393.0,28778180,28778249
28778249,41.8671940037,-87.6493208301,1301930395.0,28778213,28778285
28778285,41.8671907563,-87.6495838535,1301930397.0,28778249,28778320
28778320,41.8671850483,-87.6498429092,1301930399.0,28778285,28778355
28778355,41.8671806465,-87.6500919007,1301930401.0,28778320,28778392
28778392,41.8671778496,-87.6503389587,1301930403.0,28778355,28778430
28778430,41.867175322,-87.6505897717,1301930405.0,28778392,28778467
28778467,41.8671747209,-87.6508480385,1301930407.0,28778430,28778505
28778505,41.8671714211,-87.6511137742,1301930409.0,28778467,28778540
28778540,41.8671667008,-87.6513788599,1301930411.0,28778505,28778580
28778580,41.8671626766,-87.6516502947,1301930413.0,28778540,28778620
28778620,41.8671567621,-87.6519348913,1301930415.0,28778580,28778659
28778659,41.8671535579,-87.6522278014,1301930417.0,28778620,28778698
28778698,41.8671487398,-87.6525197753,1301930419.0,28778659,28778735
28778735,41.8671439428,-87.6528017745,1301930421.0,28778698,28778776
28778776,41.8671383743,-87.6530738296,1301930423.0,28778735,28778819
28778819,41.8671318424,-87.6533448715,1301930425.0,28778776,28778861
28778861,41.8671289247,-87.6536078511,1301930427.0,28778819,28778902
28778902,41.8671235148,-87.6538608624,1301930429.0,28778861,28778940
28778940,41.8671178546,-87.6541088787,1301930431.0,28778902,28778986
28778986,41.8671135549,-87.6543528661,1301930433.0,28778940,28779020
28779020,41.8671087528,-87.6545968105,1301930435.0,28778986,28779079
28779079,41.8670895444,-87.6549403421,1301930438.0,28779020,28779145
28779145,41.867083256,-87.6552233019,1301930441.0,28779079,28779231
28779231,41.8670839473,-87.6555311462,1301930445.0,28779145,28779512
28779512,41.8670789687,-87.655773125,1301930459.0,28779231,28779735
28779735,41.8670755566,-87.6560820862,1301930471.0,28779512,28779811
28779811,41.8670723204,-87.656358136,1301930474.0,28779735,28779882
28779882,41.8670705058,-87.6566853029,1301930477.0,28779811,28779947
28779947,41.8670623891,-87.6570481105,1301930480.0,28779882,28779993
28779993,41.8670564712,-87.6572941264,1301930482.0,28779947,28780042
28780042,41.8670509684,-87.6575381819,1301930484.0,28779993,28780117
28780117,41.8670455867,-87.6578971878,1301930487.0,28780042,28780167
28780167,41.8670401808,-87.6581421809,1301930489.0,28780117,28780210
28780210,41.8670342073,-87.6583902114,1301930491.0,28780167,28780257
28780257,41.8670317957,-87.6586341711,1301930493.0,28780210,28780334
28780334,41.8670260177,-87.6589951862,1301930496.0,28780257,28780386
28780386,41.8670206253,-87.6592391858,1301930498.0,28780334,28780438
28780438,41.8670145115,-87.6594882201,1301930500.0,28780386,28780483
28780483,41.8670083025,-87.6597392212,1301930502.0,28780438,28780529
28780529,41.8670041088,-87.6599892371,1301930504.0,28780483,28780611
28780611,41.8669959653,-87.6603362591,1301930507.0,28780529,28780690
28780690,41.8669887137,-87.660604284,1301930510.0,28780611,28780814
28780814,41.8669814877,-87.6608692837,1301930515.0,28780690,28781393
28781393,41.866983029,-87.6611642235,1301930537.0,28780814,28781516
28781516,41.86698001,-87.6614792745,1301930541.0,28781393,28781595
28781595,41.8669723635,-87.6617772667,1301930544.0,28781516,28781675
28781675,41.8669634994,-87.6621262966,1301930547.0,28781595,28781731
28781731,41.8669577865,-87.6623723331,1301930549.0,28781675,28781784
28781784,41.8669555118,-87.6626163426,1301930551.0,28781731,28781858
28781858,41.8669504304,-87.662963339,1301930554.0,28781784,28781952
28781952,41.8669437769,-87.6632994212,1301930557.0,28781858,28782042
28782042,41.8669329224,-87.6636324419,1301930560.0,28781952,28782128
28782128,41.8669218181,-87.6639624708,1301930563.0,28782042,28782210
28782210,41.8669142058,-87.6642803817,1301930566.0,28782128,28782296
28782296,41.8669063781,-87.6645863771,1301930569.0,28782210,28782381
28782381,41.8668993944,-87.664864408,1301930572.0,28782296,28782471
28782471,41.8668963354,-87.6651074043,1301930575.0,28782381,28782592
28782592,41.8668934974,-87.6653913337,1301930579.0,28782471,28782739
28782739,41.8668945845,-87.6656502992,1301930584.0,28782592,28783513
28783513,41.8669093518,-87.66592709,1301930610.0,28782739,28783611
28783611,41.8669085548,-87.6662090646,1301930613.0,28783513,28783706
28783706,41.8669092685,-87.6665552328,1301930616.0,28783611,28783736
28783736,41.8669085095,-87.6668150343,1301930618.0,28783706,28783809
28783809,41.8669074646,-87.66708908,1301930620.0,28783736,28783876
28783876,41.8669058466,-87.6673550742,1301930622.0,28783809,28783944
28783944,41.8669031817,-87.6676069201,1301930624.0,28783876,28784034
28784034,41.8669056932,-87.6679557525,1301930627.0,28783944,28784127
28784127,41.8669141633,-87.6682887728,1301930630.0,28784034,28784219
28784219,41.8669227899,-87.6685942265,1301930633.0,28784127,28784359
28784359,41.8669585886,-87.6688606615,1301930637.0,28784219,28784536
28784536,41.8671754085,-87.6689330076,1301930642.0,28784359,28784626
28784626,41.8673680855,-87.6689288456,1301930645.0,28784536,28784723
28784723,41.8675990318,-87.6689315879,1301930648.0,28784626,28784822
28784822,41.8678390164,-87.6689341895,1301930651.0,28784723,28784925
28784925,41.868085999,-87.66893923,1301930654.0,28784822,28785028
28785028,41.8683159665,-87.6689433999,1301930657.0,28784925,28785141
28785141,41.8685419425,-87.6689456609,1301930660.0,28785028,28785243
28785243,41.8687600398,-87.6689449359,1301930663.0,28785141,28785340
28785340,41.8689582131,-87.6689481551,1301930666.0,28785243,28785468
28785468,41.8691446818,-87.6689665088,1301930678.0,28785340,28785505
28785505,41.8692447713,-87.6691950416,1301930683.0,28785468,28785539
28785539,41.8692431341,-87.6695252598,1301930687.0,28785505,28785566
28785566,41.8692486547,-87.6698203298,1301930690.0,28785539,28785597
28785597,41.8692609162,-87.6701278819,1301930693.0,28785566,28785628
28785628,41.8692714204,-87.6704119394,1301930696.0,28785597,28785662
28785662,41.8692950038,-87.6706712221,1301930699.0,28785628,28785710
28785710,41.8692558459,-87.6709303848,1301930703.0,28785662,28785786
28785786,41.8692446826,-87.6711761087,1301930709.0,28785710,28786000
28786000,41.8692216808,-87.671436943,1301930724.0,28785786,28786062
28786062,41.8692019605,-87.6717223598,1301930728.0,28786000,28786110
28786110,41.8691524232,-87.6720211799,1301930731.0,28786062,28786142
28786142,41.8691471333,-87.6722721187,1301930733.0,28786110,28786175
28786175,41.8691443905,-87.6725291787,1301930735.0,28786142,28786210
28786210,41.8691446198,-87.6727822052,1301930737.0,28786175,28786261
28786261,41.8691561696,-87.6731331077,1301930740.0,28786210,28786309
28786309,41.8691640812,-87.6734030966,1301930743.0,28786261,28786451
28786451,41.8692155028,-87.6736649354,1301930751.0,28786309,28786543
28786543,41.8694249626,-87.6737210504,1301930756.0,28786451,28786619
28786619,41.8696640923,-87.6737425542,1301930760.0,28786543,28786678
28786678,41.86988694,-87.6737462203,1301930763.0,28786619,28786738
28786738,41.87011896,-87.6737477624,1301930766.0,28786678,28786775
28786775,41.8703599801,-87.6737525885,1301930769.0,28786738,28786834
28786834,41.8705840075,-87.6737582217,1301930772.0,28786775,28786898
28786898,41.8707940035,-87.6737565039,1301930775.0,28786834,28786960
28786960,41.8709900831,-87.6737527954,1301930778.0,28786898,28787015
28787015,41.87122134,-87.6737568205,1301930782.0,28786960,28787103
28787103,41.8714181729,-87.6737383344,1301930786.0,28787015,28787203
28787203,41.8716292517,-87.6733776522,1301930804.0,28787103,None
