50036564,41.8692469052,-87.6666567067,1303057222.0,None,50037354
50037354,41.8692528832,-87.6663918252,1303057244.0,50036564,50037464
50037464,41.8692600652,-87.6661067906,1303057247.0,50037354,50037569
50037569,41.869279395,-87.6657707679,1303057250.0,50037464,50037647
50037647,41.8692846268,-87.6655288316,1303057252.0,50037569,50037719
50037719,41.8692877776,-87.6652838456,1303057254.0,50037647,50037826
50037826,41.8692926518,-87.6649298469,1303057257.0,50037719,50037936
50037936,41.8692975853,-87.6646059135,1303057260.0,50037826,50038050
50038050,41.8692988748,-87.6643349075,1303057263.0,50037936,50038206
50038206,41.869312215,-87.6640758429,1303057269.0,50038050,50038338
50038338,41.8693156961,-87.6637730467,1303057273.0,50038206,50038442
50038442,41.8693191013,-87.6634709799,1303057276.0,50038338,50038536
50038536,41.8693250938,-87.6631439343,1303057279.0,50038442,50038638
50038638,41.8693323406,-87.6628029705,1303057282.0,50038536,50038710
50038710,41.8693412628,-87.662470954,1303057285.0,50038638,50038820
50038820,41.8693418088,-87.662158003,1303057288.0,50038710,50038936
50038936,41.8693432024,-87.661913931,1303057291.0,50038820,50039616
50039616,41.8693546719,-87.6616608951,1303057310.0,50038936,50039760
50039760,41.8693620781,-87.6613379373,1303057314.0,50039616,50039866
50039866,41.8693759984,-87.6610198917,1303057317.0,50039760,50039964
50039964,41.8693793133,-87.6606709275,1303057320.0,50039866,50040035
50040035,41.86938145,-87.66042693,1303057322.0,50039964,50040111
50040111,41.8693842928,-87.6601729152,1303057324.0,50040035,50040150
50040150,41.8693901865,-87.6599119185,1303057326.0,50040111,50040227
50040227,41.8693941573,-87.6596439272,1303057328.0,50040150,50040305
50040305,41.86939721,-87.6593769037,1303057330.0,50040227,50040379
50040379,41.869400231,-87.6591128821,1303057332.0,50040305,50040454
50040454,41.8694021126,-87.6588528751,1303057334.0,50040379,50040516
50040516,41.8694048652,-87.6585928922,1303057336.0,50040454,50040583
50040583,41.8694065337,-87.6583369134,1303057338.0,50040516,50040650
50040650,41.8694092877,-87.6580859038,1303057340.0,50040583,50040722
50040722,41.8694184531,-87.6578398995,1303057342.0,50040650,50040827
50040827,41.8694263687,-87.6574888401,1303057345.0,50040722,50040925
50040925,41.8694363264,-87.6571646721,1303057348.0,50040827,50041033
50041033,41.8694421274,-87.6569055474,1303057351.0,50040925,50041252
50041252,41.8695639764,-87.6567221401,1303057357.0,50041033,50041494
50041494,41.8697687586,-87.6567400373,1303057364.0,50041252,50041647
50041647,41.86997396,-87.6567612992,1303057368.0,50041494,50041738
50041738,41.8701900215,-87.6567705562,1303057371.0,50041647,50041841
50041841,41.8704500067,-87.6567780818,1303057374.0,50041738,50041919
50041919,41.8706389871,-87.6567813434,1303057376.0,50041841,50041993
50041993,41.8708309823,-87.6567858176,1303057378.0,50041919,50042061
50042061,41.8710269823,-87.6567928738,1303057380.0,50041993,50042128
50042128,41.8712189685,-87.6567992191,1303057382.0,50042061,50042198
50042198,41.8714029757,-87.6568019332,1303057384.0,50042128,50042292
50042292,41.8716560439,-87.6568014083,1303057387.0,50042198,50042396
50042396,41.871886194,-87.6567925249,1303057390.0,50042292,50042540
50042540,41.8720852376,-87.6567805266,1303057394.0,50042396,50042798
50042798,41.872281133,-87.6567756445,1303057401.0,50042540,50042894
50042894,41.8724701027,-87.6567678603,1303057404.0,50042798,50042992
50042992,41.8726940938,-87.6567559889,1303057407.0,50042894,50043102
50043102,41.872931181,-87.6567433717,1303057410.0,50042992,50043216
50043216,41.8731751595,-87.6567245614,1303057413.0,50043102,50043326
50043326,41.8734279969,-87.6567147361,1303057416.0,50043216,50043439
50043439,41.8736659758,-87.6567166817,1303057419.0,50043326,50043546
50043546,41.8738930234,-87.6567202011,1303057422.0,50043439,50043688
50043688,41.874108393,-87.6567159372,1303057426.0,50043546,50043978
50043978,41.8742456452,-87.6565609731,1303057434.0,50043688,50044090
50044090,41.8742425007,-87.6563219229,1303057437.0,50043978,50044198
50044198,41.874243799,-87.6560286921,1303057440.0,50044090,50044301
50044301,41.8742505031,-87.655710631,1303057443.0,50044198,50044408
50044408,41.874255043,-87.655383776,1303057446.0,50044301,50044518
50044518,41.8742579269,-87.6550478153,1303057449.0,50044408,50044626
50044626,41.8742657806,-87.6546927525,1303057452.0,50044518,50044699
50044699,41.8742710248,-87.6544497455,1303057454.0,50044626,50044766
50044766,41.8742753679,-87.6542017394,1303057456.0,50044699,50044829
50044829,41.874279898,-87.6539577112,1303057458.0,50044766,50044942
50044942,41.8742858322,-87.6536016981,1303057461.0,50044829,50045058
50045058,41.8742920569,-87.6532657227,1303057464.0,50044942,50045162
50045162,41.8742971296,-87.6529527965,1303057467.0,50045058,50045267
50045267,41.874298358,-87.6526528657,1303057470.0,50045162,50045380
50045380,41.8743023612,-87.6523759167,1303057473.0,50045267,50045553
50045553,41.8743076052,-87.6521176068,1303057478.0,50045380,50045732
50045732,41.8743144711,-87.6518375801,1303057483.0,50045553,50045844
50045844,41.8743219571,-87.6515717051,1303057486.0,50045732,50045951
50045951,41.8743296249,-87.6512706878,1303057489.0,50045844,50046054
50046054,41.8743344982,-87.6509547747,1303057492.0,50045951,50046163
50046163,41.8743433443,-87.6506327541,1303057495.0,50046054,50046239
50046239,41.8743569148,-87.6497397545,1303057503.0,50046163,50046335
50046335,41.8743633212,-87.6493919523,1303057506.0,50046239,50046443
50046443,41.8743716696,-87.6490398378,1303057509.0,50046335,50046549
50046549,41.8743777853,-87.6486898956,1303057512.0,50046443,50046653
50046653,41.8743796862,-87.6483599181,1303057515.0,50046549,50046729
50046729,41.8743560224,-87.648046687,1303057518.0,50046653,50046837
50046837,41.8743255807,-87.647734858,1303057521.0,50046729,50046949
50046949,41.8742973274,-87.6474461153,1303057524.0,50046837,50047090
50047090,41.8741722788,-87.647203756,1303057528.0,50046949,50047197
50047197,41.8739779887,-87.64718438,1303057531.0,50047090,50047303
50047303,41.8737457623,-87.6471774528,1303057534.0,50047197,50047412
50047412,41.8734897123,-87.6471698856,1303057537.0,50047303,50047485
50047485,41.8733097598,-87.6471653165,1303057539.0,50047412,50047563
50047563,41.873126717,-87.647158609,1303057541.0,50047485,50047673
50047673,41.8728627596,-87.6471470759,1303057544.0,50047563,50047781
50047781,41.8726038421,-87.6471376613,1303057547.0,50047673,50047886
50047886,41.8723538212,-87.6471291219,1303057550.0,50047781,50047992
50047992,41.8721018585,-87.6471187072,1303057553.0,50047886,50048097
50048097,41.8718337484,-87.6471087916,1303057556.0,50047992,50048170
50048170,41.8716528126,-87.6471017104,1303057558.0,50048097,50048211
50048211,41.8713859176,-87.647091934,1303057561.0,50048170,50048287
50048287,41.87112489,-87.6470832817,1303057564.0,50048211,50048357
50048357,41.8708658541,-87.6470737235,1303057567.0,50048287,50048459
50048459,41.8706138536,-87.6470644082,1303057570.0,50048357,50048553
50048553,41.870375964,-87.6470597342,1303057573.0,50048459,50048649
50048649,41.8701539761,-87.6470544061,1303057576.0,50048553,50048780
50048780,41.8699509963,-87.6470585087,1303057580.0,50048649,50049520
50049520,41.8697625452,-87.6470411261,1303057601.0,50048780,50049663
50049663,41.8695606122,-87.6470351397,1303057605.0,50049520,50049759
50049759,41.8693427533,-87.6470327822,1303057608.0,50049663,50049864
50049864,41.8691057688,-87.6470293661,1303057611.0,50049759,50049962
50049962,41.8688537678,-87.6470219401,1303057614.0,50049864,50050074
50050074,41.8685967757,-87.6470097837,1303057617.0,50049962,50050186
50050186,41.8683499316,-87.6470103071,1303057620.0,50050074,50050286
50050286,41.8681201985,-87.6470263463,1303057623.0,50050186,50050379
50050379,41.8679041815,-87.6470388687,1303057626.0,50050286,50050523
50050523,41.8677160821,-87.6470480265,1303057630.0,50050379,None
