102217063,41.8634589044,-87.6467485828,1301687988.0,None,102217078
102217078,41.8632449047,-87.646749342,1301687990.0,102217063,102217094
102217094,41.8630249742,-87.646752492,1301687992.0,102217078,102217111
102217111,41.8627959701,-87.646754699,1301687994.0,102217094,102217129
102217129,41.8625959631,-87.6467662328,1301687996.0,102217111,102217158
102217158,41.8623881706,-87.6467923705,1301687999.0,102217129,102217288
102217288,41.8622902698,-87.6470144359,1301688011.0,102217158,102217336
102217336,41.8623249734,-87.6473258475,1301688015.0,102217288,102217377
102217377,41.8623449153,-87.6476210004,1301688018.0,102217336,102217416
102217416,41.8623516182,-87.6479490441,1301688021.0,102217377,102217460
102217460,41.8623563333,-87.648285016,1301688024.0,102217416,102217501
102217501,41.8623629741,-87.6485848984,1301688027.0,102217460,102217563
102217563,41.8623740091,-87.6488489523,1301688031.0,102217501,102217607
102217607,41.8623867768,-87.649106856,1301688034.0,102217563,102217655
102217655,41.8623877712,-87.6494128823,1301688037.0,102217607,102217704
102217704,41.8623735903,-87.6497138567,1301688040.0,102217655,102217752
102217752,41.8623597761,-87.6500408416,1301688043.0,102217704,102217804
102217804,41.862345116,-87.6503639045,1301688046.0,102217752,102217855
102217855,41.8623338841,-87.6506516158,1301688049.0,102217804,102218071
102218071,41.8623539143,-87.6508939129,1301688061.0,102217855,102218209
102218209,41.86256117,-87.6509120924,1301688069.0,102218071,102218292
102218292,41.862776088,-87.650908376,1301688073.0,102218209,102218349
102218349,41.8629881266,-87.6509142217,1301688076.0,102218292,102218409
102218409,41.8632211234,-87.6509255212,1301688079.0,102218349,102218471
102218471,41.863406071,-87.6509331739,1301688082.0,102218409,102218554
102218554,41.863594594,-87.6509376691,1301688086.0,102218471,102218616
102218616,41.8637910517,-87.6509415992,1301688089.0,102218554,102218682
102218682,41.8640329899,-87.6509416216,1301688092.0,102218616,102218746
102218746,41.8642830308,-87.6509517175,1301688095.0,102218682,102218813
102218813,41.864515014,-87.6509578299,1301688098.0,102218746,102218901
102218901,41.8647110261,-87.6509627087,1301688102.0,102218813,102219012
102219012,41.8649229581,-87.6509557191,1301688107.0,102218901,102219083
102219083,41.8651569493,-87.6509618382,1301688110.0,102219012,102219126
102219126,41.8653529861,-87.6509752172,1301688112.0,102219083,102219175
102219175,41.8655580259,-87.6509894112,1301688114.0,102219126,102219221
102219221,41.8657620497,-87.6509994176,1301688116.0,102219175,102219263
102219263,41.8659650539,-87.6510102954,1301688118.0,102219221,102219310
102219310,41.8661620467,-87.6510172211,1301688120.0,102219263,102219359
102219359,41.8663450583,-87.6510233309,1301688122.0,102219310,102219435
102219435,41.8665950803,-87.6510378315,1301688125.0,102219359,102219511
102219511,41.866780941,-87.6510381566,1301688128.0,102219435,102220085
102220085,41.8669694155,-87.6510465074,1301688151.0,102219511,102220468
102220468,41.8671528745,-87.6511359618,1301688166.0,102220085,102220577
102220577,41.8671716422,-87.6513936365,1301688170.0,102220468,102220660
102220660,41.867166264,-87.6516860613,1301688173.0,102220577,102220742
102220742,41.8671560515,-87.6520368066,1301688176.0,102220660,102220822
102220822,41.8671494578,-87.6523768444,1301688179.0,102220742,102220903
102220903,41.8671459728,-87.6526757942,1301688182.0,102220822,102221012
102221012,41.8671484602,-87.652945634,1301688186.0,102220903,102221698
102221698,41.867142004,-87.6532125815,1301688212.0,102221012,102221819
102221819,41.8671310634,-87.6535508112,1301688216.0,102221698,102221892
102221892,41.8671212392,-87.6539119109,1301688219.0,102221819,102221922
102221922,41.8671176661,-87.654185806,1301688221.0,102221892,102221929
102221929,41.8671165109,-87.6544687052,1301688223.0,102221922,102221938
102221938,41.867116065,-87.6547503938,1301688225.0,102221929,102221949
102221949,41.8671134897,-87.6550365438,1301688227.0,102221938,102221961
102221961,41.8671114403,-87.6553326664,1301688229.0,102221949,102221975
102221975,41.8671064698,-87.6556226077,1301688231.0,102221961,102221990
102221990,41.8671010547,-87.6558705852,1301688233.0,102221975,102222014
102222014,41.8670938677,-87.6561607635,1301688236.0,102221990,102222050
102222050,41.8670948928,-87.6564409469,1301688240.0,102222014,102222203
102222203,41.8671928681,-87.6566728565,1301688254.0,102222050,102222253
102222253,41.8674023544,-87.6567146446,1301688258.0,102222203,102222292
102222292,41.8676313161,-87.6567250078,1301688261.0,102222253,102222333
102222333,41.8678871939,-87.6567435147,1301688264.0,102222292,102222361
102222361,41.8680702097,-87.6567538595,1301688266.0,102222333,102222389
102222389,41.8682772354,-87.656756546,1301688268.0,102222361,102222418
102222418,41.8684981976,-87.6567603339,1301688270.0,102222389,102222448
102222448,41.8687171167,-87.6567648788,1301688272.0,102222418,102222478
102222478,41.8689259808,-87.6567622196,1301688274.0,102222448,102222503
102222503,41.8691299804,-87.6567538012,1301688276.0,102222478,102222535
102222535,41.8693192888,-87.6567490755,1301688278.0,102222503,102222568
102222568,41.8695023299,-87.6567479778,1301688280.0,102222535,102222598
102222598,41.8696852007,-87.6567521988,1301688282.0,102222568,102222631
102222631,41.8698702105,-87.6567657366,1301688284.0,102222598,102222665
102222665,41.8700632065,-87.656778846,1301688286.0,102222631,102222700
102222700,41.8702601109,-87.6567845055,1301688288.0,102222665,102222732
102222732,41.8704710426,-87.656783822,1301688290.0,102222700,102222767
102222767,41.8706849908,-87.6567829519,1301688292.0,102222732,102222802
102222802,41.870896963,-87.6567866503,1301688294.0,102222767,102222838
102222838,41.8711109047,-87.6567892163,1301688296.0,102222802,102222874
102222874,41.8713269167,-87.6567939651,1301688298.0,102222838,102222910
102222910,41.8715450209,-87.6568083162,1301688300.0,102222874,102222948
102222948,41.87175294,-87.6568127345,1301688302.0,102222910,102222985
102222985,41.8719478548,-87.6568063983,1301688304.0,102222948,102223042
102223042,41.8721729491,-87.6567902002,1301688307.0,102222985,102223138
102223138,41.87240613,-87.6567688686,1301688312.0,102223042,102223198
102223198,41.8726291474,-87.6567548225,1301688315.0,102223138,102223238
102223238,41.8728211946,-87.6567495909,1301688317.0,102223198,102223279
102223279,41.8730222763,-87.6567340294,1301688319.0,102223238,102223317
102223317,41.8732231362,-87.6567199816,1301688321.0,102223279,102223356
102223356,41.8734270089,-87.6567107812,1301688323.0,102223317,102223399
102223399,41.8736359432,-87.6567059555,1301688325.0,102223356,102223440
102223440,41.8738238477,-87.6567035096,1301688327.0,102223399,102223497
102223497,41.8740297623,-87.6567042225,1301688330.0,102223440,102223668
102223668,41.8742042734,-87.6566936604,1301688338.0,102223497,102223824
102223824,41.8743387103,-87.6565104519,1301688345.0,102223668,102223893
102223893,41.8743038117,-87.6561977795,1301688348.0,102223824,102223938
102223938,41.8742877711,-87.655939589,1301688350.0,102223893,102223981
102223981,41.8742762442,-87.65565049,1301688352.0,102223938,102224022
102224022,41.8742723213,-87.6553585888,1301688354.0,102223981,102224062
102224062,41.8742734441,-87.6550605779,1301688356.0,102224022,102224088
102224088,41.8742761441,-87.6547605987,1301688358.0,102224062,102224125
102224125,41.8742788464,-87.6544466432,1301688360.0,102224088,102224155
102224155,41.8742821668,-87.6541366442,1301688362.0,102224125,102224179
102224179,41.874283057,-87.6538306629,1301688364.0,102224155,102224202
102224202,41.8742846091,-87.6535357388,1301688366.0,102224179,102224218
102224218,41.8742886655,-87.6532518101,1301688368.0,102224202,102224257
102224257,41.8742941859,-87.652981834,1301688370.0,102224218,102224303
102224303,41.8742958303,-87.6527288868,1301688372.0,102224257,102224381
102224381,41.8742974742,-87.6523900003,1301688375.0,102224303,102224498
102224498,41.8742943714,-87.6521359694,1301688380.0,102224381,None
