95400097,41.8694336182,-87.6732557463,1303326799.0,None,95400269
95400269,41.8693922765,-87.6735394679,1303326805.0,95400097,95400390
95400390,41.869350149,-87.6737969483,1303326809.0,95400269,95400512
95400512,41.8693153499,-87.6741009514,1303326813.0,95400390,95400601
95400601,41.8693205286,-87.6743919516,1303326816.0,95400512,95400697
95400697,41.8693191324,-87.6747388632,1303326819.0,95400601,95400762
95400762,41.8693128851,-87.6750138155,1303326821.0,95400697,95400826
95400826,41.8693100201,-87.6752809645,1303326823.0,95400762,95400912
95400912,41.8693026671,-87.6756199134,1303326826.0,95400826,95401032
95401032,41.8692964601,-87.6759079346,1303326830.0,95400912,95401332
95401332,41.8693493612,-87.6761669262,1303326839.0,95401032,95401438
95401438,41.8695841045,-87.6761716479,1303326843.0,95401332,95401533
95401533,41.8698319936,-87.6761648935,1303326846.0,95401438,95401632
95401632,41.8701030135,-87.6761824341,1303326849.0,95401533,95401701
95401701,41.8702860109,-87.6761998376,1303326851.0,95401632,95401767
95401767,41.870482025,-87.676210035,1303326853.0,95401701,95401831
95401831,41.8706819787,-87.6762171928,1303326855.0,95401767,95401895
95401895,41.8708799837,-87.6762229826,1303326857.0,95401831,95401958
95401958,41.8710610089,-87.6762306484,1303326859.0,95401895,95402055
95402055,41.871277836,-87.6762340464,1303326862.0,95401958,95402199
95402199,41.8714641794,-87.6761863178,1303326866.0,95402055,95402335
95402335,41.8714890952,-87.6759497664,1303326870.0,95402199,95402436
95402436,41.8714796224,-87.675654978,1303326873.0,95402335,95402529
95402529,41.871473517,-87.6753579856,1303326876.0,95402436,95403459
95403459,41.8714818205,-87.6750758108,1303326903.0,95402529,95403592
95403592,41.8715003069,-87.6747291134,1303326907.0,95403459,95403690
95403690,41.8715188611,-87.6743819799,1303326910.0,95403592,95403793
95403793,41.8715221265,-87.6740872293,1303326913.0,95403690,95404006
95404006,41.8715148397,-87.6738380494,1303326919.0,95403793,95404179
95404179,41.8715239302,-87.6735470746,1303326924.0,95404006,95405059
95405059,41.8714944535,-87.6732485256,1303326949.0,95404179,95405149
95405149,41.8715050552,-87.6729721696,1303326952.0,95405059,95405251
95405251,41.8715180803,-87.6726401147,1303326955.0,95405149,95405365
95405365,41.8715297748,-87.6723209908,1303326958.0,95405251,95405477
95405477,41.8715316312,-87.6720680355,1303326961.0,95405365,95405678
95405678,41.8715409739,-87.6718177197,1303326967.0,95405477,95406657
95406657,41.8716125908,-87.6715636853,1303326995.0,95405678,95406869
95406869,41.8718149892,-87.6715109014,1303327001.0,95406657,95406975
95406975,41.8720330277,-87.6715429164,1303327004.0,95406869,95407089
95407089,41.8722940151,-87.6715626009,1303327007.0,95406975,95407161
95407161,41.8724750178,-87.6715705496,1303327009.0,95407089,95407228
95407228,41.8726630181,-87.6715745328,1303327011.0,95407161,95407295
95407295,41.8728560201,-87.6715716791,1303327013.0,95407228,95407356
95407356,41.8730430016,-87.6715708648,1303327015.0,95407295,95407456
95407456,41.873301996,-87.6715758746,1303327018.0,95407356,95407559
95407559,41.873533987,-87.6715750306,1303327021.0,95407456,95407669
95407669,41.8737329845,-87.6715547541,1303327024.0,95407559,95407807
95407807,41.8739219396,-87.6715654439,1303327028.0,95407669,95408192
95408192,41.8740890383,-87.671429502,1303327039.0,95407807,95408338
95408338,41.8740956836,-87.671143004,1303327043.0,95408192,95408445
95408445,41.8741019039,-87.670879085,1303327046.0,95408338,95408548
95408548,41.8741128414,-87.6706140681,1303327049.0,95408445,95408642
95408642,41.8741099648,-87.6703259425,1303327052.0,95408548,95408749
95408749,41.8741118661,-87.6700371185,1303327055.0,95408642,95408859
95408859,41.8741105966,-87.6697730297,1303327058.0,95408749,95409006
95409006,41.8741277075,-87.6694879138,1303327062.0,95408859,95409110
95409110,41.8741647208,-87.6692298451,1303327065.0,95409006,95409210
95409210,41.8742121547,-87.6688886638,1303327068.0,95409110,95409271
95409271,41.874226552,-87.6686319775,1303327070.0,95409210,95409336
95409336,41.8742258249,-87.6683630696,1303327072.0,95409271,95409407
95409407,41.8742239108,-87.6680899547,1303327074.0,95409336,95409474
95409474,41.8742292394,-87.667833858,1303327076.0,95409407,95409590
95409590,41.8742331026,-87.6675419716,1303327079.0,95409474,95409682
95409682,41.8742222935,-87.6672577772,1303327083.0,95409590,95409784
95409784,41.8741965798,-87.6669875485,1303327088.0,95409682,95410651
95410651,41.8742713266,-87.6667356931,1303327115.0,95409784,95410749
95410749,41.8742729536,-87.6664498591,1303327118.0,95410651,95410816
95410816,41.8742686724,-87.666202858,1303327120.0,95410749,95410872
95410872,41.8742741262,-87.6659239953,1303327122.0,95410816,95410940
95410940,41.8742696542,-87.6656110285,1303327124.0,95410872,95411006
95411006,41.8742687935,-87.6652700378,1303327126.0,95410940,95411077
95411077,41.8742643831,-87.6649091494,1303327128.0,95411006,95411153
95411153,41.874262046,-87.6645481477,1303327130.0,95411077,95411227
95411227,41.8742527849,-87.6641971385,1303327132.0,95411153,95411295
95411295,41.8742401842,-87.6638561252,1303327134.0,95411227,95411365
95411365,41.8742295771,-87.6635181136,1303327136.0,95411295,95411431
95411431,41.8742263713,-87.6631970276,1303327138.0,95411365,95411498
95411498,41.8742281242,-87.6629119284,1303327140.0,95411431,95411555
95411555,41.8742252833,-87.6626578692,1303327142.0,95411498,95411652
95411652,41.8742290501,-87.6623268576,1303327145.0,95411555,95411756
95411756,41.8742328399,-87.6619888481,1303327148.0,95411652,95411866
95411866,41.8742363264,-87.6616178325,1303327151.0,95411756,95411944
95411944,41.8742346472,-87.6613297752,1303327153.0,95411866,95412017
95412017,41.8742262896,-87.6610017417,1303327155.0,95411944,95412083
95412083,41.874222815,-87.6606507566,1303327157.0,95412017,95412149
95412149,41.8742210611,-87.6602777886,1303327159.0,95412083,95412210
95412210,41.8742202167,-87.6599088087,1303327161.0,95412149,95412271
95412271,41.8742205044,-87.6595527947,1303327163.0,95412210,95412338
95412338,41.8742191324,-87.6592057876,1303327165.0,95412271,95412411
95412411,41.8742151744,-87.658878809,1303327167.0,95412338,95412478
95412478,41.8742122761,-87.6585688548,1303327169.0,95412411,95412550
95412550,41.8742128644,-87.6582828521,1303327171.0,95412478,95412623
95412623,41.8742151965,-87.6580358539,1303327173.0,95412550,95412716
95412716,41.8742185821,-87.6576979605,1303327176.0,95412623,95412810
95412810,41.8742208957,-87.6574180521,1303327179.0,95412716,95413553
95413553,41.8742164811,-87.6571738777,1303327201.0,95412810,95413703
95413703,41.8742289273,-87.6568697226,1303327205.0,95413553,95413806
95413806,41.8742385658,-87.6565335129,1303327208.0,95413703,95413869
95413869,41.8742442734,-87.6562809062,1303327210.0,95413806,95413933
95413933,41.8742473711,-87.6560076665,1303327212.0,95413869,95414006
95414006,41.8742498631,-87.6557096377,1303327214.0,95413933,95414075
95414075,41.8742526022,-87.6553868198,1303327216.0,95414006,95414144
95414144,41.8742538862,-87.6550479108,1303327218.0,95414075,95414214
95414214,41.8742583442,-87.6546959336,1303327220.0,95414144,95414284
95414284,41.8742647866,-87.6543438969,1303327222.0,95414214,95414362
95414362,41.8742698109,-87.6539989093,1303327224.0,95414284,95414428
95414428,41.8742747089,-87.6536669242,1303327226.0,95414362,95414491
95414491,41.8742795384,-87.6533560033,1303327228.0,95414428,95414559
95414559,41.8742874346,-87.6530599411,1303327230.0,95414491,95414626
95414626,41.8742905695,-87.6528029489,1303327232.0,95414559,95414735
95414735,41.874299623,-87.6524689103,1303327235.0,95414626,95414867
95414867,41.8742987071,-87.6521858488,1303327239.0,95414735,None
