103318470,41.867429283,-87.6470311389,1301866214.0,None,103319335
103319335,41.8672443443,-87.6469836261,1301866242.0,103318470,103319696
103319696,41.8671305663,-87.6472010509,1301866256.0,103319335,103319710
103319710,41.867148737,-87.6474693596,1301866259.0,103319696,103319728
103319728,41.8671570124,-87.6478341643,1301866262.0,103319710,103319742
103319742,41.8671564044,-87.6481082207,1301866264.0,103319728,103319757
103319757,41.8671576819,-87.648392278,1301866266.0,103319742,103319773
103319773,41.8671597641,-87.6486652828,1301866268.0,103319757,103319790
103319790,41.8671623827,-87.6489112511,1301866270.0,103319773,103319817
103319817,41.8671628746,-87.6491792842,1301866273.0,103319790,103320046
103320046,41.8671663799,-87.6494321558,1301866294.0,103319817,103320101
103320101,41.8671628873,-87.6497321804,1301866298.0,103320046,103320143
103320143,41.8671605189,-87.6500301546,1301866301.0,103320101,103320186
103320186,41.8671625138,-87.6503350565,1301866304.0,103320143,103320231
103320231,41.8671658072,-87.6506259001,1301866307.0,103320186,103320293
103320293,41.8671782595,-87.6509235516,1301866311.0,103320231,103320423
103320423,41.8673437137,-87.651038658,1301866319.0,103320293,103320491
103320491,41.867540195,-87.6510261895,1301866323.0,103320423,103320543
103320543,41.8677642261,-87.651031176,1301866326.0,103320491,103320579
103320579,41.8679581662,-87.6510347091,1301866328.0,103320543,103320614
103320614,41.8681751513,-87.6510408702,1301866330.0,103320579,103320651
103320651,41.8684041084,-87.6510459547,1301866332.0,103320614,103320687
103320687,41.8686341147,-87.6510523648,1301866334.0,103320651,103320725
103320725,41.8688531162,-87.6510590984,1301866336.0,103320687,103320761
103320761,41.8690611581,-87.6510708024,1301866338.0,103320725,103320798
103320798,41.8692460904,-87.6510907602,1301866340.0,103320761,103320856
103320856,41.8694532213,-87.6511259562,1301866343.0,103320798,103320935
103320935,41.8695818242,-87.6513336211,1301866347.0,103320856,103320993
103320993,41.8695603537,-87.6516187127,1301866350.0,103320935,103321034
103321034,41.8695464049,-87.6518717021,1301866352.0,103320993,103321075
103321075,41.869545818,-87.6521617601,1301866354.0,103321034,103321117
103321117,41.8695329308,-87.6526218306,1301866357.0,103321075,103321161
103321161,41.8695140482,-87.6529168528,1301866359.0,103321117,103321202
103321202,41.8694965256,-87.6532048835,1301866361.0,103321161,103321247
103321247,41.8694878679,-87.6534849497,1301866363.0,103321202,103321278
103321278,41.8694802519,-87.6537319279,1301866365.0,103321247,103321339
103321339,41.8694858796,-87.6540038646,1301866368.0,103321278,103321473
103321473,41.8694877725,-87.6543039584,1301866374.0,103321339,103321537
103321537,41.8694746527,-87.654604901,1301866377.0,103321473,103321561
103321561,41.8694609154,-87.654852937,1301866379.0,103321537,103321607
103321607,41.8694516751,-87.6551150417,1301866381.0,103321561,103321651
103321651,41.8694496082,-87.6553710056,1301866383.0,103321607,103321686
103321686,41.8694458816,-87.6556229943,1301866385.0,103321651,103321716
103321716,41.8694426364,-87.6558679361,1301866387.0,103321686,103321772
103321772,41.8694457924,-87.6561848889,1301866390.0,103321716,103321842
103321842,41.8694460107,-87.6564338655,1301866394.0,103321772,103322256
103322256,41.8694609033,-87.6567333638,1301866412.0,103321842,103322330
103322330,41.8694567091,-87.6570124426,1301866415.0,103322256,103322407
103322407,41.8694447612,-87.6573761055,1301866418.0,103322330,103322455
103322455,41.8694379935,-87.6576290862,1301866420.0,103322407,103322503
103322503,41.8694349365,-87.6578830343,1301866422.0,103322455,103322550
103322550,41.8694279634,-87.6582800575,1301866425.0,103322503,103322599
103322599,41.8694229065,-87.6585510385,1301866427.0,103322550,103322648
103322648,41.8694169263,-87.6588290414,1301866429.0,103322599,103322702
103322702,41.8694146595,-87.6591060328,1301866431.0,103322648,103322756
103322756,41.8694105767,-87.6593760354,1301866433.0,103322702,103322814
103322814,41.8694056766,-87.6596420188,1301866435.0,103322756,103322864
103322864,41.8694016738,-87.6598980259,1301866437.0,103322814,103322910
103322910,41.86939858,-87.6601500207,1301866439.0,103322864,103322948
103322948,41.8693908764,-87.6603930158,1301866441.0,103322910,103323031
103323031,41.8693840335,-87.6607370356,1301866444.0,103322948,103323114
103323114,41.8693822109,-87.6610271211,1301866447.0,103323031,103323199
103323199,41.8693806624,-87.6613021112,1301866450.0,103323114,103323277
103323277,41.8693715214,-87.6616151502,1301866453.0,103323199,103323356
103323356,41.8693613603,-87.6619420411,1301866456.0,103323277,103323441
103323441,41.869349691,-87.6623089696,1301866459.0,103323356,103323496
103323496,41.8693435205,-87.6625660103,1301866461.0,103323441,103323554
103323554,41.8693345573,-87.6628250111,1301866463.0,103323496,103323612
103323612,41.8693298195,-87.6630770797,1301866465.0,103323554,103323671
103323671,41.8693298814,-87.6633251183,1301866467.0,103323612,103323754
103323754,41.8693247946,-87.6636600581,1301866470.0,103323671,103323867
103323867,41.8693232789,-87.6639291764,1301866474.0,103323754,103324065
103324065,41.8693195745,-87.6642222078,1301866481.0,103323867,103324183
103324183,41.8693066992,-87.6645520608,1301866485.0,103324065,103324274
103324274,41.8692986561,-87.6648891386,1301866488.0,103324183,103324330
103324330,41.8692944764,-87.6651461163,1301866490.0,103324274,103324390
103324390,41.869289384,-87.6654151166,1301866492.0,103324330,103324450
103324450,41.8692876918,-87.6656941976,1301866494.0,103324390,103324509
103324509,41.8692903418,-87.6659783176,1301866496.0,103324450,103324565
103324565,41.8692933689,-87.6662563682,1301866498.0,103324509,103324626
103324626,41.8692984827,-87.6665062152,1301866500.0,103324565,103324720
103324720,41.8692902724,-87.6667901297,1301866503.0,103324626,103325209
103325209,41.8692606524,-87.667073238,1301866520.0,103324720,103325336
103325336,41.8692367627,-87.6673851761,1301866524.0,103325209,103325435
103325435,41.8692383293,-87.6677341216,1301866527.0,103325336,103325499
103325499,41.8692330038,-87.6679929529,1301866529.0,103325435,103325564
103325564,41.8692307931,-87.6682460692,1301866531.0,103325499,103325623
103325623,41.8692291805,-87.6684911606,1301866533.0,103325564,103325715
103325715,41.8692309798,-87.6687667395,1301866536.0,103325623,103325788
103325788,41.8692328283,-87.6690258542,1301866542.0,103325715,103325804
103325804,41.8692400419,-87.6692639907,1301866545.0,103325788,103325823
103325823,41.8692185102,-87.6696351234,1301866548.0,103325804,103325837
103325837,41.8692058501,-87.6699230595,1301866550.0,103325823,103325853
103325853,41.8691972101,-87.6702250134,1301866552.0,103325837,103325869
103325869,41.8691993309,-87.670527028,1301866554.0,103325853,103325887
103325887,41.8692082619,-87.6708077698,1301866556.0,103325869,103325915
103325915,41.8692175309,-87.6711379763,1301866559.0,103325887,103325977
103325977,41.8692245551,-87.6713989324,1301866565.0,103325915,103326046
103326046,41.8691325907,-87.6716112369,1301866571.0,103325977,103326082
103326082,41.8691344591,-87.6719801332,1301866574.0,103326046,103326108
103326108,41.8691399191,-87.6722791218,1301866576.0,103326082,103326134
103326134,41.8691422996,-87.6725862013,1301866578.0,103326108,103326160
103326160,41.8691458581,-87.6728601592,1301866580.0,103326134,103326202
103326202,41.8691648858,-87.6731431934,1301866583.0,103326160,103326288
103326288,41.8691995021,-87.6734904145,1301866590.0,103326202,103326318
103326318,41.8691971181,-87.6738290823,1301866593.0,103326288,103326356
103326356,41.8691921742,-87.6740990794,1301866595.0,103326318,103326389
103326389,41.8691931465,-87.6743880677,1301866597.0,103326356,103326415
103326415,41.8691864267,-87.674689126,1301866599.0,103326389,103326445
103326445,41.8691831709,-87.6749790806,1301866601.0,103326415,103326483
103326483,41.8691804636,-87.6752341242,1301866603.0,103326445,103326532
103326532,41.8691791767,-87.675517308,1301866606.0,103326483,103326721
103326721,41.8691815458,-87.675762467,1301866617.0,103326532,103326795
103326795,41.8691798416,-87.6760573568,1301866621.0,103326721,103326851
103326851,41.8691631735,-87.6763880471,1301866624.0,103326795,103326889
103326889,41.8691573661,-87.6766459377,1301866626.0,103326851,103326927
103326927,41.8691459503,-87.676913979,1301866628.0,103326889,103326966
103326966,41.869139267,-87.6771939512,1301866630.0,103326927,103327003
103327003,41.8691360677,-87.677484971,1301866632.0,103326966,103327043
103327043,41.8691356207,-87.6777809548,1301866634.0,103327003,103327083
103327083,41.8691360928,-87.6780749383,1301866636.0,103327043,103327124
103327124,41.8691364765,-87.6783679222,1301866638.0,103327083,103327164
103327164,41.8691324,-87.6786549678,1301866640.0,103327124,103327202
103327202,41.8691265658,-87.678932939,1301866642.0,103327164,103327245
103327245,41.8691244599,-87.6792119449,1301866644.0,103327202,103327284
103327284,41.8691250897,-87.6794829546,1301866646.0,103327245,103327326
103327326,41.8691275726,-87.679740006,1301866648.0,103327284,103327370
103327370,41.8691300154,-87.6799831185,1301866650.0,103327326,103327428
103327428,41.8691338714,-87.6802742203,1301866653.0,103327370,103327873
103327873,41.8691276296,-87.6805380261,1301866676.0,103327428,103327948
103327948,41.8691342086,-87.6808229547,1301866680.0,103327873,103328008
103328008,41.8691306303,-87.6811576906,1301866683.0,103327948,103328053
103328053,41.8691171476,-87.6814256104,1301866685.0,103328008,103328098
103328098,41.8691046812,-87.6817096114,1301866687.0,103328053,103328146
103328146,41.8690955557,-87.6819836793,1301866689.0,103328098,103328192
103328192,41.8690869098,-87.6822518015,1301866691.0,103328146,103328238
103328238,41.8690781817,-87.682510803,1301866693.0,103328192,103328283
103328283,41.8690697388,-87.6827608714,1301866695.0,103328238,103328357
103328357,41.8690589694,-87.6831149526,1301866698.0,103328283,103328432
103328432,41.8690596165,-87.683380939,1301866701.0,103328357,103328645
103328645,41.8690437442,-87.6836521268,1301866710.0,103328432,103328767
103328767,41.8690550081,-87.6839796635,1301866715.0,103328645,103328844
103328844,41.8690661025,-87.6842667714,1301866718.0,103328767,103328917
103328917,41.8690688384,-87.6845357477,1301866721.0,103328844,103329177
103329177,41.8690531863,-87.684822762,1301866731.0,103328917,103329280
103329280,41.8690651476,-87.6851477828,1301866735.0,103329177,103329360
103329360,41.8690660553,-87.6854640358,1301866738.0,103329280,103329438
103329438,41.8690656976,-87.6857093482,1301866741.0,103329360,103329770
103329770,41.8690786466,-87.6859810735,1301866753.0,103329438,None
