28752932,41.8674641243,-87.6470524078,1301929325.0,None,28753617
28753617,41.8672795523,-87.6472042628,1301929345.0,28752932,28753751
28753751,41.8672528905,-87.6475348157,1301929349.0,28753617,28753854
28753854,41.8672547837,-87.6478618117,1301929352.0,28753751,28753925
28753925,41.8672484643,-87.6481087301,1301929354.0,28753854,28754001
28754001,41.8672401574,-87.6483596746,1301929356.0,28753925,28754113
28754113,41.8672336696,-87.6487016626,1301929359.0,28754001,28754221
28754221,41.8672277779,-87.648946664,1301929362.0,28754113,28754399
28754399,41.8672174465,-87.6492135903,1301929367.0,28754221,28754536
28754536,41.8672124109,-87.649544684,1301929371.0,28754399,28754653
28754653,41.8672058681,-87.6498727376,1301929374.0,28754536,28754730
28754730,41.8671995083,-87.6501227846,1301929376.0,28754653,28754804
28754804,41.8671935411,-87.6503947992,1301929378.0,28754730,28754863
28754863,41.8671891712,-87.6506788394,1301929380.0,28754804,28754921
28754921,41.8671872701,-87.6509748549,1301929382.0,28754863,28754995
28754995,41.8671800492,-87.6512837837,1301929384.0,28754921,28755073
28755073,41.8671735674,-87.6515980334,1301929386.0,28754995,28755150
28755150,41.8671700778,-87.6519196842,1301929388.0,28755073,28755230
28755230,41.8671658339,-87.6522376438,1301929390.0,28755150,28755308
28755308,41.8671610259,-87.6525205841,1301929392.0,28755230,28755426
28755426,41.86715622,-87.6528076003,1301929395.0,28755308,28756014
28756014,41.8671459559,-87.6530706821,1301929411.0,28755426,28756169
28756169,41.8671394639,-87.6533187058,1301929415.0,28756014,28756276
28756276,41.8671351046,-87.6536066741,1301929418.0,28756169,28756393
28756393,41.8671257345,-87.6539737206,1301929421.0,28756276,28756460
28756460,41.8671220462,-87.6542557015,1301929423.0,28756393,28756525
28756525,41.8671158096,-87.6545566216,1301929425.0,28756460,28756598
28756598,41.8671041725,-87.6548747013,1301929427.0,28756525,28756659
28756659,41.8670968583,-87.655197845,1301929429.0,28756598,28756735
28756735,41.8670913956,-87.6555339059,1301929431.0,28756659,28756805
28756805,41.8670870436,-87.6558738546,1301929433.0,28756735,28756883
28756883,41.8670809067,-87.6562149597,1301929435.0,28756805,28756963
28756963,41.8670794888,-87.6565522484,1301929437.0,28756883,28757040
28757040,41.8670725303,-87.6568960178,1301929439.0,28756963,28757114
28757114,41.8670695545,-87.6572459619,1301929441.0,28757040,28757181
28757181,41.8670656228,-87.657602971,1301929443.0,28757114,28757243
28757243,41.8670586275,-87.6579599327,1301929445.0,28757181,28757289
28757289,41.8670526554,-87.6583139779,1301929447.0,28757243,28757361
28757361,41.8670496513,-87.6586589284,1301929449.0,28757289,28757426
28757426,41.8670460306,-87.6589978998,1301929451.0,28757361,28757486
28757486,41.8670408727,-87.6593318751,1301929453.0,28757426,28757545
28757545,41.8670358762,-87.6596548672,1301929455.0,28757486,28757582
28757582,41.8670318286,-87.6599478619,1301929457.0,28757545,28757642
28757642,41.8670268883,-87.6601998802,1301929459.0,28757582,28757718
28757718,41.8670227906,-87.6604668446,1301929462.0,28757642,28758095
28758095,41.8670224062,-87.6607488577,1301929475.0,28757718,28758244
28758244,41.8670160709,-87.6610309282,1301929479.0,28758095,28758356
28758356,41.8670114156,-87.6613319556,1301929482.0,28758244,28758467
28758467,41.8670062353,-87.6616809942,1301929485.0,28758356,28758521
28758521,41.8670040609,-87.6619408448,1301929487.0,28758467,28758594
28758594,41.8669969503,-87.6622208319,1301929489.0,28758521,28758667
28758667,41.8669910968,-87.6625108948,1301929491.0,28758594,28758731
28758731,41.8669863702,-87.6628009127,1301929493.0,28758667,28758797
28758797,41.8669822159,-87.6630879143,1301929495.0,28758731,28758870
28758870,41.8669770614,-87.6633728964,1301929497.0,28758797,28758942
28758942,41.8669742431,-87.6636538871,1301929499.0,28758870,28759013
28759013,41.8669715554,-87.6639228621,1301929501.0,28758942,28759087
28759087,41.866967446,-87.6641718606,1301929503.0,28759013,28759205
28759205,41.866962341,-87.6645208842,1301929506.0,28759087,28759308
28759308,41.8669575366,-87.6648138906,1301929509.0,28759205,28759456
28759456,41.8669542913,-87.6650759128,1301929513.0,28759308,28760056
28760056,41.8669488048,-87.6653629936,1301929530.0,28759456,28760208
28760208,41.866946302,-87.6656789844,1301929534.0,28760056,28760318
28760318,41.8669442191,-87.6660030065,1301929537.0,28760208,28760425
28760425,41.8669413467,-87.6663694915,1301929540.0,28760318,28760488
28760488,41.8669428491,-87.6666271021,1301929542.0,28760425,28760522
28760522,41.8669434285,-87.6668929648,1301929544.0,28760488,28760529
28760529,41.8669438856,-87.6671630126,1301929546.0,28760522,28760538
28760538,41.8669402916,-87.6674410637,1301929548.0,28760529,28760549
28760549,41.8669403185,-87.6677110765,1301929550.0,28760538,28760561
28760561,41.8669413398,-87.6679700837,1301929552.0,28760549,28760575
28760575,41.8669444614,-87.6682221063,1301929554.0,28760561,28760598
28760598,41.8669469652,-87.6685509561,1301929557.0,28760575,28760632
28760632,41.8669867223,-87.6688285489,1301929561.0,28760598,28760670
28760670,41.8671770002,-87.6689185504,1301929565.0,28760632,28760700
28760700,41.8673730573,-87.6689086716,1301929568.0,28760670,28760733
28760733,41.8676099967,-87.6689124362,1301929571.0,28760700,28760767
28760767,41.8678769473,-87.6689200961,1301929574.0,28760733,28760791
28760791,41.8680659269,-87.6689240996,1301929576.0,28760767,28760815
28760815,41.8682628881,-87.6689307157,1301929578.0,28760791,28760840
28760840,41.8684628981,-87.6689351623,1301929580.0,28760815,28760866
28760866,41.8686529498,-87.668943048,1301929582.0,28760840,28760905
28760905,41.8689071744,-87.6689513317,1301929585.0,28760866,28760947
28760947,41.8690875892,-87.6689568846,1301929588.0,28760905,28761063
28761063,41.869264267,-87.6690543253,1301929596.0,28760947,28761123
28761123,41.8692767133,-87.6692908801,1301929600.0,28761063,28761171
28761171,41.8692643786,-87.6695426011,1301929603.0,28761123,28761219
28761219,41.8692543365,-87.6698252771,1301929606.0,28761171,28761269
28761269,41.8692486659,-87.6701108683,1301929609.0,28761219,28761320
28761320,41.8692494936,-87.6703880338,1301929612.0,28761269,28761371
28761371,41.8692479255,-87.6706590466,1301929615.0,28761320,28761477
28761477,41.8692463906,-87.6709212823,1301929621.0,28761371,28761898
28761898,41.8692455803,-87.671165249,1301929643.0,28761477,28762327
28762327,41.8692223066,-87.6714049057,1301929668.0,28761898,28762419
28762419,41.8692235301,-87.6717008056,1301929673.0,28762327,28762501
28762501,41.8692346866,-87.6719628089,1301929677.0,28762419,28762835
28762835,41.8692244836,-87.6722100229,1301929692.0,28762501,28762929
28762929,41.8692244744,-87.6724830872,1301929696.0,28762835,28762997
28762997,41.869220471,-87.6727881459,1301929699.0,28762929,28763071
28763071,41.8692111632,-87.6731392182,1301929702.0,28762997,28763140
28763140,41.8692047324,-87.673418988,1301929705.0,28763071,28763305
28763305,41.8692434302,-87.6736627131,1301929712.0,28763140,28763431
28763431,41.8694430654,-87.6737312837,1301929717.0,28763305,28763503
28763503,41.8696400702,-87.67372607,1301929720.0,28763431,28763583
28763583,41.8698789047,-87.6737297153,1301929723.0,28763503,28763657
28763657,41.870132956,-87.6737438403,1301929726.0,28763583,28763738
28763738,41.8703649864,-87.673752477,1301929729.0,28763657,28763828
28763828,41.8705989821,-87.6737631229,1301929733.0,28763738,28763933
28763933,41.8708100283,-87.6737583698,1301929737.0,28763828,28764011
28764011,41.8710040701,-87.6737557146,1301929741.0,28763933,28764181
28764181,41.8711933443,-87.6737708748,1301929747.0,28764011,28764534
28764534,41.8713770902,-87.6737880344,1301929760.0,28764181,28764841
28764841,41.87148461,-87.6735825245,1301929772.0,28764534,None
