34496786,41.8729319008,-87.6764264574,1302444728.0,None,34497188
34497188,41.8727329296,-87.6764232991,1302444745.0,34496786,34497249
34497249,41.8725270336,-87.6764195004,1302444748.0,34497188,34497329
34497329,41.8722770733,-87.6764042598,1302444751.0,34497249,34497407
34497407,41.8720170128,-87.6763730529,1302444754.0,34497329,34497474
34497474,41.8717720711,-87.676354181,1302444757.0,34497407,34497549
34497549,41.871575282,-87.6763340927,1302444760.0,34497474,34497654
34497654,41.8714582104,-87.6761215651,1302444764.0,34497549,34497734
34497734,41.8714679039,-87.6758569882,1302444767.0,34497654,34497805
34497805,41.8714733228,-87.675558981,1302444770.0,34497734,34497880
34497880,41.871482252,-87.675232841,1302444773.0,34497805,34497966
34497966,41.8715019664,-87.6748827267,1302444776.0,34497880,34498054
34498054,41.8715098513,-87.6745380453,1302444779.0,34497966,34498133
34498133,41.8715101382,-87.67421513,1302444782.0,34498054,34498209
34498209,41.871514368,-87.6739623071,1302444785.0,34498133,34498383
34498383,41.8715192466,-87.6737061883,1302444791.0,34498209,34498497
34498497,41.8715333002,-87.6734112615,1302444795.0,34498383,34498576
34498576,41.8715464545,-87.6731159712,1302444798.0,34498497,34498659
34498659,41.8715554244,-87.6727828046,1302444801.0,34498576,34498748
34498748,41.8715646877,-87.6724537921,1302444804.0,34498659,34498839
34498839,41.8715756398,-87.6721498244,1302444807.0,34498748,34498925
34498925,41.871585598,-87.6718749706,1302444810.0,34498839,34499034
34499034,41.8715829744,-87.6716008427,1302444814.0,34498925,34499155
34499155,41.871569469,-87.6712716652,1302444818.0,34499034,34499245
34499245,41.871574816,-87.6709778223,1302444821.0,34499155,34499334
34499334,41.8715739018,-87.6706608805,1302444824.0,34499245,34499417
34499417,41.8715779079,-87.6703238187,1302444827.0,34499334,34499499
34499499,41.8715772119,-87.6699726006,1302444830.0,34499417,34499592
34499592,41.8715868941,-87.6696468296,1302444833.0,34499499,34499682
34499682,41.8715887864,-87.6693615397,1302444836.0,34499592,34499836
34499836,41.8715828396,-87.6691114242,1302444841.0,34499682,34499985
34499985,41.8713966066,-87.6690274617,1302444846.0,34499836,34500109
34500109,41.8711504844,-87.6690272844,1302444850.0,34499985,34500205
34500205,41.870930594,-87.6690197311,1302444853.0,34500109,34500300
34500300,41.8706928032,-87.6690170331,1302444856.0,34500205,34500386
34500386,41.8704389526,-87.6690174207,1302444859.0,34500300,34500477
34500477,41.8701839199,-87.6690214594,1302444862.0,34500386,34500573
34500573,41.8699299257,-87.6690191034,1302444865.0,34500477,34500668
34500668,41.8696880006,-87.669018556,1302444868.0,34500573,34500761
34500761,41.869474729,-87.669017362,1302444871.0,34500668,34500954
34500954,41.8692866149,-87.6689970253,1302444877.0,34500761,34501061
34501061,41.8692189388,-87.6687610839,1302444881.0,34500954,34501157
34501157,41.8692314014,-87.6684988174,1302444884.0,34501061,34501251
34501251,41.869249218,-87.668182927,1302444887.0,34501157,34501298
34501298,41.8692572324,-87.6678399755,1302444890.0,34501251,34501393
34501393,41.8692580727,-87.6674898509,1302444893.0,34501298,34501453
34501453,41.8692415573,-87.6672387348,1302444895.0,34501393,34501519
34501519,41.8692406995,-87.6669876158,1302444897.0,34501453,34501582
34501582,41.8692411346,-87.666739717,1302444899.0,34501519,34501638
34501638,41.8692396293,-87.6664938422,1302444901.0,34501582,34501730
34501730,41.8692516781,-87.6661338504,1302444904.0,34501638,34501827
34501827,41.8692698431,-87.6657728075,1302444907.0,34501730,34501919
34501919,41.8692819918,-87.6654118666,1302444910.0,34501827,34502018
34502018,41.8692850913,-87.6650678738,1302444913.0,34501919,34502108
34502108,41.8692889862,-87.6647508786,1302444916.0,34502018,34502217
34502217,41.8692902878,-87.6644629514,1302444919.0,34502108,34502377
34502377,41.8693002886,-87.6641979012,1302444924.0,34502217,34502537
34502537,41.8693199202,-87.6638929665,1302444930.0,34502377,34502635
34502635,41.8693295015,-87.6636379414,1302444933.0,34502537,34502743
34502743,41.86934053,-87.6633459111,1302444936.0,34502635,34502855
34502855,41.8693474685,-87.6630318957,1302444939.0,34502743,34502963
34502963,41.8693554951,-87.6627329367,1302444942.0,34502855,34503065
34503065,41.8693616227,-87.6624439516,1302444945.0,34502963,34503165
34503165,41.8693606177,-87.6621530171,1302444948.0,34503065,34503265
34503265,41.8693691152,-87.661850998,1302444951.0,34503165,34503373
34503373,41.8693718715,-87.6615348382,1302444954.0,34503265,34503448
34503448,41.8693867133,-87.6612068157,1302444957.0,34503373,34503563
34503563,41.8693920793,-87.6608608845,1302444960.0,34503448,34503669
34503669,41.869404132,-87.6605079267,1302444963.0,34503563,34503745
34503745,41.8694081264,-87.6602629157,1302444965.0,34503669,34503816
34503816,41.8694129179,-87.6600139134,1302444967.0,34503745,34503877
34503877,41.86941797,-87.659758901,1302444969.0,34503816,34503947
34503947,41.8694220133,-87.6595048881,1302444971.0,34503877,34504020
34504020,41.8694262005,-87.6592459105,1302444973.0,34503947,34504092
34504092,41.8694321656,-87.658993915,1302444975.0,34504020,34504165
34504165,41.8694270483,-87.6587419294,1302444977.0,34504092,34504237
34504237,41.8694148361,-87.6584779279,1302444979.0,34504165,34504310
34504310,41.8694083636,-87.6582209086,1302444981.0,34504237,34504415
34504415,41.8694124056,-87.6578629059,1302444984.0,34504310,34504521
34504521,41.8694153364,-87.6575198484,1302444987.0,34504415,34504631
34504631,41.8694234702,-87.6572057184,1302444990.0,34504521,34504737
34504737,41.869426778,-87.656944453,1302444993.0,34504631,34504926
34504926,41.869517144,-87.6567009643,1302444998.0,34504737,34505067
34505067,41.8697013381,-87.6566927807,1302445002.0,34504926,34505179
34505179,41.869902447,-87.6567083201,1302445005.0,34505067,34505286
34505286,41.8701487143,-87.6567093286,1302445008.0,34505179,34505393
34505393,41.8704078368,-87.6567208993,1302445011.0,34505286,34505461
34505461,41.8705908091,-87.6567309889,1302445013.0,34505393,34505540
34505540,41.8707707512,-87.6567407803,1302445015.0,34505461,34505614
34505614,41.870951723,-87.6567495196,1302445017.0,34505540,34505683
34505683,41.8711367434,-87.6567606999,1302445019.0,34505614,34505752
34505752,41.8713187581,-87.6567689971,1302445021.0,34505683,34505864
34505864,41.8715779728,-87.6567777235,1302445024.0,34505752,34505972
34505972,41.871812363,-87.6567736515,1302445027.0,34505864,34506085
34506085,41.8720044662,-87.6567679175,1302445030.0,34505972,34506311
34506311,41.8721893657,-87.6567676271,1302445036.0,34506085,34506412
34506412,41.8723902805,-87.6567586804,1302445040.0,34506311,34506510
34506510,41.8725893354,-87.6567455225,1302445043.0,34506412,34506621
34506621,41.8728095027,-87.6567327994,1302445046.0,34506510,34506736
34506736,41.8730426035,-87.6567173711,1302445049.0,34506621,34506842
34506842,41.8732742268,-87.6567018618,1302445052.0,34506736,34506953
34506953,41.8735039787,-87.6567013843,1302445055.0,34506842,34507059
34507059,41.8737089593,-87.656703984,1302445058.0,34506953,34507390
34507390,41.8738970074,-87.6567146388,1302445067.0,34507059,34507581
34507581,41.8740772147,-87.6567141505,1302445072.0,34507390,None
