88202815,41.869266604,-87.6746999391,1302178535.0,None,88203403
88203403,41.8692022917,-87.6749850165,1302178554.0,88202815,88203505
88203505,41.8691941401,-87.6753041991,1302178557.0,88203403,88203614
88203614,41.8692050821,-87.675645706,1302178560.0,88203505,88203747
88203747,41.8692109501,-87.6759316237,1302178564.0,88203614,88204358
88204358,41.8692386071,-87.676172885,1302178582.0,88203747,88204523
88204523,41.8694299752,-87.6762459934,1302178587.0,88204358,88204627
88204627,41.8696669485,-87.6762419638,1302178590.0,88204523,88204692
88204692,41.8698560698,-87.6762336353,1302178592.0,88204627,88204761
88204761,41.8700601068,-87.67622865,1302178594.0,88204692,88204826
88204826,41.8702671236,-87.6762299752,1302178596.0,88204761,88204894
88204894,41.8704921352,-87.676239404,1302178598.0,88204826,88204964
88204964,41.8707339719,-87.6762469356,1302178600.0,88204894,88205031
88205031,41.8709570064,-87.6762472646,1302178602.0,88204964,88205102
88205102,41.8711420491,-87.6762494642,1302178604.0,88205031,88205213
88205213,41.871341161,-87.6762556141,1302178607.0,88205102,88205434
88205434,41.8714818254,-87.6760944721,1302178613.0,88205213,88205567
88205567,41.8714883662,-87.6758179032,1302178617.0,88205434,88205666
88205666,41.8714868649,-87.6755380529,1302178620.0,88205567,88205809
88205809,41.8714826387,-87.6752468119,1302178624.0,88205666,88206571
88206571,41.8714687605,-87.6749948231,1302178646.0,88205809,88206689
88206689,41.8714810652,-87.6747276557,1302178649.0,88206571,88206806
88206806,41.8714808635,-87.6744324326,1302178652.0,88206689,88206940
88206940,41.871493603,-87.674149184,1302178656.0,88206806,88207159
88207159,41.8714944641,-87.6738830269,1302178662.0,88206940,88207309
88207309,41.8714851237,-87.6735942832,1302178666.0,88207159,88208004
88208004,41.8714906431,-87.6733436357,1302178685.0,88207309,88208161
88208161,41.8715091671,-87.6730001615,1302178689.0,88208004,88208238
88208238,41.871519489,-87.6727520985,1302178691.0,88208161,88208313
88208313,41.8715246855,-87.6724821038,1302178693.0,88208238,88208387
88208387,41.8715183788,-87.6722359767,1302178695.0,88208313,88208497
88208497,41.8715112093,-87.6719788725,1302178698.0,88208387,88208652
88208652,41.8715093272,-87.6717267871,1302178703.0,88208497,88208709
88208709,41.8715234678,-87.6714128738,1302178707.0,88208652,88208809
88208809,41.871530983,-87.6711191095,1302178710.0,88208709,88208903
88208903,41.8715488873,-87.6708190869,1302178713.0,88208809,88208996
88208996,41.8715545522,-87.6705560014,1302178716.0,88208903,88209085
88209085,41.8715530713,-87.6703008566,1302178719.0,88208996,88209178
88209178,41.8715585746,-87.670025779,1302178722.0,88209085,88209280
88209280,41.8715648339,-87.6697523731,1302178725.0,88209178,88209387
88209387,41.8715613225,-87.6695069669,1302178728.0,88209280,88209564
88209564,41.8715813101,-87.6692665384,1302178733.0,88209387,88209804
88209804,41.8716473048,-87.6690117028,1302178740.0,88209564,88209909
88209909,41.871828847,-87.6689784851,1302178744.0,88209804,88210018
88210018,41.8720549901,-87.6689959764,1302178747.0,88209909,88210131
88210131,41.8722758932,-87.6690103176,1302178750.0,88210018,88210273
88210273,41.8724589494,-87.6690163641,1302178754.0,88210131,88210433
88210433,41.8726382358,-87.6689883079,1302178759.0,88210273,88210484
88210484,41.8728312059,-87.6690081372,1302178767.0,88210433,88210510
88210510,41.8730540499,-87.6690244661,1302178771.0,88210484,88210525
88210525,41.8732380575,-87.6690352828,1302178773.0,88210510,88210541
88210541,41.873443086,-87.6690456117,1302178775.0,88210525,88210558
88210558,41.8736329566,-87.6690562627,1302178777.0,88210541,88210585
88210585,41.8738698402,-87.6690708196,1302178780.0,88210558,88210646
88210646,41.8740550249,-87.6691194113,1302178786.0,88210585,88210726
88210726,41.8741145755,-87.6688264109,1302178793.0,88210646,88210762
88210762,41.8741075566,-87.6685031474,1302178796.0,88210726,88210788
88210788,41.8740732097,-87.6682629279,1302178798.0,88210762,88210814
88210814,41.8740335841,-87.6680069396,1302178800.0,88210788,88210840
88210840,41.8740266691,-87.6677468067,1302178802.0,88210814,88210882
88210882,41.8740258445,-87.6674146888,1302178805.0,88210840,88210923
88210923,41.8740229434,-87.6671649978,1302178808.0,88210882,88211336
88211336,41.8740967527,-87.6669219489,1302178834.0,88210923,88211425
88211425,41.8741278619,-87.6665937122,1302178839.0,88211336,88211480
88211480,41.8741367217,-87.6662312214,1302178842.0,88211425,88211515
88211515,41.8741397507,-87.6659399286,1302178844.0,88211480,88211554
88211554,41.8741419197,-87.6656238807,1302178846.0,88211515,88211592
88211592,41.8741497161,-87.6652988929,1302178848.0,88211554,88211628
88211628,41.8741485603,-87.6649628966,1302178850.0,88211592,88211667
88211667,41.8741407293,-87.664629941,1302178852.0,88211628,88211707
88211707,41.8741292759,-87.6642969235,1302178854.0,88211667,88211749
88211749,41.8741213968,-87.6639549257,1302178856.0,88211707,88211784
88211784,41.8741117418,-87.6635949225,1302178858.0,88211749,88211825
88211825,41.8741069054,-87.6632299572,1302178860.0,88211784,88211866
88211866,41.8741080042,-87.6628640114,1302178862.0,88211825,88211907
88211907,41.8741149587,-87.6625099956,1302178864.0,88211866,88211939
88211939,41.8741236796,-87.6621670056,1302178866.0,88211907,88211973
88211973,41.8741324751,-87.6618230165,1302178868.0,88211939,88212014
88212014,41.8741368385,-87.6614670048,1302178870.0,88211973,88212064
88212064,41.8741456201,-87.6611019741,1302178872.0,88212014,88212107
88212107,41.8741532406,-87.6607289685,1302178874.0,88212064,88212146
88212146,41.8741573954,-87.6603519908,1302178876.0,88212107,88212184
88212184,41.8741597388,-87.6599649969,1302178878.0,88212146,88212228
88212228,41.8741620633,-87.6595810093,1302178880.0,88212184,88212274
88212274,41.8741653801,-87.6591990288,1302178882.0,88212228,88212323
88212323,41.8741722473,-87.658820998,1302178884.0,88212274,88212367
88212367,41.8741737789,-87.6584440121,1302178886.0,88212323,88212408
88212408,41.8741794682,-87.6580770089,1302178888.0,88212367,88212451
88212451,41.8741877119,-87.6577260413,1302178890.0,88212408,88212500
88212500,41.8741965397,-87.6573890966,1302178892.0,88212451,88212547
88212547,41.8742057076,-87.6570489863,1302178894.0,88212500,88212572
88212572,41.8742081444,-87.65669741,1302178896.0,88212547,88212621
88212621,41.8742244795,-87.6563448999,1302178898.0,88212572,88212667
88212667,41.8742269662,-87.6559779645,1302178900.0,88212621,88212702
88212702,41.8742309951,-87.6556141589,1302178902.0,88212667,88212745
88212745,41.8742378298,-87.6552562002,1302178904.0,88212702,88212786
88212786,41.8742439673,-87.654892176,1302178906.0,88212745,88212821
88212821,41.8742508845,-87.6545211571,1302178908.0,88212786,88212861
88212861,41.8742543507,-87.6541421527,1302178910.0,88212821,88212899
88212899,41.8742606944,-87.6537612361,1302178912.0,88212861,88212939
88212939,41.8742657183,-87.653389304,1302178914.0,88212899,88212983
88212983,41.8742675784,-87.6530482919,1302178916.0,88212939,88213031
88213031,41.8742635927,-87.652747202,1302178918.0,88212983,88213079
88213079,41.8742619654,-87.6525051055,1302178920.0,88213031,88213178
88213178,41.8742661247,-87.6522323617,1302178924.0,88213079,None
