100532794,41.8744429215,-87.6515711523,1304013853.0,None,100533434
100533434,41.8744458192,-87.6518240508,1304013882.0,100532794,100533491
100533491,41.8744397635,-87.6520810161,1304013885.0,100533434,100533565
100533565,41.8744323958,-87.6524389986,1304013888.0,100533491,100533615
100533615,41.8744259751,-87.6527190129,1304013890.0,100533565,100533662
100533662,41.8744145971,-87.6530270767,1304013892.0,100533615,100533709
100533709,41.8744039843,-87.6533441995,1304013894.0,100533662,100533752
100533752,41.874392548,-87.6536691883,1304013896.0,100533709,100533792
100533792,41.8743827848,-87.6540072255,1304013898.0,100533752,100533843
100533843,41.8743721713,-87.6543592053,1304013900.0,100533792,100533898
100533898,41.8743639598,-87.6547233078,1304013902.0,100533843,100533950
100533950,41.8743639437,-87.655101282,1304013904.0,100533898,100534001
100534001,41.8743623269,-87.6555002001,1304013906.0,100533950,100534043
100534043,41.8743594254,-87.655892117,1304013908.0,100534001,100534088
100534088,41.8743534286,-87.6562711082,1304013910.0,100534043,100534139
100534139,41.874344025,-87.6566276688,1304013912.0,100534088,100534191
100534191,41.8743328203,-87.6569301874,1304013914.0,100534139,100534275
100534275,41.874330491,-87.6572511054,1304013917.0,100534191,100534695
100534695,41.8743232101,-87.6575412402,1304013933.0,100534275,100534773
100534773,41.8743200023,-87.6578352147,1304013936.0,100534695,100534826
100534826,41.8743189363,-87.6580851074,1304013938.0,100534773,100534870
100534870,41.8743168062,-87.6583690476,1304013940.0,100534826,100534915
100534915,41.8743123538,-87.6586780379,1304013942.0,100534870,100534963
100534963,41.8743064884,-87.6590150254,1304013944.0,100534915,100535023
100535023,41.8743005796,-87.6593750229,1304013946.0,100534963,100535079
100535079,41.8742955045,-87.6597270285,1304013948.0,100535023,100535137
100535137,41.8742920802,-87.660062026,1304013950.0,100535079,100535193
100535193,41.8742887667,-87.6603700214,1304013952.0,100535137,100535247
100535247,41.8742856383,-87.6606430143,1304013954.0,100535193,100535301
100535301,41.8742815453,-87.6608950062,1304013956.0,100535247,100535386
100535386,41.8742745901,-87.6612480349,1304013959.0,100535301,100535449
100535449,41.874260474,-87.6616040712,1304013962.0,100535386,100535502
100535502,41.8742500945,-87.661853077,1304013964.0,100535449,100535551
100535551,41.8742416732,-87.6621131679,1304013966.0,100535502,100535607
100535607,41.8742325663,-87.6623821551,1304013968.0,100535551,100535669
100535669,41.8742283845,-87.6626631396,1304013970.0,100535607,100535730
100535730,41.8742251385,-87.6629590708,1304013972.0,100535669,100535785
100535785,41.8742249747,-87.6632739243,1304013974.0,100535730,100535844
100535844,41.8742287744,-87.6636008049,1304013976.0,100535785,100535902
100535902,41.8742304396,-87.663938726,1304013978.0,100535844,100535957
100535957,41.8742354741,-87.6642767107,1304013980.0,100535902,100536012
100536012,41.8742404435,-87.6646017023,1304013982.0,100535957,100536070
100536070,41.8742489533,-87.6649117463,1304013984.0,100536012,100536132
100536132,41.8742536937,-87.6652138803,1304013986.0,100536070,100536193
100536193,41.8742524674,-87.6655049977,1304013988.0,100536132,100536257
100536257,41.8742483145,-87.6657541043,1304013990.0,100536193,100536348
100536348,41.874249092,-87.6660390646,1304013994.0,100536257,100536910
100536910,41.874243332,-87.6663193736,1304014013.0,100536348,100537037
100537037,41.874237479,-87.6666252316,1304014017.0,100536910,100537163
100537163,41.8742277116,-87.6668731984,1304014021.0,100537037,100537285
100537285,41.8742251638,-87.6671769362,1304014025.0,100537163,100537409
100537409,41.8742232206,-87.6674316859,1304014029.0,100537285,100537582
100537582,41.8741887502,-87.6676699314,1304014034.0,100537409,100537704
100537704,41.8741588574,-87.6679631627,1304014038.0,100537582,100537793
100537793,41.8741499031,-87.6682801199,1304014041.0,100537704,100537886
100537886,41.8741430117,-87.6685521592,1304014044.0,100537793,100538044
100538044,41.8741388919,-87.6688179583,1304014049.0,100537886,100538219
100538219,41.874057508,-87.6690669529,1304014054.0,100538044,100538383
100538383,41.8738419985,-87.6690592503,1304014059.0,100538219,100538480
100538480,41.873632864,-87.6690182494,1304014062.0,100538383,100538544
100538544,41.8734469674,-87.6689911942,1304014064.0,100538480,100538645
100538645,41.8732019087,-87.6690104185,1304014067.0,100538544,100538825
100538825,41.8730048774,-87.6690627331,1304014072.0,100538645,100538997
100538997,41.8727879432,-87.6689563395,1304014077.0,100538825,100539092
100539092,41.8725559378,-87.6688490253,1304014080.0,100538997,100539160
100539160,41.8723600064,-87.6688774473,1304014082.0,100539092,100539229
100539229,41.8721729977,-87.6689148258,1304014084.0,100539160,100539336
100539336,41.8719669947,-87.668961008,1304014087.0,100539229,100539682
100539682,41.8717942855,-87.6690460363,1304014097.0,100539336,100539997
100539997,41.8715731087,-87.6690424805,1304014106.0,100539682,100540089
100540089,41.8713548019,-87.6690407607,1304014109.0,100539997,100540140
100540140,41.8711725279,-87.6690342649,1304014111.0,100540089,100540215
100540215,41.8709745631,-87.6690211225,1304014113.0,100540140,100540288
100540288,41.8707605526,-87.6690017972,1304014115.0,100540215,100540362
100540362,41.870531699,-87.6689922929,1304014117.0,100540288,100540438
100540438,41.8703157968,-87.6689930803,1304014119.0,100540362,100540506
100540506,41.8701027795,-87.6689899571,1304014121.0,100540438,100540583
100540583,41.8698897993,-87.6689874672,1304014123.0,100540506,100540658
100540658,41.8696828006,-87.6689836488,1304014125.0,100540583,100540760
100540760,41.8694454534,-87.6689751176,1304014128.0,100540658,100540973
100540973,41.869263726,-87.6690210885,1304014134.0,100540760,100541078
100541078,41.86921689,-87.6693211466,1304014138.0,100540973,100541185
100541185,41.8691963317,-87.6696695415,1304014141.0,100541078,100541265
100541265,41.8691962007,-87.6699291542,1304014143.0,100541185,100541344
100541344,41.8691814884,-87.6701790479,1304014145.0,100541265,100541462
100541462,41.869173318,-87.670513005,1304014148.0,100541344,100541557
100541557,41.8691921291,-87.6708146422,1304014151.0,100541462,100541608
100541608,41.8692181479,-87.6710826022,1304014155.0,100541557,100541870
100541870,41.8692325931,-87.6713356836,1304014164.0,100541608,100542060
100542060,41.8692807019,-87.6715944781,1304014171.0,100541870,100542245
100542245,41.8693616847,-87.6719189078,1304014176.0,100542060,100542359
100542359,41.8693454231,-87.6722409013,1304014179.0,100542245,100542449
100542449,41.8693339565,-87.6725760275,1304014182.0,100542359,100542540
100542540,41.8693234791,-87.6729299361,1304014185.0,100542449,100542648
100542648,41.8693038453,-87.673244048,1304014188.0,100542540,100543323
100543323,41.8692875135,-87.6735176859,1304014207.0,100542648,100543470
100543470,41.8692800723,-87.6737952681,1304014211.0,100543323,100543582
100543582,41.8692639817,-87.674047774,1304014214.0,100543470,100543731
100543731,41.8692353638,-87.6743529341,1304014218.0,100543582,100543840
100543840,41.8692176546,-87.6746649875,1304014221.0,100543731,100543939
100543939,41.8692086499,-87.6750320295,1304014224.0,100543840,100544000
100544000,41.8692037778,-87.675308187,1304014226.0,100543939,100544072
100544072,41.8692031007,-87.6755796488,1304014228.0,100544000,100544180
100544180,41.8692096699,-87.6759013788,1304014231.0,100544072,100544409
100544409,41.8692261046,-87.6761406848,1304014237.0,100544180,100544556
100544556,41.8694088389,-87.6762011919,1304014241.0,100544409,100544657
100544657,41.8696420026,-87.6761955797,1304014244.0,100544556,100544754
100544754,41.8699130615,-87.6762072947,1304014247.0,100544657,100544827
100544827,41.8701031045,-87.6762296971,1304014249.0,100544754,100544896
100544896,41.8702891615,-87.6762467809,1304014251.0,100544827,100544967
100544967,41.8704821461,-87.6762454475,1304014253.0,100544896,100545036
100545036,41.8706720063,-87.6762382159,1304014255.0,100544967,100545148
100545148,41.8709029845,-87.6762206454,1304014258.0,100545036,100545335
100545335,41.8710889699,-87.6761880291,1304014263.0,100545148,100545617
100545617,41.871314647,-87.6762014432,1304014271.0,100545335,100545872
100545872,41.8714605426,-87.6760112227,1304014278.0,100545617,100545980
100545980,41.8714576246,-87.6757659409,1304014281.0,100545872,100546089
100546089,41.8714506713,-87.6754519713,1304014284.0,100545980,100546232
100546232,41.8714476694,-87.6751754211,1304014288.0,100546089,100546946
100546946,41.8714580566,-87.6748860762,1304014308.0,100546232,100547048
100547048,41.8714691801,-87.6745675783,1304014311.0,100546946,100547159
100547159,41.8714670273,-87.674225235,1304014314.0,100547048,100547303
100547303,41.8714514994,-87.6739579665,1304014318.0,100547159,100547520
100547520,41.871453314,-87.6736797386,1304014324.0,100547303,100547670
100547670,41.8714479446,-87.6734275336,1304014328.0,100547520,100548070
100548070,41.871396046,-87.673148404,1304014356.0,100547670,100548106
100548106,41.8714059255,-87.6728222756,1304014360.0,100548070,100548138
100548138,41.8714118812,-87.6725472291,1304014363.0,100548106,100548170
100548170,41.871425309,-87.6723061224,1304014366.0,100548138,100548229
100548229,41.8714433248,-87.6720089559,1304014371.0,100548170,100548279
100548279,41.8714668312,-87.6716981611,1304014375.0,100548229,100548318
100548318,41.8714861638,-87.6714081982,1304014378.0,100548279,100548359
100548359,41.8714977863,-87.6711094003,1304014381.0,100548318,100548401
100548401,41.8714998079,-87.6708462634,1304014384.0,100548359,100548459
100548459,41.8714941022,-87.6705360578,1304014388.0,100548401,100548515
100548515,41.871491163,-87.6702610308,1304014392.0,100548459,100548563
100548563,41.8715004042,-87.6700174448,1304014395.0,100548515,100548608
100548608,41.8715066065,-87.6697609229,1304014398.0,100548563,100548673
100548673,41.8715410036,-87.669512142,1304014402.0,100548608,100548896
100548896,41.8715788502,-87.6692646299,1304014415.0,100548673,100549007
100549007,41.8717311919,-87.6690445651,1304014421.0,100548896,100549063
100549063,41.8719181459,-87.6690424137,1304014424.0,100549007,100549122
100549122,41.8721560678,-87.6690566076,1304014427.0,100549063,100549158
100549158,41.8723400562,-87.6690670422,1304014429.0,100549122,100549195
100549195,41.8725270932,-87.6690793579,1304014431.0,100549158,100549256
100549256,41.8727521703,-87.6690924626,1304014434.0,100549195,100549397
100549397,41.8729543413,-87.6691123496,1304014441.0,100549256,100549457
100549457,41.8731771536,-87.6691176425,1304014444.0,100549397,100549498
100549498,41.873360133,-87.6691268098,1304014446.0,100549457,100549540
100549540,41.8735551129,-87.6691410314,1304014448.0,100549498,100549578
100549578,41.8737410995,-87.6691521796,1304014450.0,100549540,100549645
100549645,41.8739429503,-87.669155577,1304014453.0,100549578,100550088
100550088,41.8741129909,-87.6690339172,1304014477.0,100549645,100550197
100550197,41.8742855188,-87.668940012,1304014483.0,100550088,100550298
100550298,41.8742987582,-87.6686109576,1304014488.0,100550197,100550361
100550361,41.8743408349,-87.6682909955,1304014491.0,100550298,100550425
100550425,41.8743629471,-87.6679680085,1304014494.0,100550361,100550498
100550498,41.8743507015,-87.6676260151,1304014497.0,100550425,100550568
100550568,41.8742788698,-87.6673129359,1304014500.0,100550498,100550657
100550657,41.8742142612,-87.6670638134,1304014504.0,100550568,None
