8162214,41.8635960896,-87.6505343907,1301831895.0,None,8162525
8162525,41.8635586149,-87.6507983504,1301831904.0,8162214,8162802
8162802,41.8637440623,-87.6509380425,1301831912.0,8162525,8162946
8162946,41.8639921039,-87.6509611074,1301831916.0,8162802,8163050
8163050,41.8642311074,-87.6509790032,1301831919.0,8162946,8163161
8163161,41.8644500976,-87.6509995693,1301831922.0,8163050,8163347
8163347,41.8646422262,-87.6510454277,1301831927.0,8163161,8163516
8163516,41.8648571779,-87.6510396656,1301831932.0,8163347,8163633
8163633,41.8651021657,-87.6510316241,1301831935.0,8163516,8163702
8163702,41.8653051754,-87.6510366822,1301831937.0,8163633,8163774
8163774,41.8655181717,-87.6510369363,1301831939.0,8163702,8163842
8163842,41.8657251684,-87.6510409999,1301831941.0,8163774,8163922
8163922,41.8659301792,-87.6510488088,1301831943.0,8163842,8163997
8163997,41.8661311748,-87.6510539667,1301831945.0,8163922,8164073
8164073,41.8663241816,-87.6510545804,1301831947.0,8163997,8164184
8164184,41.8665832047,-87.6510587755,1301831950.0,8164073,8164302
8164302,41.8668051883,-87.6510693792,1301831953.0,8164184,8164801
8164801,41.8670033299,-87.6510791579,1301831967.0,8164302,8164949
8164949,41.8672186715,-87.6510646483,1301831971.0,8164801,8165063
8165063,41.8674900917,-87.6510603344,1301831974.0,8164949,8165130
8165130,41.8676993171,-87.651065451,1301831976.0,8165063,8165206
8165206,41.8679253122,-87.6510753841,1301831978.0,8165130,8165278
8165278,41.868152305,-87.6510798679,1301831980.0,8165206,8165354
8165354,41.868376285,-87.6510858923,1301831982.0,8165278,8165432
8165432,41.8685982724,-87.6510938485,1301831984.0,8165354,8165510
8165510,41.8688083228,-87.6511006995,1301831986.0,8165432,8165589
8165589,41.8690055892,-87.6511065719,1301831988.0,8165510,8165664
8165664,41.8691909273,-87.651122243,1301831990.0,8165589,8165773
8165773,41.8694046681,-87.6511579892,1301831993.0,8165664,8165913
8165913,41.8695333568,-87.6509861213,1301831997.0,8165773,8166019
8166019,41.8695258957,-87.6506961159,1301832000.0,8165913,8166024
8166024,41.8695233619,-87.6504480009,1301832002.0,8166019,8166032
8166032,41.8695252119,-87.6501708098,1301832004.0,8166024,8166042
8166042,41.8695263409,-87.6498818278,1301832006.0,8166032,8166054
8166054,41.8695301429,-87.6495928753,1301832008.0,8166042,8166066
8166066,41.8695405347,-87.6493109251,1301832010.0,8166054,8166080
8166080,41.8695509174,-87.6490359472,1301832012.0,8166066,8166096
8166096,41.8695571801,-87.6487639311,1301832014.0,8166080,8166112
8166112,41.869574123,-87.6484969356,1301832016.0,8166096,8166130
8166130,41.8695939639,-87.6482337511,1301832018.0,8166112,8166148
8166148,41.8696115081,-87.6479838334,1301832020.0,8166130,8166178
8166178,41.8696242438,-87.6476339117,1301832023.0,8166148,8166209
8166209,41.8696142833,-87.6473557741,1301832026.0,8166178,8166289
8166289,41.8695331181,-87.6471049367,1301832033.0,8166209,8166338
8166338,41.8693481987,-87.6470760592,1301832037.0,8166289,8166403
8166403,41.8691459685,-87.6470711692,1301832042.0,8166338,8166445
8166445,41.8689450286,-87.6470641657,1301832045.0,8166403,8166487
8166487,41.8686700488,-87.6470514423,1301832048.0,8166445,8166516
8166516,41.8684770083,-87.6470464202,1301832050.0,8166487,8166546
8166546,41.8682880116,-87.6470456622,1301832052.0,8166516,8166576
8166576,41.8680990823,-87.6470513844,1301832054.0,8166546,8166622
8166622,41.8678390846,-87.6470690265,1301832057.0,8166576,8166669
8166669,41.8676361808,-87.6470695462,1301832060.0,8166622,8166750
8166750,41.8674410087,-87.6470624118,1301832066.0,8166669,8166835
8166835,41.8672459753,-87.6471873841,1301832071.0,8166750,8166900
8166900,41.8672004863,-87.6474922437,1301832075.0,8166835,8166955
8166955,41.8672044398,-87.6478190986,1301832078.0,8166900,8167012
8167012,41.8672026009,-87.6481771183,1301832081.0,8166955,8167064
8167064,41.8672016849,-87.648521031,1301832084.0,8167012,8167120
8167120,41.8672061491,-87.6488298265,1301832087.0,8167064,8167177
8167177,41.86721257,-87.6491116757,1301832090.0,8167120,8167236
8167236,41.8672108171,-87.6494386632,1301832093.0,8167177,8167296
8167296,41.8672130882,-87.6497787574,1301832096.0,8167236,8167355
8167355,41.8672188598,-87.6501167713,1301832099.0,8167296,8167415
8167415,41.8672211557,-87.6504658264,1301832102.0,8167355,8167478
8167478,41.8672284441,-87.6507704873,1301832105.0,8167415,8167563
8167563,41.867305458,-87.6510184338,1301832109.0,8167478,8167643
8167643,41.8674861177,-87.651053583,1301832113.0,8167563,8167723
8167723,41.8676783144,-87.6510615601,1301832117.0,8167643,8167814
8167814,41.8679143251,-87.6510761357,1301832121.0,8167723,8167937
8167937,41.8680963036,-87.6510830271,1301832127.0,8167814,8168265
8168265,41.868277277,-87.6511014291,1301832145.0,8167937,8168334
8168334,41.8684862566,-87.651110613,1301832148.0,8168265,8168404
8168404,41.8687402748,-87.651119576,1301832151.0,8168334,8168476
8168476,41.8689915475,-87.6511236466,1301832154.0,8168404,8168548
8168548,41.8692289407,-87.6511473107,1301832157.0,8168476,8168617
8168617,41.8694168013,-87.6511945078,1301832160.0,8168548,8168718
8168718,41.869549057,-87.6514033793,1301832164.0,8168617,8168818
8168818,41.8695618685,-87.6517106424,1301832168.0,8168718,8168890
8168890,41.8695607203,-87.6520237274,1301832171.0,8168818,8168967
8168967,41.8695598729,-87.6523937973,1301832174.0,8168890,8169020
8169020,41.8695569083,-87.6526648562,1301832176.0,8168967,8169075
8169075,41.8695520452,-87.6529188292,1301832178.0,8169020,8169125
8169125,41.8695418865,-87.6531648277,1301832180.0,8169075,8169193
8169193,41.8695349543,-87.6535207889,1301832183.0,8169125,8169271
8169271,41.8695404267,-87.6538528502,1301832186.0,8169193,8169380
8169380,41.86954679,-87.6541179781,1301832190.0,8169271,8169510
8169510,41.8695521631,-87.6543959863,1301832195.0,8169380,8169587
8169587,41.8695546412,-87.6547029082,1301832198.0,8169510,8169645
8169645,41.8695527833,-87.6549479567,1301832200.0,8169587,8169700
8169700,41.8695455261,-87.6552099452,1301832202.0,8169645,8169754
8169754,41.869542377,-87.6554719628,1301832204.0,8169700,8169806
8169806,41.8695467355,-87.6557419307,1301832206.0,8169754,8169860
8169860,41.8695540983,-87.6560100168,1301832208.0,8169806,8169913
8169913,41.86955347,-87.6562580037,1301832210.0,8169860,8169996
8169996,41.8695615761,-87.6565491646,1301832213.0,8169913,8170108
8170108,41.8695753759,-87.6568376487,1301832217.0,8169996,8170197
8170197,41.8695606367,-87.6571110342,1301832220.0,8170108,8170278
8170278,41.8695406606,-87.6574470198,1301832223.0,8170197,8170331
8170331,41.8695356167,-87.657706016,1301832225.0,8170278,8170390
8170390,41.8695335491,-87.6579880106,1301832227.0,8170331,8170447
8170447,41.8695286702,-87.658274976,1301832229.0,8170390,8170510
8170510,41.8695216828,-87.6585609522,1301832231.0,8170447,8170570
8170570,41.8695148203,-87.658846924,1301832233.0,8170510,8170628
8170628,41.8695077793,-87.6591359433,1301832235.0,8170570,8170686
8170686,41.8695027927,-87.6594239439,1301832237.0,8170628,8170744
8170744,41.869504881,-87.659715973,1301832239.0,8170686,8170790
8170790,41.8695058716,-87.660006968,1301832241.0,8170744,8170846
8170846,41.8694998873,-87.6602879716,1301832243.0,8170790,8170905
8170905,41.8694910148,-87.6605439857,1301832245.0,8170846,8170971
8170971,41.8694889027,-87.6607880016,1301832247.0,8170905,8171061
8171061,41.8694775273,-87.661122043,1301832250.0,8170971,8171183
8171183,41.8694556746,-87.6614201034,1301832254.0,8171061,8171303
8171303,41.8694365088,-87.661700999,1301832258.0,8171183,8171375
8171375,41.8694068387,-87.6620067573,1301832261.0,8171303,8171441
8171441,41.8694086567,-87.6622488537,1301832263.0,8171375,8171506
8171506,41.8694118097,-87.6625099512,1301832265.0,8171441,8171572
8171572,41.8694098651,-87.6627799927,1301832267.0,8171506,8171638
8171638,41.869406793,-87.6630460312,1301832269.0,8171572,8171703
8171703,41.8693968435,-87.6632980059,1301832271.0,8171638,8171790
8171790,41.8693841438,-87.6636440799,1301832274.0,8171703,8171877
8171877,41.8693841111,-87.6639403445,1301832278.0,8171790,8172082
8172082,41.8693902718,-87.6642070573,1301832284.0,8171877,8172150
8172150,41.8693766296,-87.6645049662,1301832287.0,8172082,8172239
8172239,41.8693633721,-87.6648620098,1301832290.0,8172150,8172298
8172298,41.8693566353,-87.6651109809,1301832292.0,8172239,8172352
8172352,41.8693601228,-87.6653529726,1301832294.0,8172298,8172445
8172445,41.8693624856,-87.6656871304,1301832297.0,8172352,8172551
8172551,41.8693543238,-87.6659811686,1301832300.0,8172445,8172688
8172688,41.8693430533,-87.6662480705,1301832304.0,8172551,None
