56484640,41.86709966,-87.6688687713,1302208419.0,None,56485123
56485123,41.8668839955,-87.668833713,1302208433.0,56484640,56485275
56485275,41.866818791,-87.6685359864,1302208438.0,56485123,56485349
56485349,41.86682646,-87.668216126,1302208441.0,56485275,56485412
56485412,41.8668334342,-87.6679741592,1302208443.0,56485349,56485493
56485493,41.8668425157,-87.6676270044,1302208446.0,56485412,56485576
56485576,41.8668419626,-87.6673208761,1302208449.0,56485493,56485667
56485667,41.8668450563,-87.6670648933,1302208452.0,56485576,56485811
56485811,41.8668379528,-87.6668049388,1302208457.0,56485667,56486420
56486420,41.8668220593,-87.6665420662,1302208476.0,56485811,56486483
56486483,41.8668253593,-87.6662591946,1302208479.0,56486420,56486547
56486547,41.8668348947,-87.6660088662,1302208481.0,56486483,56486611
56486611,41.8668398354,-87.6657287561,1302208483.0,56486547,56486682
56486682,41.8668454019,-87.6654226857,1302208485.0,56486611,56486743
56486743,41.8668513047,-87.6650906495,1302208487.0,56486682,56486804
56486804,41.8668600475,-87.6647406179,1302208489.0,56486743,56486874
56486874,41.866867775,-87.6643776442,1302208491.0,56486804,56486942
56486942,41.8668802699,-87.6640065269,1302208493.0,56486874,56487012
56487012,41.8668985571,-87.6636235272,1302208495.0,56486942,56487079
56487079,41.8669132987,-87.6632525432,1302208497.0,56487012,56487142
56487142,41.8669228767,-87.6629046336,1302208499.0,56487079,56487203
56487203,41.8669256028,-87.6625926048,1302208501.0,56487142,56487265
56487265,41.8669240092,-87.6623256008,1302208503.0,56487203,56487366
56487366,41.8669127915,-87.6620166265,1302208506.0,56487265,56487534
56487534,41.8669043303,-87.6617617149,1302208511.0,56487366,56488333
56488333,41.8669278463,-87.6615086263,1302208536.0,56487534,56488425
56488425,41.8669313042,-87.6611986982,1302208539.0,56488333,56488497
56488497,41.8669344885,-87.6609376198,1302208541.0,56488425,56488566
56488566,41.8669383938,-87.6606475853,1302208543.0,56488497,56488634
56488634,41.866942128,-87.6603405482,1302208545.0,56488566,56488701
56488701,41.8669444488,-87.6600325756,1302208547.0,56488634,56488766
56488766,41.866942927,-87.659723596,1302208549.0,56488701,56488819
56488819,41.8669445238,-87.6594046496,1302208551.0,56488766,56488878
56488878,41.866945512,-87.6590746667,1302208553.0,56488819,56488939
56488939,41.8669522075,-87.6587347025,1302208555.0,56488878,56489002
56489002,41.8669597892,-87.6584076768,1302208557.0,56488939,56489070
56489070,41.8669690923,-87.6580806063,1302208559.0,56489002,56489142
56489142,41.8669742992,-87.6577605745,1302208561.0,56489070,56489209
56489209,41.8669812692,-87.6574415773,1302208563.0,56489142,56489279
56489279,41.8669837005,-87.6571256282,1302208565.0,56489209,56489343
56489343,41.8669875842,-87.6568076995,1302208567.0,56489279,56489405
56489405,41.8669901433,-87.6564857475,1302208569.0,56489343,56489471
56489471,41.8669921004,-87.6561585944,1302208571.0,56489405,56489537
56489537,41.8669921844,-87.6558364041,1302208573.0,56489471,56489595
56489595,41.8669977088,-87.6555174735,1302208575.0,56489537,56489658
56489658,41.8670019948,-87.6552084477,1302208577.0,56489595,56489721
56489721,41.867007197,-87.6549232697,1302208579.0,56489658,56489789
56489789,41.8670105769,-87.6546731892,1302208581.0,56489721,56489885
56489885,41.8670118918,-87.6543744988,1302208584.0,56489789,56490016
56490016,41.8670146723,-87.654108654,1302208588.0,56489885,56490146
56490146,41.8670309348,-87.6538233426,1302208592.0,56490016,56490240
56490240,41.8670398645,-87.6534914436,1302208595.0,56490146,56490301
56490301,41.8670441282,-87.6532264746,1302208597.0,56490240,56490364
56490364,41.8670497914,-87.6529275567,1302208599.0,56490301,56490428
56490428,41.8670507814,-87.6526065526,1302208601.0,56490364,56490496
56490496,41.86705352,-87.6522805998,1302208603.0,56490428,56490563
56490563,41.8670540099,-87.6519715466,1302208605.0,56490496,56490629
56490629,41.8670615163,-87.6516944861,1302208607.0,56490563,56490694
56490694,41.867081321,-87.6514516824,1302208609.0,56490629,56490801
56490801,41.8671120328,-87.6511446021,1302208612.0,56490694,56490927
56490927,41.8672434924,-87.6509440501,1302208616.0,56490801,56491021
56491021,41.8674380519,-87.6509503523,1302208619.0,56490927,56491114
56491114,41.8677007626,-87.6509679018,1302208622.0,56491021,56491183
56491183,41.8678827376,-87.6509763409,1302208624.0,56491114,56491294
56491294,41.8681377722,-87.6509903752,1302208627.0,56491183,56491395
56491395,41.8683197892,-87.650998336,1302208630.0,56491294,56491557
56491557,41.8685087869,-87.6510026622,1302208635.0,56491395,56491745
56491745,41.8687137686,-87.6510123936,1302208641.0,56491557,56491987
56491987,41.8689146946,-87.6510211423,1302208648.0,56491745,56492420
56492420,41.8691073193,-87.6510410958,1302208662.0,56491987,56492971
56492971,41.8692867701,-87.6510878436,1302208679.0,56492420,56493334
56493334,41.869475983,-87.6510226784,1302208690.0,56492971,56493497
56493497,41.8694903786,-87.6506967963,1302208695.0,56493334,56493592
56493592,41.8694776151,-87.6503708648,1302208698.0,56493497,56493652
56493652,41.8694837865,-87.6500999305,1302208700.0,56493592,56493710
56493710,41.8694919629,-87.6498069644,1302208702.0,56493652,56493770
56493770,41.8695017836,-87.6495099476,1302208704.0,56493710,56493836
56493836,41.8695037911,-87.6492399468,1302208706.0,56493770,56493939
56493939,41.8695105751,-87.6489449287,1302208709.0,56493836,56494727
56494727,41.8695234025,-87.6486789577,1302208733.0,56493939,56495316
56495316,41.8695743992,-87.6484388709,1302208754.0,56494727,56495408
56495408,41.8696023974,-87.6481668059,1302208758.0,56495316,56495495
56495495,41.8696188705,-87.6479038516,1302208761.0,56495408,56495604
56495604,41.8696397391,-87.6476158958,1302208765.0,56495495,56495711
56495711,41.8696435887,-87.647349718,1302208769.0,56495604,56495860
56495860,41.8694510641,-87.6471966256,1302208774.0,56495711,56495948
56495948,41.8692200596,-87.6472138982,1302208777.0,56495860,56496007
56496007,41.8690280592,-87.6472284868,1302208779.0,56495948,56496069
56496069,41.8688190419,-87.6472344001,1302208781.0,56496007,56496128
56496128,41.8686050379,-87.6472410761,1302208783.0,56496069,56496185
56496185,41.8683910171,-87.647235034,1302208785.0,56496128,56496248
56496248,41.8681839422,-87.6472083571,1302208787.0,56496185,56496315
56496315,41.8679958843,-87.64718684,1302208789.0,56496248,56496410
56496410,41.8677909749,-87.6471430928,1302208792.0,56496315,56496757
56496757,41.867621154,-87.6470633562,1302208804.0,56496410,56497004
56497004,41.8674331989,-87.6470520126,1302208812.0,56496757,56497193
56497193,41.8672981868,-87.6473033642,1302208818.0,56497004,56497279
56497279,41.867314191,-87.6476338771,1302208821.0,56497193,56497339
56497339,41.8673211407,-87.6478888712,1302208823.0,56497279,56497397
56497397,41.8673216046,-87.6481678716,1302208825.0,56497339,56497458
56497458,41.8673144505,-87.6484718495,1302208827.0,56497397,56497524
56497524,41.8673106175,-87.6487808871,1302208829.0,56497458,56497590
56497590,41.8673110447,-87.6490969223,1302208831.0,56497524,56497653
56497653,41.8673071059,-87.6494059504,1302208833.0,56497590,56497711
56497711,41.8673010207,-87.6497029391,1302208835.0,56497653,56497770
56497770,41.8672936125,-87.6499749452,1302208837.0,56497711,56497854
56497854,41.8672861629,-87.6503119397,1302208840.0,56497770,56498001
56498001,41.8672556705,-87.6505739015,1302208845.0,56497854,56498373
56498373,41.8672394637,-87.650862084,1302208857.0,56498001,56498461
56498461,41.8672323773,-87.6511666209,1302208860.0,56498373,56498552
56498552,41.86722438,-87.6515077697,1302208863.0,56498461,56498642
56498642,41.8672260872,-87.651854707,1302208866.0,56498552,56498705
56498705,41.867220779,-87.6521066781,1302208868.0,56498642,56498772
56498772,41.8672169486,-87.6523807165,1302208870.0,56498705,56498832
56498832,41.8672082959,-87.6526586784,1302208872.0,56498772,56498888
56498888,41.8671975032,-87.6529316558,1302208874.0,56498832,56498946
56498946,41.8671847729,-87.6532005855,1302208876.0,56498888,56499012
56499012,41.8671783211,-87.6534695831,1302208878.0,56498946,56499066
56499066,41.8671746161,-87.6537454781,1302208880.0,56499012,56499129
56499129,41.867181189,-87.6540196895,1302208882.0,56499066,56499186
56499186,41.8671834368,-87.654318667,1302208884.0,56499129,56499237
56499237,41.8671749041,-87.6546135145,1302208886.0,56499186,56499306
56499306,41.8671597126,-87.6548964291,1302208888.0,56499237,56499364
56499364,41.8671502962,-87.6551775588,1302208890.0,56499306,56499422
56499422,41.867139355,-87.6554246301,1302208892.0,56499364,56499520
56499520,41.8671257431,-87.6557295506,1302208895.0,56499422,56499665
56499665,41.8671106801,-87.6559904795,1302208900.0,56499520,56500366
56500366,41.8670922484,-87.6562627222,1302208923.0,56499665,56500487
56500487,41.8670956191,-87.6565636365,1302208927.0,56500366,56500582
56500582,41.8670958984,-87.6568407596,1302208930.0,56500487,56500672
56500672,41.8670971153,-87.6571657641,1302208933.0,56500582,56500766
56500766,41.8670987145,-87.657524741,1302208936.0,56500672,56500828
56500828,41.8670986599,-87.6577857124,1302208938.0,56500766,56500884
56500884,41.8670966847,-87.6580637319,1302208940.0,56500828,56500944
56500944,41.8670916322,-87.6583547781,1302208942.0,56500884,56501008
56501008,41.8670866617,-87.6586647649,1302208944.0,56500944,56501068
56501068,41.8670836244,-87.6589837369,1302208946.0,56501008,56501128
56501128,41.8670796649,-87.6593087383,1302208948.0,56501068,56501191
56501191,41.8670768983,-87.6596347608,1302208950.0,56501128,56501258
56501258,41.8670762516,-87.6599587552,1302208952.0,56501191,56501316
56501316,41.867071305,-87.6602987414,1302208954.0,56501258,56501371
56501371,41.867067468,-87.6606417912,1302208956.0,56501316,56501429
56501429,41.867061433,-87.6609977856,1302208958.0,56501371,56501491
56501491,41.867053957,-87.6613708138,1302208960.0,56501429,56501552
56501552,41.8670443435,-87.6617479021,1302208962.0,56501491,56501616
56501616,41.8670354232,-87.6621107064,1302208964.0,56501552,56501681
56501681,41.8670286395,-87.6624647215,1302208966.0,56501616,56501748
56501748,41.8670236244,-87.6628087571,1302208968.0,56501681,56501808
56501808,41.8670186205,-87.6631427238,1302208970.0,56501748,56501866
56501866,41.8670137019,-87.6634617119,1302208972.0,56501808,56501924
56501924,41.8670085602,-87.6637707365,1302208974.0,56501866,56501983
56501983,41.8670013779,-87.6640757199,1302208976.0,56501924,56502045
56502045,41.866995335,-87.6643787689,1302208978.0,56501983,56502110
56502110,41.866990236,-87.6646487503,1302208980.0,56502045,56502168
56502168,41.8669822295,-87.6648927758,1302208982.0,56502110,56502261
56502261,41.8669733099,-87.6652048037,1302208985.0,56502168,56502382
56502382,41.866965311,-87.6655098989,1302208989.0,56502261,56502569
56502569,41.8669638607,-87.6657849356,1302208995.0,56502382,56502648
56502648,41.8669673218,-87.6660299965,1302208998.0,56502569,56502735
56502735,41.8669638108,-87.666374511,1302209001.0,56502648,56502791
56502791,41.8669638157,-87.6666350459,1302209003.0,56502735,56502850
56502850,41.8669636933,-87.6669129481,1302209005.0,56502791,56502916
56502916,41.8669645565,-87.6671929784,1302209007.0,56502850,56502983
56502983,41.8669672563,-87.6674820995,1302209009.0,56502916,56503048
56503048,41.8669711011,-87.6677722266,1302209011.0,56502983,56503115
56503115,41.8669731705,-87.668045262,1302209013.0,56503048,56503203
56503203,41.8669714078,-87.668388211,1302209016.0,56503115,56503290
56503290,41.866967751,-87.6686653835,1302209019.0,56503203,56503442
56503442,41.8671037591,-87.6688752321,1302209024.0,56503290,56503572
56503572,41.8673410756,-87.668900493,1302209028.0,56503442,56503658
56503658,41.8675829812,-87.6689084526,1302209031.0,56503572,56503723
56503723,41.8677739504,-87.6689119722,1302209033.0,56503658,56503784
56503784,41.8679809071,-87.6689151057,1302209035.0,56503723,56503844
56503844,41.8681938618,-87.6689184629,1302209037.0,56503784,56503906
56503906,41.8683968652,-87.6689216695,1302209039.0,56503844,56503965
56503965,41.868585838,-87.6689208988,1302209041.0,56503906,56504051
56504051,41.8688160997,-87.6689236237,1302209044.0,56503965,56504172
56504172,41.8690259226,-87.6689257495,1302209048.0,56504051,56504408
56504408,41.8692182638,-87.6690269032,1302209057.0,56504172,56504514
56504514,41.8692945698,-87.6692662419,1302209061.0,56504408,56504565
56504565,41.8692840163,-87.6695816819,1302209064.0,56504514,56504609
56504609,41.8692722898,-87.669831235,1302209066.0,56504565,56504657
56504657,41.8692873852,-87.6700979253,1302209068.0,56504609,56504699
56504699,41.8693001296,-87.6703399109,1302209070.0,56504657,56504779
56504779,41.8693075355,-87.670670163,1302209073.0,56504699,56504865
56504865,41.8693101147,-87.6709364247,1302209076.0,56504779,56505431
56505431,41.8693162058,-87.6712008959,1302209095.0,56504865,56505551
56505551,41.8693153641,-87.671463928,1302209099.0,56505431,56505640
56505640,41.8692832971,-87.6717892583,1302209102.0,56505551,56505698
56505698,41.8692747816,-87.6720829492,1302209104.0,56505640,56505752
56505752,41.8692582806,-87.6723851285,1302209106.0,56505698,56505810
56505810,41.8692496046,-87.6726539352,1302209108.0,56505752,56505875
56505875,41.8692396421,-87.6729012353,1302209110.0,56505810,56505988
56505988,41.8692566857,-87.6731713284,1302209114.0,56505875,56506198
56506198,41.8692439919,-87.6734259556,1302209124.0,56505988,56506222
56506222,41.869556943,-87.6735744491,1302209134.0,56506198,56506306
56506306,41.8697809022,-87.673581437,1302209137.0,56506222,56506393
56506393,41.8700329683,-87.6735521822,1302209140.0,56506306,56506456
56506456,41.870213968,-87.6735370599,1302209142.0,56506393,56506539
56506539,41.8704580055,-87.6735309602,1302209145.0,56506456,56506612
56506612,41.870706991,-87.6735286314,1302209148.0,56506539,56506681
56506681,41.8709580065,-87.6735083814,1302209151.0,56506612,56506731
56506731,41.8711550508,-87.6734771476,1302209155.0,56506681,56506856
56506856,41.8712927841,-87.6736436439,1302209167.0,56506731,56506970
56506970,41.8713003691,-87.6733773212,1302209181.0,56506856,None
