33565960,41.8691661351,-87.6757863238,1302351282.0,None,33566598
33566598,41.8691632169,-87.6760474199,1302351303.0,33565960,33566690
33566690,41.8691460773,-87.6763182653,1302351306.0,33566598,33566781
33566781,41.8691268658,-87.6766392374,1302351309.0,33566690,33566876
33566876,41.8691078044,-87.6770021401,1302351312.0,33566781,33566941
33566941,41.8690932496,-87.6772551313,1302351314.0,33566876,33567006
33567006,41.8690901357,-87.6775181344,1302351316.0,33566941,33567071
33567071,41.8690850442,-87.6777881132,1302351318.0,33567006,33567102
33567102,41.8690790174,-87.6780621275,1302351320.0,33567071,33567109
33567109,41.8690749969,-87.6783361712,1302351322.0,33567102,33567118
33567118,41.8690738381,-87.6786141432,1302351324.0,33567109,33567129
33567129,41.8690753791,-87.6788941112,1302351326.0,33567118,33567141
33567141,41.8690769103,-87.6791620598,1302351328.0,33567129,33567155
33567155,41.8690775528,-87.6794140903,1302351330.0,33567141,33567178
33567178,41.8690809065,-87.6797650793,1302351333.0,33567155,33567203
33567203,41.8690874061,-87.6800871546,1302351336.0,33567178,33567230
33567230,41.8690929993,-87.6803732224,1302351340.0,33567203,33567476
33567476,41.8690869826,-87.6806410625,1302351361.0,33567230,33567532
33567532,41.8690822494,-87.6809661751,1302351365.0,33567476,33567574
33567574,41.869070225,-87.6812632701,1302351368.0,33567532,33567618
33567618,41.869057292,-87.6815873173,1302351371.0,33567574,33567658
33567658,41.8690451706,-87.6819282939,1302351374.0,33567618,33567703
33567703,41.8690422276,-87.6822651928,1302351377.0,33567658,33567750
33567750,41.8690402558,-87.6825761295,1302351380.0,33567703,33567797
33567797,41.8690342836,-87.6828810684,1302351383.0,33567750,33567842
33567842,41.8690330657,-87.6831590204,1302351386.0,33567797,33567910
33567910,41.8690288452,-87.6834462667,1302351390.0,33567842,33568035
33568035,41.8690205287,-87.683747242,1302351397.0,33567910,33568088
33568088,41.8690236566,-87.6839967495,1302351400.0,33568035,33568143
33568143,41.8690348221,-87.6842918237,1302351403.0,33568088,33568203
33568203,41.8690490895,-87.6845697569,1302351406.0,33568143,33568295
33568295,41.8690664864,-87.6848277299,1302351411.0,33568203,33568394
33568394,41.8690661389,-87.6851227896,1302351416.0,33568295,33568456
33568456,41.8690579114,-87.6854059432,1302351419.0,33568394,33568517
33568517,41.8690691743,-87.6856892365,1302351422.0,33568456,33568596
33568596,41.8690724344,-87.6859400488,1302351426.0,33568517,33568743
33568743,41.869222343,-87.6860840431,1302351433.0,33568596,33568805
33568805,41.8694131846,-87.6860699115,1302351436.0,33568743,33568871
33568871,41.8696570971,-87.6860760199,1302351439.0,33568805,33568913
33568913,41.8698411108,-87.6860838129,1302351441.0,33568871,33568958
33568958,41.8700360657,-87.6860926301,1302351443.0,33568913,33568983
33568983,41.870235081,-87.6861011256,1302351445.0,33568958,33569025
33569025,41.8704291029,-87.6861083446,1302351447.0,33568983,33569065
33569065,41.8706160908,-87.6861086964,1302351449.0,33569025,33569083
33569083,41.8708110954,-87.6861056198,1302351451.0,33569065,33569112
33569112,41.8710081193,-87.6861090092,1302351453.0,33569083,33569146
33569146,41.8711949646,-87.686114975,1302351455.0,33569112,33569182
33569182,41.8713789169,-87.6861203043,1302351457.0,33569146,33569223
33569223,41.8715648518,-87.6861252534,1302351459.0,33569182,33569265
33569265,41.8717558201,-87.6861284747,1302351461.0,33569223,33569312
33569312,41.8719518421,-87.686135052,1302351463.0,33569265,33569358
33569358,41.8721528815,-87.6861403093,1302351465.0,33569312,33569405
33569405,41.8723589151,-87.686147979,1302351467.0,33569358,33569456
33569456,41.8725579393,-87.6861540827,1302351469.0,33569405,33569503
33569503,41.8727459348,-87.6861579946,1302351471.0,33569456,33569551
33569551,41.8729349408,-87.6861612377,1302351473.0,33569503,33569602
33569602,41.873121932,-87.6861623728,1302351475.0,33569551,33569651
33569651,41.8733099022,-87.6861613242,1302351477.0,33569602,33569722
33569722,41.8735750212,-87.6861641566,1302351480.0,33569651,33569795
33569795,41.8737910705,-87.6861740368,1302351483.0,33569722,33569924
33569924,41.8739155419,-87.6859558678,1302351488.0,33569795,33569986
33569986,41.8739206656,-87.6857008796,1302351491.0,33569924,33570066
33570066,41.8739251715,-87.6853968362,1302351494.0,33569986,33570150
33570150,41.8739274988,-87.6850559259,1302351497.0,33570066,33570223
33570223,41.8739311851,-87.6847009463,1302351500.0,33570150,33570300
33570300,41.873938943,-87.6843499533,1302351503.0,33570223,33570376
33570376,41.8739464918,-87.6839898434,1302351506.0,33570300,33570434
33570434,41.8739493392,-87.683746824,1302351508.0,33570376,33570487
33570487,41.8739506688,-87.6834968679,1302351510.0,33570434,33570537
33570537,41.8739528698,-87.6832399032,1302351512.0,33570487,33570589
33570589,41.8739577263,-87.6829829108,1302351514.0,33570537,33570648
33570648,41.8739615273,-87.6827279134,1302351516.0,33570589,33570702
33570702,41.8739636377,-87.6824859114,1302351518.0,33570648,33570784
33570784,41.8739673966,-87.6821519813,1302351521.0,33570702,33570871
33570871,41.8739712685,-87.6818489983,1302351524.0,33570784,33570975
33570975,41.8739796264,-87.68156283,1302351528.0,33570871,33571176
33571176,41.8739962886,-87.6812567381,1302351535.0,33570975,33571263
33571263,41.8739986191,-87.6810048099,1302351538.0,33571176,33571345
33571345,41.8739971076,-87.6806988926,1302351541.0,33571263,33571425
33571425,41.8740032545,-87.6803479412,1302351544.0,33571345,33571470
33571470,41.8740064319,-87.6800949729,1302351546.0,33571425,33571530
33571530,41.874012135,-87.6798299159,1302351548.0,33571470,33571598
33571598,41.8740135504,-87.6795579372,1302351550.0,33571530,33571657
33571657,41.8740125782,-87.6792819622,1302351552.0,33571598,33571721
33571721,41.874011668,-87.6790009542,1302351554.0,33571657,33571775
33571775,41.8740166446,-87.6787159433,1302351556.0,33571721,33571825
33571825,41.8740206831,-87.6784309768,1302351558.0,33571775,33571882
33571882,41.8740254768,-87.6781499706,1302351560.0,33571825,33571940
33571940,41.8740311956,-87.6778759471,1302351562.0,33571882,33572001
33572001,41.8740331461,-87.6776140273,1302351564.0,33571940,33572060
33572060,41.8740355217,-87.6773690539,1302351566.0,33572001,33572154
33572154,41.8740348994,-87.6770242255,1302351569.0,33572060,33572252
33572252,41.874025422,-87.6767391202,1302351572.0,33572154,33572367
33572367,41.8738964319,-87.6765305638,1302351576.0,33572252,33572460
33572460,41.8736891999,-87.6765042857,1302351579.0,33572367,33572550
33572550,41.8734531932,-87.6764846212,1302351582.0,33572460,33572645
33572645,41.8731582434,-87.6764635003,1302351586.0,33572550,33572765
33572765,41.8729762134,-87.6764529854,1302351590.0,33572645,33573350
33573350,41.8727520481,-87.6764326942,1302351609.0,33572765,33573456
33573456,41.87254406,-87.6764232337,1302351612.0,33573350,33573552
33573552,41.8723001132,-87.6764091636,1302351615.0,33573456,33573619
33573619,41.872120086,-87.676388022,1302351617.0,33573552,33573685
33573685,41.8719401214,-87.6763682828,1302351619.0,33573619,33573776
33573776,41.8717061655,-87.6763544187,1302351622.0,33573685,33573903
33573903,41.8715060487,-87.6762929788,1302351626.0,33573776,33574038
33574038,41.8714318447,-87.6760062199,1302351630.0,33573903,33574140
33574140,41.8713981998,-87.6757281245,1302351633.0,33574038,33574236
33574236,41.8714146893,-87.6754141079,1302351636.0,33574140,33574336
33574336,41.871422167,-87.6750801224,1302351639.0,33574236,33574439
33574439,41.8714262319,-87.6747407369,1302351642.0,33574336,33574544
33574544,41.8714369321,-87.6744234764,1302351645.0,33574439,33574647
33574647,41.8714457347,-87.6741380542,1302351648.0,33574544,33574812
33574812,41.8714739808,-87.6738989636,1302351653.0,33574647,33574949
33574949,41.8713960032,-87.6735980232,1302351658.0,33574812,33574960
33574960,41.8714014085,-87.6733153859,1302351661.0,33574949,33574976
33574976,41.8714083545,-87.6729942904,1302351664.0,33574960,33574995
33574995,41.8714098014,-87.6726532188,1302351667.0,33574976,33575017
33575017,41.8714114574,-87.6722930804,1302351670.0,33574995,33575033
33575033,41.8714125731,-87.6720400736,1302351672.0,33575017,33575050
33575050,41.871419121,-87.6717841546,1302351674.0,33575033,33575068
33575068,41.87143289,-87.6715350348,1302351676.0,33575050,33575087
33575087,41.8714359635,-87.6712924493,1302351678.0,33575068,33575107
33575107,41.8714385815,-87.6710471806,1302351680.0,33575087,33575127
33575127,41.8714564247,-87.670801209,1302351682.0,33575107,33575149
33575149,41.8714701713,-87.6705571007,1302351684.0,33575127,33575182
33575182,41.8714930932,-87.6702160599,1302351687.0,33575149,33575218
33575218,41.8715126215,-87.6698828236,1302351690.0,33575182,33575254
33575254,41.8715143816,-87.6695732838,1302351693.0,33575218,33575305
33575305,41.8715410952,-87.6692922966,1302351697.0,33575254,33575401
33575401,41.8714324796,-87.6690836048,1302351704.0,33575305,33575445
33575445,41.871246831,-87.6690723192,1302351707.0,33575401,33575489
33575489,41.8710218385,-87.6690525258,1302351710.0,33575445,33575535
33575535,41.8707699019,-87.6690325221,1302351713.0,33575489,33575564
33575564,41.870588904,-87.6690192426,1302351715.0,33575535,33575614
33575614,41.8703208622,-87.6690074276,1302351718.0,33575564,33575660
33575660,41.8700648165,-87.6690003235,1302351721.0,33575614,33575711
33575711,41.8698308146,-87.6689886988,1302351724.0,33575660,33575763
33575763,41.8696017168,-87.6689748414,1302351727.0,33575711,33575826
33575826,41.8693862407,-87.6689648044,1302351731.0,33575763,33575934
33575934,41.8692350754,-87.6688166036,1302351737.0,33575826,33576006
33576006,41.8692314231,-87.6685108325,1302351741.0,33575934,33576060
33576060,41.8692500916,-87.6682248968,1302351744.0,33576006,33576121
33576121,41.8692205676,-87.6679199851,1302351747.0,33576060,33576180
33576180,41.8692311282,-87.6675728184,1302351750.0,33576121,33576236
33576236,41.8692366685,-87.6672387109,1302351753.0,33576180,33576300
33576300,41.8692323194,-87.6669436131,1302351756.0,33576236,33576421
33576421,41.8692294247,-87.6666987561,1302351762.0,33576300,None
