56658412,41.8676481766,-87.647110994,1302215901.0,None,56658843
56658843,41.8674567082,-87.6470968152,1302215923.0,56658412,56659289
56659289,41.8672570924,-87.6471875629,1302215944.0,56658843,56659365
56659365,41.8672238719,-87.6475008875,1302215948.0,56659289,56659400
56659400,41.8672186619,-87.6478189918,1302215951.0,56659365,56659443
56659443,41.8672115505,-87.6481720065,1302215954.0,56659400,56659491
56659491,41.867208453,-87.6485139245,1302215957.0,56659443,56659558
56659558,41.8672063775,-87.6487868483,1302215960.0,56659491,56659856
56659856,41.8671990681,-87.6490288557,1302215973.0,56659558,56659977
56659977,41.8671943982,-87.6492758089,1302215978.0,56659856,56660044
56660044,41.8671921477,-87.6495748375,1302215981.0,56659977,56660091
56660091,41.8671898949,-87.6498248587,1302215983.0,56660044,56660140
56660140,41.8671853164,-87.6501098494,1302215985.0,56660091,56660186
56660186,41.8671804314,-87.6504118031,1302215987.0,56660140,56660237
56660237,41.8671750376,-87.650705912,1302215989.0,56660186,56660288
56660288,41.8671676054,-87.6509985064,1302215991.0,56660237,56660337
56660337,41.867159482,-87.6512872589,1302215993.0,56660288,56660386
56660386,41.8671537743,-87.6515397652,1302215995.0,56660337,56660463
56660463,41.867149378,-87.6518024349,1302215998.0,56660386,56660961
56660961,41.8671565877,-87.6520437955,1302216017.0,56660463,56661092
56661092,41.8671513045,-87.6523298255,1302216022.0,56660961,56661169
56661169,41.8671454878,-87.652610828,1302216025.0,56661092,56661253
56661253,41.8671390533,-87.6529538294,1302216028.0,56661169,56661309
56661309,41.8671353533,-87.6532077375,1302216030.0,56661253,56661366
56661366,41.867133358,-87.6534647645,1302216032.0,56661309,56661423
56661423,41.8671294489,-87.6537267387,1302216034.0,56661366,56661477
56661477,41.8671261852,-87.6539957146,1302216036.0,56661423,56661534
56661534,41.867123021,-87.6542606705,1302216038.0,56661477,56661589
56661589,41.8671182583,-87.6545205947,1302216040.0,56661534,56661647
56661647,41.8671058524,-87.6547817071,1302216042.0,56661589,56661698
56661698,41.8670920934,-87.6550661165,1302216044.0,56661647,56661755
56661755,41.86708413,-87.6553752172,1302216046.0,56661698,56661808
56661808,41.8670767041,-87.655698247,1302216048.0,56661755,56661866
56661866,41.8670671884,-87.6560073313,1302216050.0,56661808,56661923
56661923,41.8670571265,-87.6563113034,1302216052.0,56661866,56661983
56661983,41.8670451286,-87.6566065878,1302216054.0,56661923,56662036
56662036,41.8670364898,-87.6569093342,1302216056.0,56661983,56662096
56662096,41.8670306081,-87.6572293766,1302216058.0,56662036,56662148
56662148,41.867021811,-87.6575614218,1302216060.0,56662096,56662205
56662205,41.8670196818,-87.6578854259,1302216062.0,56662148,56662260
56662260,41.8670146728,-87.658199379,1302216064.0,56662205,56662320
56662320,41.8670061958,-87.6585143775,1302216066.0,56662260,56662381
56662381,41.8670021953,-87.6588323367,1302216068.0,56662320,56662440
56662440,41.8670020288,-87.6591483857,1302216070.0,56662381,56662505
56662505,41.8669950807,-87.659467375,1302216072.0,56662440,56662563
56662563,41.8669871946,-87.6597893837,1302216074.0,56662505,56662622
56662622,41.8669820072,-87.660112412,1302216076.0,56662563,56662684
56662684,41.866976892,-87.6604324061,1302216078.0,56662622,56662744
56662744,41.8669726642,-87.6607453515,1302216080.0,56662684,56662802
56662802,41.8669694594,-87.6610593182,1302216082.0,56662744,56662863
56662863,41.8669640531,-87.6613733323,1302216084.0,56662802,56662926
56662926,41.8669603767,-87.6616743706,1302216086.0,56662863,56662988
56662988,41.86695358,-87.6619653779,1302216088.0,56662926,56663051
56663051,41.8669475714,-87.6622553703,1302216090.0,56662988,56663114
56663114,41.8669427624,-87.6625513896,1302216092.0,56663051,56663178
56663178,41.8669369526,-87.6628623772,1302216094.0,56663114,56663242
56663242,41.8669320811,-87.6631954644,1302216096.0,56663178,56663304
56663304,41.8669288173,-87.663542473,1302216098.0,56663242,56663365
56663365,41.8669219415,-87.6638874727,1302216100.0,56663304,56663426
56663426,41.866917823,-87.6642353932,1302216102.0,56663365,56663493
56663493,41.8669170725,-87.6646013491,1302216104.0,56663426,56663560
56663560,41.8669103277,-87.6649703695,1302216106.0,56663493,56663624
56663624,41.8669037849,-87.6653403532,1302216108.0,56663560,56663687
56663687,41.866899126,-87.6657182715,1302216110.0,56663624,56663752
56663752,41.8668988485,-87.6661060635,1302216112.0,56663687,56663821
56663821,41.8669016628,-87.6665082213,1302216114.0,56663752,56663884
56663884,41.8669021481,-87.6669100404,1302216116.0,56663821,56663945
56663945,41.8669042889,-87.6672990828,1302216118.0,56663884,56664009
56664009,41.8669071079,-87.667670877,1302216120.0,56663945,56664074
56664074,41.8669127899,-87.6680187712,1302216122.0,56664009,56664134
56664134,41.8669173351,-87.6683307884,1302216124.0,56664074,56664200
56664200,41.8669167785,-87.6685784555,1302216126.0,56664134,56664271
56664271,41.8669437125,-87.6688157254,1302216129.0,56664200,56664407
56664407,41.8671457979,-87.6688947388,1302216133.0,56664271,56664511
56664511,41.8673890559,-87.6689147053,1302216136.0,56664407,56664580
56664580,41.8675910109,-87.6689240538,1302216138.0,56664511,56664649
56664649,41.8678209836,-87.6689272154,1302216140.0,56664580,56664707
56664707,41.8680699406,-87.6689277668,1302216142.0,56664649,56664774
56664774,41.868312908,-87.6689332508,1302216144.0,56664707,56664842
56664842,41.8685349997,-87.6689521624,1302216146.0,56664774,56664910
56664910,41.8687341033,-87.6689641817,1302216148.0,56664842,56665010
56665010,41.8689622005,-87.6689704664,1302216151.0,56664910,56665172
56665172,41.8691569911,-87.6689953272,1302216156.0,56665010,56665385
56665385,41.8692864336,-87.6692090385,1302216162.0,56665172,56665493
56665493,41.8692893406,-87.6694556823,1302216165.0,56665385,56665619
56665619,41.8693396146,-87.6697675773,1302216169.0,56665493,56665716
56665716,41.8693359798,-87.6700207359,1302216172.0,56665619,56665815
56665815,41.8693329498,-87.6702939135,1302216175.0,56665716,56665921
56665921,41.8693252331,-87.6706380865,1302216178.0,56665815,56666029
56666029,41.8693417583,-87.6709272634,1302216181.0,56665921,56666369
56666369,41.8694373343,-87.6711397088,1302216191.0,56666029,56666613
56666613,41.8693729594,-87.671405315,1302216198.0,56666369,56666717
56666717,41.8693589079,-87.6716930969,1302216201.0,56666613,56666792
56666792,41.8693526292,-87.6719708448,1302216203.0,56666717,56666864
56666864,41.8693505772,-87.6722648953,1302216205.0,56666792,56666941
56666941,41.8693536029,-87.6725530504,1302216207.0,56666864,56667013
56667013,41.8693403312,-87.6728160037,1302216209.0,56666941,56667119
56667119,41.8693135595,-87.6731491656,1302216212.0,56667013,56667252
56667252,41.8692256706,-87.6733801426,1302216216.0,56667119,56667448
56667448,41.8694183369,-87.6734915826,1302216221.0,56667252,56667545
56667545,41.8696299057,-87.6735061174,1302216224.0,56667448,56667651
56667651,41.8698789545,-87.6735129939,1302216227.0,56667545,56667771
56667771,41.8701229656,-87.6735190459,1302216230.0,56667651,56667873
56667873,41.870369994,-87.6735400501,1302216233.0,56667771,56667985
56667985,41.8706269612,-87.6735770159,1302216236.0,56667873,56668096
56668096,41.8708849154,-87.6735890543,1302216239.0,56667985,56668201
56668201,41.8710989834,-87.6736145322,1302216242.0,56668096,56668341
56668341,41.8712502484,-87.6737541658,1302216246.0,56668201,56668534
56668534,41.8714433972,-87.6737152204,1302216251.0,56668341,56668764
56668764,41.8714443677,-87.6734575379,1302216257.0,56668534,56669275
56669275,41.8712799851,-87.6733294591,1302216274.0,56668764,None
