22068580,41.8691569586,-87.6759938897,1303348060.0,None,22068683
22068683,41.8691451878,-87.6763172676,1303348064.0,22068580,22068731
22068731,41.8691351431,-87.6765652072,1303348066.0,22068683,22068780
22068780,41.869128731,-87.6768531211,1303348068.0,22068731,22068832
22068832,41.8691218034,-87.6771650276,1303348070.0,22068780,22068884
22068884,41.869115817,-87.6774850607,1303348072.0,22068832,22068938
22068938,41.869113569,-87.6778130333,1303348074.0,22068884,22068993
22068993,41.8691119422,-87.6781520409,1303348076.0,22068938,22069043
22069043,41.8691068272,-87.6784980669,1303348078.0,22068993,22069095
22069095,41.8691026352,-87.6788310114,1303348080.0,22069043,22069147
22069147,41.8690977213,-87.6791470009,1303348082.0,22069095,22069201
22069201,41.8690928816,-87.6794420684,1303348084.0,22069147,22069255
22069255,41.8690890586,-87.6797130909,1303348086.0,22069201,22069340
22069340,41.8690864219,-87.6800281644,1303348089.0,22069255,22069840
22069840,41.8690886367,-87.6803242671,1303348107.0,22069340,22070232
22070232,41.8691062385,-87.6805880892,1303348122.0,22069840,22070345
22070345,41.8691050771,-87.6809210502,1303348126.0,22070232,22070377
22070377,41.869098514,-87.681170966,1303348128.0,22070345,22070384
22070384,41.8690885808,-87.6814639324,1303348130.0,22070377,22070393
22070393,41.869080656,-87.6817838941,1303348132.0,22070384,22070404
22070404,41.8690738977,-87.6820989044,1303348134.0,22070393,22070416
22070416,41.8690662965,-87.6824089637,1303348136.0,22070404,22070430
22070430,41.8690607982,-87.6826999434,1303348138.0,22070416,22070445
22070445,41.869052769,-87.6829579897,1303348140.0,22070430,22070469
22070469,41.8690507295,-87.6832750245,1303348143.0,22070445,22070504
22070504,41.869039553,-87.6835242177,1303348148.0,22070469,22070680
22070680,41.8690320377,-87.6838279469,1303348168.0,22070504,22070721
22070721,41.8690245666,-87.6841758184,1303348171.0,22070680,22070744
22070744,41.8690180668,-87.6844320197,1303348173.0,22070721,22070785
22070785,41.869007109,-87.6847261294,1303348176.0,22070744,22070840
22070840,41.8690013569,-87.6850418835,1303348180.0,22070785,22070883
22070883,41.8690032541,-87.6853589506,1303348183.0,22070840,22070928
22070928,41.8689912456,-87.6857139676,1303348186.0,22070883,22070972
22070972,41.8689712995,-87.6859617246,1303348189.0,22070928,22071417
22071417,41.8690816571,-87.6861767731,1303348215.0,22070972,22071475
22071475,41.8692780496,-87.686161723,1303348218.0,22071417,22071524
22071524,41.8695452738,-87.6861520109,1303348221.0,22071475,22071556
22071556,41.8697562816,-87.686152348,1303348223.0,22071524,22071594
22071594,41.8699852996,-87.6861508577,1303348225.0,22071556,22071638
22071638,41.8702242299,-87.6861546776,1303348227.0,22071594,22071680
22071680,41.8704711957,-87.6861573808,1303348229.0,22071638,22071714
22071714,41.8707181612,-87.6861639443,1303348231.0,22071680,22071750
22071750,41.8709692462,-87.686166486,1303348233.0,22071714,22071792
22071792,41.8712263367,-87.6861603794,1303348235.0,22071750,22071838
22071838,41.8714813814,-87.6861723975,1303348237.0,22071792,22071882
22071882,41.8717373387,-87.6861855342,1303348239.0,22071838,22071919
22071919,41.8719932608,-87.6861974077,1303348241.0,22071882,22071958
22071958,41.8722491944,-87.6862110469,1303348243.0,22071919,22072002
22072002,41.8725141779,-87.686216259,1303348245.0,22071958,22072049
22072049,41.8727881472,-87.6862101315,1303348247.0,22072002,22072092
22072092,41.8730561598,-87.6862082092,1303348249.0,22072049,22072132
22072132,41.8733041296,-87.6862109228,1303348251.0,22072092,22072172
22072172,41.8735180381,-87.6862101294,1303348253.0,22072132,22072238
22072238,41.8737338648,-87.6862145834,1303348256.0,22072172,22072700
22072700,41.8739143487,-87.6861176946,1303348276.0,22072238,22072790
22072790,41.8739384758,-87.6858536934,1303348280.0,22072700,22072869
22072869,41.8739469398,-87.6855566914,1303348283.0,22072790,22072918
22072918,41.8739551844,-87.6853136783,1303348285.0,22072869,22072966
22072966,41.8739623857,-87.6850367792,1303348287.0,22072918,22073003
22073003,41.8739636579,-87.6847497743,1303348289.0,22072966,22073051
22073051,41.8739655471,-87.6844648443,1303348291.0,22073003,22073103
22073103,41.8739742792,-87.6841818273,1303348293.0,22073051,22073153
22073153,41.8739817942,-87.6838908433,1303348295.0,22073103,22073207
22073207,41.8739814666,-87.6835867735,1303348297.0,22073153,22073258
22073258,41.8739824287,-87.6832598241,1303348299.0,22073207,22073305
22073305,41.8739854756,-87.682906825,1303348301.0,22073258,22073352
22073352,41.8739847628,-87.6825358623,1303348303.0,22073305,22073403
22073403,41.8739813546,-87.6821759293,1303348305.0,22073352,22073457
22073457,41.8739761167,-87.6818659745,1303348307.0,22073403,22073540
22073540,41.8739647205,-87.6815350167,1303348310.0,22073457,22073673
22073673,41.8739731987,-87.6812809543,1303348315.0,22073540,22073749
22073749,41.8739870394,-87.6810108828,1303348318.0,22073673,22073803
22073803,41.8739920474,-87.6807479274,1303348320.0,22073749,22073852
22073852,41.8739988905,-87.680439955,1303348322.0,22073803,22073911
22073911,41.8740047573,-87.680106985,1303348324.0,22073852,22073966
22073966,41.8740074118,-87.6797619508,1303348326.0,22073911,22074017
22074017,41.8740097707,-87.6794199811,1303348328.0,22073966,22074071
22074071,41.8740155565,-87.6790819337,1303348330.0,22074017,22074125
22074125,41.874022201,-87.6787429039,1303348332.0,22074071,22074180
22074180,41.8740255536,-87.6784019418,1303348334.0,22074125,22074237
22074237,41.8740296586,-87.6780589391,1303348336.0,22074180,22074280
22074280,41.8740331654,-87.6777239165,1303348338.0,22074237,22074337
22074337,41.8740378149,-87.6774030323,1303348340.0,22074280,22074396
22074396,41.8740381576,-87.6771171707,1303348342.0,22074337,22074481
22074481,41.8740206019,-87.6767919331,1303348345.0,22074396,22074674
22074674,41.8739705935,-87.6765332406,1303348352.0,22074481,22074788
22074788,41.8737668985,-87.6764742028,1303348356.0,22074674,22074874
22074874,41.8734964206,-87.6764454472,1303348359.0,22074788,22074930
22074930,41.8733034721,-87.6764318433,1303348361.0,22074874,22075016
22075016,41.8730846675,-87.6764111326,1303348364.0,22074930,22075137
22075137,41.8728456395,-87.6763732719,1303348368.0,22075016,22075222
22075222,41.8725956794,-87.6763429841,1303348371.0,22075137,22075286
22075286,41.8723846895,-87.6762987073,1303348373.0,22075222,22075343
22075343,41.8721514753,-87.6762795735,1303348375.0,22075286,22075408
22075408,41.8719166595,-87.6762357191,1303348377.0,22075343,22075463
22075463,41.8717095978,-87.6762225799,1303348379.0,22075408,22075557
22075557,41.871485939,-87.6761998808,1303348382.0,22075463,22075713
22075713,41.8714254756,-87.6759187162,1303348387.0,22075557,22075807
22075807,41.8714385162,-87.6756080083,1303348390.0,22075713,22075869
22075869,41.8714427834,-87.6753631016,1303348392.0,22075807,22075960
22075960,41.8714425591,-87.6750722564,1303348395.0,22075869,22076430
22076430,41.8714820674,-87.6748324931,1303348410.0,22075960,22076561
22076561,41.8715565656,-87.674559472,1303348414.0,22076430,22076656
22076656,41.8715951574,-87.6742487542,1303348417.0,22076561,22076754
22076754,41.8715976446,-87.6739598098,1303348420.0,22076656,22076856
22076856,41.8715979909,-87.6737007112,1303348423.0,22076754,22077338
22077338,41.8715434653,-87.6734583001,1303348438.0,22076856,22077501
22077501,41.8716009121,-87.6731767799,1303348443.0,22077338,22077603
22077603,41.8716479357,-87.6729089032,1303348446.0,22077501,22077706
22077706,41.8716746298,-87.6725489068,1303348449.0,22077603,22077711
22077711,41.8716832876,-87.6722779961,1303348451.0,22077706,22077719
22077719,41.8716830598,-87.6719950074,1303348453.0,22077711,22077729
22077729,41.8716834843,-87.6717131313,1303348455.0,22077719,22077741
22077741,41.8716850778,-87.671430015,1303348457.0,22077729,22077754
22077754,41.8716853201,-87.6711568969,1303348459.0,22077741,22077768
22077768,41.8716888071,-87.6708889149,1303348461.0,22077754,22077784
22077784,41.8716853966,-87.670621059,1303348463.0,22077768,22077800
22077800,41.8716726284,-87.6703550849,1303348465.0,22077784,22077818
22077818,41.8716646717,-87.6701129523,1303348467.0,22077800,22077846
22077846,41.8716528261,-87.6697772677,1303348470.0,22077818,22077876
22077876,41.8716512905,-87.6694938836,1303348473.0,22077846,22077941
22077941,41.871655897,-87.6692302941,1303348479.0,22077876,22078175
22078175,41.8715300654,-87.6690091446,1303348497.0,22077941,22078219
22078219,41.8713415608,-87.6689916577,1303348500.0,22078175,22078264
22078264,41.8710784859,-87.6689798226,1303348503.0,22078219,22078294
22078294,41.8708524899,-87.6689559221,1303348505.0,22078264,22078319
22078319,41.8705996094,-87.6689263024,1303348507.0,22078294,22078352
22078352,41.8703437897,-87.6689174248,1303348509.0,22078319,22078386
22078386,41.8700847997,-87.6689069131,1303348511.0,22078352,22078416
22078416,41.8698297854,-87.6689147164,1303348513.0,22078386,22078448
22078448,41.869609631,-87.6689198212,1303348515.0,22078416,22078502
22078502,41.869379755,-87.6689321781,1303348518.0,22078448,22078732
22078732,41.869180064,-87.6689455817,1303348531.0,22078502,22078787
22078787,41.8689917253,-87.6689287869,1303348534.0,22078732,22078844
22078844,41.8687248152,-87.6689185925,1303348537.0,22078787,22078883
22078883,41.8685079504,-87.6689379654,1303348539.0,22078844,22078920
22078920,41.8682659682,-87.668947652,1303348541.0,22078883,22078960
22078960,41.8680139357,-87.6689284094,1303348543.0,22078920,22078997
22078997,41.8677709049,-87.6689137177,1303348545.0,22078960,22079038
22079038,41.8675388628,-87.6688950435,1303348547.0,22078997,22079079
22079079,41.8673219568,-87.6688809474,1303348549.0,22079038,22079121
22079121,41.8671167693,-87.6688655155,1303348551.0,22079079,22079181
22079181,41.8668779594,-87.6688524755,1303348554.0,22079121,22079287
22079287,41.8667824955,-87.6685768859,1303348559.0,22079181,22079324
22079324,41.8667975163,-87.6682579943,1303348562.0,22079287,22079331
22079331,41.8668030477,-87.6679710065,1303348564.0,22079324,22079340
22079340,41.8668032017,-87.6676419598,1303348566.0,22079331,22079351
22079351,41.8668054494,-87.6672850036,1303348568.0,22079340,22079363
22079363,41.8668070722,-87.666923978,1303348570.0,22079351,22079377
22079377,41.8668081669,-87.6665681019,1303348572.0,22079363,22079392
22079392,41.8668093504,-87.6662131222,1303348574.0,22079377,22079408
22079408,41.8668121647,-87.665849978,1303348576.0,22079392,22079425
22079425,41.8668167065,-87.665478979,1303348578.0,22079408,22079443
22079443,41.8668255737,-87.6650958958,1303348580.0,22079425,22079462
22079462,41.8668351359,-87.6647078234,1303348582.0,22079443,22079482
22079482,41.8668430832,-87.6643148197,1303348584.0,22079462,22079502
22079502,41.8668519765,-87.6639187467,1303348586.0,22079482,22079524
22079524,41.8668612394,-87.6635277073,1303348588.0,22079502,22079546
22079546,41.8668681541,-87.6631527318,1303348590.0,22079524,22079569
22079569,41.866871417,-87.6627967945,1303348592.0,22079546,22079593
22079593,41.8668736803,-87.6624578339,1303348594.0,22079569,22079617
22079617,41.8668763938,-87.6621308667,1303348596.0,22079593,22079642
22079642,41.8668807693,-87.6618059203,1303348598.0,22079617,22079668
22079668,41.8668846367,-87.6614739481,1303348600.0,22079642,22079694
22079694,41.866893333,-87.6611368886,1303348602.0,22079668,22079721
22079721,41.8669005509,-87.6607888139,1303348604.0,22079694,22079749
22079749,41.866903654,-87.660436794,1303348606.0,22079721,22079777
22079777,41.8669118902,-87.6600897699,1303348608.0,22079749,22079805
22079805,41.8669178072,-87.6597477983,1303348610.0,22079777,22079835
22079835,41.8669237349,-87.6594128339,1303348612.0,22079805,22079865
22079865,41.8669318283,-87.6590847861,1303348614.0,22079835,22079889
22079889,41.8669390203,-87.6587577946,1303348616.0,22079865,22079920
22079920,41.866944827,-87.6584217995,1303348618.0,22079889,22079954
22079954,41.8669470308,-87.6580867833,1303348620.0,22079920,22079985
22079985,41.8669493509,-87.6577618365,1303348622.0,22079954,22080016
22080016,41.8669553587,-87.6574588014,1303348624.0,22079985,22080049
22080049,41.8669638339,-87.6571947784,1303348626.0,22080016,22080084
22080084,41.8669695759,-87.6569378116,1303348628.0,22080049,22080118
22080118,41.8669745391,-87.6566790841,1303348630.0,22080084,22080151
22080151,41.8669751737,-87.6564110538,1303348632.0,22080118,22080186
22080186,41.866977139,-87.6561346915,1303348634.0,22080151,22080222
22080222,41.8669765881,-87.6558665318,1303348636.0,22080186,22080259
22080259,41.866979436,-87.6556006458,1303348638.0,22080222,22080294
22080294,41.8669846324,-87.6553406994,1303348640.0,22080259,22080330
22080330,41.866989372,-87.6550836043,1303348642.0,22080294,22080368
22080368,41.8669951608,-87.6548304313,1303348644.0,22080330,22080407
22080407,41.8670004766,-87.6545854672,1303348646.0,22080368,22080443
22080443,41.8670074104,-87.6543396101,1303348648.0,22080407,22080482
22080482,41.8670142527,-87.6540926681,1303348650.0,22080443,22080520
22080520,41.8670214092,-87.6538435034,1303348652.0,22080482,22080560
22080560,41.8670300624,-87.6535944838,1303348654.0,22080520,22080600
22080600,41.867038102,-87.6533505744,1303348656.0,22080560,22080639
22080639,41.8670442767,-87.653106549,1303348658.0,22080600,22080681
22080681,41.86704517,-87.6528545575,1303348660.0,22080639,22080721
22080721,41.8670456647,-87.6525976121,1303348662.0,22080681,22080782
22080782,41.8670523591,-87.6522455997,1303348665.0,22080721,22080864
22080864,41.8670532818,-87.6519545501,1303348669.0,22080782,22081185
22081185,41.8670638181,-87.6516874239,1303348684.0,22080864,22081323
22081323,41.8671217508,-87.6513845949,1303348690.0,22081185,22081412
22081412,41.8671380439,-87.651094459,1303348694.0,22081323,22081551
22081551,41.867343673,-87.6509726483,1303348700.0,22081412,22081624
22081624,41.8675859692,-87.6509862837,1303348703.0,22081551,22081669
22081669,41.8677868916,-87.6509989738,1303348705.0,22081624,22081713
22081713,41.868016957,-87.6510132092,1303348707.0,22081669,22081763
22081763,41.8682549396,-87.6510215293,1303348709.0,22081713,22081810
22081810,41.8684999485,-87.6510315934,1303348711.0,22081763,22081854
22081854,41.868746941,-87.6510390819,1303348713.0,22081810,22081878
22081878,41.8689808122,-87.6510479392,1303348715.0,22081854,22081916
22081916,41.8692034547,-87.6510617386,1303348717.0,22081878,22081944
22081944,41.8693849349,-87.6510820746,1303348719.0,22081916,22082011
22082011,41.8695561584,-87.650990575,1303348723.0,22081944,22082098
22082098,41.8695384213,-87.6507041255,1303348727.0,22082011,22082178
22082178,41.869525224,-87.6503639362,1303348730.0,22082098,22082219
22082219,41.8695271518,-87.6500937761,1303348732.0,22082178,22082270
22082270,41.8695254182,-87.6498098332,1303348734.0,22082219,22082324
22082324,41.8695219842,-87.6495248871,1303348736.0,22082270,22082371
22082371,41.8695197689,-87.6492509148,1303348738.0,22082324,22082424
22082424,41.869517226,-87.6489879162,1303348740.0,22082371,22082498
22082498,41.8695058791,-87.6486430072,1303348743.0,22082424,22082576
22082576,41.8694878491,-87.6484021521,1303348746.0,22082498,None
