10190368,41.8674419732,-87.6469936644,1302109135.0,None,10190621
10190621,41.867220028,-87.6469296012,1302109142.0,10190368,10190719
10190719,41.8670307892,-87.6469193869,1302109145.0,10190621,10190811
10190811,41.8668288108,-87.6468956292,1302109148.0,10190719,10190910
10190910,41.8666038292,-87.6468625715,1302109151.0,10190811,10191015
10191015,41.8663908598,-87.6468311593,1302109154.0,10190910,10191118
10191118,41.8662079013,-87.6468024172,1302109157.0,10191015,10191256
10191256,41.8660080354,-87.6467794338,1302109161.0,10191118,10191495
10191495,41.8658249575,-87.6467575912,1302109168.0,10191256,10192259
10192259,41.8656439575,-87.6467029878,1302109190.0,10191495,10192357
10192357,41.8654109899,-87.6466869895,1302109196.0,10192259,10192371
10192371,41.8652069958,-87.6466626474,1302109199.0,10192357,10192396
10192396,41.8649959832,-87.6466718365,1302109203.0,10192371,10192595
10192595,41.86480988,-87.6466577065,1302109224.0,10192396,10192655
10192655,41.8645779946,-87.6466385597,1302109229.0,10192595,10192694
10192694,41.8643749862,-87.6466573006,1302109232.0,10192655,10192733
10192733,41.8641518724,-87.646722019,1302109235.0,10192694,10192775
10192775,41.8638918807,-87.6467636188,1302109238.0,10192733,10192803
10192803,41.8636748994,-87.6467383921,1302109240.0,10192775,10192831
10192831,41.8634499082,-87.6467098462,1302109242.0,10192803,10192855
10192855,41.86321391,-87.6466776179,1302109244.0,10192831,10192887
10192887,41.8629849014,-87.6466506899,1302109246.0,10192855,10192918
10192918,41.8627879829,-87.6466329867,1302109248.0,10192887,10192960
10192960,41.8625990629,-87.6466171819,1302109251.0,10192918,10193222
10193222,41.8624260413,-87.6465452095,1302109267.0,10192960,10193325
10193325,41.862305447,-87.6467334249,1302109273.0,10193222,10193382
10193382,41.8623031987,-87.6470244261,1302109276.0,10193325,10193420
10193420,41.8622931181,-87.6472908306,1302109278.0,10193382,10193457
10193457,41.8622797002,-87.6475790305,1302109280.0,10193420,10193494
10193494,41.8622673297,-87.6478760825,1302109282.0,10193457,10193533
10193533,41.862257143,-87.6481590907,1302109284.0,10193494,10193593
10193593,41.8622489627,-87.6484310933,1302109287.0,10193533,10193672
10193672,41.8622290543,-87.648708074,1302109291.0,10193593,10193733
10193733,41.8622175594,-87.6490540303,1302109294.0,10193672,10193774
10193774,41.862214578,-87.6493560337,1302109296.0,10193733,10193817
10193817,41.8622105641,-87.6496730153,1302109298.0,10193774,10193858
10193858,41.862204476,-87.6499730372,1302109300.0,10193817,10193898
10193898,41.8622015717,-87.6502370349,1302109302.0,10193858,10193964
10193964,41.8622101436,-87.6504961037,1302109305.0,10193898,10194183
10194183,41.8623038867,-87.6507169454,1302109315.0,10193964,10194273
10194273,41.862512606,-87.6507294484,1302109319.0,10194183,10194338
10194338,41.8627679216,-87.6507530103,1302109322.0,10194273,10194362
10194362,41.8629708999,-87.6507726964,1302109324.0,10194338,10194405
10194405,41.8631578272,-87.6507948263,1302109326.0,10194362,10194480
10194480,41.8633699109,-87.650814472,1302109330.0,10194405,10194542
10194542,41.863603996,-87.6508239989,1302109334.0,10194480,10194600
10194600,41.8638889224,-87.6508426173,1302109337.0,10194542,10194637
10194637,41.864110898,-87.6508550613,1302109339.0,10194600,10194681
10194681,41.8643309763,-87.6508525657,1302109341.0,10194637,10194752
10194752,41.8645678965,-87.6508533056,1302109344.0,10194681,10194853
10194853,41.8647588765,-87.6508798171,1302109348.0,10194752,10194922
10194922,41.8649959086,-87.6508952383,1302109351.0,10194853,10194968
10194968,41.8652048762,-87.6509093545,1302109353.0,10194922,10195015
10195015,41.8654568823,-87.6509224805,1302109355.0,10194968,10195066
10195066,41.8657338857,-87.6509285551,1302109357.0,10195015,10195123
10195123,41.8660228695,-87.6509446515,1302109359.0,10195066,10195160
10195160,41.8663138718,-87.6509611824,1302109361.0,10195123,10195209
10195209,41.8665917944,-87.6509762504,1302109363.0,10195160,10195259
10195259,41.8668356669,-87.6509917654,1302109365.0,10195209,10195307
10195307,41.8670213185,-87.6510147173,1302109367.0,10195259,10195384
10195384,41.867161515,-87.6511865348,1302109370.0,10195307,10195462
10195462,41.8671666082,-87.6514993518,1302109373.0,10195384,10195513
10195513,41.8671603378,-87.6517781154,1302109375.0,10195462,10195566
10195566,41.8671515541,-87.6520849017,1302109377.0,10195513,10195620
10195620,41.8671441294,-87.6523750109,1302109379.0,10195566,10195698
10195698,41.8671310776,-87.6527072518,1302109382.0,10195620,10196427
10196427,41.8671154509,-87.6530063503,1302109410.0,10195698,10196523
10196523,41.8671060046,-87.6532865998,1302109413.0,10196427,10196582
10196582,41.8671027825,-87.6535366278,1302109415.0,10196523,10196634
10196634,41.8670970579,-87.653825681,1302109417.0,10196582,10196688
10196688,41.8670926676,-87.6541514905,1302109419.0,10196634,10196742
10196742,41.8670798864,-87.654499692,1302109421.0,10196688,10196796
10196796,41.8670677551,-87.6548538488,1302109423.0,10196742,10196856
10196856,41.8670588046,-87.6552065853,1302109425.0,10196796,10196917
10196917,41.8670537985,-87.655536586,1302109427.0,10196856,10196980
10196980,41.8670485463,-87.6558146005,1302109429.0,10196917,10197071
10197071,41.8670376113,-87.6561363822,1302109432.0,10196980,10197209
10197209,41.8670607431,-87.6564021452,1302109437.0,10197071,10197448
10197448,41.8671087411,-87.6566277981,1302109445.0,10197209,10197604
10197604,41.8672986698,-87.6566644699,1302109450.0,10197448,10197691
10197691,41.8675298199,-87.6566789266,1302109453.0,10197604,10197747
10197747,41.8677358304,-87.6566889873,1302109455.0,10197691,10197810
10197810,41.8679658687,-87.6566920161,1302109457.0,10197747,10197874
10197874,41.8682018482,-87.6566974499,1302109459.0,10197810,10197940
10197940,41.8684318385,-87.6567046602,1302109461.0,10197874,10197997
10197997,41.8686508812,-87.6567082811,1302109463.0,10197940,10198064
10198064,41.868850958,-87.656708748,1302109465.0,10197997,10198156
10198156,41.8690621142,-87.6567022931,1302109468.0,10198064,10198409
10198409,41.8692720009,-87.6567126828,1302109476.0,10198156,10198509
10198509,41.8694624921,-87.6567287107,1302109479.0,10198409,10198606
10198606,41.8696468121,-87.6567391515,1302109482.0,10198509,10198942
10198942,41.869851365,-87.6567702706,1302109493.0,10198606,10199049
10199049,41.8700801865,-87.6567777748,1302109496.0,10198942,10199116
10199116,41.8702780699,-87.6567810755,1302109498.0,10199049,10199180
10199180,41.8705220062,-87.6567815106,1302109500.0,10199116,10199243
10199243,41.8707719412,-87.6567799037,1302109502.0,10199180,10199310
10199310,41.8710278926,-87.6567846789,1302109504.0,10199243,10199373
10199373,41.8712899208,-87.6567941241,1302109506.0,10199310,10199436
10199436,41.8715210097,-87.6568071835,1302109508.0,10199373,10199501
10199501,41.8717049334,-87.6568141944,1302109510.0,10199436,10199590
10199590,41.8719597432,-87.6568109889,1302109513.0,10199501,10199698
10199698,41.8721807473,-87.6568001009,1302109516.0,10199590,10199835
10199835,41.8723719003,-87.6567846949,1302109520.0,10199698,10199938
10199938,41.8725670584,-87.6567636626,1302109523.0,10199835,10200002
10200002,41.8727650649,-87.6567555534,1302109525.0,10199938,10200069
10200069,41.8729901307,-87.6567413932,1302109527.0,10200002,10200124
10200124,41.8732260524,-87.6567252407,1302109529.0,10200069,10200195
10200195,41.8734679903,-87.6567214263,1302109531.0,10200124,10200262
10200262,41.8736989794,-87.6567197806,1302109533.0,10200195,10200333
10200333,41.8738790109,-87.6567244894,1302109535.0,10200262,10200441
10200441,41.8740906643,-87.6567276605,1302109538.0,10200333,10200608
10200608,41.8742751313,-87.6565467222,1302109544.0,10200441,10200720
10200720,41.8742607472,-87.6562678346,1302109547.0,10200608,10200828
10200828,41.8742528561,-87.655956587,1302109550.0,10200720,10201267
10201267,41.8742544843,-87.6557145827,1302109563.0,10200828,10201408
10201408,41.8742714131,-87.6553975787,1302109567.0,10201267,10201524
10201524,41.874291992,-87.6550624998,1302109570.0,10201408,10201600
10201600,41.8743172166,-87.6548055816,1302109572.0,10201524,10201678
10201678,41.8743398878,-87.654522673,1302109574.0,10201600,10201750
10201750,41.8743533842,-87.6542187711,1302109576.0,10201678,10201815
10201815,41.874349798,-87.6538976537,1302109578.0,10201750,10201883
10201883,41.874327536,-87.6535475031,1302109580.0,10201815,10201948
10201948,41.8743172778,-87.6532164921,1302109582.0,10201883,10202017
10202017,41.8743102079,-87.6528966618,1302109584.0,10201948,10202076
10202076,41.8743033844,-87.6526038421,1302109586.0,10202017,10202155
10202155,41.8742988483,-87.6523399491,1302109588.0,10202076,10202227
10202227,41.874295493,-87.6520880105,1302109590.0,10202155,10202303
10202303,41.8742958537,-87.6518371426,1302109592.0,10202227,10202383
10202383,41.8743015281,-87.6515852736,1302109594.0,10202303,10202460
10202460,41.8743082707,-87.6513352756,1302109596.0,10202383,10202529
10202529,41.8743170903,-87.6510841442,1302109598.0,10202460,10202599
10202599,41.8743255606,-87.6508210315,1302109600.0,10202529,10202671
10202671,41.874325344,-87.6505521105,1302109602.0,10202599,10202739
10202739,41.8743236412,-87.6502971238,1302109604.0,10202671,10202847
10202847,41.8743215499,-87.6499573616,1302109607.0,10202739,10202961
10202961,41.8743256364,-87.6496975655,1302109610.0,10202847,10203480
10203480,41.8743444132,-87.6494232947,1302109624.0,10202961,10203598
10203598,41.8743517478,-87.6491092201,1302109627.0,10203480,10203673
10203673,41.874356678,-87.6488291122,1302109629.0,10203598,10203751
10203751,41.8743570349,-87.6485368826,1302109631.0,10203673,10203823
10203823,41.8743494513,-87.648241949,1302109633.0,10203751,10203848
10203848,41.8743265622,-87.6479423949,1302109635.0,10203823,10203876
10203876,41.8742976427,-87.647658237,1302109637.0,10203848,10203939
10203939,41.8742647945,-87.6474156248,1302109639.0,10203876,10204040
10204040,41.8741647363,-87.6471761945,1302109642.0,10203939,10204136
10204136,41.8739447637,-87.6470891858,1302109645.0,10204040,10204211
10204211,41.873742867,-87.6470927505,1302109647.0,10204136,10204281
10204281,41.8735117449,-87.6471152229,1302109649.0,10204211,10204359
10204359,41.8732606046,-87.6471367662,1302109651.0,10204281,10204431
10204431,41.8729917519,-87.6471509818,1302109653.0,10204359,10204503
10204503,41.8727270788,-87.6471604105,1302109655.0,10204431,10204570
10204570,41.8724721774,-87.6471693041,1302109657.0,10204503,10204638
10204638,41.8722306638,-87.6471203043,1302109659.0,10204570,10204703
10204703,41.8720237006,-87.6470357835,1302109661.0,10204638,10204804
10204804,41.8717797591,-87.646993614,1302109664.0,10204703,10204911
10204911,41.871541773,-87.6469848326,1302109667.0,10204804,10205023
10205023,41.871262862,-87.6469753853,1302109670.0,10204911,10205100
10205100,41.8710608314,-87.6469672244,1302109672.0,10205023,10205175
10205175,41.8708608343,-87.6469566187,1302109674.0,10205100,10205245
10205245,41.8706698182,-87.6469619724,1302109676.0,10205175,10205314
10205314,41.8704857238,-87.6469660811,1302109678.0,10205245,10205420
10205420,41.8702407749,-87.6469490415,1302109681.0,10205314,10205556
10205556,41.8700528769,-87.6469317273,1302109685.0,10205420,10206028
10206028,41.8698558036,-87.6469404338,1302109699.0,10205556,10206210
10206210,41.8696555947,-87.6469248081,1302109704.0,10206028,10206589
10206589,41.8694821121,-87.6468095114,1302109715.0,10206210,10206702
10206702,41.8695033501,-87.6465571944,1302109718.0,10206589,10206814
10206814,41.8695640307,-87.646228167,1302109721.0,10206702,10206925
10206925,41.8695815056,-87.6459011232,1302109724.0,10206814,None
