21153680,41.869087758,-87.6702720361,1303252816.0,None,21154715
21154715,41.8690486789,-87.6705480026,1303252845.0,21153680,21154825
21154825,41.8690463703,-87.6708181017,1303252848.0,21154715,21154931
21154931,41.8690626859,-87.6710879025,1303252851.0,21154825,21155266
21155266,41.8691073543,-87.6713425357,1303252861.0,21154931,21155914
21155914,41.8692103922,-87.6715548977,1303252879.0,21155266,21156139
21156139,41.8693352043,-87.6717549277,1303252885.0,21155914,21156286
21156286,41.869559873,-87.6718500094,1303252889.0,21156139,21156363
21156363,41.8697449736,-87.6718520036,1303252892.0,21156286,21156432
21156432,41.86994997,-87.6718589602,1303252895.0,21156363,21156556
21156556,41.8701719712,-87.6718520321,1303252899.0,21156432,21156710
21156710,41.8704300107,-87.6718130453,1303252904.0,21156556,21156814
21156814,41.8705909935,-87.6716915398,1303252907.0,21156710,21156846
21156846,41.8707840188,-87.6715911117,1303252908.0,21156814,21156880
21156880,41.8709740749,-87.6714813016,1303252909.0,21156846,21156940
21156940,41.8711619829,-87.6712932658,1303252911.0,21156880,21157007
21157007,41.8712671403,-87.671081028,1303252913.0,21156940,21157079
21157079,41.8713518673,-87.6708210319,1303252915.0,21157007,21157150
21157150,41.8713941704,-87.6705660214,1303252917.0,21157079,21157222
21157222,41.8714312134,-87.6703240613,1303252919.0,21157150,21157293
21157293,41.8714765512,-87.6700774298,1303252921.0,21157222,21157396
21157396,41.8715045174,-87.6697389134,1303252924.0,21157293,21157499
21157499,41.8715386208,-87.6694690298,1303252927.0,21157396,21157666
21157666,41.8715764424,-87.6692141603,1303252932.0,21157499,21157806
21157806,41.8716252598,-87.668941886,1303252936.0,21157666,21157915
21157915,41.8716427235,-87.6685729143,1303252939.0,21157806,21157981
21157981,41.8716596916,-87.6682889454,1303252941.0,21157915,21158046
21158046,41.8716757901,-87.6680000511,1303252943.0,21157981,21158116
21158116,41.8716887522,-87.667721998,1303252945.0,21158046,21158185
21158185,41.8716947357,-87.6674739767,1303252947.0,21158116,21158285
21158285,41.8717067907,-87.6671830048,1303252950.0,21158185,21158430
21158430,41.8717609436,-87.6669440017,1303252954.0,21158285,21158900
21158900,41.8717687998,-87.6666838194,1303252968.0,21158430,21159076
21159076,41.8718059303,-87.6664443982,1303252973.0,21158900,21159236
21159236,41.87203193,-87.6664130893,1303252978.0,21159076,21159333
21159333,41.8722479707,-87.6664288456,1303252981.0,21159236,21159405
21159405,41.8724469855,-87.6664281492,1303252983.0,21159333,21159482
21159482,41.8726499771,-87.6664254252,1303252985.0,21159405,21159558
21159558,41.8728449536,-87.6664276707,1303252987.0,21159482,21159624
21159624,41.8730259205,-87.6664347249,1303252989.0,21159558,21159723
21159723,41.8732839336,-87.666462359,1303252992.0,21159624,21159822
21159822,41.8735259802,-87.6665176907,1303252995.0,21159723,21159922
21159922,41.8737380849,-87.6665521361,1303252998.0,21159822,21160089
21160089,41.873929995,-87.6665668812,1303253003.0,21159922,21160542
21160542,41.8741118971,-87.6665542339,1303253016.0,21160089,21160713
21160713,41.8742236644,-87.6662766786,1303253021.0,21160542,21160820
21160820,41.8742584412,-87.6659599524,1303253024.0,21160713,21160885
21160885,41.8742792968,-87.6656970229,1303253026.0,21160820,21160949
21160949,41.8743076047,-87.665413015,1303253028.0,21160885,21161020
21161020,41.8743203586,-87.6651080388,1303253030.0,21160949,21161097
21161097,41.8743290007,-87.6647680431,1303253032.0,21161020,21161165
21161165,41.8743350926,-87.6644060424,1303253034.0,21161097,21161231
21161231,41.8743403775,-87.6640310447,1303253036.0,21161165,21161303
21161303,41.8743384539,-87.6636680329,1303253038.0,21161231,21161375
21161375,41.8743430179,-87.6633300088,1303253040.0,21161303,21161446
21161446,41.8743551195,-87.6630399951,1303253042.0,21161375,21161514
21161514,41.8743608729,-87.6627969905,1303253044.0,21161446,21161610
21161610,41.8743638033,-87.6625339861,1303253047.0,21161514,21161716
21161716,41.8743837676,-87.6622629942,1303253050.0,21161610,21161781
21161781,41.8743837978,-87.6620190023,1303253052.0,21161716,21161849
21161849,41.8743667168,-87.6617049947,1303253054.0,21161781,21161921
21161921,41.8743565653,-87.6613599859,1303253056.0,21161849,21161994
21161994,41.8743625377,-87.6608209943,1303253059.0,21161921,21162067
21162067,41.8743626197,-87.6604440025,1303253061.0,21161994,21162138
21162138,41.874358606,-87.6600659963,1303253063.0,21162067,21162206
21162206,41.8743614369,-87.6596730006,1303253065.0,21162138,21162261
21162261,41.8743604406,-87.6592749989,1303253067.0,21162206,21162333
21162333,41.8743572555,-87.658886007,1303253069.0,21162261,21162398
21162398,41.8743531066,-87.6585279864,1303253071.0,21162333,21162466
21162466,41.8743465725,-87.6582199715,1303253073.0,21162398,21162534
21162534,41.8743379677,-87.6579319164,1303253075.0,21162466,21162605
21162605,41.8743382184,-87.657656881,1303253077.0,21162534,21162677
21162677,41.8743429414,-87.6573798562,1303253079.0,21162605,21162750
21162750,41.8743501599,-87.6570998795,1303253081.0,21162677,21162816
21162816,41.8743595107,-87.6568159819,1303253083.0,21162750,21162889
21162889,41.8743589393,-87.6564997965,1303253085.0,21162816,21162959
21162959,41.8743601307,-87.6561569264,1303253087.0,21162889,21163028
21163028,41.8743629517,-87.6557948835,1303253089.0,21162959,21163100
21163100,41.8743642504,-87.6554258406,1303253091.0,21163028,21163167
21163167,41.8743665759,-87.655055805,1303253093.0,21163100,21163234
21163234,41.8743737166,-87.6546868285,1303253095.0,21163167,21163299
21163299,41.8743785696,-87.6543218766,1303253097.0,21163234,21163367
21163367,41.8743823874,-87.653956832,1303253099.0,21163299,21163434
21163434,41.8743871622,-87.6535988245,1303253101.0,21163367,21163503
21163503,41.8743884497,-87.6532537888,1303253103.0,21163434,21163573
21163573,41.8743957355,-87.652923837,1303253105.0,21163503,21163643
21163643,41.8743937268,-87.6525928749,1303253107.0,21163573,21163716
21163716,41.8743906359,-87.6522718049,1303253109.0,21163643,21163782
21163782,41.8743885582,-87.6519655919,1303253111.0,21163716,21163849
21163849,41.8743978412,-87.6516455313,1303253113.0,21163782,21163913
21163913,41.8744204727,-87.6513317697,1303253115.0,21163849,21163977
21163977,41.8744363882,-87.6510378121,1303253117.0,21163913,21164041
21164041,41.8744369195,-87.6507728354,1303253119.0,21163977,21164150
21164150,41.874431166,-87.6504438696,1303253122.0,21164041,21164257
21164257,41.8744158876,-87.6501968285,1303253125.0,21164150,21164444
21164444,41.8744259141,-87.6499257244,1303253130.0,21164257,21164551
21164551,41.8744533864,-87.6496226227,1303253134.0,21164444,21164647
21164647,41.8744665228,-87.6493017706,1303253137.0,21164551,21164718
21164718,41.8744562095,-87.6490246958,1303253139.0,21164647,21164784
21164784,41.874451724,-87.6487317785,1303253141.0,21164718,21164854
21164854,41.8744698606,-87.648454297,1303253143.0,21164784,21164925
21164925,41.8744947075,-87.6482082908,1303253145.0,21164854,21165030
21165030,41.8745205752,-87.6479340785,1303253148.0,21164925,21165585
21165585,41.8745999648,-87.6477160358,1303253164.0,21165030,21165976
21165976,41.8745579983,-87.6474410007,1303253175.0,21165585,21166110
21166110,41.8743966362,-87.6472201321,1303253179.0,21165976,21166212
21166212,41.8741570267,-87.6472132722,1303253182.0,21166110,21166279
21166279,41.8739802201,-87.6471927799,1303253184.0,21166212,21166332
21166332,41.8737748055,-87.6471807514,1303253186.0,21166279,21166397
21166397,41.8735487629,-87.6471741925,1303253188.0,21166332,21166470
21166470,41.8733097762,-87.6471671359,1303253190.0,21166397,21166545
21166545,41.8730756429,-87.6471457523,1303253192.0,21166470,21166620
21166620,41.8728545838,-87.6471170727,1303253194.0,21166545,21166695
21166695,41.8726576668,-87.6470842432,1303253196.0,21166620,21166797
21166797,41.872407736,-87.6470351117,1303253199.0,21166695,21166890
21166890,41.8722235662,-87.6470404133,1303253202.0,21166797,None
