65054315,41.8672395707,-87.6470004381,1301751061.0,None,65054467
65054467,41.8672061345,-87.6472716331,1301751066.0,65054315,65054550
65054550,41.8672072316,-87.647622102,1301751069.0,65054467,65054612
65054612,41.8672049493,-87.6479021091,1301751071.0,65054550,65054671
65054671,41.8672039034,-87.6481940866,1301751073.0,65054612,65054737
65054737,41.8672012609,-87.6484800492,1301751075.0,65054671,65054800
65054800,41.8671992246,-87.6487259662,1301751077.0,65054737,65054853
65054853,41.8671939128,-87.6490099444,1301751080.0,65054800,65055008
65055008,41.8671924135,-87.6492628426,1301751085.0,65054853,65055291
65055291,41.8671924271,-87.649509802,1301751094.0,65055008,65055379
65055379,41.8671884954,-87.6498148817,1301751097.0,65055291,65055472
65055472,41.8671900732,-87.6501698209,1301751100.0,65055379,65055567
65055567,41.8671951132,-87.6505037331,1301751103.0,65055472,65055627
65055627,41.8671978756,-87.6507713556,1301751106.0,65055567,65055746
65055746,41.8672308666,-87.6510321346,1301751124.0,65055627,65055805
65055805,41.8674570637,-87.6510555923,1301751130.0,65055746,65055838
65055838,41.8676632783,-87.651035864,1301751133.0,65055805,65055872
65055872,41.867916235,-87.6510398649,1301751136.0,65055838,65055896
65055896,41.8681001896,-87.6510415646,1301751138.0,65055872,65055920
65055920,41.8682901232,-87.6510434105,1301751140.0,65055896,65055945
65055945,41.8684810792,-87.6510453823,1301751142.0,65055920,65055971
65055971,41.8686730827,-87.6510500966,1301751144.0,65055945,65055997
65055997,41.8688670425,-87.6510540108,1301751146.0,65055971,65056024
65056024,41.8690468613,-87.651058408,1301751148.0,65055997,65056052
65056052,41.869288362,-87.6510646233,1301751151.0,65056024,65056112
65056112,41.8694849092,-87.6511034173,1301751155.0,65056052,65056168
65056168,41.8695730439,-87.6513127912,1301751159.0,65056112,65056217
65056217,41.8695643248,-87.6515547874,1301751162.0,65056168,65056261
65056261,41.8695446288,-87.6518747245,1301751165.0,65056217,65056294
65056294,41.869536506,-87.6521267841,1301751167.0,65056261,65056328
65056328,41.8695294857,-87.6523888265,1301751169.0,65056294,65056361
65056361,41.8695261604,-87.6526608778,1301751171.0,65056328,65056392
65056392,41.8695211628,-87.6529248317,1301751173.0,65056361,65056427
65056427,41.8695136861,-87.6531798268,1301751175.0,65056392,65056463
65056463,41.8695067928,-87.6534308456,1301751177.0,65056427,65056499
65056499,41.8694989768,-87.6536768761,1301751179.0,65056463,65056550
65056550,41.869492973,-87.6539828468,1301751182.0,65056499,65056715
65056715,41.8694913118,-87.6542849711,1301751191.0,65056550,65056773
65056773,41.8694846599,-87.6545758799,1301751194.0,65056715,65056810
65056810,41.8694760715,-87.6548339006,1301751196.0,65056773,65056847
65056847,41.8694704233,-87.6551209996,1301751198.0,65056810,65056886
65056886,41.8694636564,-87.6554189643,1301751200.0,65056847,65056928
65056928,41.8694572164,-87.655727925,1301751202.0,65056886,65056970
65056970,41.869456786,-87.656021879,1301751204.0,65056928,65057006
65057006,41.8694594435,-87.6562718585,1301751206.0,65056970,65057067
65057067,41.8694673191,-87.6565229825,1301751209.0,65057006,65057279
65057279,41.8694737378,-87.6568124105,1301751231.0,65057067,65057306
65057306,41.8694675169,-87.657099129,1301751234.0,65057279,65057325
65057325,41.8694597547,-87.6573560974,1301751236.0,65057306,65057345
65057345,41.8694537005,-87.6576430531,1301751238.0,65057325,65057365
65057365,41.8694506447,-87.6579480101,1301751240.0,65057345,65057387
65057387,41.8694456188,-87.6582649886,1301751242.0,65057365,65057409
65057409,41.869439477,-87.6585929763,1301751244.0,65057387,65057432
65057432,41.8694332099,-87.6589279672,1301751246.0,65057409,65057456
65057456,41.8694263331,-87.6592629799,1301751248.0,65057432,65057480
65057480,41.8694184963,-87.6596029972,1301751250.0,65057456,65057505
65057505,41.8694144323,-87.6599509876,1301751252.0,65057480,65057531
65057531,41.8694084308,-87.6602899708,1301751254.0,65057505,65057557
65057557,41.8694025298,-87.6606050047,1301751256.0,65057531,65057584
65057584,41.8693977212,-87.6608800778,1301751258.0,65057557,65057626
65057626,41.8693987833,-87.661163166,1301751261.0,65057584,65057743
65057743,41.8693917889,-87.6614091578,1301751269.0,65057626,65057803
65057803,41.8693879322,-87.6616681046,1301751273.0,65057743,65057852
65057852,41.8693771455,-87.66197592,1301751276.0,65057803,65057900
65057900,41.8693657096,-87.6623339006,1301751279.0,65057852,65057933
65057933,41.8693559254,-87.6625849884,1301751281.0,65057900,65057965
65057965,41.8693461808,-87.6628290019,1301751283.0,65057933,65058016
65058016,41.869343299,-87.6631851129,1301751286.0,65057965,65058070
65058070,41.8693438771,-87.6635250438,1301751289.0,65058016,65058121
65058121,41.8693403618,-87.6638111733,1301751292.0,65058070,65058250
65058250,41.8693353532,-87.6640703237,1301751299.0,65058121,65058341
65058341,41.8693262876,-87.6644060889,1301751304.0,65058250,65058400
65058400,41.8693241248,-87.6647530911,1301751307.0,65058341,65058438
65058438,41.8693189242,-87.665011102,1301751309.0,65058400,65058477
65058477,41.8693158956,-87.6652730789,1301751311.0,65058438,65058516
65058516,41.8693137528,-87.6655471518,1301751313.0,65058477,65058557
65058557,41.8693144246,-87.6658023482,1301751315.0,65058516,65058614
65058614,41.8693160213,-87.6660952691,1301751318.0,65058557,65058841
65058841,41.8693157897,-87.6663651439,1301751329.0,65058614,65058901
65058901,41.8693133513,-87.6666140366,1301751332.0,65058841,65058972
65058972,41.8693016924,-87.6669769238,1301751335.0,65058901,65059017
65059017,41.8692954153,-87.66725988,1301751337.0,65058972,65059061
65059061,41.8692901873,-87.6675569311,1301751339.0,65059017,65059103
65059103,41.8692879492,-87.6678608669,1301751341.0,65059061,65059147
65059147,41.8692861977,-87.6681650331,1301751343.0,65059103,65059192
65059192,41.8692860664,-87.6684422658,1301751345.0,65059147,65059267
65059267,41.869293026,-87.6687454925,1301751348.0,65059192,65059473
65059473,41.869285195,-87.6690203621,1301751358.0,65059267,65059553
65059553,41.8692726508,-87.6693497258,1301751362.0,65059473,65059573
65059573,41.8692625303,-87.6696016025,1301751364.0,65059553,65059590
65059590,41.8692501917,-87.6698934633,1301751366.0,65059573,65059621
65059621,41.869244331,-87.6701989706,1301751368.0,65059590,65059656
65059656,41.8692431087,-87.6704889484,1301751370.0,65059621,65059697
65059697,41.8692461632,-87.6707581362,1301751372.0,65059656,65059764
65059764,41.8692592464,-87.671098546,1301751375.0,65059697,65059859
65059859,41.8692553218,-87.6713454385,1301751379.0,65059764,65060136
65060136,41.8692866479,-87.6716288522,1301751391.0,65059859,65060282
65060282,41.8693287905,-87.6719108051,1301751397.0,65060136,65060331
65060331,41.8693206628,-87.6721849615,1301751399.0,65060282,65060380
65060380,41.8693044713,-87.6724660684,1301751401.0,65060331,65060430
65060430,41.8692920388,-87.6727279584,1301751403.0,65060380,65060507
65060507,41.8692777822,-87.6730722807,1301751406.0,65060430,65060579
65060579,41.8692584485,-87.6733616298,1301751409.0,65060507,65060846
65060846,41.8692557041,-87.6736712022,1301751419.0,65060579,65060921
65060921,41.8692566383,-87.6739766885,1301751422.0,65060846,65060976
65060976,41.8692505881,-87.6742299188,1301751424.0,65060921,65061032
65061032,41.869239494,-87.6745169687,1301751426.0,65060976,65061092
65061092,41.8692282305,-87.6748179642,1301751428.0,65061032,65061146
65061146,41.8692209508,-87.6751040319,1301751430.0,65061092,65061197
65061197,41.8692187102,-87.675375204,1301751432.0,65061146,65061250
65061250,41.8692129291,-87.6756296868,1301751434.0,65061197,65061304
65061304,41.8692049351,-87.6758714305,1301751436.0,65061250,65061387
65061387,41.869195688,-87.6762296601,1301751439.0,65061304,65061448
65061448,41.8691856002,-87.6764867507,1301751441.0,65061387,65061500
65061500,41.8691784269,-87.676745787,1301751443.0,65061448,65061505
65061505,41.8691714462,-87.6770238715,1301751445.0,65061500,65061513
65061513,41.8691658042,-87.6773188788,1301751447.0,65061505,65061523
65061523,41.8691609787,-87.6776199059,1301751449.0,65061513,65061535
65061535,41.8691561662,-87.6779188964,1301751451.0,65061523,65061548
65061548,41.869151314,-87.6782219103,1301751453.0,65061535,65061562
65061562,41.8691490018,-87.6785269458,1301751455.0,65061548,65061578
65061578,41.8691440169,-87.6788328884,1301751457.0,65061562,65061594
65061594,41.8691372797,-87.6791389272,1301751459.0,65061578,65061612
65061612,41.8691324575,-87.6794449577,1301751461.0,65061594,65061630
65061630,41.8691266476,-87.6797490187,1301751463.0,65061612,65061650
65061650,41.8691144528,-87.6800252083,1301751465.0,65061630,65061680
65061680,41.8691090064,-87.680349248,1301751468.0,65061650,65061724
65061724,41.8691010998,-87.6806140859,1301751472.0,65061680,65062002
65062002,41.8690979217,-87.6809230944,1301751494.0,65061724,65062044
65062044,41.8690923494,-87.6812589931,1301751497.0,65062002,65062076
65062076,41.869085631,-87.681537913,1301751499.0,65062044,65062107
65062107,41.8690753751,-87.6818479502,1301751501.0,65062076,65062140
65062140,41.8690662227,-87.6821669927,1301751503.0,65062107,65062170
65062170,41.8690616475,-87.6824909528,1301751505.0,65062140,65062204
65062204,41.8690563969,-87.6828149532,1301751507.0,65062170,65062237
65062237,41.8690541628,-87.6831109715,1301751509.0,65062204,65062271
65062271,41.8690515156,-87.683352946,1301751511.0,65062237,65062357
65062357,41.8690479328,-87.6835950901,1301751516.0,65062271,65062500
65062500,41.8690387442,-87.6839247713,1301751524.0,65062357,65062558
65062558,41.8690407467,-87.6842807972,1301751527.0,65062500,65062594
65062594,41.8690401259,-87.6845268853,1301751529.0,65062558,65062650
65062650,41.8690355348,-87.6847728742,1301751532.0,65062594,65062846
65062846,41.8690288958,-87.6850807867,1301751542.0,65062650,65062898
65062898,41.8690267372,-87.6854179739,1301751545.0,65062846,65062944
65062944,41.8690337427,-87.6856640971,1301751547.0,65062898,65063026
65063026,41.869045123,-87.6859443474,1301751551.0,65062944,None
