100995232,41.877929,-87.639896,1304043243.0,None,100995270
100995270,41.877885,-87.640189,1304043245.0,100995232,100995310
100995310,41.877823,-87.640489,1304043247.0,100995270,100995349
100995349,41.8777660005,-87.6407670006,1304043249.0,100995310,100995386
100995386,41.8777270025,-87.6410300183,1304043251.0,100995349,100995426
100995426,41.8777019998,-87.6413079994,1304043253.0,100995386,100995466
100995466,41.877685,-87.641614,1304043255.0,100995426,100995507
100995507,41.8776479991,-87.6419490031,1304043257.0,100995466,100995550
100995550,41.8776020027,-87.6422600306,1304043259.0,100995507,100995591
100995591,41.8775589992,-87.6425290213,1304043261.0,100995550,100995646
100995646,41.8774940008,-87.6428420059,1304043264.0,100995591,100995704
100995704,41.877386,-87.643075,1304043267.0,100995646,100995764
100995764,41.877159,-87.643213,1304043270.0,100995704,100995826
100995826,41.876886,-87.643234,1304043273.0,100995764,100995868
100995868,41.876683,-87.643208,1304043275.0,100995826,100995892
100995892,41.876334,-87.643195,1304043278.0,100995868,100995936
100995936,41.876012,-87.643261,1304043280.0,100995892,100995959
100995959,41.875816,-87.64334,1304043281.0,100995936,100995974
100995974,41.875636,-87.643434,1304043282.0,100995959,100995986
100995986,41.8754049997,-87.6436020176,1304043283.0,100995974,100996008
100996008,41.8752330003,-87.6436982706,1304043284.0,100995986,100996030
100996030,41.8750009908,-87.6438461348,1304043285.0,100996008,100996071
100996071,41.8747589739,-87.6439024497,1304043287.0,100996030,100996103
100996103,41.8745240169,-87.6439175914,1304043290.0,100996071,100996188
100996188,41.8743482082,-87.6440220735,1304043295.0,100996103,100996272
100996272,41.8743442375,-87.6443159902,1304043299.0,100996188,100996334
100996334,41.8743413652,-87.6446480217,1304043302.0,100996272,100996381
100996381,41.8743404154,-87.6449160198,1304043304.0,100996334,100996428
100996428,41.8743404468,-87.6452160287,1304043306.0,100996381,100996472
100996472,41.8743386029,-87.6455120296,1304043308.0,100996428,100996519
100996519,41.8743365805,-87.6458020415,1304043310.0,100996472,100996559
100996559,41.8743377152,-87.6460819957,1304043312.0,100996519,100996602
100996602,41.8743406877,-87.646340068,1304043314.0,100996559,100996673
100996673,41.8743397224,-87.6466720453,1304043317.0,100996602,100996736
100996736,41.8743231523,-87.6469522139,1304043320.0,100996673,100996821
100996821,41.8742325393,-87.6472073626,1304043324.0,100996736,100996915
100996915,41.8739857318,-87.6472161613,1304043328.0,100996821,100996958
100996958,41.8738049437,-87.6472079832,1304043330.0,100996915,100997008
100997008,41.8736049726,-87.6472015444,1304043332.0,100996958,100997055
100997055,41.8733939953,-87.647193795,1304043334.0,100997008,100997103
100997103,41.8731820322,-87.6471849218,1304043336.0,100997055,100997147
100997147,41.8729710971,-87.6471768646,1304043338.0,100997103,100997197
100997197,41.872762171,-87.6471699892,1304043340.0,100997147,100997250
100997250,41.8725531647,-87.6471622306,1304043342.0,100997197,100997299
100997299,41.8723430497,-87.6471526398,1304043344.0,100997250,100997349
100997349,41.8721361053,-87.6471422685,1304043346.0,100997299,100997399
100997399,41.8719260658,-87.6471345198,1304043348.0,100997349,100997434
100997434,41.8717080505,-87.647123578,1304043350.0,100997399,100997487
100997487,41.8714830959,-87.6471162446,1304043352.0,100997434,100997537
100997537,41.8712580714,-87.647110511,1304043354.0,100997487,100997589
100997589,41.8710320635,-87.6471044837,1304043356.0,100997537,100997645
100997645,41.8708120355,-87.6470976107,1304043358.0,100997589,100997692
100997692,41.8706020635,-87.6470922292,1304043360.0,100997645,100997737
100997737,41.8704081618,-87.6470865624,1304043362.0,100997692,100997812
100997812,41.8701720975,-87.6470773391,1304043365.0,100997737,100997884
100997884,41.869991012,-87.647076111,1304043368.0,100997812,100998015
100998015,41.8697961591,-87.6470676133,1304043373.0,100997884,100998744
100998744,41.8695512574,-87.6470601963,1304043400.0,100998015,100998820
100998820,41.8692960279,-87.6470577967,1304043403.0,100998744,100998876
100998876,41.8691048664,-87.6470552389,1304043405.0,100998820,100998937
100998937,41.8689079294,-87.6470502579,1304043407.0,100998876,100998991
100998991,41.8686989657,-87.6470446406,1304043409.0,100998937,100999048
100999048,41.8684939563,-87.6470381851,1304043411.0,100998991,100999105
100999105,41.8682940036,-87.6470340458,1304043413.0,100999048,100999166
100999166,41.8681011716,-87.6470374112,1304043415.0,100999105,100999226
100999226,41.8679171575,-87.6470480659,1304043417.0,100999166,100999305
100999305,41.8676670602,-87.6470515112,1304043420.0,100999226,100999376
100999376,41.8674800412,-87.6470448716,1304043423.0,100999305,100999825
100999825,41.8673002889,-87.6470563853,1304043439.0,100999376,101000006
101000006,41.8671410209,-87.6472499882,1304043445.0,100999825,101000142
101000142,41.8671338885,-87.6475661242,1304043449.0,101000006,101000233
101000233,41.8671366271,-87.6478201137,1304043452.0,101000142,101000316
101000316,41.8671425956,-87.6480881773,1304043455.0,101000233,101000406
101000406,41.8671421405,-87.648374252,1304043458.0,101000316,101000491
101000491,41.8671414078,-87.6486492725,1304043461.0,101000406,101000622
101000622,41.867136483,-87.6489452552,1304043465.0,101000491,101000779
101000779,41.8671427284,-87.6491903032,1304043470.0,101000622,101001160
101001160,41.867149031,-87.6494473014,1304043482.0,101000779,101001254
101001254,41.8671467417,-87.649718239,1304043485.0,101001160,101001350
101001350,41.8671444609,-87.6500352325,1304043488.0,101001254,101001451
101001451,41.8671384504,-87.6503901427,1304043491.0,101001350,101001546
101001546,41.8671103454,-87.6507042056,1304043494.0,101001451,101001708
101001708,41.8670938475,-87.650969202,1304043499.0,101001546,101001943
101001943,41.8669427589,-87.6511217781,1304043506.0,101001708,101002047
101002047,41.8667647195,-87.6510958048,1304043509.0,101001943,101002147
101002147,41.8665217508,-87.6510746459,1304043512.0,101002047,101002252
101002252,41.8662518617,-87.6510616608,1304043515.0,101002147,101002327
101002327,41.8660618561,-87.6510557756,1304043517.0,101002252,101002393
101002393,41.8658658538,-87.6510498372,1304043519.0,101002327,101002464
101002464,41.8656698616,-87.6510437221,1304043521.0,101002393,101002533
101002533,41.8654838656,-87.6510397365,1304043523.0,101002464,101002634
101002634,41.8652228768,-87.6510296353,1304043526.0,101002533,101002737
101002737,41.865003907,-87.6510172781,1304043529.0,101002634,101002912
101002912,41.8647978758,-87.6510078853,1304043534.0,101002737,101003095
101003095,41.8645908244,-87.6510043059,1304043539.0,101002912,101003206
101003206,41.8643499373,-87.6510001944,1304043542.0,101003095,101003313
101003313,41.8640858578,-87.6509874315,1304043545.0,101003206,101003408
101003408,41.8638468787,-87.6509815551,1304043548.0,101003313,101003540
101003540,41.8636366392,-87.6509667004,1304043552.0,101003408,101003834
101003834,41.8634911323,-87.6508119118,1304043560.0,101003540,101004050
101004050,41.8634994639,-87.6505559092,1304043566.0,101003834,101004269
101004269,41.8635086127,-87.6502709961,1304043572.0,101004050,101004483
101004483,41.8634834639,-87.6500111429,1304043578.0,101004269,101004765
101004765,41.8636241129,-87.6498387645,1304043587.0,101004483,None
