70846867,41.8675641713,-87.647066483,1302796810.0,None,70847321
70847321,41.8673716867,-87.6470686491,1302796824.0,70846867,70848281
70848281,41.8672347805,-87.6472930394,1302796853.0,70847321,70848385
70848385,41.8672207893,-87.647609998,1302796856.0,70848281,70848454
70848454,41.8672150758,-87.6478700281,1302796858.0,70848385,70848525
70848525,41.8672109035,-87.6481650159,1302796860.0,70848454,70848591
70848591,41.8672107758,-87.6484739113,1302796862.0,70848525,70848650
70848650,41.8672063455,-87.6487678591,1302796864.0,70848591,70848710
70848710,41.8672025494,-87.6490128227,1302796866.0,70848650,70848806
70848806,41.8671964109,-87.6492617772,1302796869.0,70848710,70849428
70849428,41.8671850298,-87.6495229062,1302796888.0,70848806,70849525
70849525,41.8671812532,-87.6498179658,1302796891.0,70849428,70849580
70849580,41.8671788545,-87.650064938,1302796893.0,70849525,70849642
70849642,41.8671779703,-87.6503129436,1302796895.0,70849580,70849747
70849747,41.8671790686,-87.6506608303,1302796898.0,70849642,70850187
70850187,41.8671896855,-87.6509098919,1302796912.0,70849747,70850353
70850353,41.8671676868,-87.6512422303,1302796917.0,70850187,70850466
70850466,41.867158616,-87.6515975778,1302796920.0,70850353,70850528
70850528,41.8671545293,-87.6518511762,1302796922.0,70850466,70850592
70850592,41.8671507934,-87.6521089301,1302796924.0,70850528,70850655
70850655,41.8671465271,-87.6523779337,1302796926.0,70850592,70850711
70850711,41.8671425538,-87.6526599015,1302796928.0,70850655,70850770
70850770,41.8671371816,-87.652958881,1302796930.0,70850711,70850834
70850834,41.8671324746,-87.6532818746,1302796932.0,70850770,70850906
70850906,41.8671280139,-87.6536138877,1302796934.0,70850834,70850972
70850972,41.8671217407,-87.6539648389,1302796936.0,70850906,70851042
70851042,41.867115873,-87.6543398046,1302796938.0,70850972,70851108
70851108,41.8671100158,-87.6547405626,1302796940.0,70851042,70851173
70851173,41.8671046603,-87.6551446585,1302796942.0,70851108,70851233
70851233,41.867100335,-87.6555566833,1302796944.0,70851173,70851296
70851296,41.867094925,-87.6559716262,1302796946.0,70851233,70851359
70851359,41.8670875721,-87.6563872576,1302796948.0,70851296,70851422
70851422,41.8670849324,-87.6567967246,1302796950.0,70851359,70851490
70851490,41.8670781624,-87.6572048768,1302796952.0,70851422,70851558
70851558,41.8670719861,-87.6576108871,1302796954.0,70851490,70851625
70851625,41.8670626253,-87.6580128805,1302796956.0,70851558,70851690
70851690,41.8670550093,-87.65841594,1302796958.0,70851625,70851752
70851752,41.8670504441,-87.6588148956,1302796960.0,70851690,70851814
70851814,41.8670435771,-87.659212854,1302796962.0,70851752,70851877
70851877,41.8670367809,-87.6596078816,1302796964.0,70851814,70851941
70851941,41.8670322509,-87.6600028468,1302796966.0,70851877,70852003
70852003,41.8670231084,-87.660395856,1302796968.0,70851941,70852072
70852072,41.8670171148,-87.6607788987,1302796970.0,70852003,70852142
70852142,41.8670142472,-87.6611389446,1302796972.0,70852072,70852215
70852215,41.8670087594,-87.6614689199,1302796974.0,70852142,70852276
70852276,41.8670039809,-87.6617239925,1302796976.0,70852215,70852376
70852376,41.8669993335,-87.6620218483,1302796979.0,70852276,70852471
70852471,41.8669971832,-87.6623358451,1302796982.0,70852376,70852535
70852535,41.86699467,-87.662579868,1302796984.0,70852471,70852602
70852602,41.8669883428,-87.6628528874,1302796986.0,70852535,70852668
70852668,41.8669827189,-87.6631508963,1302796988.0,70852602,70852734
70852734,41.8669751453,-87.663470895,1302796990.0,70852668,70852807
70852807,41.8669684298,-87.6638059335,1302796992.0,70852734,70852865
70852865,41.8669646197,-87.6641369022,1302796994.0,70852807,70852927
70852927,41.8669603595,-87.66445692,1302796996.0,70852865,70852994
70852994,41.8669548294,-87.6647569194,1302796998.0,70852927,70853059
70853059,41.86695229,-87.6650209402,1302797000.0,70852994,70853153
70853153,41.8669496594,-87.6653349754,1302797003.0,70853059,70853352
70853352,41.8669472932,-87.6655819857,1302797009.0,70853153,70853861
70853861,41.8669402745,-87.6658610058,1302797025.0,70853352,70853919
70853919,41.8669388718,-87.666203097,1302797028.0,70853861,70853966
70853966,41.8669417201,-87.6664874856,1302797030.0,70853919,70854024
70854024,41.8669427603,-87.6667949656,1302797032.0,70853966,70854085
70854085,41.8669439348,-87.6671199836,1302797034.0,70854024,70854141
70854141,41.8669446132,-87.6674530775,1302797036.0,70854085,70854202
70854202,41.8669474242,-87.667778145,1302797038.0,70854141,70854260
70854260,41.8669513875,-87.6680871851,1302797040.0,70854202,70854324
70854324,41.8669559482,-87.6683601841,1302797042.0,70854260,70854415
70854415,41.8669657904,-87.668637867,1302797045.0,70854324,70854912
70854912,41.8670104455,-87.6688734459,1302797061.0,70854415,70855044
70855044,41.8672112468,-87.6689278515,1302797065.0,70854912,70855147
70855147,41.8674500625,-87.6689275491,1302797068.0,70855044,70855220
70855220,41.8676480259,-87.6689284215,1302797070.0,70855147,70855283
70855283,41.8678659813,-87.668928782,1302797072.0,70855220,70855348
70855348,41.8680929502,-87.6689316342,1302797074.0,70855283,70855412
70855412,41.8683199372,-87.6689391746,1302797076.0,70855348,70855470
70855470,41.868540927,-87.6689442852,1302797078.0,70855412,70855535
70855535,41.8687380358,-87.6689448438,1302797080.0,70855470,70855632
70855632,41.8689681943,-87.6689400555,1302797083.0,70855535,70855992
70855992,41.8691548803,-87.668942289,1302797094.0,70855632,70856120
70856120,41.8692530519,-87.6691511644,1302797098.0,70855992,70856222
70856222,41.8692426928,-87.6694754212,1302797101.0,70856120,70856285
70856285,41.8692295002,-87.6697257891,1302797103.0,70856222,70856379
70856379,41.8692229134,-87.6700228661,1302797106.0,70856285,70856471
70856471,41.8692297331,-87.6702800981,1302797109.0,70856379,70856564
70856564,41.8692301923,-87.6705779513,1302797112.0,70856471,70856652
70856652,41.869235651,-87.6708471063,1302797115.0,70856564,70856790
70856790,41.8692551919,-87.6711205206,1302797119.0,70856652,70857460
70857460,41.8692899961,-87.6713710914,1302797140.0,70856790,70857665
70857665,41.8693766379,-87.671636686,1302797147.0,70857460,70857724
70857724,41.8693615266,-87.6718919255,1302797149.0,70857665,70857794
70857794,41.8693464768,-87.6721788806,1302797151.0,70857724,70857863
70857863,41.8693350701,-87.6724639935,1302797153.0,70857794,70857935
70857935,41.8693221589,-87.6727060861,1302797155.0,70857863,70858031
70858031,41.8693153817,-87.6730200238,1302797158.0,70857935,70858123
70858123,41.8693070524,-87.6733080314,1302797162.0,70858031,70858306
70858306,41.8693401023,-87.6735612886,1302797168.0,70858123,70858428
70858428,41.8695349148,-87.6736265509,1302797172.0,70858306,70858526
70858526,41.8697569416,-87.6736437045,1302797175.0,70858428,70858588
70858588,41.869939937,-87.6736507156,1302797177.0,70858526,70858654
70858654,41.870126963,-87.6736626315,1302797179.0,70858588,70858713
70858713,41.8703119748,-87.6736715179,1302797181.0,70858654,70858816
70858816,41.8705779958,-87.6736783109,1302797184.0,70858713,70858917
70858917,41.8708390231,-87.6736863723,1302797187.0,70858816,70859012
70859012,41.8710729835,-87.6736925777,1302797190.0,70858917,70859140
70859140,41.8712853495,-87.6736980009,1302797194.0,70859012,70859402
70859402,41.8714698241,-87.6736175857,1302797202.0,70859140,70859589
70859589,41.8714619552,-87.6733705998,1302797208.0,70859402,None
