5113017,41.8692184211,-87.6703710689,1302736832.0,None,5113197
5113197,41.8692095163,-87.6706728517,1302736837.0,5113017,5113345
5113345,41.8692183291,-87.670993552,1302736841.0,5113197,5113474
5113474,41.8692198897,-87.6712744676,1302736845.0,5113345,5113717
5113717,41.8693342966,-87.6714700121,1302736852.0,5113474,5113861
5113861,41.8695719714,-87.6714731332,1302736856.0,5113717,5113965
5113965,41.8698090415,-87.6714988144,1302736859.0,5113861,5114072
5114072,41.8700769619,-87.6715071943,1302736862.0,5113965,5114169
5114169,41.8703218898,-87.6715219967,1302736865.0,5114072,5114382
5114382,41.8705450239,-87.6715081261,1302736871.0,5114169,5114527
5114527,41.8707890506,-87.6715086989,1302736875.0,5114382,5114632
5114632,41.8710099426,-87.6715096833,1302736878.0,5114527,5114732
5114732,41.8712071086,-87.6714975074,1302736881.0,5114632,5114894
5114894,41.871395089,-87.6714847904,1302736886.0,5114732,5115043
5115043,41.8716100374,-87.6714875528,1302736890.0,5114894,5115146
5115146,41.8718379922,-87.6714994249,1302736893.0,5115043,5115259
5115259,41.8721119939,-87.6715075022,1302736896.0,5115146,5115331
5115331,41.872317987,-87.6715153767,1302736898.0,5115259,5115401
5115401,41.8725369996,-87.6715270809,1302736900.0,5115331,5115465
5115465,41.8727590092,-87.6715387715,1302736902.0,5115401,5115532
5115532,41.8729779986,-87.671549565,1302736904.0,5115465,5115603
5115603,41.873197992,-87.6715622715,1302736906.0,5115532,5115659
5115659,41.8734199875,-87.6715700923,1302736908.0,5115603,5115734
5115734,41.8736349885,-87.6715741422,1302736910.0,5115659,5115805
5115805,41.8738240299,-87.6715832182,1302736912.0,5115734,5115953
5115953,41.8740205939,-87.6715380545,1302736916.0,5115805,5116109
5116109,41.8740818398,-87.6712951073,1302736921.0,5115953,5116209
5116209,41.8741067067,-87.6709940918,1302736924.0,5116109,5116284
5116284,41.8741834277,-87.6707550288,1302736926.0,5116209,5116355
5116355,41.8741854688,-87.6704830304,1302736928.0,5116284,5116424
5116424,41.8741584584,-87.6701940589,1302736930.0,5116355,5116501
5116501,41.8741486461,-87.6698980753,1302736932.0,5116424,5116577
5116577,41.8741576325,-87.6695899382,1302736934.0,5116501,5116649
5116649,41.8741896201,-87.6692848619,1302736936.0,5116577,5116716
5116716,41.8742712597,-87.668988672,1302736938.0,5116649,5116777
5116777,41.8743068287,-87.6686689424,1302736940.0,5116716,5116844
5116844,41.874294643,-87.6683259575,1302736942.0,5116777,5116919
5116919,41.8742678737,-87.6679969416,1302736944.0,5116844,5116989
5116989,41.8742363449,-87.667687963,1302736946.0,5116919,5117065
5117065,41.8742182572,-87.6673769047,1302736948.0,5116989,5117137
5117137,41.874208738,-87.6670817638,1302736950.0,5117065,5117209
5117209,41.8742191967,-87.6667866633,1302736952.0,5117137,5117283
5117283,41.8742183485,-87.6665206387,1302736954.0,5117209,5117351
5117351,41.8742124522,-87.6661399309,1302736957.0,5117283,5117422
5117422,41.8742150359,-87.6658627936,1302736959.0,5117351,5117485
5117485,41.8742155692,-87.6655668597,1302736961.0,5117422,5117553
5117553,41.8742135082,-87.665257022,1302736963.0,5117485,5117617
5117617,41.8742052652,-87.6649382089,1302736965.0,5117553,5117689
5117689,41.874194185,-87.6646092592,1302736967.0,5117617,5117763
5117763,41.8741839927,-87.6642722347,1302736969.0,5117689,5117840
5117840,41.8741767387,-87.6639272232,1302736971.0,5117763,5117919
5117919,41.8741677793,-87.6635771609,1302736973.0,5117840,5117988
5117988,41.8741601975,-87.6632269943,1302736975.0,5117919,5118055
5118055,41.8741620841,-87.6628878534,1302736977.0,5117988,5118128
5118128,41.8741706237,-87.6625757573,1302736979.0,5118055,5118195
5118195,41.8741791619,-87.6622977716,1302736981.0,5118128,5118297
5118297,41.8741841872,-87.6620107375,1302736984.0,5118195,5119138
5119138,41.874186956,-87.6617377943,1302737012.0,5118297,5119233
5119233,41.8741863258,-87.6614347595,1302737015.0,5119138,5119301
5119301,41.8741877669,-87.6611717626,1302737017.0,5119233,5119371
5119371,41.8741917543,-87.6608687772,1302737019.0,5119301,5119440
5119440,41.8741966373,-87.6605368002,1302737021.0,5119371,5119510
5119510,41.8742016409,-87.6601838327,1302737023.0,5119440,5119571
5119571,41.8742056944,-87.6598188362,1302737025.0,5119510,5119637
5119637,41.8742089534,-87.6594498305,1302737027.0,5119571,5119704
5119704,41.8742113175,-87.6590828225,1302737029.0,5119637,5119766
5119766,41.874212855,-87.6587258386,1302737031.0,5119704,5119833
5119833,41.8742135226,-87.6583818559,1302737033.0,5119766,5119900
5119900,41.8742142814,-87.6580588544,1302737035.0,5119833,5119967
5119967,41.8742149132,-87.6577759333,1302737037.0,5119900,5120072
5120072,41.8742182735,-87.6574640505,1302737040.0,5119967,5120195
5120195,41.8742172296,-87.6572078851,1302737044.0,5120072,5121124
5121124,41.8742121099,-87.6569239406,1302737073.0,5120195,5121219
5121219,41.8742125601,-87.6566339286,1302737076.0,5121124,5121286
5121286,41.8742272847,-87.6563871023,1302737078.0,5121219,5121357
5121357,41.8742324978,-87.6561148781,1302737080.0,5121286,5121429
5121429,41.8742371152,-87.655831811,1302737082.0,5121357,5121501
5121501,41.8742410418,-87.6555479598,1302737084.0,5121429,5121566
5121566,41.8742471108,-87.6552539867,1302737086.0,5121501,5121625
5121625,41.874252462,-87.6549409742,1302737088.0,5121566,5121686
5121686,41.874258949,-87.6546119361,1302737090.0,5121625,5121748
5121748,41.8742640688,-87.6542809387,1302737092.0,5121686,5121813
5121813,41.8742685543,-87.6539559656,1302737094.0,5121748,5121880
5121880,41.8742737608,-87.6536459667,1302737096.0,5121813,5121948
5121948,41.8742785336,-87.6533500326,1302737098.0,5121880,5122009
5122009,41.8742850486,-87.653090982,1302737100.0,5121948,5122109
5122109,41.87429293,-87.6527599189,1302737103.0,5122009,5122202
5122202,41.874303781,-87.6524518951,1302737106.0,5122109,5122302
5122302,41.8743128066,-87.6521815369,1302737109.0,5122202,5122408
5122408,41.8743197561,-87.6519074096,1302737112.0,5122302,5122497
5122497,41.8743297872,-87.6516364829,1302737115.0,5122408,5122632
5122632,41.8743382688,-87.6513425263,1302737119.0,5122497,5122725
5122725,41.8743391626,-87.6510576751,1302737122.0,5122632,5122819
5122819,41.874337394,-87.6507108324,1302737125.0,5122725,5122911
5122911,41.8743374643,-87.6503719177,1302737128.0,5122819,5123017
5123017,41.8743378579,-87.6501150026,1302737131.0,5122911,5123155
5123155,41.8743384748,-87.6498491246,1302737135.0,5123017,5123283
5123283,41.8743466405,-87.6495733262,1302737139.0,5123155,5123385
5123385,41.8743500817,-87.6493042275,1302737142.0,5123283,5123481
5123481,41.8743509912,-87.649001197,1302737145.0,5123385,5123582
5123582,41.8743439416,-87.6486782012,1302737148.0,5123481,5123689
5123689,41.8743374663,-87.6483533506,1302737151.0,5123582,5123787
5123787,41.8743130754,-87.6480804712,1302737154.0,5123689,None
