32122666,41.8657193158,-87.6469706001,1302210012.0,None,32123027
32123027,41.865516196,-87.646937884,1302210022.0,32122666,32123163
32123163,41.8653090017,-87.6469316532,1302210026.0,32123027,32123620
32123620,41.8651141014,-87.646941879,1302210053.0,32123163,32123657
32123657,41.8649271603,-87.6469560262,1302210057.0,32123620,32123697
32123697,41.8647322453,-87.6469200283,1302210061.0,32123657,32123741
32123741,41.8645021333,-87.6468906495,1302210065.0,32123697,32123776
32123776,41.864269846,-87.6468761133,1302210068.0,32123741,32123812
32123812,41.8639960634,-87.6468629183,1302210071.0,32123776,32123837
32123837,41.8637891012,-87.6468541808,1302210073.0,32123812,32123863
32123863,41.8635690915,-87.6468452878,1302210075.0,32123837,32123889
32123889,41.8633470888,-87.6468355219,1302210077.0,32123863,32123916
32123916,41.8631371137,-87.6468267128,1302210079.0,32123889,32123958
32123958,41.8628911107,-87.6468183355,1302210082.0,32123916,32124026
32124026,41.8626958464,-87.6468100325,1302210087.0,32123958,32124378
32124378,41.8624941621,-87.6467948533,1302210109.0,32124026,32124541
32124541,41.8623359299,-87.6469438186,1302210118.0,32124378,32124614
32124614,41.8623410966,-87.6472449374,1302210122.0,32124541,32124671
32124671,41.8623449625,-87.6475529673,1302210125.0,32124614,32124732
32124732,41.8623436295,-87.6479110603,1302210128.0,32124671,32124770
32124770,41.8623406303,-87.6481540916,1302210130.0,32124732,32124824
32124824,41.8623391224,-87.6484720378,1302210133.0,32124770,32124992
32124992,41.8623325404,-87.6487480598,1302210141.0,32124824,32125063
32125063,41.8623288626,-87.6490209796,1302210145.0,32124992,32125134
32125134,41.8623247531,-87.6493219868,1302210148.0,32125063,32125199
32125199,41.8623249535,-87.649683004,1302210151.0,32125134,32125236
32125236,41.8623217756,-87.6499259742,1302210153.0,32125199,32125279
32125279,41.8623160114,-87.6501680097,1302210155.0,32125236,32125349
32125349,41.8623066692,-87.6504929489,1302210158.0,32125279,32125497
32125497,41.862309031,-87.6507346034,1302210166.0,32125349,32125612
32125612,41.862474154,-87.6509152523,1302210173.0,32125497,32125674
32125674,41.8627231005,-87.6509168845,1302210177.0,32125612,32125741
32125741,41.8629721386,-87.6509243938,1302210180.0,32125674,32125809
32125809,41.863203167,-87.6509329867,1302210183.0,32125741,32126027
32126027,41.8633950601,-87.6509382191,1302210192.0,32125809,32126143
32126143,41.8636265647,-87.6509410874,1302210197.0,32126027,32126206
32126206,41.8638500803,-87.6509507084,1302210200.0,32126143,32126286
32126286,41.8641040814,-87.6509610398,1302210203.0,32126206,32126359
32126359,41.8643420644,-87.6509684896,1302210206.0,32126286,32126463
32126463,41.8645540684,-87.6509683718,1302210210.0,32126359,32126834
32126834,41.8647680968,-87.650978987,1302210224.0,32126463,32126917
32126917,41.8649730453,-87.6509857838,1302210227.0,32126834,32127004
32127004,41.8652290809,-87.6509954377,1302210230.0,32126917,32127055
32127055,41.8654261038,-87.6510039486,1302210232.0,32127004,32127106
32127106,41.8656341158,-87.6510117068,1302210234.0,32127055,32127160
32127160,41.8658411096,-87.6510185635,1302210236.0,32127106,32127212
32127212,41.866049104,-87.6510255274,1302210238.0,32127160,32127266
32127266,41.8662500942,-87.6510325367,1302210240.0,32127212,32127326
32127326,41.8664421636,-87.6510396383,1302210242.0,32127266,32127381
32127381,41.8666231452,-87.6510487631,1302210244.0,32127326,32127466
32127466,41.866837139,-87.6510620913,1302210247.0,32127381,32127598
32127598,41.8670388343,-87.6510873443,1302210252.0,32127466,32127771
32127771,41.8671479006,-87.6513527825,1302210258.0,32127598,32127858
32127858,41.8671442602,-87.6516110364,1302210261.0,32127771,32127945
32127945,41.8671387916,-87.6519034444,1302210264.0,32127858,32128031
32128031,41.8671330969,-87.6522313304,1302210267.0,32127945,32128122
32128122,41.867127998,-87.6525653654,1302210270.0,32128031,32128214
32128214,41.8671234376,-87.6528902858,1302210273.0,32128122,32128301
32128301,41.8671195297,-87.6532033904,1302210276.0,32128214,32128393
32128393,41.867114267,-87.6535064746,1302210279.0,32128301,32128484
32128484,41.8671072408,-87.6538375266,1302210282.0,32128393,32128578
32128578,41.8670967743,-87.6542034156,1302210285.0,32128484,32128639
32128639,41.8670916267,-87.6544635154,1302210287.0,32128578,32128695
32128695,41.8670854725,-87.6547267361,1302210289.0,32128639,32128754
32128754,41.8670803838,-87.6549925796,1302210291.0,32128695,32128809
32128809,41.8670766833,-87.6552614173,1302210293.0,32128754,32128868
32128868,41.8670740576,-87.6555314009,1302210295.0,32128809,32128932
32128932,41.8670707504,-87.6558133236,1302210297.0,32128868,32129002
32129002,41.8670670795,-87.6560952581,1302210299.0,32128932,32129101
32129101,41.8670644061,-87.6564279408,1302210302.0,32129002,32129228
32129228,41.8671100323,-87.6566615034,1302210306.0,32129101,32129343
32129343,41.8673262683,-87.6566961773,1302210310.0,32129228,32129420
32129420,41.8675482305,-87.6567067371,1302210313.0,32129343,32129521
32129521,41.8678180596,-87.6567168548,1302210316.0,32129420,32129591
32129591,41.8680160523,-87.656721519,1302210318.0,32129521,32129661
32129661,41.8682200784,-87.6567290851,1302210320.0,32129591,32129731
32129731,41.8684270714,-87.6567376134,1302210322.0,32129661,32129799
32129799,41.8686190718,-87.6567465539,1302210324.0,32129731,32129884
32129884,41.8688690096,-87.6567500707,1302210327.0,32129799,32129969
32129969,41.8690509732,-87.6567453018,1302210330.0,32129884,32130127
32130127,41.8692580674,-87.6567368283,1302210335.0,32129969,32130864
32130864,41.8694457808,-87.6567482908,1302210358.0,32130127,32130963
32130963,41.8696330916,-87.6567558109,1302210361.0,32130864,32131063
32131063,41.869880457,-87.6567785948,1302210364.0,32130963,32131133
32131133,41.870079345,-87.6567925795,1302210366.0,32131063,32131197
32131197,41.8702941908,-87.6567983991,1302210368.0,32131133,32131254
32131254,41.8705191616,-87.6568030118,1302210370.0,32131197,32131331
32131331,41.8707462239,-87.6568081246,1302210372.0,32131254,32131404
32131404,41.8709732174,-87.6568122233,1302210374.0,32131331,32131477
32131477,41.8711981753,-87.6568193837,1302210376.0,32131404,32131545
32131545,41.871423188,-87.6568246171,1302210378.0,32131477,32131609
32131609,41.8716429356,-87.6568265269,1302210380.0,32131545,32131671
32131671,41.8718287147,-87.6568217505,1302210382.0,32131609,32131776
32131776,41.8720378579,-87.6567999805,1302210385.0,32131671,32132184
32132184,41.8722561985,-87.6567719817,1302210396.0,32131776,32132293
32132293,41.8724401936,-87.6567629854,1302210399.0,32132184,32132383
32132383,41.8726781632,-87.6567528296,1302210402.0,32132293,32132455
32132455,41.8728673028,-87.6567429987,1302210404.0,32132383,32132516
32132516,41.8730732839,-87.6567289477,1302210406.0,32132455,32132587
32132587,41.8732880779,-87.6567180211,1302210408.0,32132516,32132663
32132663,41.8734989882,-87.6567110536,1302210410.0,32132587,32132767
32132767,41.8737259601,-87.6567110902,1302210413.0,32132663,32132954
32132954,41.8739100188,-87.6567118861,1302210418.0,32132767,32133640
32133640,41.8740937937,-87.656714371,1302210437.0,32132954,32133937
32133937,41.8742324665,-87.6565089035,1302210445.0,32133640,32134085
32134085,41.8742394048,-87.6561888211,1302210449.0,32133937,32134192
32134192,41.8742412239,-87.6558557278,1302210452.0,32134085,32134273
32134273,41.8742405474,-87.655609923,1302210454.0,32134192,32134347
32134347,41.8742458037,-87.6553599887,1302210456.0,32134273,32134401
32134401,41.8742500432,-87.6551139891,1302210458.0,32134347,32134455
32134455,41.8742558535,-87.6548589146,1302210460.0,32134401,32134529
32134529,41.8742612909,-87.6545978885,1302210462.0,32134455,32134597
32134597,41.8742653176,-87.6543338884,1302210464.0,32134529,32134670
32134670,41.8742716082,-87.654070815,1302210466.0,32134597,32134746
32134746,41.874277821,-87.6538237756,1302210468.0,32134670,32134859
32134859,41.8742898374,-87.6534776618,1302210471.0,32134746,32134975
32134975,41.8742960081,-87.6531397257,1302210474.0,32134859,32135085
32135085,41.8742982285,-87.6528438163,1302210477.0,32134975,32135230
32135230,41.8743010139,-87.6525658605,1302210481.0,32135085,None
