108449800,41.867191869,-87.6531676403,1302912294.0,None,108449895
108449895,41.8671934502,-87.653479678,1302912300.0,108449800,108449947
108449947,41.8671947419,-87.6537666168,1302912303.0,108449895,108449998
108449998,41.8671946312,-87.6541257204,1302912306.0,108449947,108450031
108450031,41.8671933233,-87.6544046556,1302912308.0,108449998,108450068
108450068,41.8671872984,-87.6547075752,1302912310.0,108450031,108450105
108450105,41.8671743616,-87.6550166233,1302912312.0,108450068,108450141
108450141,41.8671660519,-87.6553296925,1302912314.0,108450105,108450176
108450176,41.8671583203,-87.6556266342,1302912316.0,108450141,108450213
108450213,41.867150685,-87.6559065496,1302912318.0,108450176,108450251
108450251,41.8671405151,-87.6561566763,1302912320.0,108450213,108450307
108450307,41.8671247895,-87.6564495476,1302912323.0,108450251,108450441
108450441,41.8671862751,-87.6566813253,1302912330.0,108450307,108450573
108450573,41.867418193,-87.6566960058,1302912337.0,108450441,108450638
108450638,41.8676411404,-87.6567119006,1302912340.0,108450573,108450682
108450682,41.8678240701,-87.6567191094,1302912342.0,108450638,108450721
108450721,41.8680210742,-87.6567243622,1302912344.0,108450682,108450762
108450762,41.8682190426,-87.656724917,1302912346.0,108450721,108450803
108450803,41.8684120147,-87.6567298011,1302912348.0,108450762,108450849
108450849,41.8685960106,-87.6567378532,1302912350.0,108450803,108450916
108450916,41.8688519863,-87.6567429516,1302912353.0,108450849,108450974
108450974,41.8690779776,-87.6567451706,1302912356.0,108450916,108451039
108451039,41.8692801844,-87.6567467876,1302912359.0,108450974,108451090
108451090,41.869488428,-87.6567568112,1302912362.0,108451039,108451130
108451130,41.8697295322,-87.6567683428,1302912365.0,108451090,108451186
108451186,41.8699974053,-87.6567888594,1302912368.0,108451130,108451224
108451224,41.8701882467,-87.6567985573,1302912370.0,108451186,108451266
108451266,41.8703831909,-87.6568059533,1302912372.0,108451224,108451312
108451312,41.8705822188,-87.6568132598,1302912374.0,108451266,108451358
108451358,41.8707802902,-87.656821588,1302912376.0,108451312,108451402
108451402,41.870977311,-87.6568292993,1302912378.0,108451358,108451451
108451451,41.8711672918,-87.6568371582,1302912380.0,108451402,108451500
108451500,41.8713482832,-87.6568423101,1302912382.0,108451451,108451573
108451573,41.8716119511,-87.6568490365,1302912385.0,108451500,108451645
108451645,41.8718316013,-87.6568497013,1302912388.0,108451573,108451727
108451727,41.8720454898,-87.6568302895,1302912392.0,108451645,108451902
108451902,41.8722455901,-87.6568090626,1302912399.0,108451727,108451984
108451984,41.8724366695,-87.6568024546,1302912402.0,108451902,108452050
108452050,41.8726725637,-87.6567952779,1302912405.0,108451984,108452125
108452125,41.8729173723,-87.6567788336,1302912408.0,108452050,108452209
108452209,41.8731665795,-87.6567594574,1302912411.0,108452125,108452293
108452293,41.8734189617,-87.6567498683,1302912414.0,108452209,108452368
108452368,41.8736490864,-87.6567525547,1302912417.0,108452293,108452470
108452470,41.8738610853,-87.6567630372,1302912421.0,108452368,108452883
108452883,41.8740570312,-87.6567700376,1302912436.0,108452470,108453085
108453085,41.8742248313,-87.6566441886,1302912443.0,108452883,108453186
108453186,41.8742331915,-87.6563508864,1302912447.0,108453085,108453253
108453253,41.8742281123,-87.6560299567,1302912450.0,108453186,108453351
108453351,41.8742317681,-87.6556740575,1302912453.0,108453253,108453415
108453415,41.8742389829,-87.6554261062,1302912455.0,108453351,108453476
108453476,41.8742472491,-87.6551800228,1302912457.0,108453415,108453529
108453529,41.8742524942,-87.6549369743,1302912459.0,108453476,108453582
108453582,41.874257245,-87.6546869535,1302912461.0,108453529,108453638
108453638,41.8742602558,-87.6544389837,1302912463.0,108453582,108453692
108453692,41.8742617706,-87.654191007,1302912465.0,108453638,108453756
108453756,41.874264139,-87.6539390704,1302912467.0,108453692,108453783
108453783,41.8742661629,-87.6536881474,1302912469.0,108453756,108453850
108453850,41.8742690891,-87.6534462252,1302912471.0,108453783,108453941
108453941,41.8742707413,-87.653111267,1302912474.0,108453850,108454030
108454030,41.8742748466,-87.652827178,1302912477.0,108453941,108454115
108454115,41.8742725292,-87.652585125,1302912480.0,108454030,108454221
108454221,41.8742748497,-87.6523112354,1302912484.0,108454115,108454384
108454384,41.8742783128,-87.6520084723,1302912489.0,108454221,108454477
108454477,41.8742832186,-87.6517475201,1302912492.0,108454384,108454566
108454566,41.874288712,-87.6514475616,1302912495.0,108454477,108454658
108454658,41.8742855444,-87.6511585381,1302912498.0,108454566,108454752
108454752,41.8742915374,-87.650849437,1302912501.0,108454658,108454837
108454837,41.8742967286,-87.6505273464,1302912504.0,108454752,108454934
108454934,41.87430438,-87.6502332762,1302912507.0,108454837,108455024
108455024,41.8743074255,-87.6499544746,1302912510.0,108454934,108455118
108455118,41.8743175967,-87.6496516143,1302912513.0,108455024,108455212
108455212,41.8743217654,-87.6493604553,1302912516.0,108455118,108455318
108455318,41.8743272637,-87.6490833822,1302912519.0,108455212,108455415
108455415,41.8743321102,-87.6487713314,1302912522.0,108455318,108455510
108455510,41.87433258,-87.6484635166,1302912525.0,108455415,108455607
108455607,41.8743178017,-87.6481554675,1302912528.0,108455510,108455703
108455703,41.874286761,-87.6478354134,1302912531.0,108455607,108455798
108455798,41.8742588688,-87.6475522032,1302912534.0,108455703,108455933
108455933,41.8741879668,-87.6472767163,1302912538.0,108455798,108456071
108456071,41.874009496,-87.6471959304,1302912542.0,108455933,108456171
108456171,41.8738238499,-87.6471933226,1302912545.0,108456071,108456271
108456271,41.8735838814,-87.6471886554,1302912548.0,108456171,108456337
108456337,41.8734019228,-87.6471867901,1302912550.0,108456271,108456401
108456401,41.8732070261,-87.6471858299,1302912552.0,108456337,108456468
108456468,41.8730041241,-87.6471821811,1302912554.0,108456401,108456536
108456536,41.8727952258,-87.6471775991,1302912556.0,108456468,108456603
108456603,41.8725892566,-87.647174624,1302912558.0,108456536,108456674
108456674,41.8723882148,-87.6471696887,1302912560.0,108456603,108456742
108456742,41.872196322,-87.6471607127,1302912562.0,108456674,108456811
108456811,41.8720023356,-87.6471558335,1302912564.0,108456742,108456881
108456881,41.8718093124,-87.6471537714,1302912566.0,108456811,108456954
108456954,41.8716162726,-87.6471525611,1302912568.0,108456881,108457021
108457021,41.8714151887,-87.6471478297,1302912570.0,108456954,108457088
108457088,41.8712071905,-87.6471458201,1302912572.0,108457021,108457154
108457154,41.8709972239,-87.6471475936,1302912574.0,108457088,108457224
108457224,41.8707941975,-87.6471432658,1302912576.0,108457154,108457294
108457294,41.8705992031,-87.6471328411,1302912578.0,108457224,108457363
108457363,41.8704172517,-87.6471274056,1302912580.0,108457294,108457471
108457471,41.8701961905,-87.6471259381,1302912583.0,108457363,108457648
108457648,41.8700001221,-87.6471251586,1302912588.0,108457471,108458161
108458161,41.8698180091,-87.6471323652,1302912603.0,108457648,108458316
108458316,41.8696242906,-87.6471284725,1302912607.0,108458161,108458433
108458433,41.8694140927,-87.6471196052,1302912610.0,108458316,108458540
108458540,41.8691460904,-87.6471080854,1302912613.0,108458433,108458612
108458612,41.8689562256,-87.6470995876,1302912615.0,108458540,108458667
108458667,41.8687642526,-87.6470874224,1302912617.0,108458612,108458737
108458737,41.8685811843,-87.6470788489,1302912619.0,108458667,108458843
108458843,41.8683320267,-87.6470683616,1302912622.0,108458737,108458956
108458956,41.8681099893,-87.6470624414,1302912625.0,108458843,108459066
108459066,41.867920146,-87.6470521111,1302912628.0,108458956,108459216
108459216,41.8677390848,-87.6470356316,1302912632.0,108459066,108459692
108459692,41.8675438349,-87.6470267703,1302912645.0,108459216,108459870
108459870,41.8673305865,-87.647020676,1302912650.0,108459692,108460027
108460027,41.8671121532,-87.6470022343,1302912654.0,108459870,108460165
108460165,41.8669151853,-87.6469857553,1302912658.0,108460027,108460543
108460543,41.8667201454,-87.6469831535,1302912668.0,108460165,108460686
108460686,41.8665351056,-87.6469674789,1302912674.0,108460543,108460906
108460906,41.8663240836,-87.6469318405,1302912680.0,108460686,108461085
108461085,41.8661340274,-87.6469272195,1302912685.0,108460906,108461368
108461368,41.8659459366,-87.6469408092,1302912693.0,108461085,108461847
108461847,41.8657641101,-87.6469488672,1302912706.0,108461368,None
