2878665,41.8715264654,-87.6733842745,1302193800.0,None,2878932
2878932,41.871544499,-87.6730589701,1302193813.0,2878665,2878978
2878978,41.87155177,-87.6727258543,1302193816.0,2878932,2879013
2879013,41.8715537001,-87.6724778772,1302193818.0,2878978,2879046
2879046,41.8715529041,-87.6721328503,1302193821.0,2879013,2879101
2879101,41.8715618878,-87.6718618609,1302193824.0,2879046,2879677
2879677,41.871567454,-87.6715796398,1302193849.0,2879101,2879763
2879763,41.8715723107,-87.671326734,1302193852.0,2879677,2879843
2879843,41.8715748158,-87.6709778223,1302193855.0,2879763,2879917
2879917,41.8715776357,-87.6706628704,1302193858.0,2879843,2879986
2879986,41.8715770784,-87.6703998734,1302193861.0,2879917,2880098
2880098,41.8715598445,-87.6701276001,1302193865.0,2879986,2880613
2880613,41.8715570228,-87.6698792777,1302193885.0,2880098,2880729
2880729,41.8715995964,-87.6695938182,1302193889.0,2880613,2880962
2880962,41.8715960357,-87.6693265772,1302193897.0,2880729,2881342
2881342,41.8715669634,-87.6690789758,1302193910.0,2880962,2881488
2881488,41.8713627515,-87.6690342717,1302193915.0,2881342,2881602
2881602,41.8711275324,-87.6690295477,1302193919.0,2881488,2881695
2881695,41.8708705421,-87.6690100757,1302193922.0,2881602,2881760
2881760,41.8706636116,-87.6689942156,1302193924.0,2881695,2881824
2881824,41.870457709,-87.6689836143,1302193926.0,2881760,2881912
2881912,41.8702457942,-87.6689874443,1302193929.0,2881824,2882149
2882149,41.8700647629,-87.6689873605,1302193937.0,2881912,2882270
2882270,41.8698417587,-87.6689813082,1302193941.0,2882149,2882365
2882365,41.8696027762,-87.66898288,1302193944.0,2882270,2882497
2882497,41.8693965557,-87.6689840272,1302193948.0,2882365,2882814
2882814,41.8691662105,-87.6689791119,1302193958.0,2882497,2882903
2882903,41.8689288085,-87.6689626907,1302193961.0,2882814,2882965
2882965,41.8687278879,-87.668954748,1302193963.0,2882903,2883031
2883031,41.8685019603,-87.6689495224,1302193965.0,2882965,2883096
2883096,41.8682609756,-87.6689404743,1302193967.0,2883031,2883159
2883159,41.8680099305,-87.6689325038,1302193969.0,2883096,2883228
2883228,41.8677659211,-87.6689293663,1302193971.0,2883159,2883303
2883303,41.8675498843,-87.6689314423,1302193973.0,2883228,2883398
2883398,41.8672968985,-87.6689300002,1302193976.0,2883303,2883516
2883516,41.8671028333,-87.6689266942,1302193980.0,2883398,2884459
2884459,41.8669048565,-87.6689170363,1302194008.0,2883516,2884639
2884639,41.8667574928,-87.6687842366,1302194013.0,2884459,2884762
2884762,41.8667632269,-87.6684730747,1302194017.0,2884639,2884859
2884859,41.8667662465,-87.6681160166,1302194020.0,2884762,2884932
2884932,41.8667675046,-87.6678480829,1302194022.0,2884859,2885007
2885007,41.8667713684,-87.6675951724,1302194024.0,2884932,2885120
2885120,41.8667803107,-87.6672851625,1302194027.0,2885007,2885297
2885297,41.8667884677,-87.6670280817,1302194032.0,2885120,2885642
2885642,41.8667894465,-87.6667530632,1302194042.0,2885297,2885756
2885756,41.8667921716,-87.6664262716,1302194045.0,2885642,2885831
2885831,41.8667956317,-87.6661581005,1302194047.0,2885756,2885905
2885905,41.8667986346,-87.6658571028,1302194049.0,2885831,2885978
2885978,41.8668035957,-87.665533109,1302194051.0,2885905,2886046
2886046,41.8668117952,-87.6651860616,1302194053.0,2885978,2886108
2886108,41.866819871,-87.6648219826,1302194055.0,2886046,2886177
2886177,41.8668258636,-87.6644429857,1302194057.0,2886108,2886252
2886252,41.8668331606,-87.6640569712,1302194059.0,2886177,2886330
2886330,41.8668386883,-87.6636709992,1302194061.0,2886252,2886414
2886414,41.8668442019,-87.6632910113,1302194063.0,2886330,2886494
2886494,41.8668509856,-87.6629230012,1302194065.0,2886414,2886569
2886569,41.8668553186,-87.6625630141,1302194067.0,2886494,2886647
2886647,41.8668609595,-87.6622129921,1302194069.0,2886569,2886717
2886717,41.8668659039,-87.6618670161,1302194071.0,2886647,2886722
2886722,41.8668712488,-87.6615200983,1302194073.0,2886717,2886730
2886730,41.8668763699,-87.661178995,1302194075.0,2886722,2886740
2886740,41.8668820735,-87.6608349917,1302194077.0,2886730,2886752
2886752,41.8668886822,-87.6604959464,1302194079.0,2886740,2886765
2886765,41.8668931402,-87.6601659737,1302194081.0,2886752,2886779
2886779,41.8668992288,-87.6598469801,1302194083.0,2886765,2886795
2886795,41.8669050906,-87.6595350097,1302194085.0,2886779,2886811
2886811,41.8669085868,-87.6592159914,1302194087.0,2886795,2886829
2886829,41.8669127555,-87.6588900125,1302194089.0,2886811,2886847
2886847,41.8669191818,-87.6585640147,1302194091.0,2886829,2886867
2886867,41.8669256704,-87.6582450085,1302194093.0,2886847,2886887
2886887,41.8669322573,-87.6579299683,1302194095.0,2886867,2886908
2886908,41.8669383136,-87.6576220254,1302194097.0,2886887,2886930
2886930,41.8669455603,-87.6573209418,1302194099.0,2886908,2886952
2886952,41.8669500649,-87.6570179645,1302194101.0,2886930,2886976
2886976,41.8669540868,-87.6567080158,1302194103.0,2886952,2887000
2887000,41.866956275,-87.6563910831,1302194105.0,2886976,2887024
2887024,41.8669603637,-87.6560657905,1302194107.0,2887000,2887050
2887050,41.8669643573,-87.6557377877,1302194109.0,2887024,2887076
2887076,41.866969847,-87.6554228747,1302194111.0,2887050,2887102
2887102,41.866975355,-87.6551258307,1302194113.0,2887076,2887130
2887130,41.8669804769,-87.6548517196,1302194115.0,2887102,2887170
2887170,41.8669870508,-87.6544968017,1302194118.0,2887130,2887211
2887211,41.8669904502,-87.6541309698,1302194121.0,2887170,2887241
2887241,41.8669952524,-87.6538569409,1302194123.0,2887211,2887271
2887271,41.8670005123,-87.6535750199,1302194125.0,2887241,2887300
2887300,41.8670054083,-87.6532890601,1302194127.0,2887271,2887332
2887332,41.8670122735,-87.6530158812,1302194129.0,2887300,2887363
2887363,41.8670146339,-87.6527538989,1302194131.0,2887332,2887395
2887395,41.8670178159,-87.652506924,1302194133.0,2887363,2887445
2887445,41.8670235226,-87.6521588751,1302194136.0,2887395,2887495
2887495,41.8670276895,-87.6518820282,1302194139.0,2887445,2887949
2887949,41.8670434081,-87.6516321811,1302194164.0,2887495,2888049
2888049,41.8670667491,-87.6513483785,1302194169.0,2887949,2888150
2888150,41.8670879807,-87.651097057,1302194174.0,2888049,2888550
2888550,41.8672728487,-87.6509837858,1302194193.0,2888150,2888609
2888609,41.867495177,-87.6509924536,1302194196.0,2888550,2888642
2888642,41.8676789992,-87.6509998661,1302194198.0,2888609,2888677
2888677,41.8678869402,-87.6510082007,1302194200.0,2888642,2888715
2888715,41.8681079472,-87.6510156487,1302194202.0,2888677,2888741
2888741,41.868340911,-87.6510224193,1302194204.0,2888715,2888777
2888777,41.8685859233,-87.6510304267,1302194206.0,2888741,2888819
2888819,41.8688239217,-87.6510414769,1302194208.0,2888777,2888859
2888859,41.8690308271,-87.6510546368,1302194210.0,2888819,2888926
2888926,41.8692540294,-87.6510892628,1302194213.0,2888859,2889096
2889096,41.8694507433,-87.6510492977,1302194220.0,2888926,2889183
2889183,41.8694890797,-87.6507528586,1302194224.0,2889096,2889255
2889255,41.8694777111,-87.6503948444,1302194227.0,2889183,2889305
2889305,41.8694736581,-87.6501139807,1302194229.0,2889255,2889354
2889354,41.8694778286,-87.6498070385,1302194231.0,2889305,2889405
2889405,41.8694860866,-87.6494910208,1302194233.0,2889354,2889450
2889450,41.8694916054,-87.6491899869,1302194235.0,2889405,2889484
2889484,41.869498561,-87.6489139525,1302194237.0,2889450,2889550
2889550,41.8695027887,-87.6485980294,1302194240.0,2889484,None
