99770088,41.8692429097,-87.6712505759,1303940453.0,None,99770357
99770357,41.8694238551,-87.6713495881,1303940464.0,99770088,99770494
99770494,41.8696070183,-87.6713540383,1303940468.0,99770357,99770587
99770587,41.8698119132,-87.6714280973,1303940471.0,99770494,99770678
99770678,41.8700849223,-87.6714528964,1303940474.0,99770587,99770787
99770787,41.8703319429,-87.6714456414,1303940477.0,99770678,99771078
99771078,41.8704900088,-87.6713228509,1303940485.0,99770787,99771215
99771215,41.8707389857,-87.671327719,1303940489.0,99771078,99771308
99771308,41.8709980334,-87.6713479182,1303940492.0,99771215,99771406
99771406,41.8712419552,-87.6713722045,1303940495.0,99771308,99771557
99771557,41.8714507303,-87.6713588375,1303940499.0,99771406,99771750
99771750,41.8714958555,-87.6710834069,1303940504.0,99771557,99771857
99771857,41.8714818542,-87.6708232451,1303940507.0,99771750,99771969
99771969,41.8714999345,-87.6704870273,1303940510.0,99771857,99772069
99772069,41.8714981357,-87.670202057,1303940513.0,99771969,99772180
99772180,41.8715162139,-87.6699047998,1303940516.0,99772069,99772294
99772294,41.8715287059,-87.6696334998,1303940519.0,99772180,99772576
99772576,41.8715787445,-87.6693965233,1303940527.0,99772294,99772976
99772976,41.8715887298,-87.6691111874,1303940538.0,99772576,99773078
99773078,41.8715930046,-87.6688550895,1303940541.0,99772976,99773177
99773177,41.8715971145,-87.6684900028,1303940544.0,99773078,99773253
99773253,41.8715971764,-87.6682000364,1303940546.0,99773177,99773327
99773327,41.8715980804,-87.6679159968,1303940548.0,99773253,99773398
99773398,41.8716000344,-87.6676669946,1303940550.0,99773327,99773514
99773514,41.8715950068,-87.667379033,1303940553.0,99773398,99773674
99773674,41.8715919505,-87.6671329493,1303940557.0,99773514,99773981
99773981,41.8715770231,-87.6668839532,1303940566.0,99773674,99774231
99774231,41.8715874496,-87.6666010092,1303940573.0,99773981,99774379
99774379,41.8717680433,-87.6664522178,1303940577.0,99774231,99774480
99774480,41.8720309844,-87.6664556562,1303940580.0,99774379,99774543
99774543,41.8722510035,-87.6664619695,1303940582.0,99774480,99774606
99774606,41.8724920094,-87.6664709339,1303940584.0,99774543,99774676
99774676,41.8727290306,-87.6664799155,1303940586.0,99774606,99774747
99774747,41.8729540396,-87.6664890517,1303940588.0,99774676,99774821
99774821,41.8731770124,-87.666490642,1303940590.0,99774747,99774893
99774893,41.8733889701,-87.6664952029,1303940592.0,99774821,99774962
99774962,41.8735879326,-87.6664988262,1303940594.0,99774893,99775038
99775038,41.8737680328,-87.6665010212,1303940596.0,99774962,99775137
99775137,41.8739619932,-87.6665261278,1303940599.0,99775038,99775321
99775321,41.8741517418,-87.6663879691,1303940604.0,99775137,99775476
99775476,41.8741609201,-87.6660599384,1303940608.0,99775321,99775572
99775572,41.8741640865,-87.6656878497,1303940611.0,99775476,99775644
99775644,41.8741652038,-87.6653818867,1303940613.0,99775572,99775712
99775712,41.8741639686,-87.665046937,1303940615.0,99775644,99775778
99775778,41.8741550213,-87.6646910039,1303940617.0,99775712,99775847
99775847,41.8741461705,-87.6643179952,1303940619.0,99775778,99775919
99775919,41.874139909,-87.6639360193,1303940621.0,99775847,99775996
99775996,41.8741346455,-87.6635370102,1303940623.0,99775919,99776073
99776073,41.8741306938,-87.6631239479,1303940625.0,99775996,99776143
99776143,41.8741355505,-87.6627118991,1303940627.0,99776073,99776220
99776220,41.8741407943,-87.6622919171,1303940629.0,99776143,99776287
99776287,41.8741486692,-87.6618708789,1303940631.0,99776220,99776352
99776352,41.8741565953,-87.661447905,1303940633.0,99776287,99776409
99776409,41.8741636108,-87.6610188913,1303940635.0,99776352,99776477
99776477,41.8741720664,-87.6605868962,1303940637.0,99776409,99776542
99776542,41.8741788604,-87.6601479209,1303940639.0,99776477,99776612
99776612,41.8741838423,-87.6597059226,1303940641.0,99776542,99776687
99776687,41.8741905825,-87.6592618931,1303940643.0,99776612,99776761
99776761,41.8741958341,-87.6588248922,1303940645.0,99776687,99776829
99776829,41.8742008169,-87.6584179117,1303940647.0,99776761,99776902
99776902,41.8742049521,-87.6580589021,1303940649.0,99776829,99776978
99776978,41.874206328,-87.6577619763,1303940651.0,99776902,99777081
99777081,41.8742139055,-87.6574590704,1303940654.0,99776978,99777244
99777244,41.8742155701,-87.6572088962,1303940659.0,99777081,99777898
99777898,41.8742165299,-87.6569279226,1303940677.0,99777244,99778006
99778006,41.8742162628,-87.6566022681,1303940680.0,99777898,99778073
99778073,41.8742238893,-87.6563249825,1303940682.0,99778006,99778135
99778135,41.8742278086,-87.6560009766,1303940684.0,99778073,99778213
99778213,41.8742337874,-87.6556490434,1303940686.0,99778135,99778285
99778285,41.874240094,-87.6552801577,1303940688.0,99778213,99778357
99778357,41.874245801,-87.6549081411,1303940690.0,99778285,99778422
99778422,41.8742538617,-87.6545340942,1303940692.0,99778357,99778493
99778493,41.8742620434,-87.6541570103,1303940694.0,99778422,99778563
99778563,41.8742688787,-87.6537680486,1303940696.0,99778493,99778641
99778641,41.8742743867,-87.6533771219,1303940698.0,99778563,99778718
99778718,41.8742789922,-87.6529881309,1303940700.0,99778641,99778791
99778791,41.8742852091,-87.6526060428,1303940702.0,99778718,99778853
99778853,41.8742921718,-87.6522350408,1303940704.0,99778791,99778921
99778921,41.8742980942,-87.6518700758,1303940706.0,99778853,99778986
99778986,41.874305983,-87.6515122209,1303940708.0,99778921,99779044
99779044,41.8743096338,-87.6511623153,1303940710.0,99778986,99779120
99779120,41.8743155175,-87.6508682319,1303940712.0,99779044,99779190
99779190,41.8743212415,-87.6506211295,1303940714.0,99779120,99779302
99779302,41.8743285083,-87.6502990537,1303940717.0,99779190,99779414
99779414,41.8743337302,-87.6499910888,1303940720.0,99779302,99779532
99779532,41.8743394071,-87.6497333226,1303940723.0,99779414,99779671
99779671,41.8743323876,-87.6494804372,1303940727.0,99779532,99779812
99779812,41.8743337536,-87.6491893693,1303940731.0,99779671,99779918
99779918,41.8743392539,-87.6488833116,1303940734.0,99779812,99779991
99779991,41.8743415883,-87.6486300915,1303940736.0,99779918,99780069
99780069,41.8743384152,-87.6483774187,1303940738.0,99779991,99780179
99780179,41.874317148,-87.6480477517,1303940741.0,99780069,99780321
99780321,41.8742936894,-87.6477551734,1303940745.0,99780179,99781216
99781216,41.8742647956,-87.6474762819,1303940772.0,99780321,99781356
99781356,41.8741719878,-87.6472225215,1303940776.0,99781216,99781464
99781464,41.8739937235,-87.6471669837,1303940779.0,99781356,99781567
99781567,41.873723764,-87.6471730888,1303940782.0,99781464,99781639
99781639,41.8734917594,-87.64717596,1303940784.0,99781567,99781715
99781715,41.873235842,-87.6471726106,1303940786.0,99781639,99781788
99781788,41.8729729528,-87.6471668461,1303940788.0,99781715,99781857
99781857,41.8727270635,-87.6471592899,1303940790.0,99781788,99781932
99781932,41.8725150852,-87.6471537098,1303940792.0,99781857,99782042
99782042,41.8722790339,-87.6471520024,1303940795.0,99781932,99783091
99783091,41.8720922884,-87.6471593003,1303940824.0,99782042,99783389
99783389,41.8718874089,-87.6471641401,1303940832.0,99783091,99783499
99783499,41.8716503218,-87.6471551152,1303940835.0,99783389,99783565
99783565,41.8714552005,-87.6471486503,1303940837.0,99783499,99783638
99783638,41.8712441814,-87.6471405456,1303940839.0,99783565,99783713
99783713,41.8710361985,-87.6471322618,1303940841.0,99783638,99783788
99783788,41.870844178,-87.6471222056,1303940843.0,99783713,99783902
99783902,41.8705941306,-87.6471022858,1303940846.0,99783788,99784015
99784015,41.8703941163,-87.647079345,1303940849.0,99783902,99784163
99784163,41.8701969898,-87.6470562675,1303940853.0,99784015,99784299
99784299,41.8699989168,-87.6470518634,1303940857.0,99784163,99784412
99784412,41.8698130943,-87.647047615,1303940860.0,99784299,99784861
99784861,41.8696344561,-87.646995074,1303940872.0,99784412,99784992
99784992,41.869573823,-87.6467551243,1303940876.0,99784861,99785104
99785104,41.8695879582,-87.646423705,1303940879.0,99784992,99785177
99785177,41.8695997445,-87.6461588062,1303940881.0,99785104,99785240
99785240,41.8696129494,-87.6459128664,1303940883.0,99785177,99785353
99785353,41.8696205638,-87.6456509792,1303940886.0,99785240,None
