63538433,41.8671344438,-87.6520963532,1303860655.0,None,63538442
63538442,41.8671214796,-87.6524304521,1303860657.0,63538433,63538459
63538459,41.8671080686,-87.6527544851,1303860659.0,63538442,63538485
63538485,41.8670983023,-87.6530614602,1303860661.0,63538459,63538502
63538502,41.8670900453,-87.65336956,1303860663.0,63538485,63538523
63538523,41.8670809538,-87.6536917314,1303860665.0,63538502,63538550
63538550,41.867080422,-87.6540345234,1303860667.0,63538523,63538575
63538575,41.8670710862,-87.6543876384,1303860669.0,63538550,63538605
63538605,41.8670562112,-87.6547389137,1303860671.0,63538575,63538639
63538639,41.8670469258,-87.6550766306,1303860673.0,63538605,63538667
63538667,41.8670397111,-87.655403466,1303860675.0,63538639,63538706
63538706,41.8670287916,-87.6557085739,1303860677.0,63538667,63538746
63538746,41.8670110587,-87.6559605546,1303860679.0,63538706,63538806
63538806,41.8669892162,-87.6562262054,1303860682.0,63538746,63538973
63538973,41.8670088448,-87.6564737442,1303860690.0,63538806,63539676
63539676,41.8670445429,-87.6567801816,1303860718.0,63538973,63539757
63539757,41.8670467482,-87.6571202847,1303860721.0,63539676,63539814
63539814,41.8670448493,-87.6573942901,1303860723.0,63539757,63539858
63539858,41.8670412183,-87.6576873143,1303860725.0,63539814,63539919
63539919,41.8670389713,-87.6579842229,1303860727.0,63539858,63539973
63539973,41.8670347137,-87.6582842256,1303860729.0,63539919,63540011
63540011,41.8670285779,-87.6585842276,1303860731.0,63539973,63540064
63540064,41.8670224036,-87.6588802301,1303860733.0,63540011,63540119
63540119,41.8670175299,-87.6591712462,1303860735.0,63540064,63540177
63540177,41.8670125112,-87.6594672473,1303860737.0,63540119,63540233
63540233,41.8670075515,-87.6597672343,1303860739.0,63540177,63540293
63540293,41.8670030929,-87.6600682356,1303860741.0,63540233,63540353
63540353,41.8669995168,-87.6603562138,1303860743.0,63540293,63540410
63540410,41.8669992054,-87.660634136,1303860745.0,63540353,63540462
63540462,41.8669991845,-87.6609181638,1303860747.0,63540410,63540515
63540515,41.8669958191,-87.6612131129,1303860749.0,63540462,63540570
63540570,41.8669913542,-87.6615141825,1303860751.0,63540515,63540630
63540630,41.8669868834,-87.6618211346,1303860753.0,63540570,63540694
63540694,41.8669826185,-87.6621340603,1303860755.0,63540630,63540752
63540752,41.866973995,-87.6624561598,1303860757.0,63540694,63540812
63540812,41.8669669198,-87.6627791865,1303860759.0,63540752,63540874
63540874,41.8669639547,-87.6630881785,1303860761.0,63540812,63540928
63540928,41.8669600485,-87.6633871713,1303860763.0,63540874,63540984
63540984,41.8669509361,-87.6636812284,1303860765.0,63540928,63541038
63541038,41.8669467458,-87.6639682254,1303860767.0,63540984,63541095
63541095,41.8669402811,-87.6642521892,1303860769.0,63541038,63541157
63541157,41.8669358198,-87.6645341909,1303860771.0,63541095,63541225
63541225,41.8669312012,-87.6648081979,1303860773.0,63541157,63541286
63541286,41.8669272402,-87.6650702259,1303860775.0,63541225,63541376
63541376,41.8669225156,-87.6654112282,1303860778.0,63541286,63541463
63541463,41.8669218976,-87.6656641799,1303860781.0,63541376,63541703
63541703,41.8669296482,-87.6659320212,1303860793.0,63541463,63541725
63541725,41.8669402168,-87.6662010908,1303860797.0,63541703,63541745
63541745,41.8669458893,-87.666547247,1303860800.0,63541725,63541760
63541760,41.8669470432,-87.6668279642,1303860802.0,63541745,63541776
63541776,41.8669490961,-87.667136984,1303860804.0,63541760,63541793
63541793,41.8669439043,-87.667452076,1303860806.0,63541776,63541811
63541811,41.8669346759,-87.6677580195,1303860808.0,63541793,63541830
63541830,41.866934639,-87.6680519817,1303860810.0,63541811,63541850
63541850,41.8669327071,-87.6683089398,1303860812.0,63541830,63541881
63541881,41.8669322597,-87.6685766515,1303860815.0,63541850,63542131
63542131,41.8669576836,-87.668813472,1303860835.0,63541881,63542215
63542215,41.8671468122,-87.6689419053,1303860841.0,63542131,63542254
63542254,41.8673770846,-87.6689282624,1303860844.0,63542215,63542259
63542259,41.8675640255,-87.6689274292,1303860846.0,63542254,63542267
63542267,41.8677699996,-87.6689288549,1303860848.0,63542259,63542277
63542277,41.867980976,-87.6689330104,1303860850.0,63542267,63542289
63542289,41.8681879537,-87.6689402124,1303860852.0,63542277,63542302
63542302,41.8683769787,-87.6689432409,1303860854.0,63542289,63542324
63542324,41.8686300299,-87.6689561202,1303860857.0,63542302,63542348
63542348,41.8688581288,-87.6689617646,1303860860.0,63542324,63542384
63542384,41.8690690505,-87.6689632801,1303860864.0,63542348,63542489
63542489,41.8692450661,-87.6691116566,1303860874.0,63542384,63542537
63542537,41.8692635788,-87.6693987467,1303860878.0,63542489,63542587
63542587,41.869349594,-87.6696119988,1303860882.0,63542537,63542626
63542626,41.8693816673,-87.669883962,1303860885.0,63542587,63542667
63542667,41.8693890694,-87.6702009667,1303860888.0,63542626,63542709
63542709,41.8693962715,-87.6705420383,1303860891.0,63542667,63542752
63542752,41.8694064921,-87.6708340836,1303860894.0,63542709,63542808
63542808,41.8694020487,-87.67109475,1303860898.0,63542752,63542901
63542901,41.8693986233,-87.6713542753,1303860904.0,63542808,63543000
63543000,41.8695058146,-87.6716090105,1303860910.0,63542901,63543033
63543033,41.8695182043,-87.6718508423,1303860912.0,63543000,63543068
63543068,41.8694947776,-87.6721380063,1303860914.0,63543033,63543102
63543102,41.8694735284,-87.6724049025,1303860916.0,63543068,63543136
63543136,41.8694564956,-87.6726480196,1303860918.0,63543102,63543189
63543189,41.8694442063,-87.67295105,1303860921.0,63543136,63543281
63543281,41.8694236595,-87.673195957,1303860927.0,63543189,63543576
63543576,41.8693882577,-87.6735083775,1303860942.0,63543281,63543630
63543630,41.8693600833,-87.6738148743,1303860945.0,63543576,63543693
63543693,41.869330786,-87.6740889907,1303860948.0,63543630,63543757
63543757,41.8693144302,-87.6743439586,1303860951.0,63543693,63543801
63543801,41.8692916217,-87.674584946,1303860953.0,63543757,63543831
63543831,41.8692683281,-87.6748568676,1303860955.0,63543801,63543872
63543872,41.8692483042,-87.6751169903,1303860957.0,63543831,63543917
63543917,41.8692343156,-87.6754623947,1303860960.0,63543872,63543986
63543986,41.8692474498,-87.675703357,1303860963.0,63543917,63544416
63544416,41.8692223182,-87.6759577469,1303860986.0,63543986,63544540
63544540,41.8692109809,-87.6762677991,1303860992.0,63544416,63544644
63544644,41.8692254798,-87.6765397019,1303860996.0,63544540,63544735
63544735,41.869271771,-87.6768609125,1303861000.0,63544644,63544776
63544776,41.8692647247,-87.6771189359,1303861002.0,63544735,63544821
63544821,41.8692502774,-87.6773979352,1303861004.0,63544776,63544868
63544868,41.8692379772,-87.6776839389,1303861006.0,63544821,63544911
63544911,41.8692256997,-87.6779739472,1303861008.0,63544868,63544970
63544970,41.869215513,-87.6782638937,1303861010.0,63544911,63545021
63545021,41.869207265,-87.6785558594,1303861012.0,63544970,63545068
63545068,41.8692001257,-87.6788478685,1303861014.0,63545021,63545117
63545117,41.8691939771,-87.6791329214,1303861016.0,63545068,63545164
63545164,41.8691859094,-87.6794079169,1303861018.0,63545117,63545213
63545213,41.8691778085,-87.679662932,1303861020.0,63545164,63545294
63545294,41.8691682401,-87.6800069454,1303861023.0,63545213,63545375
63545375,41.8691584511,-87.6802960389,1303861026.0,63545294,63545474
63545474,41.8691488819,-87.6805419596,1303861030.0,63545375,63545684
63545684,41.8691643307,-87.6812926328,1303861045.0,63545474,63545765
63545765,41.8691451069,-87.6816415758,1303861048.0,63545684,63545821
63545821,41.8691362323,-87.6818886091,1303861050.0,63545765,63545878
63545878,41.869128248,-87.6821416738,1303861052.0,63545821,63545932
63545932,41.8691211542,-87.6824007042,1303861054.0,63545878,63545987
63545987,41.8691150853,-87.6826477194,1303861056.0,63545932,63546074
63546074,41.8690976428,-87.6829778263,1303861059.0,63545987,63546163
63546163,41.8690908328,-87.6832369985,1303861062.0,63546074,63546798
63546798,41.8690830057,-87.6834786621,1303861084.0,63546163,63546978
63546978,41.869086969,-87.6837527224,1303861090.0,63546798,63547100
63547100,41.869096865,-87.6840758974,1303861094.0,63546978,63547185
63547185,41.869098613,-87.6843438618,1303861097.0,63547100,63547303
63547303,41.8690885294,-87.6846427077,1303861101.0,63547185,63547519
63547519,41.8690942227,-87.6848999219,1303861108.0,63547303,63547644
63547644,41.8691184823,-87.6852219375,1303861112.0,63547519,63547735
63547735,41.8691109531,-87.6855400415,1303861115.0,63547644,63547828
63547828,41.8691008504,-87.6858227112,1303861118.0,63547735,63547964
63547964,41.8691724713,-87.6860656126,1303861123.0,63547828,63548361
63548361,41.8693631632,-87.6860558004,1303861135.0,63547964,63548455
63548455,41.8695449291,-87.6860535497,1303861138.0,63548361,63548547
63548547,41.8697789326,-87.6860582055,1303861141.0,63548455,63548647
63548647,41.870009887,-87.6860689399,1303861144.0,63548547,63548739
63548739,41.8702219519,-87.6860815376,1303861147.0,63548647,63548836
63548836,41.8704239994,-87.6860903414,1303861150.0,63548739,63548943
63548943,41.8706290228,-87.6860962269,1303861153.0,63548836,63549045
63549045,41.8708460927,-87.6860973812,1303861156.0,63548943,63549145
63549145,41.8710720284,-87.6861044435,1303861159.0,63549045,63549243
63549243,41.8713158387,-87.6861112984,1303861162.0,63549145,63549333
63549333,41.8715657532,-87.6861161059,1303861165.0,63549243,63549431
63549431,41.8718217481,-87.6861233675,1303861168.0,63549333,63549536
63549536,41.8720838368,-87.6861300879,1303861171.0,63549431,63549648
63549648,41.8723228623,-87.6861294777,1303861174.0,63549536,63549757
63549757,41.8725538611,-87.686134392,1303861177.0,63549648,63549832
63549832,41.8727878789,-87.6861418415,1303861180.0,63549757,63549887
63549887,41.8730309092,-87.6861492204,1303861183.0,63549832,63549898
63549898,41.8732568846,-87.6861542811,1303861186.0,63549887,63549914
63549914,41.8734379313,-87.6861581758,1303861189.0,63549898,63549963
63549963,41.8736243402,-87.6861434779,1303861196.0,63549914,63550035
63550035,41.8738065647,-87.6861279801,1303861204.0,63549963,None
