87559027,41.874443364,-87.6516561503,1302113275.0,None,87559281
87559281,41.8744344344,-87.6519660429,1302113283.0,87559027,87559385
87559385,41.8744301976,-87.652290012,1302113286.0,87559281,87559450
87559450,41.8744264798,-87.6525389982,1302113288.0,87559385,87559516
87559516,41.8744216166,-87.6527940477,1302113290.0,87559450,87559580
87559580,41.8744144878,-87.6530580906,1302113292.0,87559516,87559641
87559641,41.8744032543,-87.6533372084,1302113294.0,87559580,87559698
87559698,41.8743966059,-87.6536281562,1302113296.0,87559641,87559764
87559764,41.8743877155,-87.6539211989,1302113298.0,87559698,87559831
87559831,41.8743756898,-87.654245198,1302113300.0,87559764,87559901
87559901,41.874371255,-87.6545932384,1302113302.0,87559831,87559972
87559972,41.8743637586,-87.6549392865,1302113304.0,87559901,87560036
87560036,41.8743562711,-87.6552853104,1302113306.0,87559972,87560101
87560101,41.8743480424,-87.6556352687,1302113308.0,87560036,87560163
87560163,41.8743395145,-87.6559722573,1302113310.0,87560101,87560221
87560221,41.8743355065,-87.6562921953,1302113312.0,87560163,87560281
87560281,41.8743302798,-87.6566002237,1302113314.0,87560221,87560349
87560349,41.8743230747,-87.6568801963,1302113316.0,87560281,87560456
87560456,41.8743296469,-87.6572090691,1302113319.0,87560349,87560602
87560602,41.8743311277,-87.6574602146,1302113323.0,87560456,87561180
87561180,41.874327035,-87.6577391835,1302113340.0,87560602,87561288
87561288,41.8743197894,-87.6580651069,1302113343.0,87561180,87561353
87561353,41.874312057,-87.6583310967,1302113345.0,87561288,87561415
87561415,41.8743077372,-87.6586230757,1302113347.0,87561353,87561482
87561482,41.8743059056,-87.6589430288,1302113349.0,87561415,87561552
87561552,41.8743024843,-87.6592810254,1302113351.0,87561482,87561624
87561624,41.8742982085,-87.6596300185,1302113353.0,87561552,87561695
87561695,41.8742947645,-87.6599860121,1302113355.0,87561624,87561772
87561772,41.8742903984,-87.660348014,1302113357.0,87561695,87561850
87561850,41.8742846455,-87.6607130161,1302113359.0,87561772,87561918
87561918,41.8742753092,-87.6610700418,1302113361.0,87561850,87561982
87561982,41.874271581,-87.6614170135,1302113363.0,87561918,87562049
87562049,41.8742664748,-87.6617589509,1302113365.0,87561982,87562117
87562117,41.8742612164,-87.6621060318,1302113367.0,87562049,87562186
87562186,41.8742561685,-87.662452994,1302113369.0,87562117,87562264
87562264,41.8742485234,-87.6628089956,1302113371.0,87562186,87562340
87562340,41.8742412625,-87.663169961,1302113373.0,87562264,87562417
87562417,41.8742425439,-87.6635348922,1302113375.0,87562340,87562491
87562491,41.8742500353,-87.6638978701,1302113377.0,87562417,87562564
87562564,41.8742585555,-87.6642528742,1302113379.0,87562491,87562639
87562639,41.8742631353,-87.6645968506,1302113381.0,87562564,87562716
87562716,41.8742667309,-87.6649298505,1302113383.0,87562639,87562785
87562785,41.8742665177,-87.6652429025,1302113385.0,87562716,87562850
87562850,41.8742654856,-87.6655359452,1302113387.0,87562785,87562925
87562925,41.8742594557,-87.66578803,1302113389.0,87562850,87563031
87563031,41.874251727,-87.666043052,1302113392.0,87562925,87563222
87563222,41.8742694257,-87.6663391372,1302113397.0,87563031,87563372
87563372,41.8742680161,-87.6665929878,1302113401.0,87563222,87563485
87563485,41.8742430466,-87.6668379588,1302113404.0,87563372,87563589
87563589,41.874237993,-87.6671217371,1302113407.0,87563485,87563696
87563696,41.8742178734,-87.6674676836,1302113410.0,87563589,87563805
87563805,41.8741902855,-87.667811948,1302113413.0,87563696,87563914
87563914,41.8741702573,-87.6681090243,1302113416.0,87563805,87564025
87564025,41.8741706707,-87.6683599865,1302113419.0,87563914,87564140
87564140,41.8741626033,-87.6686092084,1302113422.0,87564025,87564399
87564399,41.8739854925,-87.6688773535,1302113429.0,87564140,87565186
87565186,41.873928175,-87.6691143633,1302113453.0,87564399,87565586
87565586,41.8737468967,-87.6691248169,1302113465.0,87565186,87565693
87565693,41.8735419223,-87.6691314488,1302113468.0,87565586,87565854
87565854,41.8733349129,-87.6691533455,1302113472.0,87565693,87566108
87566108,41.8731428957,-87.669201406,1302113480.0,87565854,87566392
87566392,41.8729332321,-87.6691749397,1302113488.0,87566108,87566504
87566504,41.8726881424,-87.6691538814,1302113491.0,87566392,87566578
87566578,41.8724730349,-87.6691603958,1302113493.0,87566504,87566644
87566644,41.8722449299,-87.6691881347,1302113495.0,87566578,87566716
87566716,41.8720469373,-87.6691927602,1302113498.0,87566644,87566894
87566894,41.8718660084,-87.6692084783,1302113503.0,87566716,87567209
87567209,41.8716605482,-87.6692044733,1302113512.0,87566894,87567310
87567310,41.8714638283,-87.6691887741,1302113515.0,87567209,87567414
87567414,41.871219332,-87.6691750709,1302113518.0,87567310,87567487
87567487,41.8710203118,-87.6691656331,1302113520.0,87567414,87567563
87567563,41.870801284,-87.6691635266,1302113522.0,87567487,87567639
87567639,41.8705681661,-87.6691655918,1302113524.0,87567563,87567712
87567712,41.8703351273,-87.6691681197,1302113526.0,87567639,87567785
87567785,41.8701111528,-87.6691681535,1302113528.0,87567712,87567850
87567850,41.8699171399,-87.6691673566,1302113530.0,87567785,87567953
87567953,41.8696760546,-87.669174265,1302113533.0,87567850,87568097
87568097,41.869475878,-87.6691483243,1302113537.0,87567953,87568439
87568439,41.8693001229,-87.6693330262,1302113547.0,87568097,87568535
87568535,41.8692878139,-87.6696017508,1302113550.0,87568439,87568636
87568636,41.8693050459,-87.6699305878,1302113553.0,87568535,87568747
87568747,41.8692923646,-87.6702718965,1302113556.0,87568636,87568852
87568852,41.8692788027,-87.6705729666,1302113559.0,87568747,87568989
87568989,41.8692653595,-87.6708354378,1302113563.0,87568852,87569194
87569194,41.8693079532,-87.6711048354,1302113569.0,87568989,87569490
87569490,41.8693450987,-87.6713456429,1302113577.0,87569194,87569943
87569943,41.8692679314,-87.6715722675,1302113590.0,87569490,87570197
87570197,41.8693776987,-87.6717846771,1302113597.0,87569943,87570298
87570298,41.8693803772,-87.672052881,1302113600.0,87570197,87570403
87570403,41.8693888483,-87.6723999273,1302113603.0,87570298,87570472
87570472,41.8693813719,-87.6726541034,1302113605.0,87570403,87570570
87570570,41.8693763811,-87.6729752879,1302113608.0,87570472,87570678
87570678,41.869382836,-87.6732318883,1302113611.0,87570570,87570846
87570846,41.8693248597,-87.6734672125,1302113616.0,87570678,87571657
87571657,41.8692784337,-87.6737197051,1302113639.0,87570846,87571794
87571794,41.8692486887,-87.6740487508,1302113643.0,87571657,87571895
87571895,41.8692246204,-87.6743519457,1302113646.0,87571794,87572005
87572005,41.8692157564,-87.6746629926,1302113649.0,87571895,87572083
87572083,41.8692114827,-87.6749649934,1302113652.0,87572005,87572195
87572195,41.8692020543,-87.6752521087,1302113655.0,87572083,87572305
87572305,41.8691923667,-87.6754953827,1302113658.0,87572195,87572480
87572480,41.8692144227,-87.6757404946,1302113663.0,87572305,87573074
87573074,41.8692130902,-87.6759835329,1302113680.0,87572480,87573318
87573318,41.8693231879,-87.6762051292,1302113687.0,87573074,87573448
87573448,41.8695749871,-87.6762067668,1302113691.0,87573318,87573555
87573555,41.8698280387,-87.6762145858,1302113694.0,87573448,87573631
87573631,41.8700570733,-87.6762069038,1302113696.0,87573555,87573701
87573701,41.8702850639,-87.6762119431,1302113698.0,87573631,87573769
87573769,41.8705210681,-87.676219952,1302113700.0,87573701,87573839
87573839,41.8707439557,-87.6762172096,1302113702.0,87573769,87573909
87573909,41.8709479843,-87.6762188668,1302113704.0,87573839,87574011
87574011,41.8711980127,-87.6762260948,1302113707.0,87573909,87574156
87574156,41.871419295,-87.6762103941,1302113711.0,87574011,87574360
87574360,41.8714906816,-87.6759737874,1302113717.0,87574156,87574498
87574498,41.8714903781,-87.6756510512,1302113721.0,87574360,87574603
87574603,41.8714746492,-87.6753869748,1302113724.0,87574498,87574746
87574746,41.8714674872,-87.6751391554,1302113728.0,87574603,87575478
87575478,41.8714830565,-87.6748674485,1302113752.0,87574746,87575601
87575601,41.8714883963,-87.6745564017,1302113756.0,87575478,87575742
87575742,41.8714903962,-87.6742512564,1302113760.0,87575601,87575885
87575885,41.8714800075,-87.6739932523,1302113764.0,87575742,87576101
87576101,41.8714744281,-87.6736980439,1302113770.0,87575885,87576232
87576232,41.8714659984,-87.6734316398,1302113774.0,87576101,87576850
87576850,41.8714730604,-87.6731654857,1302113803.0,87576232,87576947
87576947,41.8714846103,-87.6728742289,1302113806.0,87576850,87577057
87577057,41.8714999721,-87.672532233,1302113809.0,87576947,87577175
87577175,41.8715077304,-87.6722089941,1302113812.0,87577057,87577276
87577276,41.8715092446,-87.6719258381,1302113815.0,87577175,87577454
87577454,41.8715146729,-87.6716807212,1302113820.0,87577276,87577878
87577878,41.871518021,-87.6713081181,1302113835.0,87577454,87578021
87578021,41.8715192141,-87.6708612608,1302113841.0,87577878,87578127
87578127,41.8715221286,-87.6706150735,1302113844.0,87578021,87578292
87578292,41.8715360682,-87.6703729477,1302113849.0,87578127,87578453
87578453,41.8715441932,-87.6700838516,1302113854.0,87578292,87578592
87578592,41.8715564491,-87.6697735235,1302113858.0,87578453,87578747
87578747,41.8715605169,-87.6695240274,1302113862.0,87578592,87579014
87579014,41.8716001112,-87.6692837556,1302113870.0,87578747,87579392
87579392,41.8717804962,-87.6690636579,1302113882.0,87579014,87579454
87579454,41.8722519652,-87.6690572252,1302113888.0,87579392,87579564
87579564,41.8725070802,-87.6690683017,1302113891.0,87579454,87579667
87579667,41.8727341881,-87.66906716,1302113894.0,87579564,87579804
87579804,41.8729554538,-87.6690522302,1302113898.0,87579667,87579943
87579943,41.8734650657,-87.669108207,1302113906.0,87579804,87580032
87580032,41.8737720742,-87.6691454084,1302113910.0,87579943,87580103
87580103,41.8740934216,-87.6691572711,1302113916.0,87580032,87580306
87580306,41.8741936773,-87.668538979,1302113933.0,87580103,87580375
87580375,41.8741826098,-87.6682790431,1302113935.0,87580306,87580437
87580437,41.8741907908,-87.6679898951,1302113937.0,87580375,87580506
87580506,41.874217648,-87.6676859017,1302113939.0,87580437,87580571
87580571,41.8742383064,-87.6673979351,1302113941.0,87580506,87580672
87580672,41.8742098193,-87.6670737274,1302113944.0,87580571,None
