56007651,41.8714196878,-87.6733823058,1302040156.0,None,56008057
56008057,41.871360768,-87.6731251087,1302040168.0,56007651,56008159
56008159,41.8713527759,-87.6728750615,1302040171.0,56008057,56008245
56008245,41.8713831235,-87.6726091507,1302040174.0,56008159,56008312
56008312,41.8713967502,-87.6723630614,1302040177.0,56008245,56008430
56008430,41.8714007085,-87.6720731031,1302040181.0,56008312,56008570
56008570,41.8714694524,-87.6718389967,1302040186.0,56008430,56008727
56008727,41.871504937,-87.6715350878,1302040191.0,56008570,56008821
56008821,41.8715166579,-87.6712641207,1302040194.0,56008727,56008907
56008907,41.8715188888,-87.6709802942,1302040197.0,56008821,56008992
56008992,41.8715149585,-87.6707021316,1302040200.0,56008907,56009122
56009122,41.8715240877,-87.6704009768,1302040204.0,56008992,56009858
56009858,41.8715491639,-87.6701407236,1302040227.0,56009122,56009985
56009985,41.8715718404,-87.6698619674,1302040231.0,56009858,56010079
56010079,41.871566904,-87.6696079296,1302040234.0,56009985,56010203
56010203,41.8715619518,-87.6693517717,1302040238.0,56010079,56010485
56010485,41.8714429583,-87.669120015,1302040247.0,56010203,56010586
56010586,41.8712581276,-87.6691078939,1302040250.0,56010485,56010684
56010684,41.8709980411,-87.6690667168,1302040253.0,56010586,56010750
56010750,41.8708048974,-87.6690365208,1302040255.0,56010684,56010810
56010810,41.8706107779,-87.6690089552,1302040257.0,56010750,56010870
56010870,41.8704167802,-87.6689949618,1302040259.0,56010810,56010933
56010933,41.8702287893,-87.6689888757,1302040261.0,56010870,56011023
56011023,41.8699747829,-87.6689856386,1302040264.0,56010933,56011129
56011129,41.8697358362,-87.6689918673,1302040267.0,56011023,56011229
56011229,41.8695437265,-87.6689765347,1302040270.0,56011129,56011384
56011384,41.8693481186,-87.6689577248,1302040275.0,56011229,56011692
56011692,41.8691370942,-87.6689465608,1302040285.0,56011384,56011793
56011793,41.8689437044,-87.6689229839,1302040288.0,56011692,56011882
56011882,41.8687328056,-87.6689177184,1302040291.0,56011793,56011974
56011974,41.8684979315,-87.6689304093,1302040294.0,56011882,56012067
56012067,41.8682249633,-87.6689385319,1302040297.0,56011974,56012131
56012131,41.8680309342,-87.6689396036,1302040299.0,56012067,56012195
56012195,41.8678429126,-87.6689462269,1302040301.0,56012131,56012293
56012293,41.867589908,-87.6689365587,1302040304.0,56012195,56012384
56012384,41.8673858654,-87.6689321581,1302040307.0,56012293,56012510
56012510,41.86719783,-87.6689370802,1302040311.0,56012384,56013091
56013091,41.8670013522,-87.6689131459,1302040330.0,56012510,56013231
56013231,41.8668241714,-87.6688870187,1302040334.0,56013091,56013379
56013379,41.8667320694,-87.6686736466,1302040339.0,56013231,56013473
56013473,41.8667319847,-87.6683690767,1302040343.0,56013379,56013601
56013601,41.8667381349,-87.6680630694,1302040347.0,56013473,56013705
56013705,41.8667382243,-87.6677601644,1302040350.0,56013601,56013805
56013805,41.8667412509,-87.6674782053,1302040353.0,56013705,56013920
56013920,41.8667443019,-87.6671921696,1302040357.0,56013805,56014843
56014843,41.8667738624,-87.6668961026,1302040386.0,56013920,56014945
56014945,41.8667832736,-87.6666430926,1302040389.0,56014843,56015041
56015041,41.8667867815,-87.6663072323,1302040392.0,56014945,56015105
56015105,41.8667896464,-87.6660371324,1302040394.0,56015041,56015167
56015167,41.8667951941,-87.6657421505,1302040396.0,56015105,56015231
56015231,41.8668016889,-87.6654261532,1302040398.0,56015167,56015294
56015294,41.866808259,-87.6651050906,1302040400.0,56015231,56015349
56015349,41.8668125871,-87.664771064,1302040402.0,56015294,56015412
56015412,41.8668191421,-87.6644360438,1302040404.0,56015349,56015476
56015476,41.866827824,-87.6641180188,1302040406.0,56015412,56015546
56015546,41.8668336905,-87.6637980374,1302040408.0,56015476,56015613
56015613,41.8668388816,-87.6634800215,1302040410.0,56015546,56015674
56015674,41.8668424712,-87.6631750563,1302040412.0,56015613,56015731
56015731,41.8668450558,-87.6629020567,1302040414.0,56015674,56015834
56015834,41.8668467993,-87.6625590766,1302040417.0,56015731,56015921
56015921,41.8668498562,-87.6622910537,1302040420.0,56015834,56016078
56016078,41.8668519478,-87.6620480704,1302040425.0,56015921,56016459
56016459,41.8668664434,-87.6617391143,1302040437.0,56016078,56016553
56016553,41.8668747166,-87.6614140411,1302040440.0,56016459,56016616
56016616,41.8668801217,-87.6611480045,1302040442.0,56016553,56016679
56016679,41.8668873272,-87.6608419416,1302040444.0,56016616,56016742
56016742,41.8668938492,-87.6605178771,1302040446.0,56016679,56016804
56016804,41.8668983909,-87.6601859186,1302040448.0,56016742,56016863
56016863,41.8669036197,-87.6598669387,1302040450.0,56016804,56016931
56016931,41.8669087775,-87.6595429672,1302040452.0,56016863,56016997
56016997,41.8669140058,-87.6591909474,1302040454.0,56016931,56017068
56017068,41.8669191069,-87.6588179661,1302040456.0,56016997,56017130
56017130,41.8669242024,-87.6584390045,1302040458.0,56017068,56017196
56017196,41.8669316123,-87.6580669524,1302040460.0,56017130,56017258
56017258,41.8669386349,-87.6576979949,1302040462.0,56017196,56017318
56017318,41.8669448488,-87.6573269546,1302040464.0,56017258,56017385
56017385,41.866950957,-87.6569600136,1302040466.0,56017318,56017447
56017447,41.86695535,-87.6566003671,1302040468.0,56017385,56017509
56017509,41.8669590487,-87.6562518999,1302040470.0,56017447,56017570
56017570,41.8669678665,-87.6559156555,1302040472.0,56017509,56017636
56017636,41.8669750472,-87.6555807221,1302040474.0,56017570,56017705
56017705,41.8669808254,-87.6552447627,1302040476.0,56017636,56017768
56017768,41.8669828494,-87.6549076734,1302040478.0,56017705,56017828
56017828,41.8669886112,-87.6545677176,1302040480.0,56017768,56017896
56017896,41.8669975873,-87.6542288214,1302040482.0,56017828,56017965
56017965,41.8670040967,-87.6538907892,1302040484.0,56017896,56018023
56018023,41.8670104879,-87.6535558756,1302040486.0,56017965,56018080
56018080,41.8670150937,-87.6532148436,1302040488.0,56018023,56018139
56018139,41.8670200495,-87.6528788194,1302040490.0,56018080,56018208
56018208,41.8670237089,-87.6525498601,1302040492.0,56018139,56018274
56018274,41.8670256712,-87.6522428773,1302040494.0,56018208,56018337
56018337,41.8670302883,-87.6519708143,1302040496.0,56018274,56018401
56018401,41.8670384228,-87.651636311,1302040499.0,56018337,56018483
56018483,41.8670632794,-87.651361048,1302040503.0,56018401,56019296
56019296,41.867104778,-87.6511116732,1302040531.0,56018483,56019423
56019423,41.8673095523,-87.6509823188,1302040535.0,56019296,56019518
56019518,41.8675490109,-87.6509803632,1302040538.0,56019423,56019579
56019579,41.8677558143,-87.6509863599,1302040540.0,56019518,56019647
56019647,41.8679758338,-87.6509965748,1302040542.0,56019579,56019703
56019703,41.8681898587,-87.6510087061,1302040544.0,56019647,56019770
56019770,41.868391884,-87.6510200962,1302040546.0,56019703,56019833
56019833,41.8685789189,-87.6510303523,1302040548.0,56019770,56019919
56019919,41.8688069806,-87.6510459235,1302040551.0,56019833,56020233
56020233,41.869000957,-87.6510578237,1302040561.0,56019919,56020477
56020477,41.8691938036,-87.6510752811,1302040569.0,56020233,56020697
56020697,41.8693918368,-87.6510435047,1302040576.0,56020477,56020822
56020822,41.8694588318,-87.6507508842,1302040580.0,56020697,56020911
56020911,41.8694692399,-87.6504278122,1302040583.0,56020822,56020975
56020975,41.8694761682,-87.6501599531,1302040585.0,56020911,56021034
56021034,41.8694869046,-87.6498559816,1302040587.0,56020975,56021096
56021096,41.8694950842,-87.6495339896,1302040589.0,56021034,56021156
56021156,41.869502166,-87.6492189586,1302040591.0,56021096,56021228
56021228,41.8695041481,-87.6489389542,1302040593.0,56021156,56021322
56021322,41.8695059818,-87.6486260155,1302040596.0,56021228,56021922
56021922,41.869511729,-87.6483820073,1302040616.0,56021322,56022157
56022157,41.8695371617,-87.648111011,1302040624.0,56021922,56022312
56022312,41.8695514838,-87.6478190392,1302040629.0,56022157,56022444
56022444,41.8695603415,-87.647576019,1302040633.0,56022312,56022593
56022593,41.869558264,-87.6473066,1302040638.0,56022444,56022719
56022719,41.8693957286,-87.6471913091,1302040642.0,56022593,56022815
56022815,41.8692000697,-87.6471983753,1302040645.0,56022719,56022909
56022909,41.8689650914,-87.6471991404,1302040648.0,56022815,56022997
56022997,41.8687121056,-87.6471899528,1302040651.0,56022909,56023085
56023085,41.8684571082,-87.6471577352,1302040654.0,56022997,56023174
56023174,41.8682118838,-87.647132629,1302040657.0,56023085,56023273
56023273,41.8679788083,-87.6471329139,1302040660.0,56023174,56023377
56023377,41.8677819718,-87.647124125,1302040663.0,56023273,56023665
56023665,41.8676001873,-87.6471279235,1302040673.0,56023377,None
