109951308,41.862852071,-87.6468789951,1303154427.0,None,109951365
109951365,41.8626328934,-87.6468481251,1303154434.0,109951308,109951403
109951403,41.8624397716,-87.6468571288,1303154438.0,109951365,109951455
109951455,41.8623765471,-87.6471049142,1303154443.0,109951403,109951488
109951488,41.8623819187,-87.6473500459,1303154446.0,109951455,109951524
109951524,41.862386921,-87.6476749553,1303154449.0,109951488,109951560
109951560,41.8623926837,-87.648035927,1303154452.0,109951524,109951586
109951586,41.8623932541,-87.6482908704,1303154454.0,109951560,109951625
109951625,41.862401273,-87.6486028767,1303154457.0,109951586,109951677
109951677,41.8624126732,-87.6488759096,1303154461.0,109951625,109951720
109951720,41.8624167575,-87.6491938069,1303154464.0,109951677,109951747
109951747,41.862419064,-87.6494428924,1303154466.0,109951720,109951778
109951778,41.8624203429,-87.6497169195,1303154468.0,109951747,109951809
109951809,41.8624259607,-87.6499969855,1303154470.0,109951778,109951838
109951838,41.862429192,-87.6502649182,1303154472.0,109951809,109951886
109951886,41.8624430178,-87.6505681292,1303154475.0,109951838,109951981
109951981,41.8625256423,-87.6507968598,1303154481.0,109951886,109952067
109952067,41.8627369508,-87.6508266418,1303154486.0,109951981,109952117
109952117,41.8629389529,-87.6508342501,1303154489.0,109952067,109952172
109952172,41.8632088163,-87.6508489496,1303154492.0,109952117,109952226
109952226,41.863443921,-87.6508437827,1303154495.0,109952172,109952293
109952293,41.8636299295,-87.6508428809,1303154499.0,109952226,109952371
109952371,41.8638469084,-87.6508763767,1303154503.0,109952293,109952429
109952429,41.864084876,-87.6509002597,1303154506.0,109952371,109952467
109952467,41.864346978,-87.650902381,1303154509.0,109952429,109952531
109952531,41.8645788642,-87.6508922575,1303154512.0,109952467,109952627
109952627,41.8647788719,-87.6508975602,1303154517.0,109952531,109952732
109952732,41.8650128864,-87.6509289059,1303154522.0,109952627,109952788
109952788,41.8652619145,-87.6509477439,1303154525.0,109952732,109952829
109952829,41.8654639205,-87.6509590374,1303154527.0,109952788,109952871
109952871,41.8656849472,-87.6509703722,1303154529.0,109952829,109952911
109952911,41.8659209368,-87.6509783471,1303154531.0,109952871,109952955
109952955,41.866165912,-87.6509838081,1303154533.0,109952911,109953001
109953001,41.8664208949,-87.6509892566,1303154535.0,109952955,109953045
109953045,41.8666718238,-87.6509923837,1303154537.0,109953001,109953088
109953088,41.8668914931,-87.6509923355,1303154539.0,109953045,109953154
109953154,41.8671185015,-87.6510278038,1303154542.0,109953088,109953242
109953242,41.8672454579,-87.6512751127,1303154546.0,109953154,109953311
109953311,41.8672515042,-87.6515947792,1303154549.0,109953242,109953356
109953356,41.8672509106,-87.6518458064,1303154551.0,109953311,109953403
109953403,41.8672527984,-87.6521018267,1303154553.0,109953356,109953449
109953449,41.8672578747,-87.6523548944,1303154555.0,109953403,109953518
109953518,41.8672618066,-87.6526919278,1303154558.0,109953449,109953639
109953639,41.8672740535,-87.6529540053,1303154563.0,109953518,109954181
109954181,41.8673115156,-87.6532200665,1303154585.0,109953639,109954257
109954257,41.8673064106,-87.6535009944,1303154588.0,109954181,109954340
109954340,41.8673134495,-87.6538350178,1303154591.0,109954257,109954394
109954394,41.8673093953,-87.6540910055,1303154593.0,109954340,109954434
109954434,41.8673023791,-87.6543629921,1303154595.0,109954394,109954488
109954488,41.8672993497,-87.6546459706,1303154597.0,109954434,109954543
109954543,41.8672954014,-87.6549379526,1303154599.0,109954488,109954597
109954597,41.8672975405,-87.6552209539,1303154601.0,109954543,109954654
109954654,41.8673007281,-87.6554869696,1303154603.0,109954597,109954705
109954705,41.8673028547,-87.6557359782,1303154605.0,109954654,109954790
109954790,41.8673079472,-87.6560629978,1303154608.0,109954705,109954895
109954895,41.8673259376,-87.6563240197,1303154612.0,109954790,109955535
109955535,41.8673335283,-87.6565844187,1303154636.0,109954895,109955679
109955679,41.8675726022,-87.6566322441,1303154641.0,109955535,109955774
109955774,41.8678267879,-87.6566503455,1303154644.0,109955679,109955830
109955830,41.8680188154,-87.656653226,1303154646.0,109955774,109955879
109955879,41.8682217867,-87.656659051,1303154648.0,109955830,109955938
109955938,41.8684287929,-87.6566600222,1303154650.0,109955879,109955996
109955996,41.8686278593,-87.6566625883,1303154652.0,109955938,109956054
109956054,41.8688129425,-87.6566655846,1303154654.0,109955996,109956141
109956141,41.8690651241,-87.6566611791,1303154657.0,109956054,109956242
109956242,41.8692509231,-87.6566494788,1303154660.0,109956141,109956802
109956802,41.8694649813,-87.6566086786,1303154680.0,109956242,109956899
109956899,41.8696625689,-87.6566324787,1303154684.0,109956802,109956971
109956971,41.8698674771,-87.6566770583,1303154687.0,109956899,109957045
109957045,41.8701367025,-87.6567071744,1303154690.0,109956971,109957091
109957091,41.8703358291,-87.6567177941,1303154692.0,109957045,109957142
109957142,41.8705408277,-87.6567226671,1303154694.0,109957091,109957201
109957201,41.8707487561,-87.6567297964,1303154696.0,109957142,109957263
109957263,41.8709627202,-87.6567378586,1303154698.0,109957201,109957324
109957324,41.8711787299,-87.6567436856,1303154700.0,109957263,109957385
109957385,41.8713967339,-87.6567445747,1303154702.0,109957324,109957449
109957449,41.8716120489,-87.6567539596,1303154704.0,109957385,109957514
109957514,41.8718144086,-87.6567615172,1303154706.0,109957449,109957576
109957576,41.8720055265,-87.6567554367,1303154708.0,109957514,109957674
109957674,41.8722255138,-87.6567251451,1303154711.0,109957576,109957812
109957812,41.8724164218,-87.6567243236,1303154715.0,109957674,109957945
109957945,41.8726613979,-87.6567340562,1303154719.0,109957812,109958044
109958044,41.8728825344,-87.6567306874,1303154722.0,109957945,109958139
109958139,41.8731364132,-87.6567153554,1303154725.0,109958044,109958241
109958241,41.8733950485,-87.6566990119,1303154728.0,109958139,109958339
109958339,41.8736449387,-87.6567008227,1303154731.0,109958241,109958431
109958431,41.8738478835,-87.6567042298,1303154734.0,109958339,109958570
109958570,41.874033651,-87.6567124794,1303154738.0,109958431,109958746
109958746,41.8742072879,-87.6565943142,1303154743.0,109958570,109958851
109958851,41.8742412276,-87.6563548855,1303154746.0,109958746,109958947
109958947,41.8742542497,-87.6560206049,1303154749.0,109958851,109959011
109959011,41.8742572178,-87.6557555703,1303154751.0,109958947,109959074
109959074,41.8742631917,-87.6554766157,1303154753.0,109959011,109959131
109959131,41.8742661163,-87.6551896327,1303154755.0,109959074,109959202
109959202,41.874269131,-87.6548966589,1303154757.0,109959131,109959277
109959277,41.8742753606,-87.6545936267,1303154759.0,109959202,109959348
109959348,41.8742761746,-87.6542877295,1303154761.0,109959277,109959415
109959415,41.8742778484,-87.6539857361,1303154763.0,109959348,109959488
109959488,41.874282969,-87.6536867082,1303154765.0,109959415,109959558
109959558,41.8742874457,-87.6533947744,1303154767.0,109959488,109959622
109959622,41.8742904741,-87.6531078394,1303154769.0,109959558,109959689
109959689,41.8742943297,-87.6528338836,1303154771.0,109959622,109959756
109959756,41.8742986783,-87.6525818861,1303154773.0,109959689,109959860
109959860,41.8743070419,-87.6522987719,1303154776.0,109959756,109960079
109960079,41.8743083712,-87.6520416392,1303154782.0,109959860,109960255
109960255,41.8743098427,-87.6517597884,1303154787.0,109960079,109960351
109960351,41.8743098707,-87.6514781587,1303154790.0,109960255,109960446
109960446,41.8743154202,-87.651151178,1303154793.0,109960351,109960561
109960561,41.8743214948,-87.6508141248,1303154796.0,109960446,109960668
109960668,41.8743246594,-87.6504661427,1303154799.0,109960561,109960783
109960783,41.8743311706,-87.6501361153,1303154802.0,109960668,109960891
109960891,41.8743398804,-87.6498391191,1303154805.0,109960783,None
