61484232,41.8674627196,-87.6471025208,1303336801.0,None,61484321
61484321,41.8673208304,-87.6472882893,1303336807.0,61484232,61484364
61484364,41.8672828053,-87.6475758469,1303336810.0,61484321,61484414
61484414,41.8672420338,-87.647948814,1303336813.0,61484364,61484447
61484447,41.8672348408,-87.6482497571,1303336815.0,61484414,61484478
61484478,41.8672223986,-87.6485717188,1303336817.0,61484447,61484511
61484511,41.8672133198,-87.6489027131,1303336819.0,61484478,61484546
61484546,41.8672114851,-87.64921961,1303336821.0,61484511,61484581
61484581,41.8672140831,-87.6495306623,1303336823.0,61484546,61484614
61484614,41.8672111354,-87.6498397403,1303336825.0,61484581,61484648
61484648,41.8672047344,-87.6501247778,1303336827.0,61484614,61484684
61484684,41.8672008194,-87.6503678379,1303336829.0,61484648,61484737
61484737,41.8671940736,-87.650632751,1303336832.0,61484684,61485000
61485000,41.8671800352,-87.6509006766,1303336846.0,61484737,61485063
61485063,41.8671710975,-87.6511862818,1303336849.0,61485000,61485119
61485119,41.8671580196,-87.6515505999,1303336852.0,61485063,61485155
61485155,41.8671528512,-87.6518302975,1303336854.0,61485119,61485196
61485196,41.8671503308,-87.6521169391,1303336856.0,61485155,61485242
61485242,41.8671466621,-87.6524168911,1303336858.0,61485196,61485277
61485277,41.8671428454,-87.6527358543,1303336860.0,61485242,61485311
61485311,41.8671393822,-87.6530668111,1303336862.0,61485277,61485355
61485355,41.867131855,-87.6534057713,1303336864.0,61485311,61485398
61485398,41.8671228474,-87.6537509337,1303336866.0,61485355,61485444
61485444,41.867114386,-87.6540970105,1303336868.0,61485398,61485489
61485489,41.8671072513,-87.6544430386,1303336870.0,61485444,61485520
61485520,41.8670962708,-87.6547702518,1303336872.0,61485489,61485563
61485563,41.8670861268,-87.6550873333,1303336874.0,61485520,61485603
61485603,41.8670849948,-87.655388185,1303336876.0,61485563,61485620
61485620,41.8670829371,-87.6556500971,1303336878.0,61485603,61485667
61485667,41.867079716,-87.655976996,1303336881.0,61485620,61485741
61485741,41.8670754978,-87.6562390659,1303336885.0,61485667,61486042
61486042,41.8670699741,-87.6565284382,1303336899.0,61485741,61486110
61486110,41.8670695469,-87.6568139868,1303336902.0,61486042,61486156
61486156,41.8670669361,-87.6570650381,1303336904.0,61486110,61486208
61486208,41.8670621776,-87.6573550426,1303336906.0,61486156,61486256
61486256,41.8670569624,-87.6576740868,1303336908.0,61486208,61486301
61486301,41.8670502998,-87.6579980485,1303336910.0,61486256,61486349
61486349,41.8670437993,-87.6583360957,1303336912.0,61486301,61486400
61486400,41.8670388799,-87.6586740657,1303336914.0,61486349,61486444
61486444,41.8670344726,-87.6590190533,1303336916.0,61486400,61486479
61486479,41.8670297265,-87.6593680306,1303336918.0,61486444,61486523
61486523,41.8670250948,-87.6597169798,1303336920.0,61486479,61486584
61486584,41.8670187419,-87.6600530192,1303336922.0,61486523,61486638
61486638,41.8670131018,-87.6603460165,1303336924.0,61486584,61486692
61486692,41.8670075329,-87.6605940113,1303336926.0,61486638,61486764
61486764,41.8670008261,-87.6608791035,1303336929.0,61486692,61486885
61486885,41.8669946789,-87.6611791193,1303336934.0,61486764,61486972
61486972,41.8669945568,-87.6614411017,1303336937.0,61486885,61487057
61487057,41.8669928427,-87.6618040809,1303336940.0,61486972,61487106
61487106,41.8669887044,-87.6620949741,1303336942.0,61487057,61487157
61487157,41.8669828698,-87.6624090223,1303336944.0,61487106,61487209
61487209,41.8669784989,-87.6627390256,1303336946.0,61487157,61487261
61487261,41.8669732234,-87.6630730338,1303336948.0,61487209,61487320
61487320,41.8669665203,-87.6634170394,1303336950.0,61487261,61487378
61487378,41.8669617528,-87.6637650315,1303336952.0,61487320,61487435
61487435,41.8669544076,-87.664108044,1303336954.0,61487378,61487487
61487487,41.8669500224,-87.6644390252,1303336956.0,61487435,61487544
61487544,41.8669452735,-87.6647540307,1303336958.0,61487487,61487598
61487598,41.86694186,-87.6650350597,1303336960.0,61487544,61487650
61487650,41.8669386574,-87.6652980713,1303336962.0,61487598,61487733
61487733,41.8669336677,-87.665630069,1303336965.0,61487650,61487842
61487842,41.866934818,-87.6659010088,1303336969.0,61487733,61488291
61488291,41.8669387169,-87.666213098,1303336985.0,61487842,61488375
61488375,41.8669371807,-87.6665253882,1303336988.0,61488291,61488431
61488431,41.8669387173,-87.6667829731,1303336990.0,61488375,61488494
61488494,41.8669378809,-87.66707399,1303336992.0,61488431,61488558
61488558,41.8669383412,-87.6673950495,1303336994.0,61488494,61488615
61488615,41.8669430672,-87.6677200999,1303336996.0,61488558,61488681
61488681,41.8669462799,-87.6680251309,1303336998.0,61488615,61488735
61488735,41.8669467446,-87.6682991114,1303337000.0,61488681,61488817
61488817,41.8669503849,-87.6685749739,1303337003.0,61488735,61489247
61489247,41.8669809269,-87.6688241784,1303337017.0,61488817,61489395
61489395,41.8672040407,-87.6689123238,1303337022.0,61489247,61489487
61489487,41.8674440374,-87.6689171442,1303337025.0,61489395,61489550
61489550,41.8676360006,-87.6689184577,1303337027.0,61489487,61489596
61489596,41.8678269666,-87.6689206186,1303337029.0,61489550,61489658
61489658,41.8680179392,-87.6689245665,1303337031.0,61489596,61489727
61489727,41.8682089026,-87.6689317329,1303337033.0,61489658,61489792
61489792,41.8684029159,-87.6689362279,1303337035.0,61489727,61489854
61489854,41.8685829533,-87.6689492136,1303337037.0,61489792,61489958
61489958,41.8688341071,-87.6689571993,1303337040.0,61489854,61490051
61490051,41.8690291129,-87.6689619179,1303337043.0,61489958,61490439
61490439,41.8692294311,-87.6690144928,1303337055.0,61490051,61490607
61490607,41.8692829324,-87.6692540586,1303337060.0,61490439,61490744
61490744,41.8692665746,-87.6695515707,1303337064.0,61490607,61490842
61490842,41.869275147,-87.6698081507,1303337067.0,61490744,61490941
61490941,41.8692782523,-87.6701039003,1303337070.0,61490842,61491024
61491024,41.8692928853,-87.6703869255,1303337073.0,61490941,61491133
61491133,41.8693043378,-87.6706872001,1303337076.0,61491024,61491255
61491255,41.8693334144,-87.6709884454,1303337080.0,61491133,61491537
61491537,41.8692926996,-87.6712317607,1303337088.0,61491255,61491911
61491911,41.8693342879,-87.6714752314,1303337099.0,61491537,61492013
61492013,41.8693244898,-87.671753808,1303337102.0,61491911,61492124
61492124,41.8693111655,-87.6720689635,1303337105.0,61492013,61492226
61492226,41.8692991131,-87.6723810791,1303337108.0,61492124,61492339
61492339,41.8692899978,-87.6726809903,1303337111.0,61492226,61492475
61492475,41.8692777696,-87.6729741721,1303337115.0,61492339,61492720
61492720,41.8693053825,-87.6732209634,1303337122.0,61492475,61492864
61492864,41.8695308265,-87.6732459596,1303337126.0,61492720,61492968
61492968,41.8697299992,-87.6732191595,1303337129.0,61492864,61493074
61493074,41.8699310211,-87.673172457,1303337132.0,61492968,61493226
61493226,41.8701359115,-87.6731760657,1303337136.0,61493074,61493340
61493340,41.8703149442,-87.6732090614,1303337139.0,61493226,61493440
61493440,41.8705219798,-87.6731959977,1303337142.0,61493340,61493552
61493552,41.8707189487,-87.6732032321,1303337145.0,61493440,61493663
61493663,41.8709279975,-87.6731928412,1303337148.0,61493552,61493769
61493769,41.8711150048,-87.6732156535,1303337151.0,61493663,61493880
61493880,41.8712541211,-87.6733868938,1303337154.0,61493769,61494029
61494029,41.8713685358,-87.673581325,1303337158.0,61493880,None
