33189364,41.8747769809,-87.6439548237,1302297608.0,None,33189437
33189437,41.874549901,-87.643939057,1302297620.0,33189364,33189492
33189492,41.8743721799,-87.644026894,1302297625.0,33189437,33189563
33189563,41.8743592114,-87.6442970123,1302297630.0,33189492,33189632
33189632,41.8743484036,-87.6446210371,1302297634.0,33189563,33189683
33189683,41.874343388,-87.6449200201,1302297637.0,33189632,33189740
33189740,41.8743414533,-87.6452810313,1302297640.0,33189683,33189781
33189781,41.8743375684,-87.6455280251,1302297642.0,33189740,33189841
33189841,41.8743337138,-87.6458610425,1302297645.0,33189781,33189903
33189903,41.8743347567,-87.6461490426,1302297648.0,33189841,33189991
33189991,41.8743367326,-87.6464600222,1302297652.0,33189903,33190078
33190078,41.8743436094,-87.6467050474,1302297656.0,33189991,33190500
33190500,41.8743472258,-87.6469959726,1302297682.0,33190078,33190530
33190530,41.8743652098,-87.6473186197,1302297686.0,33190500,33190555
33190555,41.8744016857,-87.6476503454,1302297689.0,33190530,33190573
33190573,41.8744264188,-87.6479003292,1302297691.0,33190555,33190592
33190592,41.8744520952,-87.6481656442,1302297693.0,33190573,33190612
33190612,41.8744748154,-87.6484235859,1302297695.0,33190592,33190632
33190632,41.8744783828,-87.6486681331,1302297697.0,33190612,33190665
33190665,41.8744673518,-87.6490113204,1302297700.0,33190632,33190694
33190694,41.8744578302,-87.649291398,1302297703.0,33190665,33190754
33190754,41.8744469114,-87.6495745261,1302297708.0,33190694,33190819
33190819,41.8744408324,-87.6498943962,1302297713.0,33190754,33190860
33190860,41.8744356979,-87.650199214,1302297716.0,33190819,33190902
33190902,41.8744276606,-87.6505602533,1302297719.0,33190860,33190930
33190930,41.8744210837,-87.6508263519,1302297721.0,33190902,33190955
33190955,41.8744195352,-87.6511143919,1302297723.0,33190930,33190986
33190986,41.8744163254,-87.6514164612,1302297725.0,33190955,33191016
33191016,41.8744122861,-87.6517275123,1302297727.0,33190986,33191047
33191047,41.8744072011,-87.6520463832,1302297729.0,33191016,33191078
33191078,41.8743994524,-87.6523721683,1302297731.0,33191047,33191111
33191111,41.8743935645,-87.6527061991,1302297733.0,33191078,33191143
33191143,41.8743879413,-87.6530423168,1302297735.0,33191111,33191176
33191176,41.8743819424,-87.653380407,1302297737.0,33191143,33191209
33191209,41.8743734564,-87.6537173966,1302297739.0,33191176,33191244
33191244,41.87436503,-87.6540443614,1302297741.0,33191209,33191278
33191278,41.8743590827,-87.6543613196,1302297743.0,33191244,33191311
33191311,41.8743531411,-87.6546663977,1302297745.0,33191278,33191346
33191346,41.8743495983,-87.6549674102,1302297747.0,33191311,33191382
33191382,41.8743455554,-87.6552554094,1302297749.0,33191346,33191415
33191415,41.8743384146,-87.6555174,1302297751.0,33191382,33191471
33191471,41.8743312999,-87.6558583313,1302297754.0,33191415,33191530
33191530,41.8743220207,-87.6561463645,1302297757.0,33191471,33191601
33191601,41.8743222342,-87.6563953265,1302297761.0,33191530,33192003
33192003,41.8743127536,-87.6566644576,1302297781.0,33191601,33192079
33192079,41.874303668,-87.6569962271,1302297785.0,33192003,33192128
33192128,41.874298486,-87.6573251797,1302297788.0,33192079,33192167
33192167,41.8742951928,-87.6575733041,1302297790.0,33192128,33192209
33192209,41.8742925427,-87.6578393237,1302297792.0,33192167,33192242
33192242,41.8742894931,-87.6581093046,1302297794.0,33192209,33192282
33192282,41.8742845271,-87.6583842537,1302297796.0,33192242,33192301
33192301,41.8742805496,-87.6586641934,1302297798.0,33192282,33192334
33192334,41.8742756437,-87.6589461821,1302297800.0,33192301,33192366
33192366,41.8742698047,-87.6592032055,1302297802.0,33192334,33192421
33192421,41.8742666047,-87.6595531833,1302297805.0,33192366,33192462
33192462,41.8742635296,-87.6598051878,1302297807.0,33192421,33192508
33192508,41.8742604662,-87.6600701892,1302297809.0,33192462,33192560
33192560,41.8742564425,-87.6603451846,1302297811.0,33192508,33192611
33192611,41.8742515539,-87.6606242062,1302297813.0,33192560,33192654
33192654,41.8742491382,-87.660908204,1302297815.0,33192611,33192702
33192702,41.874245187,-87.6611962571,1302297817.0,33192654,33192746
33192746,41.8742418807,-87.6614862175,1302297819.0,33192702,33192794
33192794,41.8742375888,-87.6617751432,1302297821.0,33192746,33192844
33192844,41.8742324962,-87.6620642219,1302297823.0,33192794,33192898
33192898,41.8742274464,-87.662357185,1302297825.0,33192844,33192948
33192948,41.8742214855,-87.6626521758,1302297827.0,33192898,33192994
33192994,41.8742165256,-87.6629471039,1302297829.0,33192948,33193038
33193038,41.8742171531,-87.6632389307,1302297831.0,33192994,33193086
33193086,41.8742210343,-87.6635278016,1302297833.0,33193038,33193135
33193135,41.8742241153,-87.6638137152,1302297835.0,33193086,33193173
33193173,41.8742280784,-87.6640946979,1302297837.0,33193135,33193224
33193224,41.8742320716,-87.6643676831,1302297839.0,33193173,33193278
33193278,41.8742396266,-87.6646356955,1302297841.0,33193224,33193332
33193332,41.8742480576,-87.6649027382,1302297843.0,33193278,33193384
33193384,41.8742500369,-87.6651568464,1302297845.0,33193332,33193462
33193462,41.874244304,-87.6655090271,1302297848.0,33193384,33193531
33193531,41.874240828,-87.6658331376,1302297851.0,33193462,33193610
33193610,41.8742338496,-87.6660931569,1302297854.0,33193531,33193715
33193715,41.8742346996,-87.6663384377,1302297858.0,33193610,33193822
33193822,41.8742401119,-87.666616186,1302297862.0,33193715,33193896
33193896,41.8742426214,-87.6668869274,1302297865.0,33193822,33193975
33193975,41.8742344278,-87.6671547438,1302297868.0,33193896,33194116
33194116,41.8742379728,-87.6674026451,1302297873.0,33193975,33194219
33194219,41.874199717,-87.6676858612,1302297877.0,33194116,33194299
33194299,41.874204003,-87.6679988727,1302297880.0,33194219,33194383
33194383,41.8741924414,-87.6683570327,1302297883.0,33194299,33194466
33194466,41.8741878146,-87.6687061659,1302297886.0,33194383,33194553
33194553,41.8742021596,-87.6689687159,1302297889.0,33194466,33194686
33194686,41.8740841212,-87.6691786735,1302297894.0,33194553,33194798
33194798,41.8738928816,-87.6692206695,1302297898.0,33194686,33194891
33194891,41.873691954,-87.6692251774,1302297901.0,33194798,33194974
33194974,41.8734690016,-87.6692133979,1302297904.0,33194891,33195053
33195053,41.8732679863,-87.6692133851,1302297907.0,33194974,33195203
33195203,41.8730639845,-87.6692248983,1302297912.0,33195053,33195327
33195327,41.8728803187,-87.6691970583,1302297916.0,33195203,33195419
33195419,41.872674145,-87.6691546826,1302297919.0,33195327,33195475
33195475,41.8725060978,-87.669024568,1302297921.0,33195419,33195534
33195534,41.8723380534,-87.6688894458,1302297923.0,33195475,33195620
33195620,41.8721190011,-87.6689109168,1302297926.0,33195534,33195752
33195752,41.8718961397,-87.6689470723,1302297930.0,33195620,33195936
33195936,41.8717072699,-87.6690067811,1302297936.0,33195752,33196059
33196059,41.8715059483,-87.6690173557,1302297940.0,33195936,33196175
33196175,41.8712685072,-87.6690150928,1302297944.0,33196059,33196299
33196299,41.8710564876,-87.669018039,1302297948.0,33196175,None
