43398587,41.8669707548,-87.6614793316,1303946033.0,None,43398720
43398720,41.8669696238,-87.66172133,1303946037.0,43398587,43398821
43398821,41.8669654027,-87.6620132993,1303946040.0,43398720,43398915
43398915,41.8669624856,-87.6623773026,1303946043.0,43398821,43398981
43398981,41.8669613043,-87.6626532734,1303946045.0,43398915,43399051
43399051,41.8669586073,-87.6629432538,1303946047.0,43398981,43399117
43399117,41.866954337,-87.6632393077,1303946049.0,43399051,43399189
43399189,41.8669498976,-87.6635272862,1303946051.0,43399117,43399257
43399257,41.8669454609,-87.6638142703,1303946053.0,43399189,43399329
43399329,41.8669412153,-87.6640982463,1303946055.0,43399257,43399384
43399384,41.8669364624,-87.6643742087,1303946057.0,43399329,43399436
43399436,41.8669319541,-87.6646402201,1303946059.0,43399384,43399507
43399507,41.8669281321,-87.6648842673,1303946061.0,43399436,43399616
43399616,41.8669239004,-87.6652222417,1303946064.0,43399507,43399716
43399716,41.8669209743,-87.6655172183,1303946067.0,43399616,43399864
43399864,41.8669162422,-87.6657821619,1303946071.0,43399716,43400530
43400530,41.8669130422,-87.6660410772,1303946090.0,43399864,43400682
43400682,41.8669084921,-87.6663071887,1303946094.0,43400530,43400736
43400736,41.8669086055,-87.6665921577,1303946097.0,43400682,43400845
43400845,41.8669113421,-87.6669140287,1303946100.0,43400736,43400948
43400948,41.8669081915,-87.6672290942,1303946103.0,43400845,43401058
43401058,41.8669048246,-87.6675069684,1303946106.0,43400948,43401171
43401171,41.8669032503,-87.667765806,1303946109.0,43401058,43401271
43401271,41.8668997396,-87.6680347228,1303946112.0,43401171,43401377
43401377,41.8669025233,-87.6682907416,1303946115.0,43401271,43401486
43401486,41.866921724,-87.6685645416,1303946118.0,43401377,43401627
43401627,41.8669474731,-87.6688511924,1303946122.0,43401486,43401780
43401780,41.86712289,-87.668931574,1303946126.0,43401627,43401888
43401888,41.8673061412,-87.6689350684,1303946129.0,43401780,43401990
43401990,41.8675390732,-87.668938059,1303946132.0,43401888,43402081
43402081,41.8678100589,-87.6689427671,1303946135.0,43401990,43402148
43402148,41.8680000545,-87.6689463166,1303946137.0,43402081,43402221
43402221,41.8681910344,-87.6689520542,1303946139.0,43402148,43402292
43402292,41.8683741035,-87.6689588236,1303946141.0,43402221,43402405
43402405,41.8686301249,-87.6689675813,1303946144.0,43402292,43402497
43402497,41.8688641464,-87.6689689057,1303946147.0,43402405,43402627
43402627,41.8690653233,-87.6689714052,1303946151.0,43402497,43402912
43402912,41.8692346911,-87.6690948499,1303946159.0,43402627,43403054
43403054,41.869246114,-87.6693574759,1303946163.0,43402912,43403167
43403167,41.8692282727,-87.6696107305,1303946166.0,43403054,43403268
43403268,41.8692067459,-87.6698991518,1303946169.0,43403167,43403383
43403383,41.86920157,-87.6701939785,1303946172.0,43403268,43403495
43403495,41.8692104593,-87.6704860548,1303946175.0,43403383,43403605
43403605,41.8692114847,-87.6707897604,1303946178.0,43403495,43403692
43403692,41.8692088657,-87.6710735727,1303946181.0,43403605,43403866
43403866,41.8691900299,-87.6713449679,1303946188.0,43403692,43403989
43403989,41.8691708354,-87.6716006528,1303946192.0,43403866,43404125
43404125,41.8691625982,-87.6719070529,1303946196.0,43403989,43404227
43404227,41.8691743849,-87.6722601112,1303946199.0,43404125,43404300
43404300,41.8691665363,-87.6725251574,1303946201.0,43404227,43404375
43404375,41.8691596085,-87.6727782618,1303946203.0,43404300,43404474
43404474,41.8691562528,-87.673126106,1303946206.0,43404375,43404568
43404568,41.8691549276,-87.6733830358,1303946209.0,43404474,43404827
43404827,41.8691453492,-87.6736438005,1303946216.0,43404568,43404978
43404978,41.8691442945,-87.6739334342,1303946220.0,43404827,43405097
43405097,41.8691384292,-87.6742442772,1303946223.0,43404978,43405193
43405193,41.8691328064,-87.6746002283,1303946226.0,43405097,43405289
43405289,41.8691271549,-87.6749272408,1303946229.0,43405193,43405399
43405399,41.8691311259,-87.6752381486,1303946232.0,43405289,43405510
43405510,41.869138797,-87.6755348646,1303946235.0,43405399,43405670
43405670,41.8691515385,-87.67579415,1303946239.0,43405510,43406206
43406206,41.869151958,-87.6760742868,1303946256.0,43405670,43406315
43406315,41.8691351692,-87.6763313413,1303946259.0,43406206,43406429
43406429,41.8691129086,-87.6766552929,1303946262.0,43406315,43406504
43406504,41.8691012953,-87.6769092031,1303946264.0,43406429,43406571
43406571,41.8690972088,-87.6771811233,1303946266.0,43406504,43406640
43406640,41.8690921077,-87.677448137,1303946268.0,43406571,43406718
43406718,41.8690880036,-87.6777041128,1303946270.0,43406640,43406793
43406793,41.8690876991,-87.6779541104,1303946272.0,43406718,43406871
43406871,41.8690836063,-87.6782001382,1303946274.0,43406793,43406952
43406952,41.869079624,-87.6784461402,1303946276.0,43406871,43407024
43407024,41.8690793798,-87.6787011176,1303946278.0,43406952,43407101
43407101,41.8690771924,-87.6789590942,1303946280.0,43407024,43407173
43407173,41.8690732375,-87.6792100719,1303946282.0,43407101,43407244
43407244,41.8690692037,-87.6794641082,1303946284.0,43407173,43407310
43407310,41.8690663264,-87.6797120875,1303946286.0,43407244,43407416
43407416,41.8690648189,-87.6800250637,1303946289.0,43407310,43407611
43407611,41.8690719352,-87.680323231,1303946294.0,43407416,43407755
43407755,41.8690767369,-87.6806440782,1303946298.0,43407611,43407865
43407865,41.8690753807,-87.680974196,1303946301.0,43407755,43407895
43407895,41.8690746608,-87.6812272325,1303946303.0,43407865,43407967
43407967,41.8690705928,-87.6814901877,1303946305.0,43407895,43408040
43408040,41.8690605219,-87.6817572115,1303946307.0,43407967,43408112
43408112,41.8690523792,-87.6820221534,1303946309.0,43408040,43408179
43408179,41.8690454842,-87.6822871651,1303946311.0,43408112,43408254
43408254,41.8690420284,-87.6825441283,1303946313.0,43408179,43408333
43408333,41.8690378715,-87.6827890835,1303946315.0,43408254,43408443
43408443,41.8690388213,-87.6831320061,1303946318.0,43408333,43408552
43408552,41.8690489737,-87.6833870136,1303946321.0,43408443,43409382
43409382,41.8690414632,-87.6836321568,1303946345.0,43408552,43409530
43409530,41.8690271565,-87.6838898788,1303946349.0,43409382,43409639
43409639,41.8690139421,-87.684163915,1303946352.0,43409530,43409755
43409755,41.8690106823,-87.6844240622,1303946355.0,43409639,43409870
43409870,41.8690019871,-87.6847171422,1303946359.0,43409755,43410159
43410159,41.868998831,-87.6850278999,1303946367.0,43409870,43410272
43410272,41.8689974891,-87.6852950111,1303946370.0,43410159,43410377
43410377,41.8689923053,-87.6855829958,1303946373.0,43410272,43410487
43410487,41.8689953974,-87.6858757744,1303946377.0,43410377,43410505
43410505,41.8690979795,-87.6860767556,1303946382.0,43410487,43410549
43410549,41.8692992032,-87.6860728288,1303946389.0,43410505,43410573
43410573,41.8694851462,-87.6860720073,1303946392.0,43410549,43410599
43410599,41.8697321133,-87.6860805537,1303946395.0,43410573,43410617
43410617,41.8699180835,-87.686086979,1303946397.0,43410599,43410637
43410637,41.8701040829,-87.6860969746,1303946399.0,43410617,43410667
43410667,41.8703641007,-87.6861079586,1303946402.0,43410637,43410700
43410700,41.8706071305,-87.6861180992,1303946405.0,43410667,43410734
43410734,41.8708281662,-87.6861233268,1303946408.0,43410700,43410769
43410769,41.8710442428,-87.6861286894,1303946411.0,43410734,43410806
43410806,41.8712651723,-87.6861350926,1303946414.0,43410769,43410845
43410845,41.8715031834,-87.6861470693,1303946417.0,43410806,43410885
43410885,41.8717641171,-87.6861540881,1303946420.0,43410845,43410913
43410913,41.8719500637,-87.6861578171,1303946422.0,43410885,43410941
43410941,41.8721350082,-87.6861584038,1303946424.0,43410913,43410969
43410969,41.8723179599,-87.6861552088,1303946426.0,43410941,43411008
43411008,41.8725769585,-87.6861583126,1303946429.0,43410969,43411055
43411055,41.8728189497,-87.6861626232,1303946432.0,43411008,43411098
43411098,41.8730549843,-87.6861681263,1303946435.0,43411055,43411147
43411147,41.873251938,-87.6861687196,1303946438.0,43411098,43411211
43411211,41.8734329251,-87.6861667794,1303946442.0,43411147,43411466
43411466,41.8736374504,-87.6861555075,1303946457.0,43411211,43411596
43411596,41.8738225544,-87.6861391819,1303946464.0,43411466,43411712
43411712,41.8739029393,-87.6859227875,1303946470.0,43411596,43411790
43411790,41.8738976855,-87.6855890108,1303946474.0,43411712,43411850
43411850,41.8739039238,-87.6852620588,1303946477.0,43411790,43411911
43411911,41.8739108341,-87.6849170913,1303946480.0,43411850,43411976
43411976,41.8739218635,-87.6845790337,1303946483.0,43411911,43412035
43412035,41.8739234121,-87.6842629647,1303946486.0,43411976,43412078
43412078,41.8739277701,-87.6839739792,1303946489.0,43412035,43412149
43412149,41.8739317642,-87.6836929321,1303946492.0,43412078,43412215
43412215,41.8739351584,-87.6833730405,1303946495.0,43412149,43412271
43412271,41.8739378837,-87.6830390545,1303946498.0,43412215,43412315
43412315,41.8739387293,-87.6827970713,1303946500.0,43412271,43412360
43412360,41.8739417995,-87.6825450466,1303946502.0,43412315,43412406
43412406,41.8739446955,-87.6823000401,1303946504.0,43412360,43412474
43412474,41.8739483796,-87.6819561006,1303946507.0,43412406,43412539
43412539,41.8739514918,-87.6816531751,1303946510.0,43412474,43412696
43412696,41.8739590274,-87.6813890917,1303946517.0,43412539,43412767
43412767,41.8739669532,-87.6810930289,1303946521.0,43412696,43412843
43412843,41.8739736177,-87.6807780925,1303946524.0,43412767,43412917
43412917,41.8739758949,-87.6804301372,1303946527.0,43412843,43412982
43412982,41.8739792559,-87.6800661369,1303946530.0,43412917,43413025
43413025,41.8739831833,-87.6798070986,1303946532.0,43412982,43413080
43413080,41.8739804405,-87.6795490954,1303946534.0,43413025,43413135
43413135,41.8739809114,-87.6792861404,1303946536.0,43413080,43413187
43413187,41.8739832371,-87.6790221405,1303946538.0,43413135,43413241
43413241,41.8739872275,-87.6787591395,1303946540.0,43413187,43413285
43413285,41.873993823,-87.6784961322,1303946542.0,43413241,43413331
43413331,41.8739977639,-87.6782341291,1303946544.0,43413285,43413381
43413381,41.874000914,-87.6779711346,1303946546.0,43413331,None
