89553768,41.8691370424,-87.6468887532,1302282207.0,None,89553983
89553983,41.8693241084,-87.6468998163,1302282218.0,89553768,89554079
89554079,41.8695397561,-87.6468931374,1302282222.0,89553983,89554137
89554137,41.869789564,-87.6468899845,1302282225.0,89554079,89554177
89554177,41.8699860964,-87.6468938783,1302282227.0,89554137,89554221
89554221,41.8702051336,-87.6468963743,1302282229.0,89554177,89554269
89554269,41.8704211482,-87.6469036444,1302282231.0,89554221,89554318
89554318,41.8706240915,-87.6469126218,1302282233.0,89554269,89554369
89554369,41.8708811051,-87.6469206736,1302282236.0,89554318,89554424
89554424,41.8710851051,-87.6469266884,1302282239.0,89554369,89554493
89554493,41.8712731036,-87.6469325819,1302282243.0,89554424,89554631
89554631,41.8714680535,-87.646912446,1302282250.0,89554493,89555303
89555303,41.871663986,-87.6469198455,1302282279.0,89554631,89555736
89555736,41.8718460848,-87.646942649,1302282296.0,89555303,89555848
89555848,41.872086153,-87.6469536735,1302282301.0,89555736,89555929
89555929,41.8723481111,-87.6469660537,1302282304.0,89555848,89555984
89555984,41.8725600646,-87.6469721422,1302282306.0,89555929,89556042
89556042,41.872785107,-87.6469818519,1302282308.0,89555984,89556092
89556092,41.8729970949,-87.6470019399,1302282310.0,89556042,89556144
89556144,41.8731801241,-87.6470244871,1302282312.0,89556092,89556219
89556219,41.873425139,-87.6470530887,1302282315.0,89556144,89556298
89556298,41.8736411589,-87.6470803939,1302282318.0,89556219,89556382
89556382,41.8738261394,-87.6471022907,1302282321.0,89556298,89556549
89556549,41.87401687,-87.6471191514,1302282327.0,89556382,89557292
89557292,41.8742047001,-87.6471375123,1302282353.0,89556549,89557443
89557443,41.874361285,-87.6472940003,1302282358.0,89557292,89557555
89557555,41.8744101009,-87.6476308044,1302282362.0,89557443,89557620
89557620,41.8744345625,-87.6478748138,1302282364.0,89557555,89557679
89557679,41.8744571057,-87.6481478721,1302282366.0,89557620,89557736
89557736,41.8744732715,-87.6484325881,1302282368.0,89557679,89557795
89557795,41.8744825252,-87.648727166,1302282370.0,89557736,89557855
89557855,41.8744798865,-87.6490222263,1302282372.0,89557795,89557924
89557924,41.8744738345,-87.6493392374,1302282374.0,89557855,89557979
89557979,41.8744700556,-87.6496722624,1302282376.0,89557924,89558045
89558045,41.8744670194,-87.6500090922,1302282378.0,89557979,89558108
89558108,41.8744630127,-87.6503480232,1302282380.0,89558045,89558167
89558167,41.8744615333,-87.6506680183,1302282382.0,89558108,89558219
89558219,41.8744582964,-87.6509420936,1302282384.0,89558167,89558297
89558297,41.874461208,-87.6512590996,1302282387.0,89558219,89559166
89559166,41.8744592251,-87.6515100667,1302282414.0,89558297,89559302
89559302,41.874433881,-87.6517702093,1302282418.0,89559166,89559371
89559371,41.8744186255,-87.6521052131,1302282421.0,89559302,89559445
89559445,41.8744116861,-87.6523741016,1302282423.0,89559371,89559512
89559512,41.8744066059,-87.6526731133,1302282425.0,89559445,89559579
89559579,41.8743994662,-87.65299321,1302282427.0,89559512,89559647
89559647,41.8743935368,-87.6533153192,1302282429.0,89559579,89559714
89559714,41.8743875124,-87.6536262518,1302282431.0,89559647,89559773
89559773,41.8743808583,-87.6539182615,1302282433.0,89559714,89559839
89559839,41.874375921,-87.654190221,1302282435.0,89559773,89559904
89559904,41.8743694618,-87.6544562484,1302282437.0,89559839,89559975
89559975,41.874366176,-87.6547332809,1302282439.0,89559904,89560049
89560049,41.8743625899,-87.6550242937,1302282441.0,89559975,89560111
89560111,41.8743606595,-87.655320255,1302282443.0,89560049,89560186
89560186,41.8743626738,-87.6556101515,1302282445.0,89560111,89560248
89560248,41.8743673281,-87.6558860658,1302282447.0,89560186,89560343
89560343,41.8743714944,-87.6562080109,1302282450.0,89560248,89560471
89560471,41.8743828364,-87.6564671056,1302282454.0,89560343,89561306
89561306,41.8743947707,-87.6567799157,1302282479.0,89560471,89561416
89561416,41.8743884839,-87.6570709355,1302282482.0,89561306,89561525
89561525,41.8743778614,-87.6573389766,1302282485.0,89561416,89562207
89562207,41.8743547418,-87.6576379563,1302282504.0,89561525,89562304
89562304,41.8743310536,-87.6579140638,1302282507.0,89562207,89562415
89562415,41.8743204163,-87.6582840373,1302282510.0,89562304,89562485
89562485,41.8743151947,-87.6585670292,1302282512.0,89562415,89562564
89562564,41.8743117303,-87.6588680131,1302282514.0,89562485,89562638
89562638,41.8743059796,-87.6591770147,1302282516.0,89562564,89562710
89562710,41.8743010188,-87.6595000012,1302282518.0,89562638,89562766
89562766,41.8742943945,-87.6598260256,1302282520.0,89562710,89562844
89562844,41.8742934161,-87.660155995,1302282522.0,89562766,89562922
89562922,41.8742893304,-87.6604740065,1302282524.0,89562844,89562994
89562994,41.8742851903,-87.6607640059,1302282526.0,89562922,89563067
89563067,41.8742834811,-87.6610159787,1302282528.0,89562994,89563166
89563166,41.8742783336,-87.6613069842,1302282531.0,89563067,89563381
89563381,41.8742702003,-87.6615679991,1302282537.0,89563166,89563529
89563529,41.8742645471,-87.6618789482,1302282541.0,89563381,89563649
89563649,41.874259241,-87.6622440099,1302282544.0,89563529,89563726
89563726,41.8742551154,-87.6625299976,1302282546.0,89563649,89563794
89563794,41.8742491859,-87.6628419854,1302282548.0,89563726,89563864
89563864,41.8742469671,-87.6631799518,1302282550.0,89563794,89563935
89563935,41.8742498294,-87.6635169297,1302282552.0,89563864,89564004
89564004,41.8742589184,-87.6638529383,1302282554.0,89563935,89564055
89564055,41.8742683078,-87.6641839529,1302282556.0,89564004,89564107
89564107,41.8742804589,-87.6645129859,1302282558.0,89564055,89564173
89564173,41.8742858075,-87.6648329916,1302282560.0,89564107,89564246
89564246,41.874289907,-87.6651419389,1302282562.0,89564173,89564315
89564315,41.8742890587,-87.6654118977,1302282564.0,89564246,89564405
89564405,41.8742851841,-87.6657428132,1302282567.0,89564315,89564489
89564489,41.8742767392,-87.6659928843,1302282570.0,89564405,89565299
89565299,41.8742766424,-87.6662361111,1302282593.0,89564489,89565489
89565489,41.8742599738,-87.6665091729,1302282598.0,89565299,89565634
89565634,41.8742460617,-87.6667840719,1302282602.0,89565489,89565756
89565756,41.8742081394,-87.6670881378,1302282606.0,89565634,89565866
89565866,41.8741730727,-87.6674039905,1302282609.0,89565756,89565933
89565933,41.8741591134,-87.6676639804,1302282611.0,89565866,89566013
89566013,41.874119422,-87.6679291753,1302282613.0,89565933,89566093
89566093,41.8741068701,-87.6681882407,1302282615.0,89566013,89566203
89566203,41.8740964988,-87.6685040236,1302282618.0,89566093,89566310
89566310,41.8741018467,-87.6687648401,1302282621.0,89566203,89567023
89567023,41.8741336074,-87.6690180143,1302282641.0,89566310,89567610
89567610,41.8738949831,-87.6691283548,1302282658.0,89567023,89567716
89567716,41.873677932,-87.6691234045,1302282661.0,89567610,89567787
89567787,41.8734428862,-87.6691101724,1302282663.0,89567716,89567932
89567932,41.8732309136,-87.6691108092,1302282667.0,89567787,89568044
89568044,41.8730007746,-87.6690914871,1302282670.0,89567932,89568117
89568117,41.872789108,-87.6690718971,1302282672.0,89568044,89568192
89568192,41.8725640589,-87.6690269158,1302282674.0,89568117,89568265
89568265,41.8723351112,-87.668991368,1302282676.0,89568192,89568337
89568337,41.8721368898,-87.6689677388,1302282678.0,89568265,89568442
89568442,41.8719070681,-87.6689739403,1302282681.0,89568337,89568651
89568651,41.8717092376,-87.6690047323,1302282687.0,89568442,89568830
89568830,41.871527188,-87.6690142077,1302282692.0,89568651,89568933
89568933,41.8712954852,-87.6690130759,1302282695.0,89568830,89569005
89569005,41.8711024416,-87.6690097905,1302282697.0,89568933,89569076
89569076,41.8708854887,-87.6690009553,1302282699.0,89569005,89569149
89569149,41.8706506165,-87.6689890682,1302282701.0,89569076,89569221
89569221,41.8704236946,-87.6689782696,1302282703.0,89569149,89569282
89569282,41.8702187617,-87.6689718718,1302282705.0,89569221,89569379
89569379,41.8699687483,-87.6689638703,1302282708.0,89569282,89569518
89569518,41.8697647893,-87.6689583518,1302282712.0,89569379,89569742
89569742,41.8695716584,-87.6689479468,1302282720.0,89569518,89569807
89569807,41.8693837899,-87.6689471807,1302282731.0,89569742,89569897
89569897,41.869257352,-87.6691299078,1302282741.0,89569807,89569928
89569928,41.8692498856,-87.6694262497,1302282744.0,89569897,89569950
89569950,41.8692442301,-87.6696681855,1302282746.0,89569928,89569972
89569972,41.8692326624,-87.6699446908,1302282748.0,89569950,89569996
89569996,41.8692240634,-87.6702419909,1302282750.0,89569972,89570020
89570020,41.8692155858,-87.6705280134,1302282752.0,89569996,89570044
89570044,41.8692130645,-87.6707717673,1302282754.0,89570020,89570083
89570083,41.8692067361,-87.6710404459,1302282757.0,89570044,89570164
89570164,41.8691933072,-87.6712900549,1302282763.0,89570083,89570235
89570235,41.869197409,-87.6715472417,1302282768.0,89570164,89570275
89570275,41.8691797082,-87.671866923,1302282771.0,89570235,89570299
89570299,41.8691606224,-87.6721341312,1302282773.0,89570275,89570332
89570332,41.8691525382,-87.6724211758,1302282775.0,89570299,89570367
89570367,41.869152531,-87.6726922484,1302282777.0,89570332,89570396
89570396,41.8691511018,-87.6729351684,1302282779.0,89570367,89570444
89570444,41.8691529896,-87.6732082286,1302282782.0,89570396,89570513
89570513,41.8691716284,-87.6734690249,1302282786.0,89570444,89570951
89570951,41.8692355324,-87.6737184429,1302282810.0,89570513,89571026
89571026,41.869215046,-87.6740168199,1302282814.0,89570951,89571086
89571086,41.8692105864,-87.6743159608,1302282817.0,89571026,89571150
89571150,41.8692020039,-87.6746620412,1302282820.0,89571086,89571212
89571212,41.8691917373,-87.6749910543,1302282823.0,89571150,89571272
89571272,41.8691872575,-87.6752551263,1302282826.0,89571212,89571350
89571350,41.8691890698,-87.6755174024,1302282830.0,89571272,89571656
89571656,41.869199388,-87.6757963859,1302282844.0,89571350,89571750
89571750,41.8692005879,-87.6760387544,1302282848.0,89571656,89571899
89571899,41.8692854415,-87.6762500881,1302282857.0,89571750,89571966
89571966,41.8695418971,-87.6762340688,1302282861.0,89571899,89572021
89572021,41.8698180472,-87.6762264619,1302282864.0,89571966,89572068
89572068,41.8700381082,-87.6762294454,1302282866.0,89572021,89572116
89572116,41.870284135,-87.6762352908,1302282868.0,89572068,89572164
89572164,41.8705411245,-87.67624472,1302282870.0,89572116,89572212
89572212,41.870799997,-87.6762523037,1302282872.0,89572164,89572259
89572259,41.8710370179,-87.676261925,1302282874.0,89572212,89572305
89572305,41.8712230329,-87.6762688482,1302282876.0,89572259,89572374
89572374,41.8714049482,-87.6762695366,1302282879.0,89572305,89572596
89572596,41.8715028025,-87.6760198687,1302282888.0,89572374,89572657
89572657,41.871494696,-87.6757320347,1302282891.0,89572596,89572666
89572666,41.8714898275,-87.6754469456,1302282894.0,89572657,89572692
89572692,41.8715037356,-87.6751893993,1302282899.0,89572666,None
