77561661,41.8694177072,-87.6567417368,1303531606.0,None,77561717
77561717,41.8696379815,-87.6567484414,1303531610.0,77561661,77561761
77561761,41.8700002672,-87.6567788512,1303531614.0,77561717,77561790
77561790,41.8701981568,-87.6567850585,1303531616.0,77561761,77561820
77561820,41.8703941034,-87.6567896541,1303531618.0,77561790,77561853
77561853,41.8705860796,-87.6567900001,1303531620.0,77561820,77561884
77561884,41.8707790726,-87.6567914328,1303531622.0,77561853,77561916
77561916,41.8709680709,-87.6567983995,1303531624.0,77561884,77561965
77561965,41.8712340962,-87.6568117333,1303531627.0,77561916,77562016
77562016,41.871497076,-87.6568168042,1303531630.0,77561965,77562066
77562066,41.8717448518,-87.6568228138,1303531633.0,77562016,77562119
77562119,41.8719596196,-87.6568206873,1303531636.0,77562066,77562205
77562205,41.8721446001,-87.6568156569,1303531641.0,77562119,77562336
77562336,41.8723687755,-87.6567937446,1303531648.0,77562205,77562394
77562394,41.8725806778,-87.6567863048,1303531651.0,77562336,77562443
77562443,41.8728345191,-87.6567787493,1303531654.0,77562394,77562501
77562501,41.8730774186,-87.656763501,1303531657.0,77562443,77562547
77562547,41.8733348836,-87.656747943,1303531660.0,77562501,77562609
77562609,41.8735970728,-87.6567467051,1303531663.0,77562547,77562668
77562668,41.8738150194,-87.6567442441,1303531666.0,77562609,77562749
77562749,41.8740146382,-87.656745289,1303531670.0,77562668,77563258
77563258,41.8741938378,-87.6567576013,1303531693.0,77562749,77563442
77563442,41.8742481923,-87.6565068245,1303531701.0,77563258,77563503
77563503,41.8742375084,-87.6562048745,1303531705.0,77563442,77563549
77563549,41.8742401848,-87.6559247462,1303531708.0,77563503,77563601
77563601,41.8742395376,-87.6556019708,1303531711.0,77563549,77563663
77563663,41.8742445912,-87.655243059,1303531714.0,77563601,77563709
77563709,41.8742474715,-87.6549930799,1303531716.0,77563663,77563781
77563781,41.874251607,-87.6546800975,1303531719.0,77563709,77564401
77564401,41.8742534132,-87.6544381335,1303531745.0,77563781,77564533
77564533,41.8742555876,-87.6541481346,1303531750.0,77564401,77564608
77564608,41.8742623823,-87.6538601685,1303531753.0,77564533,77564672
77564672,41.8742697251,-87.6535431599,1303531756.0,77564608,77564741
77564741,41.8742788014,-87.6531981244,1303531759.0,77564672,77564823
77564823,41.874284373,-87.6528400447,1303531762.0,77564741,77564906
77564906,41.8742899035,-87.6525209704,1303531765.0,77564823,77565015
77565015,41.8742920239,-87.6522550732,1303531769.0,77564906,77565202
77565202,41.8742973662,-87.6519870215,1303531776.0,77565015,77565317
77565317,41.8743030143,-87.6517440306,1303531780.0,77565202,77565404
77565404,41.8743072231,-87.6514472652,1303531783.0,77565317,77565457
77565457,41.8743086727,-87.6512023151,1303531785.0,77565404,77565496
77565496,41.874314373,-87.6509462105,1303531787.0,77565457,77565555
77565555,41.8743203946,-87.6506791522,1303531789.0,77565496,77565615
77565615,41.8743230398,-87.6504111581,1303531791.0,77565555,77565675
77565675,41.8743248109,-87.6501461885,1303531793.0,77565615,77565734
77565734,41.8743290158,-87.6498872918,1303531795.0,77565675,77565785
77565785,41.874331939,-87.6496325529,1303531797.0,77565734,77565840
77565840,41.8743341528,-87.6493784191,1303531799.0,77565785,77565895
77565895,41.8743370172,-87.6491263668,1303531801.0,77565840,77565946
77565946,41.8743416688,-87.6488812975,1303531803.0,77565895,77566008
77566008,41.874343893,-87.6486330851,1303531805.0,77565946,77566070
77566070,41.8743437725,-87.6483835626,1303531807.0,77566008,77566130
77566130,41.8743303377,-87.6481341245,1303531809.0,77566070,77566216
77566216,41.8742966386,-87.6477942018,1303531812.0,77566130,77566303
77566303,41.8742685557,-87.647523791,1303531815.0,77566216,77566422
77566422,41.8742137545,-87.6472834233,1303531819.0,77566303,77566545
77566545,41.8740156744,-87.6471977593,1303531823.0,77566422,77566662
77566662,41.8737739412,-87.6472002004,1303531827.0,77566545,77566751
77566751,41.8735699993,-87.647202554,1303531830.0,77566662,77566842
77566842,41.8733390678,-87.6471993176,1303531833.0,77566751,77566938
77566938,41.8730911722,-87.6471929005,1303531836.0,77566842,77567034
77567034,41.8728313121,-87.6471908682,1303531839.0,77566938,77567119
77567119,41.8725632604,-87.6471865827,1303531842.0,77567034,77567170
77567170,41.8723832469,-87.647183244,1303531844.0,77567119,77567247
77567247,41.8721134687,-87.6471774288,1303531847.0,77567170,77567315
77567315,41.8719294621,-87.6471689828,1303531849.0,77567247,77567384
77567384,41.8717383432,-87.6471592121,1303531851.0,77567315,77567454
77567454,41.8715422237,-87.6471523688,1303531853.0,77567384,77567523
77567523,41.8713441867,-87.6471440696,1303531855.0,77567454,77567587
77567587,41.8711521968,-87.6471403637,1303531857.0,77567523,77567646
77567646,41.8709652021,-87.6471328393,1303531859.0,77567587,77567702
77567702,41.8707831696,-87.6471252537,1303531861.0,77567646,77567796
77567796,41.8705272117,-87.6471272992,1303531864.0,77567702,77567892
77567892,41.8703092509,-87.6471239515,1303531867.0,77567796,77568025
77568025,41.8700991365,-87.6471186465,1303531871.0,77567892,77568970
77568970,41.8699031588,-87.6470966913,1303531900.0,77568025,77569183
77569183,41.8696778776,-87.6470770651,1303531906.0,77568970,77569290
77569290,41.8693719369,-87.6470691416,1303531910.0,77569183,77569354
77569354,41.8691749477,-87.6470647817,1303531912.0,77569290,77569422
77569422,41.8689649817,-87.6470586919,1303531914.0,77569354,77569496
77569496,41.8687520269,-87.647054257,1303531916.0,77569422,77569566
77569566,41.8685470316,-87.6470501613,1303531918.0,77569496,77569638
77569638,41.8683530123,-87.6470463895,1303531920.0,77569566,77569747
77569747,41.8680910674,-87.647054167,1303531923.0,77569638,77569852
77569852,41.8678601225,-87.6470570601,1303531926.0,77569747,77569953
77569953,41.8676750544,-87.647050191,1303531929.0,77569852,77570092
77570092,41.8674950685,-87.6470475221,1303531933.0,77569953,77570348
77570348,41.8673056848,-87.6471009567,1303531940.0,77570092,77570493
77570493,41.867222907,-87.647372704,1303531944.0,77570348,77570597
77570597,41.8672093084,-87.6476421001,1303531947.0,77570493,77570667
77570667,41.8672055954,-87.6479411074,1303531950.0,77570597,77570773
77570773,41.8671981545,-87.6482681443,1303531953.0,77570667,77570884
77570884,41.8671911404,-87.6486171118,1303531956.0,77570773,77570959
77570959,41.867187504,-87.648861062,1303531958.0,77570884,77571036
77571036,41.8671813504,-87.6491080906,1303531960.0,77570959,77571107
77571107,41.8671746406,-87.6493661326,1303531962.0,77571036,77571180
77571180,41.8671670645,-87.6496350917,1303531964.0,77571107,77571248
77571248,41.8671668635,-87.6498991199,1303531966.0,77571180,77571315
77571315,41.8671636935,-87.650147064,1303531968.0,77571248,77571393
77571393,41.86715043,-87.65047993,1303531971.0,77571315,77571538
77571538,41.8671241081,-87.6507680506,1303531975.0,77571393,None
