95111271,41.8743738772,-87.656596193,1303315853.0,None,95112000
95112000,41.8743629532,-87.6568500389,1303315873.0,95111271,95112111
95112111,41.8743544989,-87.6571210849,1303315876.0,95112000,95112255
95112255,41.8743497152,-87.6573951409,1303315880.0,95112111,95112732
95112732,41.874337068,-87.6576841172,1303315894.0,95112255,95112877
95112877,41.8743322073,-87.6580059884,1303315898.0,95112732,95112994
95112994,41.8743291673,-87.6583139419,1303315901.0,95112877,95113057
95113057,41.8743266259,-87.6585619428,1303315903.0,95112994,95113123
95113123,41.8743257999,-87.6588349191,1303315905.0,95113057,95113128
95113128,41.8743217168,-87.6591369357,1303315907.0,95113123,95113136
95113136,41.8743167329,-87.6594579212,1303315909.0,95113128,95113146
95113146,41.8743099662,-87.6597849259,1303315911.0,95113136,95113158
95113158,41.8743025075,-87.6601189522,1303315913.0,95113146,95113171
95113171,41.8742966306,-87.6604569576,1303315915.0,95113158,95113185
95113185,41.8742899592,-87.6607919628,1303315917.0,95113171,95113201
95113201,41.8742830954,-87.6611199704,1303315919.0,95113185,95113217
95113217,41.8742762406,-87.6614379745,1303315921.0,95113201,95113235
95113235,41.8742689182,-87.6617449477,1303315923.0,95113217,95113253
95113253,41.8742623316,-87.6620390197,1303315925.0,95113235,95113273
95113273,41.8742573484,-87.6623320112,1303315927.0,95113253,95113293
95113293,41.8742531722,-87.6626259808,1303315929.0,95113273,95113314
95113314,41.8742506763,-87.662921962,1303315931.0,95113293,95113336
95113336,41.8742495009,-87.663207953,1303315933.0,95113314,95113358
95113358,41.8742505994,-87.6634899373,1303315935.0,95113336,95113382
95113382,41.8742528729,-87.6637599133,1303315937.0,95113358,95113406
95113406,41.8742561358,-87.6640198913,1303315939.0,95113382,95113430
95113430,41.8742611411,-87.6642718846,1303315941.0,95113406,95113456
95113456,41.8742644972,-87.6645198733,1303315943.0,95113430,95113482
95113482,41.8742654147,-87.6647698442,1303315945.0,95113456,95113508
95113508,41.8742670244,-87.6650198559,1303315947.0,95113482,95113550
95113550,41.8742640622,-87.6653729542,1303315950.0,95113508,95113592
95113592,41.8742538267,-87.6656930292,1303315953.0,95113550,95113635
95113635,41.8742415341,-87.6659461008,1303315956.0,95113592,95113771
95113771,41.8742365545,-87.6661933006,1303315966.0,95113635,95113838
95113838,41.8742323784,-87.6664895694,1303315970.0,95113771,95113888
95113888,41.8742259613,-87.6667493184,1303315973.0,95113838,95113955
95113955,41.8742322889,-87.6670618989,1303315977.0,95113888,95114011
95114011,41.8742231032,-87.6674056924,1303315980.0,95113955,95114044
95114044,41.8742051218,-87.6676628249,1303315982.0,95114011,95114078
95114078,41.8741971208,-87.6679138652,1303315984.0,95114044,95114135
95114135,41.8741925951,-87.6682619485,1303315987.0,95114078,95114190
95114190,41.8741952248,-87.6685791583,1303315990.0,95114135,95114543
95114543,41.8741957788,-87.6688232498,1303316008.0,95114190,95114750
95114750,41.8741447424,-87.6690698902,1303316018.0,95114543,95114847
95114847,41.8738920863,-87.669075146,1303316023.0,95114750,95114901
95114901,41.8736389472,-87.6690543068,1303316026.0,95114847,95114929
95114929,41.8733898959,-87.6690151606,1303316029.0,95114901,95114980
95114980,41.8731869189,-87.6689898188,1303316032.0,95114929,95115093
95115093,41.873004842,-87.6689693027,1303316038.0,95114980,95115181
95115181,41.8728137686,-87.6689043297,1303316042.0,95115093,95115274
95115274,41.8726220492,-87.6688379691,1303316046.0,95115181,95115345
95115345,41.8724159878,-87.6688145869,1303316049.0,95115274,95115419
95115419,41.8721580858,-87.6688386716,1303316052.0,95115345,95115490
95115490,41.8719490454,-87.6688475107,1303316055.0,95115419,95115634
95115634,41.8717832083,-87.6689546569,1303316061.0,95115490,95115736
95115736,41.8715324866,-87.6690036258,1303316065.0,95115634,95115800
95115800,41.8712854966,-87.6690175616,1303316068.0,95115736,95115867
95115867,41.8710184992,-87.6690184948,1303316071.0,95115800,95115921
95115921,41.8708375319,-87.6690051204,1303316073.0,95115867,95115975
95115975,41.8706556032,-87.6689882841,1303316075.0,95115921,95116026
95116026,41.8704746826,-87.668974095,1303316077.0,95115975,95116100
95116100,41.8702187606,-87.6689546121,1303316080.0,95116026,95116177
95116177,41.8699767563,-87.6689419232,1303316083.0,95116100,95116257
95116257,41.8697438142,-87.668974085,1303316086.0,95116177,95116339
95116339,41.8695526889,-87.6689720587,1303316089.0,95116257,95116494
95116494,41.8693689979,-87.6689907481,1303316095.0,95116339,95116659
95116659,41.8693126709,-87.6692773404,1303316101.0,95116494,95116739
95116739,41.8692862494,-87.6695677078,1303316104.0,95116659,95116792
95116792,41.8692753431,-87.6698121759,1303316106.0,95116739,95116845
95116845,41.8692720959,-87.6700708683,1303316108.0,95116792,95116898
95116898,41.8692656105,-87.6703209626,1303316110.0,95116845,95116982
95116982,41.8692560161,-87.6706320557,1303316113.0,95116898,95117124
95117124,41.8692571187,-87.6709044847,1303316118.0,95116982,95117264
95117264,41.8692456556,-87.6711780412,1303316123.0,95117124,95117585
95117585,41.8692410899,-87.6714483386,1303316134.0,95117264,95117697
95117697,41.869208916,-87.6717744744,1303316138.0,95117585,95117784
95117784,41.869211266,-87.6720889459,1303316141.0,95117697,95117879
95117879,41.8692038043,-87.6724140794,1303316144.0,95117784,95117968
95117968,41.8691996836,-87.6727281145,1303316147.0,95117879,95118056
95118056,41.8691985766,-87.6730163407,1303316150.0,95117968,95118173
95118173,41.8692009721,-87.6733188008,1303316154.0,95118056,95118756
95118756,41.8692157924,-87.673598108,1303316174.0,95118173,95118875
95118875,41.8691953667,-87.6738561309,1303316178.0,95118756,95118961
95118961,41.869184425,-87.6741781376,1303316181.0,95118875,95119031
95119031,41.8691803055,-87.6744271256,1303316183.0,95118961,95119104
95119104,41.8691755338,-87.674687175,1303316185.0,95119031,95119163
95119163,41.8691708796,-87.6749481918,1303316187.0,95119104,95119227
95119227,41.8691672247,-87.6751971402,1303316189.0,95119163,95119308
95119308,41.8691643166,-87.6755410988,1303316192.0,95119227,95119396
95119396,41.8691777848,-87.6758014279,1303316195.0,95119308,95119551
95119551,41.8691796085,-87.6760533029,1303316200.0,95119396,95119861
95119861,41.8693634725,-87.6761843235,1303316209.0,95119551,95119954
95119954,41.8695940496,-87.6761878227,1303316212.0,95119861,95120013
95120013,41.8697820008,-87.6761873403,1303316214.0,95119954,95120072
95120072,41.8699860309,-87.6761903213,1303316216.0,95120013,95120135
95120135,41.8701880326,-87.6761984233,1303316218.0,95120072,95120199
95120199,41.8703820262,-87.6762052327,1303316220.0,95120135,95120273
95120273,41.8705650039,-87.6762097066,1303316222.0,95120199,95120382
95120382,41.870807935,-87.6762187772,1303316225.0,95120273,95120492
95120492,41.8710409981,-87.6762240428,1303316228.0,95120382,95120588
95120588,41.8712638397,-87.6762518569,1303316231.0,95120492,95120716
95120716,41.8714610814,-87.6762181133,1303316235.0,95120588,95120843
95120843,41.8714878912,-87.6759427724,1303316239.0,95120716,95120951
95120951,41.871478792,-87.6756399717,1303316242.0,95120843,95121052
95121052,41.8714753688,-87.6753609669,1303316245.0,95120951,95121800
95121800,41.8714874908,-87.6751164211,1303316266.0,95121052,95121974
95121974,41.871497361,-87.6747861229,1303316271.0,95121800,95122080
95122080,41.8715036176,-87.6744491669,1303316274.0,95121974,95122186
95122186,41.8715068791,-87.6741292421,1303316277.0,95122080,95122341
95122341,41.871511447,-87.6738671083,1303316281.0,95122186,95122525
95122525,41.8715127905,-87.6735740098,1303316286.0,95122341,95123494
95123494,41.8715036873,-87.67332147,1303316313.0,95122525,95123670
95123670,41.8715143616,-87.6730311546,1303316318.0,95123494,95123789
95123789,41.8715213277,-87.6727301191,1303316321.0,95123670,95123903
95123903,41.8715257867,-87.6724080851,1303316324.0,95123789,95124015
95124015,41.871523815,-87.6721029709,1303316327.0,95123903,95124101
95124101,41.8715224597,-87.6718376776,1303316330.0,95124015,95124158
95124158,41.8715211868,-87.6715639134,1303316333.0,95124101,95124240
95124240,41.8715269619,-87.6712450123,1303316336.0,95124158,95124341
95124341,41.8715394219,-87.6709091599,1303316339.0,95124240,95124427
95124427,41.8715360196,-87.6705950567,1303316342.0,95124341,95124558
95124558,41.8715394813,-87.6702939073,1303316346.0,95124427,95124694
95124694,41.8715569195,-87.6699977973,1303316350.0,95124558,95124799
95124799,41.87157206,-87.6697142131,1303316353.0,95124694,95124905
95124905,41.8715675692,-87.6694636814,1303316356.0,95124799,95125312
95125312,41.8715842209,-87.6692241074,1303316367.0,95124905,95125575
95125575,41.8716665723,-87.6689728307,1303316374.0,95125312,95125710
95125710,41.8718897533,-87.6689628623,1303316378.0,95125575,95125810
95125810,41.8721179102,-87.6689790749,1303316381.0,95125710,95125920
95125920,41.8723688748,-87.6689865734,1303316384.0,95125810,95126032
95126032,41.872592167,-87.6689950647,1303316387.0,95125920,95126299
95126299,41.8727741969,-87.669009584,1303316394.0,95126032,95126531
95126531,41.872980307,-87.6690466082,1303316401.0,95126299,95126639
95126639,41.8732371149,-87.6690541667,1303316404.0,95126531,95126746
95126746,41.8734950282,-87.6690706904,1303316407.0,95126639,95126859
95126859,41.8737150606,-87.6691200515,1303316410.0,95126746,95127006
95127006,41.873922051,-87.6691350974,1303316414.0,95126859,95127268
95127268,41.8741055994,-87.6690453544,1303316421.0,95127006,95127413
95127413,41.8741455261,-87.6687513841,1303316425.0,95127268,95127522
95127522,41.8741664414,-87.6684091236,1303316428.0,95127413,95127597
95127597,41.8741775514,-87.6681290101,1303316430.0,95127522,95127672
95127672,41.8741862908,-87.6678408715,1303316432.0,95127597,95127738
95127738,41.874184684,-87.6675797786,1303316434.0,95127672,95127848
95127848,41.8741518029,-87.6672614692,1303316437.0,95127738,95127961
95127961,41.8741288617,-87.6670134702,1303316440.0,95127848,None
