61687181,41.8671856344,-87.6689970002,1303345084.0,None,61687760
61687760,41.8669829956,-87.6689744438,1303345109.0,61687181,61687854
61687854,41.8668081991,-87.6688937813,1303345113.0,61687760,61687957
61687957,41.8667737006,-87.6686298607,1303345117.0,61687854,61688033
61688033,41.8667710297,-87.6683460377,1303345120.0,61687957,61688083
61688083,41.8667695664,-87.6680970077,1303345122.0,61688033,61688132
61688132,41.8667665998,-87.667855086,1303345124.0,61688083,61688214
61688214,41.8667663738,-87.6675262009,1303345127.0,61688132,61688295
61688295,41.8667622025,-87.6672521914,1303345130.0,61688214,61688395
61688395,41.8667591687,-87.6669421161,1303345134.0,61688295,61688472
61688472,41.8667610207,-87.6666761197,1303345137.0,61688395,61688551
61688551,41.866764785,-87.6663442332,1303345140.0,61688472,61688605
61688605,41.866767638,-87.6660961582,1303345142.0,61688551,61688660
61688660,41.8667714835,-87.6658302138,1303345144.0,61688605,61688715
61688715,41.8667763354,-87.6655442299,1303345146.0,61688660,61688768
61688768,41.8667802951,-87.6652512405,1303345148.0,61688715,61688825
61688825,41.8667831591,-87.664953188,1303345150.0,61688768,61688879
61688879,41.8667891178,-87.6646571639,1303345152.0,61688825,61688932
61688932,41.866795062,-87.6643581432,1303345154.0,61688879,61688987
61688987,41.8668028144,-87.6640591659,1303345156.0,61688932,61689039
61689039,41.8668133797,-87.663761181,1303345158.0,61688987,61689093
61689093,41.8668236758,-87.663461145,1303345160.0,61689039,61689152
61689152,41.8668312573,-87.6631571417,1303345162.0,61689093,61689209
61689209,41.866836208,-87.6628391037,1303345164.0,61689152,61689264
61689264,41.8668419359,-87.662518085,1303345166.0,61689209,61689322
61689322,41.8668423899,-87.6622100689,1303345168.0,61689264,61689370
61689370,41.8668427501,-87.6619071582,1303345170.0,61689322,61689427
61689427,41.8668450081,-87.6616092416,1303345172.0,61689370,61689486
61689486,41.8668499064,-87.6613091566,1303345174.0,61689427,61689540
61689540,41.8668548998,-87.6610031495,1303345176.0,61689486,61689601
61689601,41.866858946,-87.6606991221,1303345178.0,61689540,61689656
61689656,41.8668611948,-87.6604021367,1303345180.0,61689601,61689713
61689713,41.8668652558,-87.6601111527,1303345182.0,61689656,61689774
61689774,41.8668703227,-87.6598281463,1303345184.0,61689713,61689834
61689834,41.8668762338,-87.6595511465,1303345186.0,61689774,61689894
61689894,41.866881115,-87.6592681307,1303345188.0,61689834,61689949
61689949,41.8668851157,-87.658980116,1303345190.0,61689894,61690006
61690006,41.8668908123,-87.6586851071,1303345192.0,61689949,61690066
61690066,41.86689673,-87.6583841432,1303345194.0,61690006,61690126
61690126,41.8669016587,-87.6580811348,1303345196.0,61690066,61690187
61690187,41.866906627,-87.6577781657,1303345198.0,61690126,61690244
61690244,41.8669105761,-87.6574831514,1303345200.0,61690187,61690304
61690304,41.866915492,-87.6571951359,1303345202.0,61690244,61690366
61690366,41.8669203818,-87.6569191498,1303345204.0,61690304,61690429
61690429,41.8669259757,-87.6566512379,1303345206.0,61690366,61690495
61690495,41.8669307367,-87.6563861307,1303345208.0,61690429,61690555
61690555,41.866932596,-87.6561129808,1303345210.0,61690495,61690617
61690617,41.8669341554,-87.6558320194,1303345212.0,61690555,61690682
61690682,41.8669382669,-87.6555530658,1303345214.0,61690617,61690740
61690740,41.8669441835,-87.6552760325,1303345216.0,61690682,61690796
61690796,41.8669481478,-87.6549990576,1303345218.0,61690740,61690857
61690857,41.8669523731,-87.6547250462,1303345220.0,61690796,61690924
61690924,41.866956605,-87.6544560851,1303345222.0,61690857,61690995
61690995,41.8669605803,-87.6541980636,1303345224.0,61690924,61691060
61691060,41.8669642848,-87.6539511464,1303345226.0,61690995,61691157
61691157,41.8669699643,-87.6536001611,1303345229.0,61691060,61691251
61691251,41.8669748072,-87.6532631646,1303345232.0,61691157,61691339
61691339,41.8669809457,-87.6529330261,1303345235.0,61691251,61691428
61691428,41.866987854,-87.6526200407,1303345238.0,61691339,61691521
61691521,41.8669955824,-87.6523400508,1303345241.0,61691428,61691621
61691621,41.8670049764,-87.6520980012,1303345244.0,61691521,61691798
61691798,41.8670099467,-87.6518232264,1303345249.0,61691621,61692320
61692320,41.8670395039,-87.6515533789,1303345265.0,61691798,61692495
61692495,41.8670594088,-87.651264872,1303345270.0,61692320,61692794
61692794,41.867118206,-87.6510260544,1303345279.0,61692495,61692962
61692962,41.8673568796,-87.6509869779,1303345284.0,61692794,61693066
61693066,41.8675650287,-87.6509905358,1303345287.0,61692962,61693169
61693169,41.8677928938,-87.6509992219,1303345290.0,61693066,61693277
61693277,41.868033918,-87.6510092278,1303345293.0,61693169,61693387
61693387,41.8682718684,-87.651013178,1303345296.0,61693277,61693494
61693494,41.8685218539,-87.6510190189,1303345299.0,61693387,61693598
61693598,41.8687818212,-87.6510274265,1303345302.0,61693494,61693698
61693698,41.8690365214,-87.6510372714,1303345305.0,61693598,61693791
61693791,41.8692395014,-87.6510686944,1303345308.0,61693698,61693939
61693939,41.8694315965,-87.6510451506,1303345312.0,61693791,61694126
61694126,41.8694843017,-87.6507840445,1303345317.0,61693939,61694286
61694286,41.8694753298,-87.6504448175,1303345321.0,61694126,61694381
61694381,41.8694762826,-87.6501089719,1303345324.0,61694286,61694483
61694483,41.8694846671,-87.6497560174,1303345327.0,61694381,61694555
61694555,41.8694860531,-87.6495070183,1303345329.0,61694483,61694631
61694631,41.8694890303,-87.6492510024,1303345331.0,61694555,61694704
61694704,41.8694886032,-87.6490089828,1303345333.0,61694631,61694807
61694807,41.8694880177,-87.6487060231,1303345336.0,61694704,61694977
61694977,41.8694844155,-87.6484511199,1303345360.0,61694807,61695054
61695054,41.8695127164,-87.6481781048,1303345367.0,61694977,61695090
61695090,41.8695248064,-87.6479351082,1303345370.0,61695054,61695126
61695126,41.8695358765,-87.6476510879,1303345373.0,61695090,61695165
61695165,41.869539137,-87.6473786456,1303345376.0,61695126,61695219
61695219,41.8694134145,-87.647173663,1303345380.0,61695165,61695261
61695261,41.8692080715,-87.6471678808,1303345383.0,61695219,61695304
61695304,41.868966154,-87.6471694856,1303345386.0,61695261,61695349
61695349,41.8687012034,-87.6471488584,1303345389.0,61695304,61695390
61695390,41.8684371171,-87.6471372018,1303345392.0,61695349,61695439
61695439,41.8681868492,-87.6471247281,1303345395.0,61695390,61695484
61695484,41.8679588206,-87.6471326831,1303345398.0,61695439,61695534
61695534,41.8677650012,-87.6471296791,1303345401.0,61695484,61696022
61696022,41.867573235,-87.6471162311,1303345428.0,61695534,61696140
61696140,41.867370742,-87.6471254143,1303345434.0,61696022,61696244
61696244,41.8672129421,-87.6473090826,1303345439.0,61696140,61696324
61696324,41.8671916862,-87.6475982109,1303345443.0,61696244,61696378
61696378,41.8671906274,-87.6478541769,1303345446.0,61696324,61696446
61696446,41.8671907394,-87.6481382193,1303345449.0,61696378,61696513
61696513,41.8671869783,-87.6484592171,1303345452.0,61696446,61696565
61696565,41.8671857374,-87.6487981333,1303345455.0,61696513,61696627
61696627,41.8671820232,-87.6491390693,1303345458.0,61696565,61696699
61696699,41.86717687,-87.649475014,1303345461.0,61696627,61696760
61696760,41.867174863,-87.6497930605,1303345464.0,61696699,61696807
61696807,41.8671700154,-87.6501340163,1303345467.0,61696760,61696830
61696830,41.8671601682,-87.6503760537,1303345469.0,61696807,61696881
61696881,41.8671412002,-87.6507110347,1303345472.0,61696830,61696946
61696946,41.8670843198,-87.6510003405,1303345476.0,61696881,61697022
61697022,41.866893526,-87.6510878721,1303345480.0,61696946,61697113
61697113,41.866656756,-87.6510720172,1303345484.0,61697022,61697174
61697174,41.8664637624,-87.6510737137,1303345487.0,61697113,61697241
61697241,41.8662808379,-87.651086125,1303345490.0,61697174,61697345
61697345,41.8660558581,-87.6511011813,1303345494.0,61697241,61697435
61697435,41.8658259286,-87.651127256,1303345498.0,61697345,61697504
61697504,41.8656459676,-87.6511471318,1303345501.0,61697435,61697566
61697566,41.8654559739,-87.6511544601,1303345504.0,61697504,61697642
61697642,41.865249972,-87.651151333,1303345507.0,61697566,61697720
61697720,41.8650589725,-87.6511472574,1303345510.0,61697642,61697820
61697820,41.864857985,-87.6511364914,1303345514.0,61697720,61698074
61698074,41.864641937,-87.6511027941,1303345524.0,61697820,61698181
61698181,41.8644249768,-87.651089519,1303345528.0,61698074,61698249
61698249,41.8642279341,-87.6510620999,1303345531.0,61698181,61698331
61698331,41.8640228867,-87.651056855,1303345534.0,61698249,61698407
61698407,41.8638248828,-87.6510427171,1303345537.0,61698331,61698502
61698502,41.8636148421,-87.6510551102,1303345541.0,61698407,61698917
61698917,41.8634941565,-87.6508500552,1303345556.0,61698502,61699117
61699117,41.8634883546,-87.650600969,1303345563.0,61698917,None
