16959471,41.8657407582,-87.646816347,1302718766.0,None,16959741
16959741,41.8655317676,-87.6468236147,1302718781.0,16959471,16959855
16959855,41.8653469006,-87.6468605868,1302718787.0,16959741,16960209
16960209,41.8651419624,-87.6468897351,1302718803.0,16959855,16960295
16960295,41.864932082,-87.6468979127,1302718807.0,16960209,16960397
16960397,41.8647092342,-87.6469025833,1302718811.0,16960295,16960472
16960472,41.8645091635,-87.6469182298,1302718814.0,16960397,16960551
16960551,41.8642890143,-87.6469436152,1302718817.0,16960472,16960622
16960622,41.8640270522,-87.6469730648,1302718820.0,16960551,16960675
16960675,41.8638190116,-87.6469890635,1302718822.0,16960622,16960730
16960730,41.8636039977,-87.6469945242,1302718824.0,16960675,16960779
16960779,41.8633899723,-87.6469998991,1302718826.0,16960730,16960831
16960831,41.863178015,-87.6470144562,1302718828.0,16960779,16960883
16960883,41.8629900305,-87.647052729,1302718830.0,16960831,16960997
16960997,41.8627949677,-87.647041597,1302718834.0,16960883,16961224
16961224,41.8626127267,-87.6470115156,1302718842.0,16960997,16961367
16961367,41.8625304822,-87.647299992,1302718847.0,16961224,16961453
16961453,41.8624919924,-87.6476329541,1302718850.0,16961367,16961510
16961510,41.8624550124,-87.6479148777,1302718852.0,16961453,16961570
16961570,41.8624281722,-87.6482138604,1302718854.0,16961510,16961631
16961631,41.8623891704,-87.6485038889,1302718856.0,16961570,16961725
16961725,41.8623572266,-87.6487649854,1302718859.0,16961631,16961844
16961844,41.8623417092,-87.6490749854,1302718863.0,16961725,16961934
16961934,41.8623509873,-87.6494319093,1302718866.0,16961844,16961998
16961998,41.8623414355,-87.6497359258,1302718868.0,16961934,16962060
16962060,41.8623417379,-87.6500448614,1302718870.0,16961998,16962121
16962121,41.8623270285,-87.6503359323,1302718872.0,16962060,16962219
16962219,41.8623116196,-87.650658208,1302718875.0,16962121,16962413
16962413,41.8624017456,-87.6509036149,1302718881.0,16962219,16962550
16962550,41.862603171,-87.6509075896,1302718885.0,16962413,16962650
16962650,41.862882096,-87.6509129763,1302718888.0,16962550,16962716
16962716,41.8630921388,-87.650917199,1302718890.0,16962650,16962822
16962822,41.863314006,-87.6509202892,1302718893.0,16962716,16962967
16962967,41.863527296,-87.6509244326,1302718897.0,16962822,16963069
16963069,41.8637900399,-87.650939325,1302718900.0,16962967,16963140
16963140,41.8640110408,-87.650949222,1302718902.0,16963069,16963211
16963211,41.8642340348,-87.6509555242,1302718904.0,16963140,16963278
16963278,41.8644280047,-87.6509496879,1302718906.0,16963211,16963363
16963363,41.864612937,-87.6509449441,1302718909.0,16963278,16963460
16963460,41.864827994,-87.6509586303,1302718913.0,16963363,16963471
16963471,41.8651099776,-87.6509689348,1302718916.0,16963460,16963481
16963481,41.8653349704,-87.650970236,1302718918.0,16963471,16963493
16963493,41.8655639741,-87.6509755948,1302718920.0,16963481,16963506
16963506,41.8657950052,-87.6509891871,1302718922.0,16963493,16963520
16963520,41.8660229857,-87.6509978812,1302718924.0,16963506,16963536
16963536,41.8662429466,-87.6510000759,1302718926.0,16963520,16963552
16963552,41.866460938,-87.6510065093,1302718928.0,16963536,16963570
16963570,41.8666809919,-87.6510198062,1302718930.0,16963552,16963588
16963588,41.8668717633,-87.6510308182,1302718932.0,16963570,16963618
16963618,41.8670674589,-87.6510892982,1302718935.0,16963588,16963660
16963660,41.8671647972,-87.6513808453,1302718939.0,16963618,16963682
16963682,41.867159016,-87.6516314971,1302718941.0,16963660,16963705
16963705,41.8671534238,-87.6519120446,1302718943.0,16963682,16963729
16963729,41.8671464608,-87.6521880218,1302718945.0,16963705,16963753
16963753,41.8671420678,-87.6524410255,1302718947.0,16963729,16963791
16963791,41.8671362404,-87.6527810212,1302718950.0,16963753,16963843
16963843,41.8671400478,-87.6530508153,1302718954.0,16963791,16964225
16964225,41.8671111568,-87.6532945283,1302718979.0,16963843,16964275
16964275,41.8671148456,-87.6535454386,1302718982.0,16964225,16964327
16964327,41.867125478,-87.6538757903,1302718985.0,16964275,16964363
16964363,41.8671301841,-87.6541256166,1302718987.0,16964327,16964399
16964399,41.8671331874,-87.6543854932,1302718989.0,16964363,16964435
16964435,41.8671192571,-87.6546574322,1302718991.0,16964399,16964472
16964472,41.8670958542,-87.6549330658,1302718993.0,16964435,16964509
16964509,41.8670765987,-87.655227425,1302718995.0,16964472,16964545
16964545,41.867061102,-87.6555235493,1302718997.0,16964509,16964582
16964582,41.8670484874,-87.6558055946,1302718999.0,16964545,16964621
16964621,41.8670320788,-87.6560565087,1302719001.0,16964582,16964679
16964679,41.8670244596,-87.656349232,1302719004.0,16964621,16964961
16964961,41.8670306124,-87.6565924992,1302719018.0,16964679,16965063
16965063,41.8672360853,-87.6567118445,1302719023.0,16964961,16965129
16965129,41.8674803621,-87.6567122214,1302719026.0,16965063,16965174
16965174,41.867662139,-87.6567143646,1302719028.0,16965129,16965217
16965217,41.8678420812,-87.6567221203,1302719030.0,16965174,16965259
16965259,41.8680221035,-87.6567286554,1302719032.0,16965217,16965303
16965303,41.8682830492,-87.6567269159,1302719035.0,16965259,16965361
16965361,41.8684840013,-87.6567319238,1302719038.0,16965303,16965466
16965466,41.8686649783,-87.6567320992,1302719044.0,16965361,16965709
16965709,41.8688500547,-87.6567740084,1302719055.0,16965466,16965777
16965777,41.8690309155,-87.6567661268,1302719058.0,16965709,16965848
16965848,41.869266106,-87.6567572908,1302719061.0,16965777,16965919
16965919,41.8694973221,-87.656763639,1302719064.0,16965848,16965991
16965991,41.8697215429,-87.6567692483,1302719067.0,16965919,16966060
16966060,41.8699683927,-87.6567848494,1302719070.0,16965991,16966107
16966107,41.8701572712,-87.6567946348,1302719072.0,16966060,16966156
16966156,41.8703561541,-87.6567957799,1302719074.0,16966107,16966196
16966196,41.870558125,-87.6567952306,1302719076.0,16966156,16966250
16966250,41.8707641419,-87.6567976538,1302719078.0,16966196,16966303
16966303,41.8709580888,-87.6567994361,1302719080.0,16966250,16966354
16966354,41.8711460144,-87.6568006104,1302719082.0,16966303,16966425
16966425,41.8714040337,-87.6568071282,1302719085.0,16966354,16966498
16966498,41.871632034,-87.6568032633,1302719088.0,16966425,16966604
16966604,41.8718473263,-87.6567829898,1302719092.0,16966498,16966753
16966753,41.8720664596,-87.6567664706,1302719098.0,16966604,16966832
16966832,41.8722703811,-87.6567594253,1302719101.0,16966753,16966887
16966887,41.8724581851,-87.6567634398,1302719103.0,16966832,16966937
16966937,41.8726651305,-87.6567548048,1302719105.0,16966887,16966992
16966992,41.8728742869,-87.6567433008,1302719107.0,16966937,16967046
16967046,41.8730882678,-87.6567278017,1302719109.0,16966992,16967098
16967098,41.8732999642,-87.6567295878,1302719111.0,16967046,16967154
16967154,41.8734979959,-87.6567308516,1302719113.0,16967098,16967238
16967238,41.8737190465,-87.6567324329,1302719116.0,16967154,16967400
16967400,41.8739000727,-87.6567496298,1302719122.0,16967238,16967790
16967790,41.8740941562,-87.6567476115,1302719136.0,16967400,16967931
16967931,41.8741949346,-87.6565151808,1302719141.0,16967790,16968025
16968025,41.8741872437,-87.6562640743,1302719144.0,16967931,16968115
16968115,41.8741825229,-87.6560153116,1302719147.0,16968025,16968637
16968637,41.8742175215,-87.655752262,1302719165.0,16968115,16968722
16968722,41.874226499,-87.6555003102,1302719168.0,16968637,16968810
16968810,41.8742301906,-87.6551523552,1302719171.0,16968722,16968873
16968873,41.8742307061,-87.6548673767,1302719173.0,16968810,16968940
16968940,41.8742308561,-87.6545563942,1302719175.0,16968873,16968998
16968998,41.8742342125,-87.654237315,1302719177.0,16968940,16969060
16969060,41.8742393039,-87.6539104122,1302719179.0,16968998,16969117
16969117,41.8742434409,-87.6535724549,1302719181.0,16969060,16969176
16969176,41.874244805,-87.6532335121,1302719183.0,16969117,16969240
16969240,41.8742459252,-87.6529063225,1302719185.0,16969176,16969290
16969290,41.8742518624,-87.6525901799,1302719187.0,16969240,16969346
16969346,41.8742563757,-87.6522952772,1302719189.0,16969290,16969410
16969410,41.8742628197,-87.6520246456,1302719191.0,16969346,16969474
16969474,41.8742716179,-87.6517635986,1302719193.0,16969410,16969544
16969544,41.874288336,-87.6514815195,1302719195.0,16969474,16969601
16969601,41.8742978627,-87.6511714832,1302719197.0,16969544,16969664
16969664,41.8743030475,-87.6508563816,1302719199.0,16969601,16969726
16969726,41.8743104226,-87.6505552871,1302719201.0,16969664,16969794
16969794,41.8743145163,-87.6502542127,1302719203.0,16969726,16969851
16969851,41.8743153117,-87.64995643,1302719205.0,16969794,16969911
16969911,41.8743209362,-87.6496586125,1302719207.0,16969851,16969978
16969978,41.8743261618,-87.6493604613,1302719209.0,16969911,16970045
16970045,41.874336352,-87.6490673443,1302719211.0,16969978,16970111
16970111,41.8743450504,-87.6487702615,1302719213.0,16970045,16970178
16970178,41.8743537191,-87.6484598055,1302719215.0,16970111,16970253
16970253,41.8743456833,-87.6481401821,1302719217.0,16970178,16970314
16970314,41.8743213662,-87.6478219907,1302719219.0,16970253,16970378
16970378,41.8742837178,-87.6475332112,1302719221.0,16970314,16970476
16970476,41.8741937266,-87.6472298616,1302719224.0,16970378,16970572
16970572,41.8740023258,-87.6471010797,1302719227.0,16970476,16970636
16970636,41.8738149406,-87.6470994142,1302719229.0,16970572,16970707
16970707,41.8735967772,-87.6471211739,1302719231.0,16970636,16970776
16970776,41.8733596514,-87.6471393367,1302719233.0,16970707,16970841
16970841,41.873126623,-87.6471460947,1302719235.0,16970776,16970906
16970906,41.8728986563,-87.6471366022,1302719237.0,16970841,16970940
16970940,41.8726717112,-87.6471274563,1302719239.0,16970906,16971009
16971009,41.8724588963,-87.6471355401,1302719241.0,16970940,16971095
16971095,41.8722099276,-87.647137237,1302719244.0,16971009,16971709
16971709,41.8720106715,-87.6471096052,1302719263.0,16971095,16971957
16971957,41.8717985392,-87.6470762323,1302719270.0,16971709,16972074
16972074,41.8716106596,-87.6470777468,1302719273.0,16971957,16972183
16972183,41.8713768617,-87.6470821216,1302719276.0,16972074,16972289
16972289,41.871130892,-87.6470848471,1302719279.0,16972183,16972351
16972351,41.8709499191,-87.647085266,1302719281.0,16972289,16972418
16972418,41.8707439294,-87.6470828394,1302719283.0,16972351,16972485
16972485,41.8705329977,-87.6470752455,1302719285.0,16972418,16972559
16972559,41.8703231053,-87.6470736033,1302719287.0,16972485,16972630
16972630,41.8701430608,-87.6470700533,1302719289.0,16972559,16972740
16972740,41.8699350481,-87.6470727777,1302719292.0,16972630,16972851
16972851,41.8697484068,-87.6470401865,1302719295.0,16972740,16972964
16972964,41.8696408485,-87.6468286638,1302719298.0,16972851,16973072
16973072,41.8696457031,-87.6465437946,1302719301.0,16972964,16973182
16973182,41.8696524575,-87.6462996396,1302719304.0,16973072,16973735
16973735,41.8696105972,-87.6460358053,1302719319.0,16973182,16973882
16973882,41.869616331,-87.6457309298,1302719323.0,16973735,16973993
16973993,41.8696210627,-87.645395018,1302719326.0,16973882,16974080
16974080,41.8696253917,-87.6450590362,1302719329.0,16973993,16974159
16974159,41.8696304826,-87.6447510312,1302719332.0,16974080,16974248
16974248,41.8696375717,-87.6444200543,1302719335.0,16974159,16974317
16974317,41.8696436968,-87.6441720585,1302719337.0,16974248,16974381
16974381,41.8696478329,-87.6439100642,1302719339.0,16974317,16974459
16974459,41.8696481379,-87.6436430604,1302719341.0,16974381,16974530
16974530,41.8696482301,-87.6433660329,1302719343.0,16974459,16974594
16974594,41.8696531418,-87.6430870361,1302719345.0,16974530,16974652
16974652,41.8696560584,-87.64282001,1302719347.0,16974594,16974754
16974754,41.8696567923,-87.6425022192,1302719350.0,16974652,16974893
16974893,41.8696688042,-87.6422604937,1302719354.0,16974754,16975035
16975035,41.8698822476,-87.6421820782,1302719358.0,16974893,16975111
16975111,41.8700689816,-87.6422045501,1302719360.0,16975035,16975180
16975180,41.8702849905,-87.6422268141,1302719362.0,16975111,16975245
16975245,41.8705199948,-87.6422423865,1302719364.0,16975180,16975315
16975315,41.8707629938,-87.6422540979,1302719366.0,16975245,16975387
16975387,41.8710049936,-87.6422601156,1302719368.0,16975315,16975458
16975458,41.8712429929,-87.642267956,1302719370.0,16975387,16975528
16975528,41.8714669933,-87.6422683522,1302719372.0,16975458,16975600
16975600,41.8716629773,-87.6422705247,1302719374.0,16975528,16975703
16975703,41.8718869066,-87.6422526166,1302719377.0,16975600,16975842
16975842,41.8720561814,-87.6421634894,1302719381.0,16975703,16975984
16975984,41.8720787611,-87.6418390379,1302719385.0,16975842,16976057
16976057,41.872057599,-87.6415810838,1302719387.0,16975984,16976129
16976129,41.8720416367,-87.6412990609,1302719389.0,16976057,16976243
16976243,41.8720062931,-87.64097252,1302719392.0,16976129,16976352
16976352,41.8718517651,-87.6408391551,1302719395.0,16976243,16976453
16976453,41.8716280194,-87.6408659144,1302719398.0,16976352,16976563
16976563,41.871369054,-87.6408934744,1302719401.0,16976453,16976671
16976671,41.8711020702,-87.6409422735,1302719404.0,16976563,16976740
16976740,41.870898056,-87.6409791241,1302719406.0,16976671,16976805
16976805,41.8706840126,-87.6409934477,1302719408.0,16976740,16976878
16976878,41.8704260039,-87.6409854213,1302719410.0,16976805,16976948
16976948,41.8702049779,-87.6409722845,1302719412.0,16976878,16977056
16977056,41.8699887691,-87.6410035261,1302719415.0,16976948,16977197
16977197,41.8698483632,-87.6412509393,1302719419.0,16977056,16977306
16977306,41.8698003302,-87.6415329564,1302719422.0,16977197,16977409
16977409,41.8697638565,-87.6418289864,1302719425.0,16977306,16977508
16977508,41.8697471962,-87.6421480798,1302719428.0,16977409,16977613
16977613,41.8697312008,-87.6425153311,1302719431.0,16977508,16977684
16977684,41.869720279,-87.6427840699,1302719433.0,16977613,16977750
16977750,41.8697141451,-87.643069074,1302719435.0,16977684,16977824
16977824,41.8697071586,-87.6433510645,1302719437.0,16977750,16977900
16977900,41.8696959347,-87.6436250761,1302719439.0,16977824,16977978
16977978,41.8696786527,-87.6438850433,1302719441.0,16977900,16978036
16978036,41.8696614621,-87.6441390687,1302719443.0,16977978,16978110
16978110,41.8696534723,-87.6443940657,1302719445.0,16978036,16978185
16978185,41.8696475174,-87.6446580513,1302719447.0,16978110,16978256
16978256,41.8696424579,-87.6449270372,1302719449.0,16978185,16978328
16978328,41.8696323885,-87.6452010438,1302719451.0,16978256,16978398
16978398,41.8696285806,-87.6454640948,1302719453.0,16978328,16978466
16978466,41.8696220099,-87.6457201938,1302719455.0,16978398,16978538
16978538,41.8696093064,-87.6459722602,1302719457.0,16978466,16978610
16978610,41.8695943685,-87.6462212873,1302719459.0,16978538,16978719
16978719,41.8695746227,-87.6465661998,1302719462.0,16978610,16978813
16978813,41.8695581266,-87.6468212438,1302719465.0,16978719,16979178
16979178,41.869478498,-87.6470657352,1302719476.0,16978813,16979320
16979320,41.8692460443,-87.6470779658,1302719480.0,16979178,16979418
16979418,41.8690161762,-87.6470856122,1302719483.0,16979320,16979850
16979850,41.8688271087,-87.6470663969,1302719495.0,16979418,16979995
16979995,41.8686200672,-87.6470493771,1302719499.0,16979850,16980109
16980109,41.8684189607,-87.6470389013,1302719502.0,16979995,16980211
16980211,41.8681781217,-87.6470336657,1302719505.0,16980109,16980311
16980311,41.8679321985,-87.6470234321,1302719508.0,16980211,16980529
16980529,41.8677459953,-87.6470065591,1302719514.0,16980311,16981031
16981031,41.8675647362,-87.6469700999,1302719543.0,16980529,16981079
16981079,41.8673603674,-87.6469516423,1302719548.0,16981031,16981121
16981121,41.8671680865,-87.6469439643,1302719552.0,16981079,16981154
16981154,41.8669728219,-87.64693443,1302719555.0,16981121,16981190
16981190,41.8667559281,-87.6469310177,1302719558.0,16981154,16981226
16981226,41.8665750817,-87.6469563202,1302719561.0,16981190,16981278
16981278,41.8663721333,-87.6469708621,1302719565.0,16981226,16981374
16981374,41.8661830132,-87.6470558953,1302719572.0,16981278,16981514
16981514,41.865971997,-87.6471045961,1302719582.0,16981374,16981637
16981637,41.8657860416,-87.6471104256,1302719590.0,16981514,16981805
16981805,41.8656153342,-87.6470105253,1302719600.0,16981637,16982058
16982058,41.8654431449,-87.6469257288,1302719614.0,16981805,None
