25275122,41.8656799265,-87.646723318,1303922408.0,None,25275863
25275863,41.8654768491,-87.6467945006,1303922430.0,25275122,25276065
25276065,41.8652959983,-87.6469077098,1303922436.0,25275863,25276330
25276330,41.865115012,-87.6469003788,1303922443.0,25276065,25276651
25276651,41.8649321436,-87.6469440044,1303922452.0,25276330,25277226
25277226,41.8647502079,-87.6469318435,1303922468.0,25276651,25277432
25277432,41.8645460125,-87.6470144783,1303922474.0,25277226,25277646
25277646,41.864373991,-87.6471069127,1303922480.0,25277432,25278270
25278270,41.8642140144,-87.646957251,1303922498.0,25277646,25278476
25278476,41.8640240812,-87.6469413486,1303922504.0,25278270,25278618
25278618,41.8638270585,-87.6469353789,1303922508.0,25278476,25278732
25278732,41.8636450699,-87.6469359412,1303922512.0,25278618,25278989
25278989,41.8634480669,-87.6469237821,1303922519.0,25278732,25279693
25279693,41.8632739972,-87.6470012115,1303922539.0,25278989,25279967
25279967,41.8630730125,-87.6470246071,1303922547.0,25279693,25280153
25280153,41.8628819701,-87.6470196175,1303922552.0,25279967,25280331
25280331,41.8626930025,-87.6470236625,1303922557.0,25280153,25280784
25280784,41.8625189193,-87.6469297605,1303922570.0,25280331,25281121
25281121,41.8625015164,-87.647238036,1303922579.0,25280784,25281233
25281233,41.8625233442,-87.6475379265,1303922582.0,25281121,25281345
25281345,41.8625051245,-87.6478799287,1303922585.0,25281233,25281399
25281399,41.8624870009,-87.6481289441,1303922587.0,25281345,25281502
25281502,41.8624646928,-87.6484579707,1303922590.0,25281399,25281654
25281654,41.8624646645,-87.6487249214,1303922594.0,25281502,25281748
25281748,41.8624689591,-87.6489819521,1303922597.0,25281654,25282114
25282114,41.862353072,-87.6491858579,1303922607.0,25281748,25282292
25282292,41.8623454547,-87.6494909528,1303922612.0,25282114,25282398
25282398,41.8623705948,-87.6498358433,1303922615.0,25282292,25282471
25282471,41.862353987,-87.6500828635,1303922617.0,25282398,25282585
25282585,41.8623155,-87.6504089384,1303922620.0,25282471,25282737
25282737,41.8622592844,-87.6506798374,1303922624.0,25282585,25282978
25282978,41.8624608655,-87.6508107035,1303922631.0,25282737,25283084
25283084,41.8626939258,-87.6508154852,1303922634.0,25282978,25283198
25283198,41.8629529334,-87.6508362521,1303922637.0,25283084,25283302
25283302,41.8631678442,-87.6508566601,1303922640.0,25283198,25283448
25283448,41.8633539217,-87.6509063165,1303922644.0,25283302,25283595
25283595,41.8635584707,-87.6509218582,1303922648.0,25283448,25283696
25283696,41.8638010411,-87.6509393061,1303922651.0,25283595,25283770
25283770,41.8639970424,-87.650949229,1303922653.0,25283696,25283847
25283847,41.8641970745,-87.6509647368,1303922655.0,25283770,25283924
25283924,41.864385067,-87.6509809233,1303922657.0,25283847,25284031
25284031,41.8646082618,-87.6510143581,1303922660.0,25283924,25284198
25284198,41.864837182,-87.6510375416,1303922665.0,25284031,25284306
25284306,41.8650851651,-87.6510456892,1303922668.0,25284198,25284375
25284375,41.8652961745,-87.6510505201,1303922670.0,25284306,25284449
25284449,41.8655311774,-87.6510515086,1303922672.0,25284375,25284527
25284527,41.8657801805,-87.6510523683,1303922674.0,25284449,25284602
25284602,41.8660411817,-87.6510575101,1303922676.0,25284527,25284680
25284680,41.8662961727,-87.6510590487,1303922678.0,25284602,25284747
25284747,41.8665432431,-87.6510618313,1303922680.0,25284680,25284813
25284813,41.8667701948,-87.651069802,1303922682.0,25284747,25284919
25284919,41.8669949213,-87.6510836567,1303922685.0,25284813,25285094
25285094,41.8671443755,-87.6512842722,1303922691.0,25284919,25285206
25285206,41.8671507442,-87.6515778674,1303922694.0,25285094,25285280
25285280,41.8671513285,-87.6518442882,1303922696.0,25285206,25285360
25285360,41.8671522846,-87.6521188837,1303922698.0,25285280,25285429
25285429,41.8671568994,-87.6523856857,1303922700.0,25285360,25285488
25285488,41.8671623749,-87.6526375666,1303922702.0,25285429,25285596
25285596,41.8671732291,-87.6529835548,1303922705.0,25285488,25285680
25285680,41.8671916606,-87.6532446175,1303922709.0,25285596,25286283
25286283,41.8671581007,-87.6535405008,1303922729.0,25285680,25286395
25286395,41.8671500194,-87.6538584821,1303922732.0,25286283,25286466
25286466,41.8671395467,-87.6541465619,1303922734.0,25286395,25286545
25286545,41.8671321824,-87.6544644929,1303922736.0,25286466,25286618
25286618,41.8671317267,-87.6547852477,1303922738.0,25286545,25286684
25286684,41.8671259465,-87.6551064949,1303922740.0,25286618,25286750
25286750,41.8671180039,-87.6554256445,1303922742.0,25286684,25286819
25286819,41.8671139054,-87.6557385619,1303922744.0,25286750,25286889
25286889,41.8671060134,-87.6560435738,1303922746.0,25286819,25286963
25286963,41.8670891667,-87.6563097928,1303922748.0,25286889,25287083
25287083,41.8671017597,-87.6565726901,1303922751.0,25286963,25287332
25287332,41.8672731712,-87.6566777124,1303922758.0,25287083,25287451
25287451,41.8674711524,-87.6566949721,1303922762.0,25287332,25287595
25287595,41.8677081329,-87.6567177262,1303922766.0,25287451,25287705
25287705,41.8679331374,-87.6567324182,1303922769.0,25287595,25287817
25287817,41.8682171244,-87.6567347389,1303922772.0,25287705,25287893
25287893,41.8684430796,-87.6567391915,1303922774.0,25287817,25287963
25287963,41.8686540729,-87.6567489887,1303922776.0,25287893,25288034
25288034,41.8688650091,-87.6567507854,1303922778.0,25287963,25288101
25288101,41.8690640164,-87.6567359722,1303922780.0,25288034,25288167
25288167,41.8692550425,-87.6567318485,1303922782.0,25288101,25288269
25288269,41.8694753206,-87.6567369633,1303922785.0,25288167,25288642
25288642,41.8696604932,-87.6567746389,1303922795.0,25288269,25288781
25288781,41.8698543201,-87.656768447,1303922799.0,25288642,25288880
25288880,41.8701281559,-87.6567783623,1303922802.0,25288781,25288947
25288947,41.8703280775,-87.6567826535,1303922804.0,25288880,25289012
25289012,41.8705540647,-87.6567873828,1303922806.0,25288947,25289081
25289081,41.8707951068,-87.6567945126,1303922808.0,25289012,25289152
25289152,41.8710291197,-87.6568044672,1303922810.0,25289081,25289226
25289226,41.8712811222,-87.6568140713,1303922812.0,25289152,25289305
25289305,41.8715090752,-87.6568188793,1303922814.0,25289226,25289364
25289364,41.8717109156,-87.6568165975,1303922816.0,25289305,25289464
25289464,41.8719198087,-87.6568096743,1303922819.0,25289364,25289739
25289739,41.8720994842,-87.6568336945,1303922827.0,25289464,25289884
25289884,41.8723456616,-87.6568063993,1303922831.0,25289739,25289995
25289995,41.8726175993,-87.6567907793,1303922834.0,25289884,25290070
25290070,41.8728194888,-87.6567834134,1303922836.0,25289995,25290139
25290139,41.8730393251,-87.6567746065,1303922838.0,25290070,25290206
25290206,41.8732727407,-87.6567682763,1303922840.0,25290139,25290276
25290276,41.873497017,-87.6567422401,1303922842.0,25290206,25290348
25290348,41.8736920498,-87.6567334862,1303922844.0,25290276,25290463
25290463,41.8739350497,-87.6567276905,1303922847.0,25290348,25290569
25290569,41.8741303155,-87.6566583434,1303922850.0,25290463,25290712
25290712,41.8742455793,-87.6564069682,1303922854.0,25290569,25291354
25291354,41.874312271,-87.6561727712,1303922872.0,25290712,25291515
25291515,41.8743207779,-87.6558997202,1303922877.0,25291354,25291984
25291984,41.8743356722,-87.6556527594,1303922890.0,25291515,25292098
25292098,41.8743465688,-87.6553457573,1303922893.0,25291984,25292171
25292171,41.874347734,-87.6550687006,1303922895.0,25292098,25292244
25292244,41.8743490842,-87.6547637247,1303922897.0,25292171,25292314
25292314,41.8743480404,-87.6544487413,1303922899.0,25292244,25292385
25292385,41.8743529771,-87.6541337386,1303922901.0,25292314,25292457
25292457,41.8743543631,-87.6538246633,1303922903.0,25292385,25292522
25292522,41.8743567701,-87.6535286555,1303922905.0,25292457,25292595
25292595,41.8743603883,-87.6532396363,1303922907.0,25292522,25292662
25292662,41.8743691367,-87.6529607255,1303922909.0,25292595,25292732
25292732,41.8743868449,-87.6526998335,1303922911.0,25292662,25292844
25292844,41.8743729854,-87.652386804,1303922914.0,25292732,25293483
25293483,41.8743281245,-87.6521323998,1303922940.0,25292844,None
