61046626,41.8714210517,-87.6733633513,1303246096.0,None,61047241
61047241,41.8714959313,-87.6731224003,1303246115.0,61046626,61047398
61047398,41.8715261584,-87.6727989744,1303246120.0,61047241,61047502
61047502,41.8715384652,-87.6725169899,1303246123.0,61047398,61047605
61047605,41.8715395389,-87.6722699062,1303246126.0,61047502,61047744
61047744,41.8715140769,-87.6720299548,1303246130.0,61047605,61047914
61047914,41.8714996691,-87.6717438672,1303246135.0,61047744,61048046
61048046,41.8715276857,-87.6714399243,1303246139.0,61047914,61048129
61048129,41.8715312984,-87.6711920122,1303246142.0,61048046,61048230
61048230,41.8715337091,-87.6709272084,1303246145.0,61048129,61048365
61048365,41.8715435257,-87.6706190415,1303246149.0,61048230,61048544
61048544,41.8715429082,-87.6703299136,1303246154.0,61048365,61048679
61048679,41.8715593283,-87.6700397521,1303246158.0,61048544,61048893
61048893,41.8715212576,-87.6697867612,1303246164.0,61048679,61049305
61049305,41.871552802,-87.6695408453,1303246176.0,61048893,61049521
61049521,41.871394632,-87.6693377822,1303246182.0,61049305,61049625
61049625,41.8712063042,-87.6692885371,1303246185.0,61049521,61049733
61049733,41.8709771638,-87.6692439054,1303246188.0,61049625,61049847
61049847,41.8707311559,-87.6691975631,1303246191.0,61049733,61049951
61049951,41.8704741284,-87.6691474399,1303246194.0,61049847,61050056
61050056,41.870232119,-87.6691237188,1303246197.0,61049951,61050163
61050163,41.8700111177,-87.6690966064,1303246200.0,61050056,61050270
61050270,41.869793068,-87.6690837436,1303246203.0,61050163,61050387
61050387,41.8696030241,-87.6690478368,1303246206.0,61050270,61050537
61050537,41.8694018109,-87.6690030712,1303246210.0,61050387,61050786
61050786,41.8691815132,-87.6689919248,1303246217.0,61050537,61050893
61050893,41.8689758749,-87.6689917592,1303246220.0,61050786,61051002
61051002,41.8687399424,-87.6689728079,1303246223.0,61050893,61051110
61051110,41.8684918818,-87.6689809131,1303246226.0,61051002,61051222
61051222,41.8682399139,-87.6689754712,1303246229.0,61051110,61051334
61051334,41.8679838939,-87.6689686808,1303246232.0,61051222,61051446
61051446,41.8677239048,-87.6689592662,1303246235.0,61051334,61051557
61051557,41.8674748671,-87.6689545074,1303246238.0,61051446,61051667
61051667,41.8672419045,-87.6689524953,1303246241.0,61051557,61051773
61051773,41.867032167,-87.6689587244,1303246244.0,61051667,61051901
61051901,41.8668460842,-87.6688875253,1303246248.0,61051773,61051971
61051971,41.8667772138,-87.6686540568,1303246253.0,61051901,61051987
61051987,41.8667791242,-87.6683390145,1303246257.0,61051971,61052004
61052004,41.8667762143,-87.6680810074,1303246260.0,61051987,61052031
61052031,41.8667774495,-87.667790043,1303246264.0,61052004,61052072
61052072,41.8667805665,-87.6675041408,1303246269.0,61052031,61052129
61052129,41.8667873572,-87.6672281261,1303246275.0,61052072,61052289
61052289,41.8667988245,-87.6669370192,1303246289.0,61052129,61052328
61052328,41.8667975724,-87.6666880598,1303246292.0,61052289,61052368
61052368,41.8668001482,-87.6663642498,1303246295.0,61052328,61052396
61052396,41.8668043522,-87.6661090548,1303246297.0,61052368,61052424
61052424,41.8668088292,-87.6658300177,1303246299.0,61052396,61052452
61052452,41.8668136629,-87.665533,1303246301.0,61052424,61052482
61052482,41.8668215127,-87.6652249268,1303246303.0,61052452,61052507
61052507,41.866827098,-87.6649139169,1303246305.0,61052482,61052538
61052538,41.8668329434,-87.6646058701,1303246307.0,61052507,61052569
61052569,41.866835457,-87.6643048986,1303246309.0,61052538,61052601
61052601,41.8668347909,-87.6640129577,1303246311.0,61052569,61052632
61052632,41.8668412678,-87.6637229604,1303246313.0,61052601,61052664
61052664,41.8668442915,-87.663438978,1303246315.0,61052632,61052696
61052696,41.8668455417,-87.6631670285,1303246317.0,61052664,61052732
61052732,41.8668457729,-87.6629090484,1303246319.0,61052696,61052781
61052781,41.866847548,-87.6625920707,1303246322.0,61052732,61052851
61052851,41.8668413559,-87.6623250767,1303246326.0,61052781,61053069
61053069,41.86680628,-87.6620460876,1303246338.0,61052851,61053127
61053127,41.8667976782,-87.6618041671,1303246341.0,61053069,61053182
61053182,41.8668129858,-87.6614761765,1303246344.0,61053127,61053223
61053223,41.8668201545,-87.6612191402,1303246346.0,61053182,61053265
61053265,41.8668282132,-87.6609411436,1303246348.0,61053223,61053305
61053305,41.8668393548,-87.66065814,1303246350.0,61053265,61053346
61053346,41.8668475299,-87.660377148,1303246352.0,61053305,61053384
61053384,41.8668555681,-87.6601001661,1303246354.0,61053346,61053426
61053426,41.8668615584,-87.6598271522,1303246356.0,61053384,61053471
61053471,41.8668694899,-87.6595521503,1303246358.0,61053426,61053510
61053510,41.8668744112,-87.6592811412,1303246360.0,61053471,61053552
61053552,41.8668803222,-87.6590201182,1303246362.0,61053510,61053594
61053594,41.8668852386,-87.6587621134,1303246364.0,61053552,61053637
61053637,41.8668919697,-87.6585051408,1303246366.0,61053594,61053683
61053683,41.8668997059,-87.6582481345,1303246368.0,61053637,61053725
61053725,41.8669055394,-87.657991121,1303246370.0,61053683,61053769
61053769,41.8669112522,-87.6577341641,1303246372.0,61053725,61053812
61053812,41.8669187344,-87.657478129,1303246374.0,61053769,61053858
61053858,41.8669253585,-87.6572230937,1303246376.0,61053812,61053884
61053884,41.8669338579,-87.6569680955,1303246378.0,61053858,61053927
61053927,41.8669351687,-87.6567051214,1303246380.0,61053884,61053948
61053948,41.8669400192,-87.6564311866,1303246382.0,61053927,61053987
61053987,41.8669476575,-87.6561459485,1303246384.0,61053948,61054019
61054019,41.8669502606,-87.6558638913,1303246386.0,61053987,61054056
61054056,41.866954605,-87.6555799763,1303246388.0,61054019,61054093
61054093,41.8669577207,-87.6552969825,1303246390.0,61054056,61054137
61054137,41.8669609915,-87.6550139955,1303246392.0,61054093,61054179
61054179,41.8669653608,-87.6547319624,1303246394.0,61054137,61054222
61054222,41.8669739095,-87.6544459883,1303246396.0,61054179,61054270
61054270,41.8669820183,-87.654168009,1303246398.0,61054222,61054317
61054317,41.866981225,-87.6538890786,1303246400.0,61054270,61054358
61054358,41.8669835774,-87.653618143,1303246402.0,61054317,61054400
61054400,41.8669883871,-87.6533471331,1303246404.0,61054358,61054447
61054447,41.8669942399,-87.6530549967,1303246406.0,61054400,61054493
61054493,41.8669992804,-87.6527419905,1303246408.0,61054447,61054540
61054540,41.8670033545,-87.6524310195,1303246410.0,61054493,61054591
61054591,41.867007479,-87.6521479838,1303246412.0,61054540,61054662
61054662,41.8670125371,-87.6518222109,1303246415.0,61054591,61054739
61054739,41.867039473,-87.6515323903,1303246419.0,61054662,61055348
61055348,41.8670466001,-87.6512497707,1303246443.0,61054739,61055487
61055487,41.8671675929,-87.6510177474,1303246448.0,61055348,61055593
61055593,41.8673961388,-87.6509858886,1303246452.0,61055487,61055744
61055744,41.8675950096,-87.6509931423,1303246458.0,61055593,61055857
61055857,41.8677958957,-87.6509991851,1303246462.0,61055744,61055944
61055944,41.8680379041,-87.6510078224,1303246465.0,61055857,61056024
61056024,41.8683038927,-87.6510178364,1303246468.0,61055944,61056077
61056077,41.8685108775,-87.6510226285,1303246470.0,61056024,61056128
61056128,41.8687298582,-87.6510291021,1303246472.0,61056077,61056133
61056133,41.8689367757,-87.6510388567,1303246474.0,61056128,61056146
61056146,41.8691855362,-87.651065444,1303246477.0,61056133,61056169
61056169,41.8694091108,-87.6510505958,1303246481.0,61056146,61056198
61056198,41.8694814461,-87.6508153607,1303246485.0,61056169,61056222
61056222,41.8694667842,-87.6505177427,1303246488.0,61056198,61056240
61056240,41.8694657224,-87.6502679415,1303246490.0,61056222,61056258
61056258,41.8694688912,-87.6500030431,1303246492.0,61056240,61056278
61056278,41.8694701164,-87.6497420795,1303246494.0,61056258,61056298
61056298,41.8694803959,-87.6493590365,1303246497.0,61056278,61056322
61056322,41.8694842236,-87.649104015,1303246499.0,61056298,61056353
61056353,41.8694896972,-87.6487850015,1303246502.0,61056322,61056413
61056413,41.8694968749,-87.6485330581,1303246507.0,61056353,None
