96437403,41.8743675384,-87.6564120983,1303492050.0,None,96437581
96437581,41.8743626416,-87.656680141,1303492071.0,96437403,96437629
96437629,41.8743660894,-87.6569550321,1303492074.0,96437581,96437673
96437673,41.8743638325,-87.6572190135,1303492077.0,96437629,96437755
96437755,41.8743478999,-87.6574721176,1303492082.0,96437673,96438024
96438024,41.8743413339,-87.6577990075,1303492096.0,96437755,96438087
96438087,41.8743283491,-87.6581309921,1303492099.0,96438024,96438132
96438132,41.8743231994,-87.6583869832,1303492101.0,96438087,96438179
96438179,41.8743222429,-87.6586619699,1303492103.0,96438132,96438223
96438223,41.8743163323,-87.6589519596,1303492105.0,96438179,96438269
96438269,41.8743089923,-87.6592539829,1303492107.0,96438223,96438315
96438315,41.8743072858,-87.6595609543,1303492109.0,96438269,96438369
96438369,41.8743014698,-87.6598809708,1303492111.0,96438315,96438408
96438408,41.8742949722,-87.6602059879,1303492113.0,96438369,96438459
96438459,41.8742891257,-87.6605260006,1303492115.0,96438408,96438505
96438505,41.874282503,-87.6608350065,1303492117.0,96438459,96438554
96438554,41.8742782287,-87.6611340112,1303492119.0,96438505,96438606
96438606,41.8742691212,-87.6614270353,1303492121.0,96438554,96438664
96438664,41.8742553892,-87.6617160351,1303492123.0,96438606,96438725
96438725,41.8742486187,-87.662008116,1303492125.0,96438664,96438778
96438778,41.8742395085,-87.6623091317,1303492127.0,96438725,96438829
96438829,41.8742294079,-87.6626181518,1303492129.0,96438778,96438878
96438878,41.8742120576,-87.6629301198,1303492131.0,96438829,96438931
96438931,41.8741986719,-87.6632439373,1303492133.0,96438878,96438991
96438991,41.874199578,-87.6635537537,1303492135.0,96438931,96439050
96439050,41.8742054414,-87.6638576934,1303492137.0,96438991,96439112
96439112,41.8742111914,-87.664153681,1303492139.0,96439050,96439177
96439177,41.8742159067,-87.6644296872,1303492141.0,96439112,96439233
96439233,41.8742206754,-87.6646886837,1303492143.0,96439177,96439288
96439288,41.8742215122,-87.6649347617,1303492145.0,96439233,96439376
96439376,41.874216019,-87.6652659715,1303492148.0,96439288,96439470
96439470,41.8742106541,-87.6655330865,1303492151.0,96439376,96439594
96439594,41.8741940003,-87.6658371429,1303492155.0,96439470,96440399
96440399,41.8741513486,-87.6660841181,1303492179.0,96439594,96440816
96440816,41.8741713623,-87.666333471,1303492191.0,96440399,96440970
96440970,41.8741969277,-87.6666463954,1303492195.0,96440816,96441087
96441087,41.8742033769,-87.6669233853,1303492198.0,96440970,96441194
96441194,41.8742030468,-87.667240112,1303492201.0,96441087,96441305
96441305,41.8741879073,-87.6675768097,1303492204.0,96441194,96441408
96441408,41.8741456051,-87.6679081646,1303492207.0,96441305,96441512
96441512,41.8741048092,-87.6682241666,1303492210.0,96441408,96441625
96441625,41.8741077889,-87.6684870393,1303492213.0,96441512,96441900
96441900,41.874227918,-87.6687083711,1303492220.0,96441625,96442039
96442039,41.8743281818,-87.6689299779,1303492224.0,96441900,96442579
96442579,41.874213652,-87.669125153,1303492239.0,96442039,96442696
96442696,41.8740295061,-87.6691211537,1303492242.0,96442579,96442812
96442812,41.8737658686,-87.6691239879,1303492245.0,96442696,96442881
96442881,41.8735828813,-87.6691294809,1303492247.0,96442812,96442997
96442997,41.8733829633,-87.6691466237,1303492250.0,96442881,96443449
96443449,41.8735539979,-87.6689898741,1303492263.0,96442997,96443589
96443589,41.8734240083,-87.668791509,1303492267.0,96443449,96443703
96443703,41.8731960184,-87.6687662896,1303492270.0,96443589,96443820
96443820,41.873015933,-87.6687793483,1303492273.0,96443703,96443964
96443964,41.8728238766,-87.6688151897,1303492277.0,96443820,96444064
96444064,41.8725919841,-87.6688520038,1303492280.0,96443964,96444166
96444166,41.8723540333,-87.6688475723,1303492283.0,96444064,96444273
96444273,41.8721140885,-87.6688225917,1303492286.0,96444166,96444389
96444389,41.8718839485,-87.6687919423,1303492289.0,96444273,96444467
96444467,41.8715720469,-87.6688095289,1303492291.0,96444389,96444503
96444503,41.8713829461,-87.6688212285,1303492292.0,96444467,96444543
96444543,41.8711859838,-87.668835336,1303492293.0,96444503,96444620
96444620,41.8709328944,-87.6688473674,1303492295.0,96444543,96444695
96444695,41.8707138579,-87.6688513191,1303492297.0,96444620,96444734
96444734,41.8705117325,-87.6689017922,1303492298.0,96444695,96444832
96444832,41.8701727608,-87.6689533928,1303492301.0,96444734,96444899
96444899,41.8699757846,-87.6689860985,1303492303.0,96444832,96444975
96444975,41.8697779405,-87.6690286604,1303492305.0,96444899,96445119
96445119,41.8695771354,-87.6690937206,1303492309.0,96444975,96445386
96445386,41.8693823374,-87.6691834709,1303492316.0,96445119,96445657
96445657,41.8692586611,-87.6693640374,1303492324.0,96445386,96445807
96445807,41.8692556948,-87.6696939027,1303492328.0,96445657,96445921
96445921,41.8692450875,-87.6700157828,1303492331.0,96445807,96446030
96446030,41.8692386039,-87.6703080811,1303492334.0,96445921,96446118
96446118,41.8692373276,-87.6705869508,1303492337.0,96446030,96446229
96446229,41.8692427397,-87.6709401594,1303492340.0,96446118,96446341
96446341,41.8692399942,-87.6712395195,1303492343.0,96446229,96446639
96446639,41.8692357961,-87.6715395036,1303492351.0,96446341,96446717
96446717,41.869224392,-87.6718215767,1303492354.0,96446639,96446805
96446805,41.8692073453,-87.6721870421,1303492357.0,96446717,96446875
96446875,41.869196594,-87.6724611245,1303492359.0,96446805,96446947
96446947,41.8691813801,-87.6727362316,1303492361.0,96446875,96447049
96447049,41.8691563655,-87.6730811095,1303492364.0,96446947,96447164
96447164,41.8691372345,-87.6733309824,1303492367.0,96447049,96447372
96447372,41.8691754741,-87.6735874757,1303492373.0,96447164,96448101
96448101,41.8691851666,-87.6738422928,1303492394.0,96447372,96448215
96448215,41.8691699985,-87.6741602214,1303492397.0,96448101,96448283
96448283,41.8691659552,-87.6744162094,1303492399.0,96448215,96448354
96448354,41.8691568246,-87.6747092251,1303492401.0,96448283,96448428
96448428,41.8691468132,-87.6750101965,1303492403.0,96448354,96448495
96448495,41.869142949,-87.6752911327,1303492405.0,96448428,96448572
96448572,41.8691453329,-87.6755468965,1303492407.0,96448495,96448675
96448675,41.8691594114,-87.6758332272,1303492410.0,96448572,96449154
96449154,41.8691872755,-87.6760710992,1303492423.0,96448675,96449374
96449374,41.8693919045,-87.6762030421,1303492429.0,96449154,96449484
96449484,41.8696120286,-87.6761918559,1303492432.0,96449374,96449582
96449582,41.8698290169,-87.6761939818,1303492435.0,96449484,96449693
96449693,41.87007105,-87.6761972501,1303492438.0,96449582,96449805
96449805,41.8703340271,-87.6762033928,1303492441.0,96449693,96449885
96449885,41.8705170361,-87.6762142546,1303492443.0,96449805,96449956
96449956,41.8707089652,-87.6762124609,1303492445.0,96449885,96450019
96450019,41.8708959751,-87.6762132578,1303492447.0,96449956,96450123
96450123,41.8711539953,-87.6762185038,1303492450.0,96450019,96450257
96450257,41.8713746054,-87.6762047208,1303492454.0,96450123,96450436
96450436,41.8714675759,-87.6759573339,1303492459.0,96450257,96450547
96450547,41.8714578061,-87.675682856,1303492462.0,96450436,96450660
96450660,41.8714552795,-87.675393015,1303492465.0,96450547,96450801
96450801,41.871454133,-87.675144559,1303492469.0,96450660,None
