38760522,41.8691090913,-87.6759529327,1303647407.0,None,38760852
38760852,41.8691040309,-87.6762483316,1303647419.0,38760522,38760940
38760940,41.8690973585,-87.6765113625,1303647422.0,38760852,38761033
38761033,41.8690894436,-87.676820227,1303647425.0,38760940,38761131
38761131,41.8690865015,-87.6771651464,1303647428.0,38761033,38761184
38761184,41.8690882919,-87.6774071519,1303647430.0,38761131,38761234
38761234,41.8690889749,-87.6776511084,1303647432.0,38761184,38761319
38761319,41.8690847925,-87.6780091159,1303647435.0,38761234,38761406
38761406,41.869081665,-87.6783681573,1303647438.0,38761319,38761498
38761498,41.8690784206,-87.6787261188,1303647441.0,38761406,38761591
38761591,41.8690743257,-87.6790690768,1303647444.0,38761498,38761676
38761676,41.8690710308,-87.6793860911,1303647447.0,38761591,38761769
38761769,41.8690699462,-87.6796830868,1303647450.0,38761676,38761859
38761859,41.8690907801,-87.6799681503,1303647453.0,38761769,38761970
38761970,41.8691049622,-87.6802672974,1303647457.0,38761859,38762472
38762472,41.8691137968,-87.6805330704,1303647473.0,38761970,38762631
38762631,41.8691167485,-87.6808500314,1303647478.0,38762472,38762722
38762722,41.8691091086,-87.6811268808,1303647481.0,38762631,38762816
38762816,41.8690967673,-87.6814408205,1303647484.0,38762722,38762917
38762917,41.8690855365,-87.6817798253,1303647487.0,38762816,38763023
38763023,41.8690763481,-87.6821238923,1303647490.0,38762917,38763123
38763123,41.8690691908,-87.6824658932,1303647493.0,38763023,38763219
38763219,41.8690621616,-87.6827839178,1303647496.0,38763123,38763310
38763310,41.8690590693,-87.6830699575,1303647499.0,38763219,38763404
38763404,41.8690556785,-87.6833149954,1303647502.0,38763310,38763604
38763604,41.869048185,-87.6835581241,1303647508.0,38763404,38763739
38763739,41.8690437421,-87.6838079022,1303647512.0,38763604,38763796
38763796,41.8690393687,-87.6840676525,1303647515.0,38763739,38763807
38763807,41.8690374029,-87.6843408702,1303647518.0,38763796,38763829
38763829,41.8690309664,-87.684640925,1303647522.0,38763807,38763879
38763879,41.8690251019,-87.6849408123,1303647529.0,38763829,38763913
38763913,41.8690162458,-87.6852389385,1303647533.0,38763879,38763942
38763942,41.869020211,-87.6855000174,1303647536.0,38763913,38763983
38763983,41.8690253446,-87.6858087256,1303647540.0,38763942,38764036
38764036,41.8691146737,-87.6860266887,1303647545.0,38763983,38764199
38764199,41.8692971099,-87.6860476036,1303647562.0,38764036,38764246
38764246,41.8694910179,-87.6860573896,1303647566.0,38764199,38764296
38764296,41.8696979692,-87.6860642135,1303647569.0,38764246,38764340
38764340,41.8699319404,-87.6860719098,1303647572.0,38764296,38764387
38764387,41.870176964,-87.6860839713,1303647575.0,38764340,38764440
38764440,41.8704140098,-87.6860917205,1303647578.0,38764387,38764485
38764485,41.8706420455,-87.6861013706,1303647581.0,38764440,38764538
38764538,41.8708891453,-87.6861080714,1303647584.0,38764485,38764590
38764590,41.8711470672,-87.6861161251,1303647587.0,38764538,38764642
38764642,41.8714139356,-87.6861232995,1303647590.0,38764590,38764697
38764697,41.8716819257,-87.6861349962,1303647593.0,38764642,38764752
38764752,41.8719499954,-87.6861512653,1303647596.0,38764697,38764808
38764808,41.8722180131,-87.6861623882,1303647599.0,38764752,38764865
38764865,41.8724790322,-87.686167547,1303647602.0,38764808,38764923
38764923,41.8727329991,-87.6861707487,1303647605.0,38764865,38764983
38764983,41.8729820315,-87.6861762925,1303647608.0,38764923,38765042
38765042,41.8732190331,-87.6861845146,1303647611.0,38764983,38765101
38765101,41.8734450117,-87.6861899686,1303647614.0,38765042,38765163
38765163,41.8736400829,-87.6861900844,1303647617.0,38765101,38765325
38765325,41.8738383207,-87.6861733762,1303647625.0,38765163,38765433
38765433,41.8738986081,-87.6859030374,1303647630.0,38765325,38765494
38765494,41.873899754,-87.6856609579,1303647633.0,38765433,38765567
38765567,41.8739064508,-87.6853870225,1303647636.0,38765494,38765633
38765633,41.8739182407,-87.6850919933,1303647639.0,38765567,38765695
38765695,41.8739283069,-87.6847889522,1303647642.0,38765633,38765737
38765737,41.8739302547,-87.6844869584,1303647645.0,38765695,38765779
38765779,41.8739291202,-87.6842159333,1303647648.0,38765737,38765870
38765870,41.8739390979,-87.683967903,1303647653.0,38765779,38766076
38766076,41.8739348572,-87.6837168859,1303647662.0,38765870,38766145
38766145,41.8739373396,-87.6834719549,1303647665.0,38766076,38766213
38766213,41.8739411958,-87.6831779848,1303647668.0,38766145,38766284
38766284,41.8739509216,-87.6828609763,1303647671.0,38766213,38766365
38766365,41.8739580655,-87.6825259446,1303647674.0,38766284,38766428
38766428,41.8739639954,-87.6821859796,1303647677.0,38766365,38766503
38766503,41.8739688303,-87.6818660161,1303647680.0,38766428,38766575
38766575,41.8739730594,-87.6816059032,1303647683.0,38766503,38766728
38766728,41.8739839437,-87.6813588416,1303647689.0,38766575,38766831
38766831,41.8739976768,-87.6810718082,1303647693.0,38766728,38766907
38766907,41.8740069633,-87.6807827886,1303647696.0,38766831,38766979
38766979,41.874011319,-87.6804648672,1303647699.0,38766907,38767058
38767058,41.8740155974,-87.6801349205,1303647702.0,38766979,38767141
38767141,41.8740207766,-87.6797908864,1303647705.0,38767058,38767225
38767225,41.8740138201,-87.6794309577,1303647708.0,38767141,38767279
38767279,41.8740160971,-87.6791859404,1303647710.0,38767225,38767335
38767335,41.8740183927,-87.6789389195,1303647712.0,38767279,38767388
38767388,41.8740223425,-87.6786929153,1303647714.0,38767335,38767438
38767438,41.8740270611,-87.6784509385,1303647716.0,38767388,38767519
38767519,41.8740345119,-87.6780959106,1303647719.0,38767438,38767605
38767605,41.8740371016,-87.6777518663,1303647722.0,38767519,38767690
38767690,41.8740410071,-87.6774400191,1303647725.0,38767605,38767774
38767774,41.8740474391,-87.6771592808,1303647728.0,38767690,38767881
38767881,41.8740284383,-87.6768552947,1303647732.0,38767774,38768101
38768101,41.8739910265,-87.6765907224,1303647740.0,38767881,38768214
38768214,41.8738020914,-87.6764975372,1303647744.0,38768101,38768298
38768298,41.8736047887,-87.676480191,1303647747.0,38768214,38768391
38768391,41.8733829116,-87.6764665724,1303647750.0,38768298,38768474
38768474,41.8731510766,-87.6764535471,1303647753.0,38768391,38768558
38768558,41.8729061175,-87.6764408056,1303647756.0,38768474,38768647
38768647,41.8726350346,-87.6764273475,1303647759.0,38768558,38768708
38768708,41.8724491024,-87.6764196621,1303647761.0,38768647,38768769
38768769,41.8722581722,-87.6764072868,1303647763.0,38768708,38768830
38768830,41.872076228,-87.6763879152,1303647765.0,38768769,38768920
38768920,41.8718181475,-87.6763614665,1303647768.0,38768830,38769005
38769005,41.8716048694,-87.6763457193,1303647771.0,38768920,38769161
38769161,41.8714613373,-87.6761309273,1303647776.0,38769005,38769252
38769252,41.8714690173,-87.6758809338,1303647779.0,38769161,38769341
38769341,41.8714733735,-87.6756019486,1303647782.0,38769252,38769434
38769434,41.8714766414,-87.6752989088,1303647785.0,38769341,38769530
38769530,41.8714845797,-87.6749760343,1303647788.0,38769434,38769613
38769613,41.8714922075,-87.6746484126,1303647791.0,38769530,38769707
38769707,41.8715020479,-87.6743281654,1303647794.0,38769613,38769806
38769806,41.8715076615,-87.6740433609,1303647797.0,38769707,38770001
38770001,41.8715125281,-87.6737665754,1303647803.0,38769806,38770134
38770134,41.8715091379,-87.6735114169,1303647807.0,38770001,38770228
38770228,41.8714661451,-87.6732335616,1303647810.0,38770134,38770320
38770320,41.8714657461,-87.6729552755,1303647813.0,38770228,38770425
38770425,41.8714691298,-87.6726863048,1303647816.0,38770320,38770527
38770527,41.8714758254,-87.6724142583,1303647819.0,38770425,38770635
38770635,41.8714791764,-87.6721479998,1303647822.0,38770527,38770735
38770735,41.8714885922,-87.6718498289,1303647826.0,38770635,38770888
38770888,41.8714867582,-87.6715881677,1303647831.0,38770735,38771024
38771024,41.8714796015,-87.6713323814,1303647835.0,38770888,38771133
38771133,41.8714978002,-87.6710633934,1303647838.0,38771024,38771243
38771243,41.8715166826,-87.6707602107,1303647841.0,38771133,38771344
38771344,41.871527488,-87.6704479989,1303647844.0,38771243,38771433
38771433,41.8715348532,-87.6701348937,1303647847.0,38771344,38771460
38771460,41.8715447563,-87.6698345747,1303647850.0,38771433,38771473
38771473,41.8715547594,-87.6695490246,1303647853.0,38771460,38771496
38771496,41.8715633127,-87.6692469162,1303647857.0,38771473,38771549
38771549,41.8714541814,-87.6690558445,1303647864.0,38771496,38771585
38771585,41.8712515902,-87.6690470987,1303647868.0,38771549,38771615
38771615,41.871047669,-87.6690403126,1303647871.0,38771585,38771646
38771646,41.8708287744,-87.6690286087,1303647874.0,38771615,38771679
38771679,41.8705928757,-87.6690163846,1303647877.0,38771646,38771714
38771714,41.8703578913,-87.669011221,1303647880.0,38771679,38771750
38771750,41.870127864,-87.6690084807,1303647883.0,38771714,38771788
38771788,41.8699228537,-87.6690029046,1303647886.0,38771750,38771827
38771827,41.8697418523,-87.6690001891,1303647889.0,38771788,38771882
38771882,41.8695147477,-87.6689971168,1303647893.0,38771827,38771953
38771953,41.8693195813,-87.6689959519,1303647898.0,38771882,38772041
38772041,41.8691801642,-87.6687987234,1303647904.0,38771953,38772105
38772105,41.8691921335,-87.6684780989,1303647908.0,38772041,38772152
38772152,41.869199025,-87.6681840106,1303647911.0,38772105,38772203
38772203,41.8691789564,-87.6678469109,1303647914.0,38772152,38772254
38772254,41.8691766973,-87.6675289486,1303647917.0,38772203,38772304
38772304,41.8691801763,-87.667227834,1303647920.0,38772254,38772357
38772357,41.8691824688,-87.666952843,1303647923.0,38772304,38772410
38772410,41.8691848808,-87.6667070129,1303647926.0,38772357,38772465
38772465,41.8691954942,-87.6664291095,1303647929.0,38772410,38772521
38772521,41.8692147894,-87.6661151945,1303647932.0,38772465,38772576
38772576,41.8692303008,-87.6657781623,1303647935.0,38772521,38772632
38772632,41.8692429849,-87.6654269768,1303647938.0,38772576,38772690
38772690,41.8692550493,-87.6650809611,1303647941.0,38772632,38772748
38772748,41.8692636533,-87.6647599373,1303647944.0,38772690,38772809
38772809,41.869269275,-87.6644740219,1303647947.0,38772748,38772893
38772893,41.8692726849,-87.6642290868,1303647951.0,38772809,38773010
38773010,41.8692924217,-87.6639462269,1303647957.0,38772893,38773077
38773077,41.8692997487,-87.6636930836,1303647960.0,38773010,38773144
38773144,41.8692990247,-87.6633879744,1303647963.0,38773077,38773185
38773185,41.8693022549,-87.6630540112,1303647966.0,38773144,38773239
38773239,41.8693131322,-87.662712017,1303647969.0,38773185,38773296
38773296,41.8693236819,-87.662358966,1303647972.0,38773239,38773355
38773355,41.8693269022,-87.6620069214,1303647975.0,38773296,38773405
38773405,41.869333198,-87.6616589006,1303647978.0,38773355,38773457
38773457,41.8693474543,-87.6613080323,1303647981.0,38773405,38773501
38773501,41.8693609787,-87.6610659469,1303647983.0,38773457,38773550
38773550,41.8693682968,-87.6608169531,1303647985.0,38773501,38773593
38773593,41.8693724648,-87.6605599286,1303647987.0,38773550,38773637
38773637,41.8693774981,-87.6603039261,1303647989.0,38773593,38773685
38773685,41.8693802169,-87.6600499133,1303647991.0,38773637,38773731
38773731,41.8693860779,-87.6597939248,1303647993.0,38773685,38773781
38773781,41.8693911736,-87.6595339031,1303647995.0,38773731,38773829
38773829,41.8694022547,-87.659274914,1303647997.0,38773781,38773872
38773872,41.8694113229,-87.6590169074,1303647999.0,38773829,38773918
38773918,41.8694089661,-87.658757897,1303648001.0,38773872,38773966
38773966,41.8694097152,-87.6584989268,1303648003.0,38773918,38774014
38774014,41.869409298,-87.6582419083,1303648005.0,38773966,38774065
38774065,41.869406333,-87.6579919264,1303648007.0,38774014,38774115
38774115,41.8694102294,-87.6577488871,1303648009.0,38774065,38774186
38774186,41.869418244,-87.6574078072,1303648012.0,38774115,38774257
38774257,41.8694294132,-87.6571036467,1303648015.0,38774186,38774332
38774332,41.8694404488,-87.6568567921,1303648018.0,38774257,38774462
38774462,41.8696108288,-87.6567360051,1303648023.0,38774332,38774565
38774565,41.8698499061,-87.6567518893,1303648027.0,38774462,38774643
38774643,41.8700740424,-87.6567678817,1303648030.0,38774565,38774722
38774722,41.8703200482,-87.6567786827,1303648033.0,38774643,38774803
38774803,41.87058306,-87.6567876415,1303648036.0,38774722,38774878
38774878,41.8708510808,-87.656794604,1303648039.0,38774803,38774963
38774963,41.8711130576,-87.6568025168,1303648042.0,38774878,38775044
38775044,41.8713731233,-87.656813716,1303648045.0,38774963,38775122
38775122,41.8716119912,-87.6568201122,1303648048.0,38775044,38775201
38775201,41.8718248556,-87.6568108992,1303648051.0,38775122,38775284
38775284,41.8720089439,-87.656799086,1303648054.0,38775201,38775483
38775483,41.872202857,-87.6567924158,1303648061.0,38775284,38775621
38775621,41.8724348686,-87.6567822997,1303648066.0,38775483,38775707
38775707,41.8726187929,-87.6567744775,1303648069.0,38775621,38775783
38775783,41.8728248229,-87.6567631938,1303648072.0,38775707,38775879
38775879,41.8730388016,-87.6567472232,1303648075.0,38775783,38775963
38775963,41.8732579188,-87.6567335093,1303648078.0,38775879,38776055
38776055,41.8734779924,-87.6567332412,1303648081.0,38775963,38776142
38776142,41.8736870558,-87.6567364865,1303648084.0,38776055,38776226
38776226,41.87386707,-87.6567414524,1303648087.0,38776142,38776352
38776352,41.8740649756,-87.6567451402,1303648091.0,38776226,None
