63445500,41.8675320293,-87.6470485037,1303857538.0,None,63446176
63446176,41.8673462619,-87.6470657781,1303857557.0,63445500,63446490
63446490,41.8672291418,-87.647281506,1303857566.0,63446176,63446604
63446604,41.8672316695,-87.6475299061,1303857569.0,63446490,63446714
63446714,41.8672368501,-87.6478688532,1303857572.0,63446604,63446788
63446788,41.8672344183,-87.648126781,1303857574.0,63446714,63446850
63446850,41.8672272848,-87.6483827418,1303857576.0,63446788,63446917
63446917,41.8672205264,-87.6486467196,1303857578.0,63446850,63446983
63446983,41.8672147028,-87.6489167022,1303857580.0,63446917,63447057
63447057,41.8672100579,-87.6491856317,1303857582.0,63446983,63447131
63447131,41.867207513,-87.6494446718,1303857584.0,63447057,63447211
63447211,41.8672052267,-87.649701791,1303857586.0,63447131,63447291
63447291,41.8672022701,-87.6499717321,1303857588.0,63447211,63447360
63447360,41.8672011282,-87.6502767851,1303857590.0,63447291,63447436
63447436,41.8671975584,-87.6505897589,1303857592.0,63447360,63447495
63447495,41.8671952734,-87.6508904399,1303857594.0,63447436,63447557
63447557,41.8671925812,-87.6511732673,1303857596.0,63447495,63447627
63447627,41.8671845053,-87.6514271197,1303857598.0,63447557,63447730
63447730,41.8671814679,-87.6517627412,1303857601.0,63447627,63447846
63447846,41.867177244,-87.6520175616,1303857604.0,63447730,63448247
63448247,41.8671891165,-87.6522656184,1303857615.0,63447846,63448410
63448410,41.8671873617,-87.6525545616,1303857620.0,63448247,63448553
63448553,41.86718366,-87.652851574,1303857624.0,63448410,63448667
63448667,41.8671743686,-87.6531095786,1303857627.0,63448553,63448780
63448780,41.8671618901,-87.6534305345,1303857630.0,63448667,63448884
63448884,41.8671519317,-87.6537984324,1303857633.0,63448780,63448948
63448948,41.8671478763,-87.6540785721,1303857635.0,63448884,63449018
63449018,41.8671432856,-87.654377488,1303857637.0,63448948,63449092
63449092,41.867137542,-87.6546882663,1303857639.0,63449018,63449154
63449154,41.8671277658,-87.6550074151,1303857641.0,63449092,63449230
63449230,41.8671227426,-87.6553306023,1303857643.0,63449154,63449303
63449303,41.8671158247,-87.6556355651,1303857645.0,63449230,63449382
63449382,41.8671057127,-87.6559125269,1303857647.0,63449303,63449456
63449456,41.867098935,-87.6561727111,1303857649.0,63449382,63449531
63449531,41.8670983573,-87.6564285074,1303857651.0,63449456,63449605
63449605,41.867113309,-87.6566655473,1303857653.0,63449531,63449668
63449668,41.8671067803,-87.6569227906,1303857655.0,63449605,63449737
63449737,41.8671008117,-87.6571977579,1303857657.0,63449668,63449808
63449808,41.8670912855,-87.6574957526,1303857659.0,63449737,63449887
63449887,41.8670861656,-87.6578027401,1303857661.0,63449808,63449965
63449965,41.8670819867,-87.6581197514,1303857663.0,63449887,63450041
63450041,41.8670797837,-87.6584477781,1303857665.0,63449965,63450114
63450114,41.8670757028,-87.6587867649,1303857667.0,63450041,63450182
63450182,41.8670697118,-87.659134716,1303857669.0,63450114,63450241
63450241,41.8670609787,-87.659491761,1303857671.0,63450182,63450312
63450312,41.8670570129,-87.6598567388,1303857673.0,63450241,63450382
63450382,41.8670509914,-87.6602257254,1303857675.0,63450312,63450454
63450454,41.8670432402,-87.660585729,1303857677.0,63450382,63450530
63450530,41.867037211,-87.6609237832,1303857679.0,63450454,63450603
63450603,41.8670311837,-87.6612548435,1303857681.0,63450530,63450676
63450676,41.867025148,-87.6615909187,1303857683.0,63450603,63450751
63450751,41.8670175322,-87.6619367833,1303857685.0,63450676,63450822
63450822,41.867008485,-87.6622867492,1303857687.0,63450751,63450890
63450890,41.867004025,-87.6626407849,1303857689.0,63450822,63450951
63450951,41.8669999064,-87.6629927849,1303857691.0,63450890,63451025
63451025,41.8669929788,-87.6633347541,1303857693.0,63450951,63451094
63451094,41.8669843389,-87.6636817937,1303857695.0,63451025,63451171
63451171,41.8669757842,-87.6640298036,1303857697.0,63451094,63451246
63451246,41.8669674518,-87.6643758666,1303857699.0,63451171,63451324
63451324,41.8669616069,-87.6647338603,1303857701.0,63451246,63451402
63451402,41.8669542018,-87.6650988866,1303857703.0,63451324,63451479
63451479,41.8669492254,-87.6654529788,1303857705.0,63451402,63451541
63451541,41.8669437735,-87.6658109883,1303857707.0,63451479,63451599
63451599,41.8669410325,-87.6661710885,1303857709.0,63451541,63451671
63451671,41.8669411237,-87.6665154069,1303857711.0,63451599,63451742
63451742,41.8669413703,-87.6668419577,1303857713.0,63451671,63451809
63451809,41.8669417753,-87.6671640203,1303857715.0,63451742,63451887
63451887,41.8669432987,-87.6674950875,1303857717.0,63451809,63451971
63451971,41.8669469027,-87.6678311371,1303857719.0,63451887,63452049
63452049,41.8669502608,-87.6681481737,1303857721.0,63451971,63452121
63452121,41.8669498799,-87.6684220919,1303857723.0,63452049,63452214
63452214,41.8669524342,-87.6687299589,1303857726.0,63452121,63452227
63452227,41.867052271,-87.6689285981,1303857730.0,63452214,63452249
63452249,41.8672991568,-87.6689358694,1303857734.0,63452227,63452269
63452269,41.8675710433,-87.6689334875,1303857737.0,63452249,63452284
63452284,41.8677830217,-87.6689323807,1303857739.0,63452269,63452300
63452300,41.8680089826,-87.6689339818,1303857741.0,63452284,63452317
63452317,41.8682379772,-87.6689434208,1303857743.0,63452300,63452335
63452335,41.8684711287,-87.6689628957,1303857745.0,63452317,63452354
63452354,41.8686821953,-87.6689829873,1303857747.0,63452335,63452374
63452374,41.8688671694,-87.6690024425,1303857749.0,63452354,63452405
63452405,41.8690751276,-87.669011348,1303857752.0,63452374,63452534
63452534,41.8692507991,-87.6690786969,1303857763.0,63452405,63452599
63452599,41.8692787339,-87.6693388814,1303857768.0,63452534,63452669
63452669,41.8693686832,-87.6695592159,1303857773.0,63452599,63452712
63452712,41.869374538,-87.6698748908,1303857776.0,63452669,63452751
63452751,41.8693786494,-87.6702229795,1303857779.0,63452712,63452799
63452799,41.8693867668,-87.6705480472,1303857782.0,63452751,63452845
63452845,41.8693886311,-87.6708021225,1303857785.0,63452799,63452910
63452910,41.8693916578,-87.6710548206,1303857789.0,63452845,63453009
63453009,41.869394387,-87.6713160118,1303857795.0,63452910,63453080
63453080,41.8693937915,-87.6716428629,1303857799.0,63453009,63453131
63453131,41.8694154018,-87.6719809884,1303857802.0,63453080,63453167
63453167,41.8693980977,-87.6722949451,1303857804.0,63453131,63453204
63453204,41.8693783857,-87.6725900187,1303857806.0,63453167,63453242
63453242,41.8693648568,-87.6728620823,1303857808.0,63453204,63453296
63453296,41.869352039,-87.6731918341,1303857811.0,63453242,63453373
63453373,41.8693438958,-87.673460922,1303857815.0,63453296,63453470
63453470,41.8695307045,-87.6736487839,1303857820.0,63453373,63453531
63453531,41.8697149783,-87.6737412906,1303857823.0,63453470,63453591
63453591,41.8699110855,-87.6738106076,1303857826.0,63453531,63453653
63453653,41.8701550322,-87.6738293101,1303857829.0,63453591,63453714
63453714,41.8704170458,-87.6738296538,1303857832.0,63453653,63453777
63453777,41.8706830162,-87.6738169354,1303857835.0,63453714,63453842
63453842,41.8709350811,-87.6738031178,1303857838.0,63453777,63453906
63453906,41.8711212318,-87.6738033078,1303857841.0,63453842,63453995
63453995,41.8713001093,-87.6738558858,1303857845.0,63453906,63454099
63454099,41.8714937096,-87.6737293693,1303857850.0,63453995,63454197
63454197,41.8715644762,-87.673508854,1303857856.0,63454099,None
