109430345,41.8692347376,-87.6666877313,1303094904.0,None,109430483
109430483,41.8692443673,-87.6664088352,1303094912.0,109430345,109430538
109430538,41.8692591084,-87.6660977942,1303094915.0,109430483,109430573
109430573,41.8692649854,-87.6658398496,1303094917.0,109430538,109430608
109430608,41.869269595,-87.6655838721,1303094919.0,109430573,109430645
109430645,41.8692736915,-87.6653318734,1303094921.0,109430608,109430703
109430703,41.8692758623,-87.6649818964,1303094924.0,109430645,109430760
109430760,41.8692743779,-87.6646969236,1303094927.0,109430703,109430838
109430838,41.869278442,-87.6644309989,1303094931.0,109430760,109430999
109430999,41.8692838055,-87.6641711006,1303094939.0,109430838,109431083
109431083,41.8693050252,-87.6638581471,1303094943.0,109430999,109431146
109431146,41.8693142752,-87.6634899875,1303094946.0,109431083,109431189
109431189,41.869313538,-87.663221957,1303094948.0,109431146,109431234
109431234,41.8693129139,-87.6629510023,1303094950.0,109431189,109431274
109431274,41.8693130625,-87.6626810043,1303094952.0,109431234,109431318
109431318,41.8693159568,-87.6624079507,1303094954.0,109431274,109431360
109431360,41.8693195162,-87.6621459074,1303094956.0,109431318,109431404
109431404,41.8693208466,-87.6618908918,1303094958.0,109431360,109431450
109431450,41.8693228039,-87.6616449346,1303094960.0,109431404,109431493
109431493,41.8693318201,-87.6613990331,1303094962.0,109431450,109431535
109431535,41.8693410887,-87.6611300361,1303094964.0,109431493,109431584
109431584,41.8693463478,-87.6608439794,1303094966.0,109431535,109431630
109431630,41.8693514253,-87.6605509368,1303094968.0,109431584,109431679
109431679,41.8693512752,-87.6602548949,1303094970.0,109431630,109431723
109431723,41.869351342,-87.6599589177,1303094972.0,109431679,109431766
109431766,41.8693523901,-87.6596659338,1303094974.0,109431723,109431811
109431811,41.8693563593,-87.6593719142,1303094976.0,109431766,109431862
109431862,41.8693584581,-87.6590818953,1303094978.0,109431811,109431909
109431909,41.8693595228,-87.6587998653,1303094980.0,109431862,109431957
109431957,41.8693636611,-87.6585108723,1303094982.0,109431909,109432006
109432006,41.8693647586,-87.6582199056,1303094984.0,109431957,109432052
109432052,41.8693677421,-87.6579389588,1303094986.0,109432006,109432101
109432101,41.8693738045,-87.6576639523,1303094988.0,109432052,109432148
109432148,41.8693807894,-87.6574009249,1303094990.0,109432101,109432218
109432218,41.8693918541,-87.6570628762,1303094993.0,109432148,109432318
109432318,41.8694025008,-87.65680019,1303094997.0,109432218,109432542
109432542,41.8695659685,-87.6566962839,1303095006.0,109432318,109432661
109432661,41.8697456736,-87.6567357865,1303095011.0,109432542,109432742
109432742,41.870011861,-87.6567561589,1303095014.0,109432661,109432796
109432796,41.8702339353,-87.6567636128,1303095016.0,109432742,109432848
109432848,41.870478922,-87.6567688137,1303095018.0,109432796,109432901
109432901,41.8707249127,-87.6567758067,1303095020.0,109432848,109432949
109432949,41.8709718845,-87.6567828404,1303095022.0,109432901,109433007
109433007,41.8712158807,-87.6567909717,1303095024.0,109432949,109433061
109433061,41.8714509178,-87.6567940035,1303095026.0,109433007,109433121
109433121,41.8716710727,-87.6567926929,1303095028.0,109433061,109433172
109433172,41.8718631907,-87.6567928642,1303095030.0,109433121,109433250
109433250,41.8720681892,-87.6567851006,1303095033.0,109433172,109433385
109433385,41.8722592705,-87.6567676531,1303095038.0,109433250,109433474
109433474,41.8724962689,-87.6567559407,1303095041.0,109433385,109433526
109433526,41.8726932589,-87.6567474824,1303095043.0,109433474,109433578
109433578,41.8728964026,-87.6567371247,1303095045.0,109433526,109433631
109433631,41.8730983156,-87.6567252532,1303095047.0,109433578,109433690
109433690,41.8733090242,-87.6567214219,1303095049.0,109433631,109433749
109433749,41.8735200021,-87.6567221831,1303095051.0,109433690,109433807
109433807,41.8737150486,-87.6567324926,1303095053.0,109433749,109433893
109433893,41.8739329826,-87.6567440224,1303095056.0,109433807,109434003
109434003,41.8741402606,-87.6567279821,1303095060.0,109433893,109434123
109434123,41.8742274178,-87.6565008435,1303095064.0,109434003,109434175
109434175,41.8742240824,-87.6561959867,1303095067.0,109434123,109434182
109434182,41.8742261264,-87.6559309651,1303095069.0,109434175,109434191
109434191,41.8742326575,-87.6556420779,1303095071.0,109434182,109434202
109434202,41.8742379213,-87.6553411631,1303095073.0,109434191,109434214
109434214,41.8742430046,-87.6550301763,1303095075.0,109434202,109434228
109434228,41.8742489879,-87.6547101457,1303095077.0,109434214,109434243
109434243,41.874255465,-87.6543870882,1303095079.0,109434228,109434259
109434259,41.8742615328,-87.6540650424,1303095081.0,109434243,109434276
109434276,41.8742685869,-87.6537440665,1303095083.0,109434259,109434294
109434294,41.8742749964,-87.6534300833,1303095085.0,109434276,109434313
109434313,41.8742843092,-87.653116989,1303095087.0,109434294,109434333
109434333,41.8742894669,-87.6528069706,1303095089.0,109434313,109434353
109434353,41.8742920853,-87.6525079794,1303095091.0,109434333,109434375
109434375,41.8742922953,-87.6522300443,1303095093.0,109434353,109434397
109434397,41.8742994163,-87.6519579628,1303095095.0,109434375,109434420
109434420,41.8743061972,-87.6516760614,1303095097.0,109434397,109434444
109434444,41.8743127101,-87.6513651267,1303095099.0,109434420,109434468
109434468,41.8743156071,-87.6510381779,1303095101.0,109434444,109434493
109434493,41.8743178262,-87.6507022062,1303095103.0,109434468,109434519
109434519,41.8743219564,-87.6503661862,1303095105.0,109434493,109434545
109434545,41.8743260752,-87.6500312583,1303095107.0,109434519,109434572
109434572,41.8743309385,-87.6496935454,1303095109.0,109434545,109434600
109434600,41.8743333776,-87.6493604303,1303095111.0,109434572,109434628
109434628,41.8743349489,-87.6490293593,1303095113.0,109434600,109434656
109434656,41.8743389251,-87.6487012495,1303095115.0,109434628,109434684
109434684,41.8743368667,-87.6483833881,1303095117.0,109434656,109434714
109434714,41.8743123027,-87.6480834191,1303095119.0,109434684,109434744
109434744,41.8742789783,-87.6477963783,1303095121.0,109434714,109434775
109434775,41.8742475954,-87.6475344909,1303095123.0,109434744,109434823
109434823,41.8741728408,-87.6472597584,1303095126.0,109434775,109434887
109434887,41.8739747223,-87.6471634539,1303095130.0,109434823,109434938
109434938,41.8737417386,-87.6471399927,1303095133.0,109434887,109434972
109434972,41.8735437642,-87.6471084557,1303095135.0,109434938,109435006
109435006,41.8733127308,-87.6470916325,1303095137.0,109434972,109435040
109435040,41.8730575972,-87.6471022452,1303095139.0,109435006,109435077
109435077,41.8727926135,-87.6471149217,1303095141.0,109435040,109435113
109435113,41.8725318253,-87.6471275393,1303095143.0,109435077,109435149
109435149,41.87228073,-87.647130709,1303095145.0,109435113,109435183
109435183,41.8720569249,-87.6471318101,1303095147.0,109435149,109435219
109435219,41.8718370235,-87.64712772,1303095149.0,109435183,109435255
109435255,41.8716090263,-87.6471163948,1303095151.0,109435219,109435293
109435293,41.8713700267,-87.6471060699,1303095153.0,109435255,109435330
109435330,41.8711330317,-87.6471026993,1303095155.0,109435293,109435367
109435367,41.8708930491,-87.6471011048,1303095157.0,109435330,109435408
109435408,41.8706541193,-87.6471048102,1303095159.0,109435367,109435447
109435447,41.8704212419,-87.6471075123,1303095161.0,109435408,109435488
109435488,41.8702051939,-87.6471159695,1303095163.0,109435447,109435547
109435547,41.8699581579,-87.647131078,1303095166.0,109435488,109435652
109435652,41.8697626924,-87.6471415998,1303095171.0,109435547,None
