81578440,41.8697327825,-87.6440321073,1302276938.0,None,81578974
81578974,41.869730732,-87.644297115,1302276954.0,81578440,81579073
81579073,41.8697276231,-87.6445550963,1302276957.0,81578974,81579197
81579197,41.8697197636,-87.6448510771,1302276961.0,81579073,81579478
81579478,41.8697070263,-87.6450940713,1302276969.0,81579197,81579740
81579740,41.8697077817,-87.6453490959,1302276977.0,81579478,81579848
81579848,41.8697026856,-87.645619152,1302276980.0,81579740,81579951
81579951,41.8696919198,-87.6459821744,1302276983.0,81579848,81580016
81580016,41.8696813806,-87.6462671543,1302276985.0,81579951,81580055
81580055,41.8696700428,-87.6465500823,1302276987.0,81580016,81580160
81580160,41.8696555693,-87.6468646947,1302276990.0,81580055,81580332
81580332,41.8695397455,-87.6470587803,1302276995.0,81580160,81580440
81580440,41.869358214,-87.6470812619,1302276998.0,81580332,81580590
81580590,41.8691650138,-87.6470836761,1302277002.0,81580440,81581086
81581086,41.8689551248,-87.6470758698,1302277017.0,81580590,81581195
81581195,41.8687271436,-87.6470645997,1302277020.0,81581086,81581318
81581318,41.868481052,-87.6470549736,1302277023.0,81581195,81581425
81581425,41.8682330358,-87.6470432203,1302277026.0,81581318,81581530
81581530,41.8680181965,-87.6470400298,1302277029.0,81581425,81581670
81581670,41.8677880962,-87.6470329663,1302277033.0,81581530,81582285
81582285,41.8676028339,-87.6470115652,1302277050.0,81581670,81582431
81582431,41.8673878467,-87.6470020459,1302277054.0,81582285,81582546
81582546,41.8671903817,-87.6469739559,1302277057.0,81582431,81582661
81582661,41.8669898486,-87.6469456908,1302277060.0,81582546,81582770
81582770,41.8667988856,-87.6469231104,1302277063.0,81582661,81582872
81582872,41.8665769371,-87.6469150552,1302277066.0,81582770,81582981
81582981,41.8663459811,-87.6469009159,1302277069.0,81582872,81583089
81583089,41.8661439989,-87.6468964086,1302277072.0,81582981,81583235
81583235,41.8659630042,-87.6469167048,1302277076.0,81583089,81584116
81584116,41.8657386477,-87.6468622945,1302277102.0,81583235,81584250
81584250,41.8655087829,-87.6468567323,1302277106.0,81584116,81584439
81584439,41.8653039144,-87.6468392525,1302277111.0,81584250,81585128
81585128,41.8651128831,-87.6467739824,1302277130.0,81584439,81585322
81585322,41.864918824,-87.6468157325,1302277135.0,81585128,81585475
81585475,41.864692916,-87.6468241708,1302277139.0,81585322,81585583
81585583,41.8644609167,-87.6468074771,1302277142.0,81585475,81585613
81585613,41.8642177874,-87.646800934,1302277145.0,81585583,81585624
81585624,41.8639498589,-87.6467773972,1302277148.0,81585613,81585634
81585634,41.8637698986,-87.646759543,1302277150.0,81585624,81585652
81585652,41.8635129051,-87.6467446088,1302277153.0,81585634,81585673
81585673,41.863265898,-87.6467334487,1302277156.0,81585652,81585697
81585697,41.8630179062,-87.6467130299,1302277159.0,81585673,81585723
81585723,41.8628300089,-87.6466949082,1302277162.0,81585697,81585781
81585781,41.8626568177,-87.6468290186,1302277168.0,81585723,81585813
81585813,41.8626237086,-87.6471439202,1302277171.0,81585781,81585835
81585835,41.8625835198,-87.6474029576,1302277173.0,81585813,81585858
81585858,41.8625494415,-87.6476789114,1302277175.0,81585835,81585882
81585882,41.8625294602,-87.6479499623,1302277177.0,81585858,81585906
81585906,41.862515438,-87.6481929854,1302277179.0,81585882,81585944
81585944,41.8624890835,-87.6484629404,1302277182.0,81585906,81586010
81586010,41.8624574927,-87.6487249111,1302277187.0,81585944,81586052
81586052,41.8624283937,-87.6489929655,1302277190.0,81586010,81586109
81586109,41.8624011551,-87.649274877,1302277194.0,81586052,81586263
81586263,41.86236576,-87.6495478813,1302277204.0,81586109,81586311
81586311,41.8623456671,-87.6498818836,1302277207.0,81586263,81586344
81586344,41.8623363016,-87.6501519341,1302277209.0,81586311,81586378
81586378,41.862324236,-87.6504178821,1302277211.0,81586344,81586429
81586429,41.8623161386,-87.6506785773,1302277214.0,81586378,81586535
81586535,41.8624824479,-87.6508622462,1302277220.0,81586429,81586571
81586571,41.8626980495,-87.6508661983,1302277223.0,81586535,81586609
81586609,41.8628820032,-87.650877722,1302277225.0,81586571,81586646
81586646,41.8630820128,-87.6508875,1302277227.0,81586609,81586700
81586700,41.8633209408,-87.6509003508,1302277230.0,81586646,81586798
81586798,41.8635293182,-87.6509168384,1302277235.0,81586700,81586855
81586855,41.8637549598,-87.6509261355,1302277238.0,81586798,81586894
81586894,41.8639479705,-87.6509338176,1302277240.0,81586855,81586934
81586934,41.8641579801,-87.6509385524,1302277242.0,81586894,81586977
81586977,41.8643530111,-87.6509416536,1302277244.0,81586934,81587039
81587039,41.8645339796,-87.6509491693,1302277247.0,81586977,81587139
81587139,41.8647350492,-87.6509659803,1302277252.0,81587039,81587197
81587197,41.8649859941,-87.6509730257,1302277255.0,81587139,81587237
81587237,41.8651960128,-87.6509783019,1302277257.0,81587197,81587282
81587282,41.865421036,-87.6509876984,1302277259.0,81587237,81587327
81587327,41.8656520601,-87.6509987949,1302277261.0,81587282,81587371
81587371,41.865874062,-87.6510064992,1302277263.0,81587327,81587416
81587416,41.8660670541,-87.6510133697,1302277265.0,81587371,81587479
81587479,41.8663150497,-87.6510214373,1302277268.0,81587416,81587549
81587549,41.8665201261,-87.6510369812,1302277271.0,81587479,81587621
81587621,41.8667052084,-87.6510519048,1302277274.0,81587549,81587993
81587993,41.8669021145,-87.6510592131,1302277291.0,81587621,81588084
81588084,41.8670835723,-87.6511555089,1302277295.0,81587993,81588181
81588181,41.8671334364,-87.6514879327,1302277299.0,81588084,81588232
81588232,41.8671293696,-87.6517399263,1302277301.0,81588181,81588280
81588280,41.8671290309,-87.6520344003,1302277303.0,81588232,81588334
81588334,41.8671388353,-87.6523701758,1302277305.0,81588280,81588385
81588385,41.8671331263,-87.6527381423,1302277307.0,81588334,81588431
81588431,41.8671265299,-87.6531221495,1302277309.0,81588385,81588484
81588484,41.8671202566,-87.6534982732,1302277311.0,81588431,81588536
81588536,41.8671116995,-87.6538583573,1302277313.0,81588484,81588587
81588587,41.8671033242,-87.6542092912,1302277315.0,81588536,81588636
81588636,41.8670943893,-87.6545375078,1302277317.0,81588587,81588688
81588688,41.867083223,-87.6548226737,1302277319.0,81588636,81588766
81588766,41.8670781398,-87.6551314996,1302277322.0,81588688,81589030
81589030,41.8670693118,-87.6554004526,1302277332.0,81588766,81589141
81589141,41.8670646339,-87.6556494931,1302277336.0,81589030,81589226
81589226,41.8670519038,-87.6558935709,1302277339.0,81589141,81589291
81589291,41.8670401146,-87.6561982998,1302277342.0,81589226,81589379
81589379,41.8670374322,-87.6564832482,1302277345.0,81589291,81589670
81589670,41.8671408009,-87.6566919716,1302277356.0,81589379,81589784
81589784,41.8673932615,-87.6567044418,1302277360.0,81589670,81589846
81589846,41.8675763533,-87.6567204386,1302277362.0,81589784,81589905
81589905,41.8677891798,-87.6567329792,1302277364.0,81589846,81589960
81589960,41.8680281741,-87.6567434642,1302277366.0,81589905,81590015
81590015,41.8682732124,-87.6567497526,1302277368.0,81589960,81590060
81590060,41.8685121565,-87.6567531717,1302277370.0,81590015,81590112
81590112,41.8687390907,-87.6567625323,1302277372.0,81590060,81590171
81590171,41.8689429614,-87.6567656248,1302277374.0,81590112,81590231
81590231,41.8691269615,-87.6567573078,1302277376.0,81590171,81590325
81590325,41.8693696276,-87.6567571623,1302277379.0,81590231,81590418
81590418,41.869556865,-87.6567673916,1302277382.0,81590325,81590856
81590856,41.8697646414,-87.6567765344,1302277397.0,81590418,81590946
81590946,41.8699524229,-87.6567846751,1302277400.0,81590856,81591008
81591008,41.8701332368,-87.6567863444,1302277402.0,81590946,81591068
81591068,41.8703581262,-87.6567912442,1302277404.0,81591008,81591130
81591130,41.8705971195,-87.6567949274,1302277406.0,81591068,81591185
81591185,41.8708531668,-87.6568024201,1302277408.0,81591130,81591245
81591245,41.8711161478,-87.6568110376,1302277410.0,81591185,81591308
81591308,41.8713761694,-87.656818843,1302277412.0,81591245,81591372
81591372,41.8716319635,-87.6568219339,1302277414.0,81591308,81591436
81591436,41.8718517997,-87.65681488,1302277416.0,81591372,81591503
81591503,41.8720367587,-87.6568048919,1302277418.0,81591436,81591691
81591691,41.8722498169,-87.6567914429,1302277424.0,81591503,81591787
81591787,41.8724518501,-87.6567824902,1302277427.0,81591691,81591882
81591882,41.8727327765,-87.6567701554,1302277430.0,81591787,81591914
81591914,41.872960683,-87.6567575116,1302277432.0,81591882,81591985
81591985,41.8732117315,-87.6567507933,1302277434.0,81591914,81592057
81592057,41.8734649944,-87.656744923,1302277436.0,81591985,81592127
81592127,41.8736740753,-87.6567421475,1302277438.0,81592057,81592220
81592220,41.873874074,-87.656742005,1302277441.0,81592127,81592341
81592341,41.8740660243,-87.6567454257,1302277445.0,81592220,81592491
81592491,41.8742010254,-87.6565332889,1302277450.0,81592341,81592822
81592822,41.8741967703,-87.6562820151,1302277461.0,81592491,81592979
81592979,41.8742169787,-87.6559931337,1302277466.0,81592822,81593072
81593072,41.8742216965,-87.6556852529,1302277469.0,81592979,81593169
81593169,41.8742314252,-87.6553462843,1302277472.0,81593072,81593233
81593233,41.8742375752,-87.6550972609,1302277474.0,81593169,81593305
81593305,41.8742432122,-87.6548232167,1302277476.0,81593233,81593374
81593374,41.8742515347,-87.6545281476,1302277478.0,81593305,81593449
81593449,41.8742593623,-87.65422104,1302277480.0,81593374,81593516
81593516,41.8742687993,-87.6539149769,1302277482.0,81593449,81593583
81593583,41.8742767037,-87.6536189052,1302277484.0,81593516,81593641
81593641,41.8742835064,-87.6533369102,1302277486.0,81593583,81593711
81593711,41.8742900941,-87.6530708679,1302277488.0,81593641,81593781
81593781,41.8742948794,-87.6528188938,1302277490.0,81593711,81593881
81593881,41.8742937926,-87.652481944,1302277493.0,81593781,81594020
81594020,41.8742842582,-87.6522371951,1302277497.0,81593881,81594836
81594836,41.8742915334,-87.6519511978,1302277520.0,81594020,81594933
81594933,41.8743000146,-87.651620289,1302277523.0,81594836,81595001
81595001,41.8743047384,-87.6513513468,1302277525.0,81594933,81595070
81595070,41.8743122142,-87.6510682501,1302277527.0,81595001,81595146
81595146,41.8743165873,-87.6507882133,1302277529.0,81595070,81595225
81595225,41.8743205602,-87.6505231909,1302277531.0,81595146,81595336
81595336,41.8743212943,-87.6501791901,1302277534.0,81595225,81595478
81595478,41.8743241402,-87.6498883724,1302277538.0,81595336,81595687
81595687,41.8743200759,-87.6495835711,1302277544.0,81595478,81595795
81595795,41.8743244454,-87.6493414423,1302277547.0,81595687,81595910
81595910,41.8743307104,-87.6490153745,1302277550.0,81595795,81596025
81596025,41.8743358638,-87.6486662087,1302277553.0,81595910,81596138
81596138,41.8743324539,-87.6483371633,1302277556.0,81596025,81596240
81596240,41.8743027866,-87.6480142281,1302277559.0,81596138,81596337
81596337,41.8742751519,-87.6477064566,1302277562.0,81596240,None
