52398378,41.8657452049,-87.6469588012,1303780869.0,None,52398563
52398563,41.8655601811,-87.6469336703,1303780874.0,52398378,52398698
52398698,41.8653730394,-87.6469196355,1303780878.0,52398563,52398875
52398875,41.8651680223,-87.6469136116,1303780883.0,52398698,52399484
52399484,41.8649830664,-87.6469010409,1303780900.0,52398875,52399675
52399675,41.8647442139,-87.6468913047,1303780905.0,52399484,52399778
52399778,41.8645491413,-87.6468832559,1303780908.0,52399675,52399888
52399888,41.8643369979,-87.6468735785,1303780911.0,52399778,52399991
52399991,41.8641210041,-87.6468680262,1303780914.0,52399888,52400100
52400100,41.86389907,-87.646854517,1303780917.0,52399991,52400209
52400209,41.8636700869,-87.646842171,1303780920.0,52400100,52400312
52400312,41.8634430849,-87.6468403633,1303780923.0,52400209,52400424
52400424,41.8632150921,-87.6468349861,1303780926.0,52400312,52400530
52400530,41.8629860997,-87.6468300528,1303780929.0,52400424,52400635
52400635,41.8627719852,-87.646828308,1303780932.0,52400530,52400744
52400744,41.8625868697,-87.646828495,1303780935.0,52400635,52401103
52401103,41.8624073076,-87.6468324922,1303780945.0,52400744,52401324
52401324,41.8623275746,-87.6470531427,1303780952.0,52401103,52401340
52401340,41.8623368389,-87.647328885,1303780956.0,52401324,52401363
52401363,41.8623349874,-87.6476460294,1303780960.0,52401340,52401384
52401384,41.8623347405,-87.6478960933,1303780963.0,52401363,52401408
52401408,41.8623335171,-87.6481601139,1303780966.0,52401384,52401434
52401434,41.8623322334,-87.648405076,1303780969.0,52401408,52401472
52401472,41.8623344161,-87.6486480363,1303780973.0,52401434,52401546
52401546,41.8623375855,-87.6489300082,1303780980.0,52401472,52401593
52401593,41.8623406019,-87.649211889,1303780984.0,52401546,52401749
52401749,41.8623611567,-87.6494558789,1303780996.0,52401593,52401850
52401850,41.86235048,-87.6497478912,1303781003.0,52401749,52401910
52401910,41.862346425,-87.6500288492,1303781007.0,52401850,52401974
52401974,41.8623442791,-87.650330914,1303781011.0,52401910,52402036
52402036,41.8623441811,-87.6505962344,1303781015.0,52401974,52402155
52402155,41.8623648367,-87.6508576671,1303781022.0,52402036,52402263
52402263,41.8625701392,-87.6509279896,1303781028.0,52402155,52402332
52402332,41.8627881204,-87.6509345223,1303781032.0,52402263,52402409
52402409,41.8630241523,-87.6509457326,1303781036.0,52402332,52402482
52402482,41.8632461618,-87.6509561804,1303781040.0,52402409,52402579
52402579,41.8634301402,-87.6509657936,1303781045.0,52402482,52402696
52402696,41.8636456713,-87.6509724567,1303781051.0,52402579,52402777
52402777,41.8638631609,-87.6509819325,1303781055.0,52402696,52402835
52402835,41.8640521903,-87.6509907096,1303781058.0,52402777,52402894
52402894,41.8642501324,-87.650999606,1303781061.0,52402835,52402961
52402961,41.8644401147,-87.6510069958,1303781064.0,52402894,52403041
52403041,41.8646302651,-87.6510114627,1303781068.0,52402961,52403172
52403172,41.8648191952,-87.6510233948,1303781074.0,52403041,52403261
52403261,41.8650341594,-87.6510305545,1303781078.0,52403172,52403311
52403311,41.8652251697,-87.6510336957,1303781081.0,52403261,52403358
52403358,41.865428176,-87.6510349052,1303781084.0,52403311,52403404
52403404,41.8656401716,-87.6510389176,1303781087.0,52403358,52403441
52403441,41.8658581767,-87.6510449584,1303781090.0,52403404,52403509
52403509,41.8660711731,-87.6510509959,1303781093.0,52403441,52403587
52403587,41.8662781757,-87.6510589925,1303781096.0,52403509,52403663
52403663,41.8664692701,-87.6510679258,1303781099.0,52403587,52403731
52403731,41.8666612884,-87.651078882,1303781102.0,52403663,52403826
52403826,41.8668978063,-87.6510988466,1303781106.0,52403731,52403929
52403929,41.8671033558,-87.6511579217,1303781110.0,52403826,52404027
52404027,41.8671758031,-87.6513954683,1303781114.0,52403929,52404125
52404125,41.867173548,-87.6517138491,1303781118.0,52404027,52404198
52404198,41.8671684014,-87.6519846238,1303781121.0,52404125,52404279
52404279,41.8671593475,-87.6522537213,1303781124.0,52404198,52404355
52404355,41.8671530495,-87.6525056923,1303781127.0,52404279,52404453
52404453,41.8671479621,-87.6528136978,1303781131.0,52404355,52404556
52404556,41.8671373283,-87.6530618691,1303781135.0,52404453,52405313
52405313,41.8671348982,-87.6533117988,1303781163.0,52404556,52405429
52405429,41.8671287233,-87.6536188304,1303781167.0,52405313,52405511
52405511,41.8671215705,-87.6539008854,1303781170.0,52405429,52405584
52405584,41.867111896,-87.6541950163,1303781173.0,52405511,52405593
52405593,41.8671016707,-87.6545042555,1303781176.0,52405584,52405607
52405607,41.867090973,-87.6548214166,1303781179.0,52405593,52405625
52405625,41.8670888589,-87.6551481836,1303781182.0,52405607,52405646
52405646,41.8670859012,-87.6554661304,1303781185.0,52405625,52405670
52405670,41.8670851959,-87.6557779298,1303781188.0,52405646,52405696
52405696,41.867084238,-87.6560788742,1303781191.0,52405670,52405724
52405724,41.8670824339,-87.6563570996,1303781194.0,52405696,52405764
52405764,41.8671097119,-87.6566065664,1303781198.0,52405724,52405819
52405819,41.867288,-87.6566754814,1303781203.0,52405764,52405867
52405867,41.8674961698,-87.656697486,1303781207.0,52405819,52405904
52405904,41.8677000692,-87.656711318,1303781210.0,52405867,52405943
52405943,41.8679140551,-87.6567198954,1303781213.0,52405904,52405983
52405983,41.8681370949,-87.6567290478,1303781216.0,52405943,52406025
52406025,41.868365104,-87.6567384949,1303781219.0,52405983,52406067
52406067,41.8685871117,-87.6567529932,1303781222.0,52406025,52406112
52406112,41.8688040592,-87.6567621155,1303781225.0,52406067,52406126
52406126,41.8690199313,-87.6567595711,1303781228.0,52406112,52406139
52406139,41.8692300407,-87.6567512841,1303781231.0,52406126,52406156
52406156,41.8694247737,-87.656753597,1303781234.0,52406139,52406183
52406183,41.8696391297,-87.656759827,1303781238.0,52406156,52406291
52406291,41.8698286425,-87.6567859794,1303781250.0,52406183,52406334
52406334,41.8700524456,-87.6568121003,1303781254.0,52406291,52406368
52406368,41.8702572485,-87.6568226139,1303781257.0,52406334,52406404
52406404,41.8704772273,-87.6568272964,1303781260.0,52406368,52406441
52406441,41.8707032938,-87.6568303176,1303781263.0,52406404,52406475
52406475,41.8709293263,-87.6568345314,1303781266.0,52406441,52406516
52406516,41.8711583061,-87.6568435544,1303781269.0,52406475,52406556
52406556,41.871379308,-87.656850635,1303781272.0,52406516,52406600
52406600,41.8715919919,-87.656855834,1303781275.0,52406556,52406641
52406641,41.87178668,-87.6568445718,1303781278.0,52406600,52406705
52406705,41.872013499,-87.6568388326,1303781282.0,52406641,52406809
52406809,41.8722255022,-87.6568312475,1303781289.0,52406705,52406875
52406875,41.8724206286,-87.6568173137,1303781293.0,52406809,52406927
52406927,41.8726035601,-87.6568075901,1303781296.0,52406875,52406978
52406978,41.8727964311,-87.6567988803,1303781299.0,52406927,52407029
52407029,41.8729802886,-87.6567805549,1303781302.0,52406978,52407103
52407103,41.8731897315,-87.656749578,1303781306.0,52407029,None
