13282959,41.8668903424,-87.6662560358,1302311111.0,None,13283678
13283678,41.8669086194,-87.6665222528,1302311132.0,13282959,13283782
13283782,41.866918008,-87.6668880144,1302311135.0,13283678,13283851
13283851,41.8669216115,-87.6672060658,1302311137.0,13283782,13283922
13283922,41.8669240707,-87.6675629706,1302311139.0,13283851,13283999
13283999,41.8669282969,-87.6679039169,1302311141.0,13283922,13284073
13284073,41.8669328477,-87.6682039582,1302311143.0,13283999,13284141
13284141,41.8669333392,-87.6684618943,1302311145.0,13284073,13284244
13284244,41.86693228,-87.6687362299,1302311148.0,13284141,13284685
13284685,41.8669874242,-87.6690097617,1302311162.0,13284244,13284841
13284841,41.8671982356,-87.6689901649,1302311166.0,13284685,13284952
13284952,41.8674311247,-87.6689700228,1302311169.0,13284841,13285025
13285025,41.8676321713,-87.6689714019,1302311171.0,13284952,13285097
13285097,41.8678751914,-87.6689757845,1302311173.0,13285025,13285164
13285164,41.8681462496,-87.6689878019,1302311175.0,13285097,13285226
13285226,41.8684143435,-87.6690060897,1302311177.0,13285164,13285286
13285286,41.8686752701,-87.6690150091,1302311179.0,13285226,13285350
13285350,41.8689011865,-87.6690246894,1302311181.0,13285286,13285421
13285421,41.86908379,-87.6690362761,1302311183.0,13285350,13285564
13285564,41.869282788,-87.6690875138,1302311187.0,13285421,13285819
13285819,41.8693938146,-87.669279124,1302311194.0,13285564,13285916
13285916,41.8693814842,-87.6695243879,1302311197.0,13285819,13286023
13286023,41.8693606749,-87.6698607199,1302311200.0,13285916,13286088
13286088,41.8693313942,-87.6701278387,1302311202.0,13286023,13286161
13286161,41.8693100394,-87.6704049108,1302311204.0,13286088,13286232
13286232,41.8692918628,-87.6706591426,1302311206.0,13286161,13286337
13286337,41.8692713038,-87.6709975423,1302311209.0,13286232,13286508
13286508,41.8692557284,-87.6712436854,1302311214.0,13286337,13287096
13287096,41.8692770244,-87.6715112854,1302311231.0,13286508,13287228
13287228,41.8694349671,-87.6716575063,1302311235.0,13287096,13287330
13287330,41.8695773697,-87.671862078,1302311238.0,13287228,13287443
13287443,41.8697148505,-87.6720479809,1302311241.0,13287330,13287518
13287518,41.8697216509,-87.6723299695,1302311243.0,13287443,13287595
13287595,41.8696926772,-87.6725889871,1302311245.0,13287518,13287706
13287706,41.8696227237,-87.6729011457,1302311248.0,13287595,13287812
13287812,41.8695945387,-87.673267826,1302311251.0,13287706,13287871
13287871,41.8695676398,-87.6735470208,1302311253.0,13287812,13287936
13287936,41.8695385023,-87.6738699855,1302311255.0,13287871,13288002
13288002,41.8695030326,-87.6742249288,1302311257.0,13287936,13288072
13288072,41.8694576566,-87.6745858772,1302311259.0,13288002,13288140
13288140,41.8694152849,-87.6749168601,1302311261.0,13288072,13288193
13288193,41.8693833404,-87.67520598,1302311263.0,13288140,13288303
13288303,41.8693544479,-87.6755427546,1302311266.0,13288193,13288549
13288549,41.8692821284,-87.675775899,1302311273.0,13288303,13289480
13289480,41.8692070816,-87.67602949,1302311300.0,13288549,13289589
13289589,41.8691809703,-87.6763278374,1302311303.0,13289480,13289664
13289664,41.8691602855,-87.676581932,1302311305.0,13289589,13289731
13289731,41.8691469689,-87.6768709803,1302311307.0,13289664,13289797
13289797,41.8691366678,-87.6771899584,1302311309.0,13289731,13289862
13289862,41.8691298785,-87.6775159963,1302311311.0,13289797,13289931
13289931,41.8691240848,-87.677825997,1302311313.0,13289862,13290005
13290005,41.8691164596,-87.678132019,1302311315.0,13289931,13290077
13290077,41.8691033125,-87.6784450634,1302311317.0,13290005,13290147
13290147,41.8690983301,-87.6787800512,1302311319.0,13290077,13290211
13290211,41.8690950852,-87.6791160104,1302311321.0,13290147,13290285
13290285,41.8690857389,-87.6794370857,1302311323.0,13290211,13290360
13290360,41.8690728128,-87.6798600917,1302311326.0,13290285,13290456
13290456,41.8690574167,-87.6801690554,1302311329.0,13290360,13290616
13290616,41.8690540373,-87.6804301884,1302311334.0,13290456,13290786
13290786,41.8690896949,-87.6807101083,1302311358.0,13290616,13290818
13290818,41.8690872264,-87.6809711501,1302311361.0,13290786,13290829
13290829,41.8690743491,-87.6812812285,1302311364.0,13290818,13290853
13290853,41.8690592932,-87.6815373101,1302311366.0,13290829,13290877
13290877,41.8690483665,-87.6818123113,1302311368.0,13290853,13290901
13290901,41.8690377044,-87.6820702726,1302311370.0,13290877,13290940
13290940,41.8690306975,-87.6824042513,1302311373.0,13290901,13290979
13290979,41.8690263626,-87.6826912011,1302311376.0,13290940,13291020
13291020,41.8690300528,-87.6829400907,1302311379.0,13290979,13291062
13291062,41.8690363166,-87.6831950345,1302311382.0,13291020,13291119
13291119,41.869045734,-87.6834370757,1302311386.0,13291062,13291340
13291340,41.8690595196,-87.683703898,1302311400.0,13291119,13291391
13291391,41.8691104357,-87.6840000545,1302311403.0,13291340,13291425
13291425,41.8691367859,-87.6842419906,1302311405.0,13291391,13291477
13291477,41.8691158773,-87.6845547834,1302311408.0,13291425,13291601
13291601,41.8690468275,-87.6848237957,1302311415.0,13291477,13291659
13291659,41.8690582197,-87.6850777555,1302311418.0,13291601,13291714
13291714,41.8691154362,-87.6853639473,1302311421.0,13291659,13291771
13291771,41.8691601513,-87.6856512202,1302311424.0,13291714,13291843
13291843,41.8691839818,-87.6859315466,1302311428.0,13291771,13291964
13291964,41.8693698887,-87.6859647072,1302311434.0,13291843,13292044
13292044,41.8695927856,-87.6860092561,1302311438.0,13291964,13292087
13292087,41.8697748191,-87.6860300626,1302311440.0,13292044,13292129
13292129,41.8701228114,-87.6860514793,1302311443.0,13292087,13292168
13292168,41.8703698979,-87.6860657406,1302311445.0,13292129,13292214
13292214,41.870594966,-87.6860841961,1302311447.0,13292168,13292257
13292257,41.8707960019,-87.6860851608,1302311449.0,13292214,13292322
13292322,41.8710099301,-87.6860844205,1302311452.0,13292257,13292715
13292715,41.8711940785,-87.6861228042,1302311474.0,13292322,13292839
13292839,41.8714071071,-87.6861366381,1302311479.0,13292715,13292906
13292906,41.8716141204,-87.6861487138,1302311482.0,13292839,13292953
13292953,41.8718061212,-87.6861559786,1302311484.0,13292906,13293003
13293003,41.8720170528,-87.6861599006,1302311486.0,13292953,13293052
13293052,41.8722479965,-87.6861600104,1302311488.0,13293003,13293105
13293105,41.8724859895,-87.6861610625,1302311490.0,13293052,13293158
13293158,41.872729974,-87.686166877,1302311492.0,13293105,13293205
13293205,41.8729750243,-87.6861749209,1302311494.0,13293158,13293252
13293252,41.8732170068,-87.6861798371,1302311496.0,13293205,13293300
13293300,41.8734439928,-87.6861845507,1302311498.0,13293252,13293348
13293348,41.8736490957,-87.6861878679,1302311500.0,13293300,13293423
13293423,41.8738492127,-87.6861695957,1302311503.0,13293348,13293634
13293634,41.873900677,-87.685916914,1302311511.0,13293423,13293761
13293761,41.8739079133,-87.6856089153,1302311516.0,13293634,13293829
13293829,41.8739112257,-87.6852439808,1302311519.0,13293761,13293884
13293884,41.8739116316,-87.6849430799,1302311521.0,13293829,13293943
13293943,41.8739143648,-87.6846360872,1302311523.0,13293884,13293998
13293998,41.8739198945,-87.6843640071,1302311525.0,13293943,13294080
13294080,41.8739227153,-87.6840050115,1302311528.0,13293998,13294133
13294133,41.8739249848,-87.6837579369,1302311530.0,13294080,13294183
13294183,41.8739253156,-87.6835040089,1302311532.0,13294133,13294239
13294239,41.8739251917,-87.6832510917,1302311534.0,13294183,13294296
13294296,41.8739252353,-87.6829941677,1302311536.0,13294239,13294352
13294352,41.8739275923,-87.68273714,1302311538.0,13294296,13294410
13294410,41.8739323197,-87.6824840736,1302311540.0,13294352,13294488
13294488,41.8739335513,-87.6821350983,1302311543.0,13294410,13294573
13294573,41.8739336073,-87.6818521559,1302311546.0,13294488,13294714
13294714,41.8739366641,-87.6815792729,1302311551.0,13294573,13295044
13295044,41.8739427216,-87.6812482049,1302311563.0,13294714,13295105
13295105,41.8739452708,-87.681005219,1302311565.0,13295044,13295172
13295172,41.8739468982,-87.6807343183,1302311567.0,13295105,13295236
13295236,41.8739491292,-87.6804532724,1302311569.0,13295172,13295296
13295296,41.8739568515,-87.6801532127,1302311571.0,13295236,13295354
13295354,41.8739635582,-87.6798171877,1302311573.0,13295296,13295413
13295413,41.8739693782,-87.6794491538,1302311575.0,13295354,13295465
13295465,41.8739769544,-87.6790821623,1302311577.0,13295413,13295522
13295522,41.8739811935,-87.6787281775,1302311579.0,13295465,13295583
13295583,41.8739844466,-87.6783881736,1302311581.0,13295522,13295645
13295645,41.8739912223,-87.6780651651,1302311583.0,13295583,13295711
13295711,41.8739961517,-87.6777561153,1302311585.0,13295645,13295773
13295773,41.8739998222,-87.6774711884,1302311587.0,13295711,13295861
13295861,41.8739997827,-87.6771326775,1302311590.0,13295773,13295981
13295981,41.8739768075,-87.6768520265,1302311594.0,13295861,None
