4924041000,51.4445898372,25.2949096726,1468239635.0,None,4924041601
4924041601,51.44569579,25.2957757642,1468239645.0,4924041000,4924043283
4924043283,51.4465461405,25.2964302192,1468239655.0,4924041601,4924043332
4924043332,51.4467378427,25.29656045,1468239661.0,4924043283,4924043407
4924043407,51.4467853564,25.296579407,1468239663.0,4924043332,4924043506
4924043506,51.4471113901,25.2966781571,1468239669.0,4924043407,4924043580
4924043580,51.4471775022,25.2967406554,1468239670.0,4924043506,4924044537
4924044537,51.4472024195,25.2967908945,1468239670.0,4924043580,4924044593
4924044593,51.4472383991,25.2968750394,1468239671.0,4924044537,4924044645
4924044645,51.4472528965,25.2969580651,1468239672.0,4924044593,4924044719
4924044719,51.4472518962,25.2970202279,1468239673.0,4924044645,4924044875
4924044875,51.4472266071,25.2971002417,1468239675.0,4924044719,4924044944
4924044944,51.4471812705,25.2971894841,1468239676.0,4924044875,4924045010
4924045010,51.4470188234,25.2975208326,1468239680.0,4924044944,4924045034
4924045034,51.447009256,25.2976817119,1468239683.0,4924045010,4924045089
4924045089,51.4470349572,25.2978367199,1468239686.0,4924045034,4924045159
4924045159,51.4471421489,25.2982700277,1468239692.0,4924045089,4924045196
4924045196,51.4475611579,25.2991590418,1468239701.0,4924045159,4924045353
4924045353,51.4479538217,25.2996293514,1468239706.0,4924045196,4924045979
4924045979,51.4488048798,25.3003871013,1468239715.0,4924045353,4924046621
4924046621,51.4497268687,25.3012106972,1468239725.0,4924045979,4924047241
4924047241,51.4510567668,25.3023238477,1468239735.0,4924046621,4924047855
4924047855,51.4526687151,25.3034546808,1468239745.0,4924047241,4924048298
4924048298,51.4535971074,25.3040558,1468239753.0,4924047855,4924048447
4924048447,51.4538211715,25.3041674971,1468239755.0,4924048298,4924048573
4924048573,51.4538644455,25.3042262349,1468239756.0,4924048447,4924048615
4924048615,51.4538825195,25.3042700324,1468239757.0,4924048573,4924048678
4924048678,51.4539062604,25.3043511103,1468239758.0,4924048615,4924048770
4924048770,51.4539075658,25.3044186388,1468239758.0,4924048678,4924048822
4924048822,51.4538920909,25.3045516035,1468239760.0,4924048770,4924048863
4924048863,51.4538551523,25.304627475,1468239761.0,4924048822,4924048917
4924048917,51.4538127688,25.3046720362,1468239762.0,4924048863,4924048951
4924048951,51.4537587753,25.3047092182,1468239763.0,4924048917,4924049001
4924049001,51.4537167955,25.3047273398,1468239763.0,4924048951,4924049050
4924049050,51.4536679691,25.3047401305,1468239764.0,4924049001,4924049093
4924049093,51.4536065628,25.3047469512,1468239765.0,4924049050,4924049155
4924049155,51.4535444187,25.3047414223,1468239766.0,4924049093,4924049562
4924049562,51.4531228,25.3047473,1468239773.0,4924049155,4924049633
4924049633,51.4530541,25.3047763,1468239774.0,4924049562,4924050111
4924050111,51.4523555,25.3050793,1468239783.0,4924049633,4924050727
4924050727,51.4514855,25.3054791,1468239793.0,4924050111,4924051973
4924051973,51.451154,25.3056473,1468239799.0,4924050727,4924052013
4924052013,51.451059,25.3057336,1468239801.0,4924051973,4924052051
4924052051,51.45102,25.3057956,1468239802.0,4924052013,4924052114
4924052114,51.4509525,25.3059476,1468239805.0,4924052051,4924052155
4924052155,51.4509215,25.3061028,1468239807.0,4924052114,4924052183
4924052183,51.4508145,25.3065636,1468239817.0,4924052155,4924052607
4924052607,51.4507331,25.3069776,1468239827.0,4924052183,4924053180
4924053180,51.450586,25.3078118,1468239837.0,4924052607,4924053340
4924053340,51.450604,25.3080963,1468239840.0,4924053180,4924053890
4924053890,51.450729,25.3086775,1468239849.0,4924053340,4924053954
4924053954,51.4507186,25.30876,1468239850.0,4924053890,4924054053
4924054053,51.4507076,25.308791,1468239851.0,4924053954,4924054105
4924054105,51.450653,25.3088993,1468239853.0,4924054053,4924054664
4924054664,51.4503156,25.309515,1468239862.0,4924054105,4924055160
4924055160,51.4501061,25.309887,1468239872.0,4924054664,4924055783
4924055783,51.449821,25.3103798,1468239882.0,4924055160,4924056409
4924056409,51.4495953,25.3107716,1468239892.0,4924055783,4924056563
4924056563,51.4495233,25.3109248,1468239895.0,4924056409,4924056615
4924056615,51.4495218,25.310972,1468239896.0,4924056563,4924056662
4924056662,51.4495345,25.3110173,1468239897.0,4924056615,4924056707
4924056707,51.4495536,25.3110488,1468239897.0,4924056662,4924056738
4924056738,51.4495903,25.3110851,1468239898.0,4924056707,4924056786
4924056786,51.4496233,25.3110955,1468239898.0,4924056738,4924056839
4924056839,51.4496606,25.311103,1468239899.0,4924056786,4924056900
4924056900,51.449731,25.3111205,1468239900.0,4924056839,4924056998
4924056998,51.4498858,25.3111881,1468239903.0,4924056900,4924057563
4924057563,51.4502953,25.311398,1468239912.0,4924056998,4924058112
4924058112,51.4511515,25.3118876,1468239922.0,4924057563,4924058301
4924058301,51.4511978,25.3119418,1468239923.0,4924058112,4924058364
4924058364,51.4512443,25.3120091,1468239925.0,4924058301,4924058436
4924058436,51.4512656,25.3120746,1468239926.0,4924058364,4924058519
4924058519,51.4512635,25.3120916,1468239927.0,4924058436,4924058558
4924058558,51.4512561,25.31211,1468239927.0,4924058519,4924058628
4924058628,51.4512435,25.3121246,1468239928.0,4924058558,4924058683
4924058683,51.4512285,25.3121381,1468239928.0,4924058628,4924058731
4924058731,51.4512098,25.3121441,1468239929.0,4924058683,4924058813
4924058813,51.4511863,25.3121506,1468239929.0,4924058731,4924058880
4924058880,51.4511578,25.3121533,1468239930.0,4924058813,4924058952
4924058952,51.4511353,25.3121506,1468239931.0,4924058880,4924059026
4924059026,51.4511006,25.3121613,1468239932.0,4924058952,4924059102
4924059102,51.4510538,25.3121818,1468239933.0,4924059026,4924059188
4924059188,51.4509358,25.3122503,1468239936.0,4924059102,4924059230
4924059230,51.4508761,25.31231,1468239937.0,4924059188,4924059309
4924059309,51.450815,25.3123946,1468239938.0,4924059230,4924059362
4924059362,51.4506903,25.3126155,1468239943.0,4924059309,4924059470
4924059470,51.4506771,25.3126656,1468239944.0,4924059362,4924059527
4924059527,51.4506565,25.3127013,1468239946.0,4924059470,4924059658
4924059658,51.4506231,25.3127418,1468239948.0,4924059527,4924059717
4924059717,51.4506043,25.3127516,1468239949.0,4924059658,4924059885
4924059885,51.4505463,25.312813,1468239952.0,4924059717,4924060396
4924060396,51.4501391,25.313294,1468239961.0,4924059885,4924060490
4924060490,51.4500425,25.3133676,1468239963.0,4924060396,4924060553
4924060553,51.4499841,25.3133893,1468239964.0,4924060490,4924060644
4924060644,51.4499176,25.3133963,1468239965.0,4924060553,4924060715
4924060715,51.4498405,25.3133925,1468239966.0,4924060644,4924060780
4924060780,51.4497505,25.313371,1468239967.0,4924060715,4924060906
4924060906,51.449594,25.3133166,1468239969.0,4924060780,4924061289
4924061289,51.4489946,25.3130458,1468239976.0,4924060906,4924061352
4924061352,51.448947,25.313059,1468239977.0,4924061289,4924061410
4924061410,51.4489245,25.3130755,1468239978.0,4924061352,4924061493
4924061493,51.4489003,25.3130933,1468239978.0,4924061410,4924061573
4924061573,51.4488825,25.3131135,1468239979.0,4924061493,4924061713
4924061713,51.448869,25.3131431,1468239979.0,4924061573,4924061966
4924061966,51.4485816,25.3136111,1468239987.0,4924061713,4924062047
4924062047,51.448573,25.3136596,1468239988.0,4924061966,4924062125
4924062125,51.4485753,25.3136995,1468239989.0,4924062047,4924062183
4924062183,51.448586,25.3137263,1468239990.0,4924062125,4924062249
4924062249,51.4486056,25.3137476,1468239991.0,4924062183,4924062287
4924062287,51.4486318,25.3137666,1468239992.0,4924062249,4924062473
4924062473,51.4486541,25.3137741,1468239992.0,4924062287,4924062560
4924062560,51.4486915,25.3137865,1468239993.0,4924062473,4924062965
4924062965,51.4494453,25.3141523,1468240002.0,4924062560,4924063133
4924063133,51.4497265,25.3143133,1468240005.0,4924062965,4924063203
4924063203,51.4498066,25.3144003,1468240006.0,4924063133,4924063258
4924063258,51.4498511,25.3144825,1468240007.0,4924063203,4924063316
4924063316,51.4498718,25.3145521,1468240008.0,4924063258,4924063405
4924063405,51.449874,25.3146196,1468240010.0,4924063316,4924063508
4924063508,51.449859,25.3147041,1468240011.0,4924063405,4924063574
4924063574,51.4498301,25.3147606,1468240012.0,4924063508,4924063713
4924063713,51.449749,25.3148801,1468240014.0,4924063574,4924064297
4924064297,51.4493831,25.3155543,1468240023.0,4924063713,4924064366
4924064366,51.4493506,25.3155838,1468240024.0,4924064297,4924064444
4924064444,51.4493296,25.3155911,1468240025.0,4924064366,4924064558
4924064558,51.449309,25.3155945,1468240025.0,4924064444,4924064663
4924064663,51.4492848,25.3155936,1468240026.0,4924064558,4924064699
4924064699,51.4492675,25.3155888,1468240026.0,4924064663,4924064766
4924064766,51.4492488,25.3155781,1468240027.0,4924064699,4924064825
4924064825,51.4492401,25.3155713,1468240028.0,4924064766,4924064910
4924064910,51.4492328,25.3155606,1468240028.0,4924064825,4924064970
4924064970,51.4492278,25.315548,1468240029.0,4924064910,4924065039
4924065039,51.4492243,25.3155326,1468240030.0,4924064970,4924065097
4924065097,51.449248,25.3155131,1468240032.0,4924065039,4924065139
4924065139,51.4492501,25.3154983,1468240033.0,4924065097,4924065206
4924065206,51.4493271,25.3153428,1468240039.0,4924065139,4924065806
4924065806,51.4496503,25.3148568,1468240048.0,4924065206,4924066030
4924066030,51.449735,25.3146926,1468240052.0,4924065806,4924066106
4924066106,51.449734,25.3146626,1468240053.0,4924066030,4924066182
4924066182,51.4497305,25.3146201,1468240055.0,4924066106,4924066249
4924066249,51.4497136,25.3145783001,1468240056.0,4924066182,4924066291
4924066291,51.4496901001,25.3145543001,1468240057.0,4924066249,4924066351
4924066351,51.4496558,25.3145253,1468240058.0,4924066291,4924066395
4924066395,51.4496161,25.314504,1468240058.0,4924066351,4924066588
4924066588,51.4494153,25.3144266,1468240062.0,4924066395,4924083812
4924083812,51.4489755,25.3142555,1468240072.0,4924066588,4924083877
4924083877,51.4487971,25.3141761,1468240076.0,4924083812,4924083925
4924083925,51.4487807896,25.3141782717,1468240076.0,4924083877,4924084002
4924084002,51.4487598,25.3141845,1468240077.0,4924083925,4924084052
4924084052,51.4487481397,25.3141941009,1468240078.0,4924084002,4924084136
4924084136,51.4487364026,25.314205422,1468240078.0,4924084052,4924084194
4924084194,51.4487292916,25.3142201246,1468240079.0,4924084136,4924084267
4924084267,51.4487255257,25.3142351173,1468240079.0,4924084194,4924084327
4924084327,51.4487305653,25.3142462803,1468240080.0,4924084267,4924084353
4924084353,51.4487308,25.3142515,1468240080.0,4924084327,4924084399
4924084399,51.4487392186,25.314218754,1468240089.0,4924084353,4924084474
4924084474,51.4487466675,25.3142094472,1468240090.0,4924084399,4924084536
4924084536,51.4487553801,25.3141949695,1468240091.0,4924084474,4924084627
4924084627,51.4487606,25.3141805,1468240092.0,4924084536,4924084788
4924084788,51.4487813002,25.3141521012,1468240095.0,4924084627,4924084889
4924084889,51.448799,25.3141385998,1468240105.0,4924084788,4924085068
4924085068,51.4488112127,25.3141393994,1468240106.0,4924084889,4924085126
4924085126,51.4488308002,25.3141379995,1468240106.0,4924085068,4924085195
4924085195,51.4488701002,25.3141505992,1468240108.0,4924085126,4924085310
4924085310,51.4488911002,25.3141639994,1468240109.0,4924085195,4924085352
4924085352,51.4488985114,25.314181612,1468240110.0,4924085310,4924085444
4924085444,51.4489020073,25.3141911074,1468240110.0,4924085352,4924085497
4924085497,51.4489266,25.3142157999,1468240112.0,4924085444,4924085579
4924085579,51.4489318,25.3142175999,1468240113.0,4924085497,4924085669
4924085669,51.4489411832,25.314222298,1468240114.0,4924085579,4924085717
4924085717,51.448978,25.3142501,1468240123.0,4924085669,4924085774
4924085774,51.4489803,25.3142573,1468240133.0,4924085717,4924085852
4924085852,51.448985838,25.3142762823,1468240143.0,4924085774,4924085902
4924085902,51.4489864088,25.3143453252,1468240153.0,4924085852,4924085960
4924085960,51.4489945775,25.3143367293,1468240163.0,4924085902,4924086015
4924086015,51.4489947943,25.3143057649,1468240173.0,4924085960,4924086131
4924086131,51.4490205187,25.3142920082,1468240183.0,4924086015,4924086197
4924086197,51.4490300263,25.3142689434,1468240193.0,4924086131,4924086248
4924086248,51.4489955806,25.3142837668,1468240203.0,4924086197,4924086300
4924086300,51.4489890071,25.3143011847,1468240213.0,4924086248,4924086336
4924086336,51.4490200851,25.3143419551,1468240223.0,4924086300,4924086382
4924086382,51.4490739408,25.3143397487,1468240233.0,4924086336,None
