4923472295,51.4481536,25.3293738,1468228046.0,None,4923472633
4923472633,51.4478033,25.328663,1468228054.0,4923472295,4923472851
4923472851,51.4476818,25.3280641,1468228058.0,4923472633,4923473307
4923473307,51.4477248,25.326646,1468228068.0,4923472851,4923473780
4923473780,51.4479455,25.3250855,1468228078.0,4923473307,4923474252
4923474252,51.4482095,25.3235263,1468228088.0,4923473780,4923474737
4923474737,51.4485795,25.3220376,1468228098.0,4923474252,4923475414
4923475414,51.4488170885,25.3209977292,1468228111.0,4923474737,4923475477
4923475477,51.4488151,25.3209955,1468228112.0,4923475414,4923475948
4923475948,51.4488623,25.3209725,1468228121.0,4923475477,4923476446
4923476446,51.448901,25.3209505,1468228131.0,4923475948,4923476886
4923476886,51.4489066,25.3208396,1468228140.0,4923476446,4923477051
4923477051,51.4488468,25.3207314997,1468228143.0,4923476886,4923477184
4923477184,51.4487579645,25.3206283943,1468228146.0,4923477051,4923477257
4923477257,51.4486974507,25.3205882083,1468228147.0,4923477184,4923477385
4923477385,51.448566096,25.3205048965,1468228150.0,4923477257,4923477446
4923477446,51.4484837338,25.3204850182,1468228151.0,4923477385,4923477883
4923477883,51.4478399193,25.3203088703,1468228159.0,4923477446,4923478024
4923478024,51.4476852928,25.3201996109,1468228161.0,4923477883,4923478050
4923478050,51.4475857877,25.320088768,1468228162.0,4923478024,4923478083
4923478083,51.4474826218,25.3199292335,1468228164.0,4923478050,4923478166
4923478166,51.4474199848,25.3197657876,1468228166.0,4923478083,4923478285
4923478285,51.4473926891,25.3195966463,1468228168.0,4923478166,4923478361
4923478361,51.4474027045,25.3194923482,1468228169.0,4923478285,4923478445
4923478445,51.4474456802,25.3193499351,1468228171.0,4923478361,4923478557
4923478557,51.4475544226,25.3191474832,1468228174.0,4923478445,4923478634
4923478634,51.4476671366,25.3190179095,1468228175.0,4923478557,4923479049
4923479049,51.4482854034,25.3185150247,1468228183.0,4923478634,4923479137
4923479137,51.4484225929,25.3184515786,1468228185.0,4923479049,4923479172
4923479172,51.4485361909,25.3184228853,1468228186.0,4923479137,4923479287
4923479287,51.4486725823,25.3184124252,1468228188.0,4923479172,4923479538
4923479538,51.4490976078,25.318406088,1468228193.0,4923479287,4923479603
4923479603,51.4491980778,25.3183670852,1468228194.0,4923479538,4923479665
4923479665,51.4492687927,25.3183190949,1468228195.0,4923479603,4923479727
4923479727,51.4493284835,25.3182569446,1468228196.0,4923479665,4923480169
4923480169,51.4498831565,25.3175624552,1468228205.0,4923479727,4923480420
4923480420,51.4501344516,25.3171078715,1468228209.0,4923480169,4923480641
4923480641,51.450293857,25.3165873801,1468228213.0,4923480420,4923480837
4923480837,51.4504783893,25.3160353487,1468228218.0,4923480641,4923481508
4923481508,51.4509778471,25.3149803572,1468228227.0,4923480837,4923481724
4923481724,51.451602897,25.3137789624,1468228237.0,4923481508,4923482069
4923482069,51.4520996885,25.3127658481,1468228245.0,4923481724,4923482552
4923482552,51.4527964473,25.3116767864,1468228255.0,4923482069,4923483038
4923483038,51.4535219202,25.3103610783,1468228265.0,4923482552,4923483580
4923483580,51.4542233338,25.3089523037,1468228275.0,4923483038,4923483804
4923483804,51.4544108325,25.3082671673,1468228279.0,4923483580,4923484123
4923484123,51.4545000428,25.307154662,1468228286.0,4923483804,4923484393
4923484393,51.4543923355,25.3063958985,1468228291.0,4923484123,4923485067
4923485067,51.4539999108,25.3053780577,1468228299.0,4923484393,4923485137
4923485137,51.4537082193,25.3049041152,1468228304.0,4923485067,4923485192
4923485192,51.4536163317,25.3048238116,1468228305.0,4923485137,4923485241
4923485241,51.453495694,25.3047517996,1468228306.0,4923485192,4923485299
4923485299,51.4533576932,25.3046474436,1468228308.0,4923485241,4923485353
4923485353,51.4533106695,25.3045790517,1468228309.0,4923485299,4923485401
4923485401,51.4532939848,25.3045237361,1468228310.0,4923485353,4923485443
4923485443,51.4532799057,25.3044327971,1468228311.0,4923485401,4923485533
4923485533,51.4532297841,25.3041178353,1468228315.0,4923485443,4923485585
4923485585,51.4531898424,25.3040630655,1468228316.0,4923485533,4923485627
4923485627,51.4531404847,25.3040142529,1468228317.0,4923485585,4923485658
4923485658,51.4530427784,25.3039421857,1468228318.0,4923485627,4923486095
4923486095,51.4521250719,25.3033039018,1468228328.0,4923485658,4923486533
4923486533,51.4511601,25.3025361,1468228338.0,4923486095,4923486956
4923486956,51.4500754999,25.3017223003,1468228348.0,4923486533,4923487477
4923487477,51.4489465797,25.3008115388,1468228358.0,4923486956,4923487988
4923487988,51.4477685957,25.2998292081,1468228368.0,4923487477,4923488150
4923488150,51.4473706855,25.2993997239,1468228372.0,4923487988,4923488423
4923488423,51.4469823436,25.298750387,1468228378.0,4923488150,4923488673
4923488673,51.4468103847,25.2982210405,1468228382.0,4923488423,4923489182
4923489182,51.4466915704,25.2975187982,1468228392.0,4923488673,4923489434
4923489434,51.4466889389,25.2974586103,1468228397.0,4923489182,4923489624
4923489624,51.4466788239,25.2974224906,1468228399.0,4923489434,4923489766
4923489766,51.4466725748,25.2974169294,1468228400.0,4923489624,4923489801
4923489801,51.4466683893,25.2973965528,1468228401.0,4923489766,4923490157
4923490157,51.4466581018,25.2973600986,1468228411.0,4923489801,4923490648
4923490648,51.4466113297,25.2972939368,1468228420.0,4923490157,4923490872
4923490872,51.4465244652,25.297235428,1468228423.0,4923490648,4923490980
4923490980,51.4463784383,25.2971239716,1468228426.0,4923490872,4923491048
4923491048,51.4463607085,25.2970888037,1468228427.0,4923490980,4923491094
4923491094,51.4463493176,25.2970382832,1468228428.0,4923491048,4923491149
4923491149,51.4463434122,25.2969529374,1468228429.0,4923491094,4923491252
4923491252,51.4463583619,25.2968260455,1468228431.0,4923491149,4923491344
4923491344,51.4463547282,25.2967070206,1468228432.0,4923491252,4923491422
4923491422,51.4463248965,25.2966222514,1468228433.0,4923491344,4923491497
4923491497,51.446275636,25.2965442146,1468228434.0,4923491422,4923491541
4923491541,51.4461923,25.2964585,1468228436.0,4923491497,4923491914
4923491914,51.4454117329,25.2958034697,1468228445.0,4923491541,4923492468
4923492468,51.4443125989,25.2949003023,1468228455.0,4923491914,None
