4925240336,51.4880457801,25.2725581171,1468257851.0,None,4925240881
4925240881,51.4880504026,25.2725534417,1468257861.0,4925240336,4925241423
4925241423,51.4880505821,25.2725419518,1468257871.0,4925240881,4925241992
4925241992,51.4880473475,25.2725354792,1468257881.0,4925241423,4925242510
4925242510,51.4880059261,25.2725183609,1468257891.0,4925241992,4925243022
4925243022,51.4879715,25.2724906,1468257901.0,4925242510,4925243618
4925243618,51.4879708,25.2724725,1468257911.0,4925243022,4925244450
4925244450,51.4880505,25.2724933,1468257926.0,4925243618,4925245009
4925245009,51.4880304568,25.2724985397,1468257936.0,4925244450,4925245527
4925245527,51.4880197659,25.2724960782,1468257946.0,4925245009,4925246059
4925246059,51.4880184709,25.2725038868,1468257956.0,4925245527,4925246608
4925246608,51.4880126031,25.2725069117,1468257966.0,4925246059,4925247138
4925247138,51.4880093907,25.2725055205,1468257976.0,4925246608,4925247722
4925247722,51.4880052788,25.2725085431,1468257986.0,4925247138,4925248236
4925248236,51.4880011381,25.2725135081,1468257996.0,4925247722,4925248794
4925248794,51.4879993327,25.272515922,1468258006.0,4925248236,4925249360
4925249360,51.4879994907,25.2725095976,1468258016.0,4925248794,4925249903
4925249903,51.4880111079,25.2725189902,1468258026.0,4925249360,4925250492
4925250492,51.4880234412,25.2725278915,1468258036.0,4925249903,None
