4925563742,51.5001623167,25.2897328641,1468263135.0,None,4925564221
4925564221,51.5001514918,25.2896106229,1468263143.0,4925563742,4925564406
4925564406,51.500137426,25.2895839894,1468263145.0,4925564221,4925564475
4925564475,51.5001274075,25.2895755319,1468263146.0,4925564406,4925564527
4925564527,51.5001190789,25.2895726629,1468263146.0,4925564475,4925564568
4925564568,51.5000915546,25.2895623397,1468263148.0,4925564527,4925564614
4925564614,51.5000741918,25.2895608562,1468263148.0,4925564568,4925564643
4925564643,51.5000597774,25.2895609588,1468263149.0,4925564614,4925564688
4925564688,51.5000454766,25.2895632176,1468263150.0,4925564643,4925564757
4925564757,51.5000263919,25.2895671291,1468263151.0,4925564688,4925564903
4925564903,51.4999852207,25.2895903455,1468263153.0,4925564757,4925564965
4925564965,51.4999764763,25.2896048067,1468263153.0,4925564903,4925565005
4925565005,51.4999692162,25.2896184004,1468263154.0,4925564965,4925565349
4925565349,51.4999071351,25.289738116,1468263160.0,4925565005,4925565410
4925565410,51.4998927757,25.2897452755,1468263160.0,4925565349,4925565463
4925565463,51.4998616987,25.2897600509,1468263161.0,4925565410,4925565515
4925565515,51.4998301678,25.2897675287,1468263162.0,4925565463,4925565608
4925565608,51.4997834232,25.2897712246,1468263164.0,4925565515,4925565840
4925565840,51.4996797774,25.2897832073,1468263168.0,4925565608,4925565979
4925565979,51.4996249856,25.2898038657,1468263170.0,4925565840,4925566049
4925566049,51.4995914962,25.2898237558,1468263171.0,4925565979,4925566280
4925566280,51.4995113896,25.2898880081,1468263175.0,4925566049,4925566343
4925566343,51.4994964406,25.2899107151,1468263176.0,4925566280,4925566539
4925566539,51.4994523211,25.2899824983,1468263180.0,4925566343,4925566699
4925566699,51.4994294297,25.2900543489,1468263182.0,4925566539,4925566909
4925566909,51.4994035681,25.290141741,1468263186.0,4925566699,4925566989
4925566989,51.4993808949,25.2901782573,1468263187.0,4925566909,4925567057
4925567057,51.4993587996,25.2901979139,1468263188.0,4925566989,4925567115
4925567115,51.4993292448,25.2902133587,1468263189.0,4925567057,4925567178
4925567178,51.4993021881,25.2902178595,1468263190.0,4925567115,4925567219
4925567219,51.4992852954,25.2902161228,1468263191.0,4925567178,4925567266
4925567266,51.4992582858,25.2902121577,1468263192.0,4925567219,4925567328
4925567328,51.4992419032,25.2902051243,1468263192.0,4925567266,4925567372
4925567372,51.4992255,25.2901941,1468263193.0,4925567328,4925567919
4925567919,51.4989878,25.2900395,1468263202.0,4925567372,4925568539
4925568539,51.4988298,25.2899486,1468263212.0,4925567919,4925569172
4925569172,51.4987875,25.2898976,1468263222.0,4925568539,4925569763
4925569763,51.4987795,25.289881,1468263232.0,4925569172,4925570429
4925570429,51.4987741,25.2898725,1468263242.0,4925569763,4925571021
4925571021,51.498769,25.2898698,1468263252.0,4925570429,4925571595
4925571595,51.4987636,25.2898756,1468263262.0,4925571021,4925572164
4925572164,51.4987516,25.2898771,1468263272.0,4925571595,4925572762
4925572762,51.4987346853,25.2898673993,1468263282.0,4925572164,4925573426
4925573426,51.4987364838,25.2898692732,1468263292.0,4925572762,4925574078
4925574078,51.4987409805,25.2898604063,1468263302.0,4925573426,4925574734
4925574734,51.4987516,25.289865,1468263312.0,4925574078,4925575343
4925575343,51.4987658,25.289856,1468263322.0,4925574734,4925579136
4925579136,51.4987551908,25.2897807121,1468263379.0,4925575343,4925579205
4925579205,51.4987385627,25.289772899,1468263379.0,4925579136,4925579251
4925579251,51.4987168,25.2897676,1468263380.0,4925579205,4925579506
4925579506,51.498628,25.289748,1468263385.0,4925579251,4925579822
4925579822,51.498503,25.2897003,1468263389.0,4925579506,4925580218
4925580218,51.498299,25.2896598,1468263395.0,4925579822,4925580308
4925580308,51.49825,25.289674,1468263397.0,4925580218,4925580367
4925580367,51.4982181,25.2896911,1468263398.0,4925580308,4925580439
4925580439,51.498174,25.2897201,1468263399.0,4925580367,4925580796
4925580796,51.4979208,25.289808,1468263404.0,4925580439,4925581033
4925581033,51.4977338,25.2898865,1468263408.0,4925580796,4925581399
4925581399,51.4973400777,25.2899676352,1468263414.0,4925581033,4925582008
4925582008,51.4969169756,25.2900781159,1468263423.0,4925581399,4925582635
4925582635,51.496809744,25.2900776344,1468263433.0,4925582008,4925583260
4925583260,51.4967014112,25.2900731401,1468263443.0,4925582635,4925583957
4925583957,51.4965921419,25.2901199812,1468263453.0,4925583260,4925584443
4925584443,51.4965737636,25.2901338713,1468263463.0,4925583957,4925585097
4925585097,51.4965668141,25.2901366902,1468263473.0,4925584443,4925585656
4925585656,51.4965572514,25.2901408492,1468263483.0,4925585097,4925586277
4925586277,51.4965357542,25.2901540208,1468263493.0,4925585656,4925586859
4925586859,51.4965219715,25.2901507174,1468263503.0,4925586277,4925587427
4925587427,51.4965237802,25.2901503611,1468263513.0,4925586859,4925588045
4925588045,51.4965220586,25.290153176,1468263523.0,4925587427,4925588610
4925588610,51.4965130714,25.2901534032,1468263533.0,4925588045,4925589298
4925589298,51.4965004794,25.2901550824,1468263543.0,4925588610,4925589868
4925589868,51.4964865697,25.2901592369,1468263553.0,4925589298,4925590509
4925590509,51.4964797662,25.2901682839,1468263563.0,4925589868,4925591667
4925591667,51.4964775739,25.290199287,1468263580.0,4925590509,4925592231
4925592231,51.4964523304,25.2902557461,1468263589.0,4925591667,4925592331
4925592331,51.4964498686,25.2902757748,1468263591.0,4925592231,4925592397
4925592397,51.496452853,25.2902894748,1468263592.0,4925592331,4925593003
4925593003,51.4965524919,25.2907243762,1468263601.0,4925592397,4925593616
4925593616,51.4967223041,25.2914801486,1468263611.0,4925593003,4925594143
4925594143,51.496759721,25.2916909133,1468263619.0,4925593616,4925594270
4925594270,51.4967753168,25.2917267885,1468263621.0,4925594143,4925594332
4925594332,51.4968124913,25.2917788431,1468263622.0,4925594270,4925594393
4925594393,51.496840208,25.2918015662,1468263623.0,4925594332,4925594517
4925594517,51.4968941259,25.2918388812,1468263625.0,4925594393,4925594593
4925594593,51.4969467385,25.2918885358,1468263627.0,4925594517,4925594702
4925594702,51.4970118635,25.2919516704,1468263628.0,4925594593,4925594844
4925594844,51.4970858754,25.2920349424,1468263631.0,4925594702,4925594896
4925594896,51.4971073105,25.2920922981,1468263632.0,4925594844,4925594982
4925594982,51.4971229633,25.2921633429,1468263633.0,4925594896,4925595069
4925595069,51.4971206454,25.2922355418,1468263634.0,4925594982,4925595153
4925595153,51.4970998465,25.2923072075,1468263635.0,4925595069,4925595268
4925595268,51.4970516578,25.2923949844,1468263637.0,4925595153,4925595434
4925595434,51.4969975411,25.2924620429,1468263639.0,4925595268,4925595526
4925595526,51.4969487291,25.2924989282,1468263641.0,4925595434,4925595575
4925595575,51.4969156483,25.2925176682,1468263642.0,4925595526,4925595691
4925595691,51.4968472922,25.2925442917,1468263643.0,4925595575,4925595790
4925595790,51.4967652081,25.2925583818,1468263645.0,4925595691,4925595917
4925595917,51.496671622,25.2925590045,1468263647.0,4925595790,4925596015
4925596015,51.4965927119,25.2925380736,1468263648.0,4925595917,4925596140
4925596140,51.496512137,25.2925055723,1468263650.0,4925596015,4925596339
4925596339,51.4963767391,25.2924569724,1468263653.0,4925596140,4925596542
4925596542,51.4962789241,25.2924468281,1468263654.0,4925596339,4925596630
4925596630,51.4961750415,25.2924533308,1468263656.0,4925596542,4925597155
4925597155,51.4953056217,25.2925937427,1468263665.0,4925596630,4925597869
4925597869,51.4940566306,25.2927879202,1468263675.0,4925597155,4925598492
4925598492,51.4925301232,25.2930260827,1468263685.0,4925597869,4925599131
4925599131,51.4911047764,25.2931733609,1468263695.0,4925598492,4925599806
4925599806,51.4899295463,25.2931127647,1468263705.0,4925599131,4925600869
4925600869,51.4886469597,25.2929959525,1468263714.0,4925599806,4925601001
4925601001,51.4879365117,25.2930905694,1468263719.0,4925600869,4925601049
4925601049,51.4873125834,25.2932938261,1468263723.0,4925601001,4925601560
4925601560,51.4859143958,25.2939255998,1468263732.0,4925601049,None
