4924626973,51.4973658049,25.2897768678,1468248429.0,None,4924627605
4924627605,51.4973016607,25.2897765151,1468248440.0,4924626973,4924628333
4924628333,51.4973104866,25.2898014161,1468248450.0,4924627605,4924629277
4924629277,51.497237112,25.2898363086,1468248459.0,4924628333,4924629772
4924629772,51.4971025298,25.2898831175,1468248467.0,4924629277,4924630464
4924630464,51.4969588239,25.2899093167,1468248477.0,4924629772,4924631448
4924631448,51.4967515585,25.2899486217,1468248487.0,4924630464,4924632220
4924632220,51.4966526106,25.2899821285,1468248496.0,4924631448,4924632607
4924632607,51.4965570005,25.2900374022,1468248502.0,4924632220,4924633010
4924633010,51.4965149997,25.2900922396,1468248508.0,4924632607,4924633153
4924633153,51.4964915536,25.2901337837,1468248511.0,4924633010,4924633381
4924633381,51.496483618,25.2901560362,1468248512.0,4924633153,4924633642
4924633642,51.4964788156,25.2902002134,1468248515.0,4924633381,4924633782
4924633782,51.4964796183,25.2902429623,1468248517.0,4924633642,4924634387
4924634387,51.4964818749,25.2903228603,1468248526.0,4924633782,4924634999
4924634999,51.4964890225,25.2903617791,1468248536.0,4924634387,4924635762
4924635762,51.4964914466,25.2903531358,1468248546.0,4924634999,4924636432
4924636432,51.4965095227,25.2903629603,1468248556.0,4924635762,4924637241
4924637241,51.4964972725,25.2903685634,1468248565.0,4924636432,4924637795
4924637795,51.4964992896,25.2903640721,1468248576.0,4924637241,4924638493
4924638493,51.4964930419,25.2903642342,1468248585.0,4924637795,4924639289
4924639289,51.4964821532,25.2903733311,1468248595.0,4924638493,4924640089
4924640089,51.4964582195,25.2903957093,1468248606.0,4924639289,4924640792
4924640792,51.4964641455,25.2904129864,1468248616.0,4924640089,4924641321
4924641321,51.4964871606,25.2904796248,1468248623.0,4924640792,4924641937
4924641937,51.4965507011,25.2908941072,1468248632.0,4924641321,4924642860
4924642860,51.4965544545,25.2909976767,1468248642.0,4924641937,4924643485
4924643485,51.4965347534,25.2910151876,1468248652.0,4924642860,4924644126
4924644126,51.4965437315,25.2910505284,1468248662.0,4924643485,4924644984
4924644984,51.4965703746,25.2910708727,1468248672.0,4924644126,4924645644
4924645644,51.4965861867,25.2910739758,1468248682.0,4924644984,4924646276
4924646276,51.4965947999,25.2910797177,1468248692.0,4924645644,4924647125
4924647125,51.496594367,25.2910772169,1468248702.0,4924646276,4924647751
4924647751,51.4965633768,25.2910901702,1468248712.0,4924647125,4924648398
4924648398,51.4965473352,25.2911014916,1468248722.0,4924647751,4924649234
4924649234,51.4965628125,25.2911025987,1468248732.0,4924648398,4924649922
4924649922,51.4965778091,25.2911003732,1468248742.0,4924649234,4924650588
4924650588,51.4965676866,25.2911112641,1468248752.0,4924649922,4924656627
4924656627,51.4967179083,25.2917169972,1468248818.0,4924650588,4924656697
4924656697,51.4967529892,25.2917776561,1468248819.0,4924656627,4924656733
4924656733,51.49679596,25.2918255175,1468248820.0,4924656697,4924656756
4924656756,51.4969015531,25.2919119169,1468248823.0,4924656733,4924656800
4924656800,51.4969833881,25.2919834467,1468248825.0,4924656756,4924656861
4924656861,51.4970290669,25.2920540807,1468248827.0,4924656800,4924656914
4924656914,51.4970574267,25.2921204518,1468248828.0,4924656861,4924656983
4924656983,51.4970654473,25.2921761216,1468248829.0,4924656914,4924657040
4924657040,51.4970631052,25.2922331775,1468248830.0,4924656983,4924657099
4924657099,51.4970420263,25.2923002722,1468248831.0,4924657040,4924657137
4924657137,51.4970086061,25.2923677163,1468248833.0,4924657099,4924657177
4924657177,51.4969622482,25.2924232172,1468248834.0,4924657137,4924657216
4924657216,51.4969058559,25.2924660758,1468248835.0,4924657177,4924657405
4924657405,51.4968404557,25.2924956234,1468248836.0,4924657216,4924657460
4924657460,51.4967844573,25.2925085533,1468248836.0,4924657405,4924657503
4924657503,51.4967040519,25.2925159677,1468248837.0,4924657460,4924657546
4924657546,51.4965953942,25.2924964007,1468248839.0,4924657503,4924657614
4924657614,51.4962203558,25.2924329544,1468248842.0,4924657546,4924657650
4924657650,51.4958243038,25.2924949289,1468248846.0,4924657614,4924657770
4924657770,51.4951821999,25.292640113,1468248852.0,4924657650,4924657819
4924657819,51.4951419946,25.2926673929,1468248852.0,4924657770,4924657850
4924657850,51.4951255364,25.2926906534,1468248853.0,4924657819,4924657913
4924657913,51.495117996,25.2927140563,1468248853.0,4924657850,4924657965
4924657965,51.4951134257,25.2927460795,1468248854.0,4924657913,4924658013
4924658013,51.4951152716,25.2927818042,1468248855.0,4924657965,4924658527
4924658527,51.4952148166,25.2934547383,1468248864.0,4924658013,4924659307
4924659307,51.495300532,25.2941005492,1468248874.0,4924658527,4924659914
4924659914,51.4953210736,25.2942382842,1468248884.0,4924659307,4924660600
4924660600,51.4953470469,25.2944500899,1468248894.0,4924659914,4924661270
4924661270,51.4953637691,25.2945735066,1468248904.0,4924660600,4924661925
4924661925,51.4953890521,25.2947816102,1468248914.0,4924661270,4924662791
4924662791,51.4953952095,25.2948685765,1468248924.0,4924661925,4924663345
4924663345,51.4953720977,25.2949328662,1468248934.0,4924662791,4924663424
4924663424,51.4953427259,25.2949624472,1468248934.0,4924663345,4924663480
4924663480,51.4952961159,25.294991796,1468248935.0,4924663424,4924663556
4924663556,51.4952063,25.2950266,1468248936.0,4924663480,4924664349
4924664349,51.494137,25.2953195,1468248945.0,4924663556,4924664798
4924664798,51.4936225,25.295476,1468248952.0,4924664349,4924664922
4924664922,51.4936111,25.2954891,1468248953.0,4924664798,4924665114
4924665114,51.4936028,25.2955088,1468248953.0,4924664922,4924665231
4924665231,51.4936015,25.2955248,1468248954.0,4924665114,4924665339
4924665339,51.4936041,25.295542,1468248954.0,4924665231,4924665402
4924665402,51.4936136,25.2955763,1468248955.0,4924665339,4924665596
4924665596,51.4937178,25.2959593,1468248964.0,4924665402,4924665704
4924665704,51.4937345,25.296031,1468248966.0,4924665596,4924666362
4924666362,51.4937721,25.296154,1468248975.0,4924665704,4924667027
4924667027,51.4937711,25.2961561,1468248985.0,4924666362,4924667696
4924667696,51.493772,25.2961578,1468248995.0,4924667027,4924668475
4924668475,51.4937748584,25.2961606271,1468249005.0,4924667696,4924668583
4924668583,51.4937625,25.2962023,1468249009.0,4924668475,4924668654
4924668654,51.493757,25.2962068,1468249009.0,4924668583,4924668710
4924668710,51.4937421,25.2962171,1468249010.0,4924668654,4924668790
4924668790,51.493718,25.2962285,1468249010.0,4924668710,4924668847
4924668847,51.4936661,25.296241,1468249011.0,4924668790,4924669037
4924669037,51.4932251,25.2963475,1468249016.0,4924668847,4924669107
4924669107,51.4932055,25.2963686,1468249016.0,4924669037,4924669153
4924669153,51.4931988,25.296383,1468249017.0,4924669107,4924669220
4924669220,51.4931945,25.2963976,1468249017.0,4924669153,4924669273
4924669273,51.4931893,25.29643,1468249017.0,4924669220,4924669341
4924669341,51.4931863,25.2965038,1468249018.0,4924669273,None
