4924251858,51.4992740212,25.2994537944,1468242952.0,None,4924252127
4924252127,51.499244522,25.2994722395,1468242956.0,4924251858,4924252187
4924252187,51.4992365593,25.2994858417,1468242957.0,4924252127,4924252429
4924252429,51.4991737852,25.299548588,1468242960.0,4924252187,4924252488
4924252488,51.499151775,25.2995533068,1468242961.0,4924252429,4924252561
4924252561,51.4991339293,25.299550529,1468242961.0,4924252488,4924252657
4924252657,51.499104788,25.2995403091,1468242962.0,4924252561,4924252712
4924252712,51.4990883885,25.299525872,1468242963.0,4924252657,4924252767
4924252767,51.4990726272,25.2995085235,1468242963.0,4924252712,4924252816
4924252816,51.4990323583,25.2994597868,1468242964.0,4924252767,4924253356
4924253356,51.4988036,25.299164,1468242973.0,4924252816,4924253461
4924253461,51.4987965367,25.2991483095,1468242975.0,4924253356,4924253696
4924253696,51.4987965519,25.2990978869,1468242978.0,4924253461,4924253765
4924253765,51.4988041805,25.2990846035,1468242979.0,4924253696,4924253847
4924253847,51.4988215957,25.2990641569,1468242979.0,4924253765,4924253886
4924253886,51.49884721,25.2990437025,1468242980.0,4924253847,4924253966
4924253966,51.498930503,25.2989858079,1468242982.0,4924253886,4924254455
4924254455,51.4991162902,25.2988608647,1468242989.0,4924253966,4924255080
4924255080,51.4991197083,25.2988941368,1468242998.0,4924254455,4924255754
4924255754,51.4991520174,25.2989213539,1468243008.0,4924255080,4924256411
4924256411,51.4991716805,25.298905574,1468243018.0,4924255754,4924257044
4924257044,51.4991805204,25.2988866626,1468243028.0,4924256411,4924257725
4924257725,51.4991735223,25.298871514,1468243038.0,4924257044,4924258428
4924258428,51.4991786411,25.2988646825,1468243048.0,4924257725,4924259086
4924259086,51.4991895589,25.2988648104,1468243058.0,4924258428,4924259770
4924259770,51.4992057405,25.2988662113,1468243068.0,4924259086,4924260526
4924260526,51.4992203255,25.2988845428,1468243078.0,4924259770,4924261123
4924261123,51.4992276147,25.2988899047,1468243088.0,4924260526,4924261805
4924261805,51.4992463766,25.2989021982,1468243098.0,4924261123,4924262498
4924262498,51.4992553684,25.298902071,1468243108.0,4924261805,4924263542
4924263542,51.4997532975,25.298485468,1468243125.0,4924262498,4924263622
4924263622,51.4997548852,25.2984439805,1468243126.0,4924263542,4924263702
4924263702,51.4997512034,25.2984205598,1468243127.0,4924263622,4924263761
4924263761,51.4997436842,25.2983962347,1468243127.0,4924263702,4924263958
4924263958,51.499726028,25.2983542833,1468243128.0,4924263761,4924264042
4924264042,51.499692865,25.2983210944,1468243129.0,4924263958,4924264070
4924264070,51.4996479305,25.2982850806,1468243129.0,4924264042,4924265091
4924265091,51.4988642847,25.2975054307,1468243138.0,4924264070,4924265159
4924265159,51.4981618545,25.2964303172,1468243148.0,4924265091,4924266000
4924266000,51.4973087462,25.294852471,1468243158.0,4924265159,4924266266
4924266266,51.4968857642,25.2936438228,1468243168.0,4924266000,4924266875
4924266875,51.4968211756,25.2934462249,1468243178.0,4924266266,4924267583
4924267583,51.4968085609,25.2934493167,1468243188.0,4924266875,4924268232
4924268232,51.4968018616,25.2934540246,1468243198.0,4924267583,4924268972
4924268972,51.4968004368,25.2934587773,1468243208.0,4924268232,4924269638
4924269638,51.4968082426,25.2934607893,1468243218.0,4924268972,4924270266
4924270266,51.496817627,25.293461874,1468243228.0,4924269638,4924270934
4924270934,51.4967888651,25.293338677,1468243238.0,4924270266,4924271669
4924271669,51.4967232655,25.2930354658,1468243248.0,4924270934,4924272408
4924272408,51.4967048442,25.2929408763,1468243258.0,4924271669,4924273142
4924273142,51.4967025571,25.2929368651,1468243268.0,4924272408,4924273774
4924273774,51.496693182,25.2928766532,1468243278.0,4924273142,4924274475
4924274475,51.4966970624,25.2928730709,1468243288.0,4924273774,4924275109
4924275109,51.4966892378,25.2928801761,1468243298.0,4924274475,4924275771
4924275771,51.4966919746,25.2928781022,1468243308.0,4924275109,4924276385
4924276385,51.4966917568,25.2928770831,1468243318.0,4924275771,4924277003
4924277003,51.4966964409,25.2928732957,1468243328.0,4924276385,4924277741
4924277741,51.4967015692,25.2928677859,1468243338.0,4924277003,4924278340
4924278340,51.496677171,25.2927803939,1468243348.0,4924277741,4924278494
4924278494,51.496643293,25.2926597551,1468243351.0,4924278340,4924278617
4924278617,51.4965999243,25.2925841113,1468243353.0,4924278494,4924278690
4924278690,51.4965618912,25.2925470917,1468243354.0,4924278617,4924279031
4924279031,51.49638672,25.2923876668,1468243358.0,4924278690,4924279141
4924279141,51.4963448129,25.2922930495,1468243360.0,4924279031,4924279216
4924279216,51.496338996,25.292237673,1468243360.0,4924279141,4924279409
4924279409,51.4963450558,25.2921814035,1468243361.0,4924279216,4924296656
4924296656,51.4963773499,25.2920921376,1468243362.0,4924279409,4924296706
4924296706,51.4964384704,25.2919020691,1468243365.0,4924296656,4924296767
4924296767,51.496432765,25.2917488269,1468243366.0,4924296706,4924296862
4924296862,51.4961730115,25.2902907399,1468243375.0,4924296767,4924296945
4924296945,51.4958014621,25.2884507635,1468243385.0,4924296862,4924297022
4924297022,51.4954401943,25.2866464271,1468243395.0,4924296945,4924297086
4924297086,51.4950765864,25.2846694098,1468243405.0,4924297022,4924297128
4924297128,51.4947014088,25.2828301546,1468243415.0,4924297086,4924297191
4924297191,51.4943573179,25.2812659852,1468243425.0,4924297128,4924297231
4924297231,51.4942607811,25.2809743895,1468243435.0,4924297191,4924297278
4924297278,51.4942784966,25.2809647293,1468243445.0,4924297231,4924297401
4924297401,51.4942765065,25.2809675642,1468243455.0,4924297278,4924297449
4924297449,51.4942740239,25.2809767194,1468243465.0,4924297401,4924297520
4924297520,51.4942750865,25.2809794006,1468243475.0,4924297449,4924297607
4924297607,51.494287903,25.2809686404,1468243485.0,4924297520,4924297659
4924297659,51.4942735315,25.280984462,1468243495.0,4924297607,4924297713
4924297713,51.4940424979,25.2804340309,1468243505.0,4924297659,4924297800
4924297800,51.4933118,25.2791968,1468243515.0,4924297713,4924297842
4924297842,51.4923273,25.2780786,1468243524.0,4924297800,4924297873
4924297873,51.4909996,25.276962,1468243533.0,4924297842,4924297923
4924297923,51.4898768,25.2761523,1468243543.0,4924297873,None
