4923652016,51.498216,25.2994215,1468231815.0,None,4923652048
4923652048,51.49827,25.2993903,1468231817.0,4923652016,4923652481
4923652481,51.4985125,25.2992205,1468231826.0,4923652048,4923653307
4923653307,51.4988531826,25.2989995861,1468231835.0,4923652481,4923653415
4923653415,51.4994379868,25.2986486144,1468231844.0,4923653307,4923653601
4923653601,51.4997010195,25.2984807422,1468231849.0,4923653415,4923653647
4923653647,51.4997273372,25.2984423482,1468231850.0,4923653601,4923653677
4923653677,51.4997390113,25.2984083811,1468231851.0,4923653647,4923653739
4923653739,51.4997396742,25.2983715401,1468231852.0,4923653677,4923653804
4923653804,51.4997324266,25.2983477125,1468231852.0,4923653739,4923653841
4923653841,51.4997132353,25.2983258398,1468231853.0,4923653804,4923653871
4923653871,51.4996740097,25.2982812859,1468231854.0,4923653841,4923654356
4923654356,51.4992165699,25.2978566353,1468231863.0,4923653871,4923654649
4923654649,51.4988836783,25.2975231761,1468231871.0,4923654356,4923655153
4923655153,51.4985526351,25.2969922325,1468231880.0,4923654649,4923655661
4923655661,51.4980080482,25.2961191357,1468231890.0,4923655153,4923656202
4923656202,51.4976412828,25.2954635917,1468231900.0,4923655661,4923656491
4923656491,51.4976299546,25.2954474298,1468231910.0,4923656202,4923656910
4923656910,51.4976067699,25.2954258662,1468231920.0,4923656491,4923657396
4923657396,51.4976021611,25.2954239836,1468231930.0,4923656910,4923657857
4923657857,51.4975965955,25.2954215699,1468231940.0,4923657396,4923658332
4923658332,51.4975871518,25.2954141365,1468231950.0,4923657857,4923658757
4923658757,51.4975862771,25.2954132225,1468231960.0,4923658332,4923659273
4923659273,51.4975684902,25.2953792123,1468231970.0,4923658757,4923659769
4923659769,51.4974351363,25.2951050495,1468231980.0,4923659273,4923660208
4923660208,51.4971117681,25.2943039834,1468231990.0,4923659769,4923660693
4923660693,51.4968651785,25.2934681816,1468232000.0,4923660208,4923661217
4923661217,51.496746137,25.2928367616,1468232010.0,4923660693,4923661744
4923661744,51.4967421044,25.2927899835,1468232020.0,4923661217,4923662334
4923662334,51.4967473135,25.2927868475,1468232030.0,4923661744,4923662764
4923662764,51.4967509731,25.2927819252,1468232040.0,4923662334,4923663329
4923663329,51.4967539057,25.292779674,1468232050.0,4923662764,4923664105
4923664105,51.496754382,25.2927828789,1468232060.0,4923663329,4923664151
4923664151,51.4967565922,25.2927833028,1468232070.0,4923664105,4923664551
4923664551,51.4967596257,25.2927815898,1468232080.0,4923664151,4923665047
4923665047,51.4967613327,25.2927807975,1468232090.0,4923664551,4923665480
4923665480,51.4967641515,25.2927798899,1468232100.0,4923665047,4923665707
4923665707,51.4967300248,25.2926332682,1468232105.0,4923665480,4923665784
4923665784,51.4966885414,25.2925666293,1468232106.0,4923665707,4923666102
4923666102,51.4966140774,25.2924977435,1468232108.0,4923665784,4923666132
4923666132,51.4964660072,25.2923581564,1468232110.0,4923666102,4923666178
4923666178,51.4964397672,25.2922986758,1468232111.0,4923666132,4923666303
4923666303,51.4964283171,25.2922390179,1468232112.0,4923666178,4923666338
4923666338,51.4964332111,25.292183194,1468232113.0,4923666303,4923666388
4923666388,51.4964491554,25.2921244342,1468232115.0,4923666338,4923666428
4923666428,51.4964643736,25.2920932869,1468232116.0,4923666388,4923666714
4923666714,51.4964681631,25.29207221,1468232126.0,4923666428,4923667138
4923667138,51.4964484704,25.2920714425,1468232136.0,4923666714,4923667551
4923667551,51.4964357881,25.2920706362,1468232146.0,4923667138,4923668022
4923668022,51.496433812,25.2920725397,1468232156.0,4923667551,4923668238
4923668238,51.4965072535,25.2920027219,1468232160.0,4923668022,4923668356
4923668356,51.4965630624,25.2919743793,1468232161.0,4923668238,4923668401
4923668401,51.4966124158,25.2919595928,1468232162.0,4923668356,4923668424
4923668424,51.4966808574,25.2919520896,1468232163.0,4923668401,4923668792
4923668792,51.4967500097,25.2919590882,1468232164.0,4923668424,4923669101
4923669101,51.4968200922,25.2919859782,1468232165.0,4923668792,4923669176
4923669176,51.496866913,25.2920190557,1468232166.0,4923669101,4923669214
4923669214,51.4968951432,25.2920483717,1468232166.0,4923669176,4923669260
4923669260,51.4969286882,25.2921028345,1468232167.0,4923669214,4923669305
4923669305,51.4969521348,25.2921613248,1468232168.0,4923669260,4923669341
4923669341,51.4969604381,25.2922252714,1468232168.0,4923669305,4923669405
4923669405,51.4969515455,25.2922891584,1468232169.0,4923669341,4923669460
4923669460,51.4968608025,25.2926880859,1468232173.0,4923669405,4923669486
4923669486,51.4969979615,25.2933400068,1468232179.0,4923669460,4923669531
4923669531,51.4973918536,25.2944860378,1468232188.0,4923669486,4923670006
4923670006,51.4979021972,25.2955888822,1468232198.0,4923669531,4923670560
4923670560,51.4985242083,25.2965498862,1468232208.0,4923670006,4923670920
4923670920,51.4992664675,25.2974250839,1468232218.0,4923670560,4923671446
4923671446,51.5001380038,25.2982445278,1468232228.0,4923670920,4923672115
4923672115,51.5011809867,25.2989452213,1468232238.0,4923671446,4923672241
4923672241,51.5020013593,25.2993773598,1468232246.0,4923672115,4923672308
4923672308,51.5021158913,25.2994043252,1468232248.0,4923672241,4923672336
4923672336,51.5021865051,25.2994043773,1468232248.0,4923672308,4923672381
4923672381,51.5022564961,25.2993904703,1468232249.0,4923672336,4923672436
4923672436,51.5023263446,25.2993643013,1468232250.0,4923672381,4923672474
4923672474,51.5024171,25.2993085,1468232251.0,4923672436,None
