4921343614,51.4576130696,25.3022364434,1468187886.0,None,4921343654
4921343654,51.4576104937,25.3022385283,1468187896.0,4921343614,4921343705
4921343705,51.4576065236,25.3022365356,1468187906.0,4921343654,4921344001
4921344001,51.4576056741,25.3022355274,1468187916.0,4921343705,4921344439
4921344439,51.4576076631,25.3022330987,1468187926.0,4921344001,4921344899
4921344899,51.4576040687,25.3022277756,1468187936.0,4921344439,4921345639
4921345639,51.457605109,25.3022255584,1468187946.0,4921344899,4921345830
4921345830,51.4576089783,25.3022266572,1468187956.0,4921345639,4921346256
4921346256,51.4576109513,25.3022288396,1468187966.0,4921345830,4921346704
4921346704,51.4576115398,25.3022316205,1468187976.0,4921346256,None
