4921894974,51.4576667949,25.3021173279,1468202234.0,None,4921895021
4921895021,51.4576620029,25.3021029575,1468202244.0,4921894974,4921895340
4921895340,51.4576550972,25.302081485,1468202254.0,4921895021,4921895784
4921895784,51.4576505017,25.3020668018,1468202264.0,4921895340,4921896247
4921896247,51.4576525044,25.3020605161,1468202274.0,4921895784,4921896651
4921896651,51.4576580028,25.3020558119,1468202284.0,4921896247,4921899291
4921899291,51.4580289993,25.3020358,1468202329.0,4921896651,4921899316
4921899316,51.4580443009,25.3020460003,1468202330.0,4921899291,4921899345
4921899345,51.4580469993,25.3020465093,1468202331.0,4921899316,4921899391
4921899391,51.4580450038,25.3020594602,1468202340.0,4921899345,4921899418
4921899418,51.4580850169,25.3020688071,1468202346.0,4921899391,4921899447
4921899447,51.4580991,25.3020626,1468202347.0,4921899418,4921899516
4921899516,51.4582791,25.3020146,1468202350.0,4921899447,4921899649
4921899649,51.4584038,25.3019596,1468202352.0,4921899516,4921900084
4921900084,51.459237,25.301586,1468202361.0,4921899649,4921900559
4921900559,51.4606,25.30095,1468202371.0,4921900084,4921901022
4921901022,51.462179,25.300242,1468202381.0,4921900559,4921901487
4921901487,51.4635353,25.2997163,1468202391.0,4921901022,4921901814
4921901814,51.4636521,25.2996233,1468202393.0,4921901487,4921901862
4921901862,51.463906,25.299403,1468202396.0,4921901814,4921901896
4921901896,51.4639718,25.2993806,1468202397.0,4921901862,4921901927
4921901927,51.4640415,25.2993731,1468202398.0,4921901896,4921901982
4921901982,51.4640891,25.2993775,1468202398.0,4921901927,4921902040
4921902040,51.4641566371,25.2993995706,1468202399.0,4921901982,4921902130
4921902130,51.4641955597,25.2994230597,1468202400.0,4921902040,4921902183
4921902183,51.4642468218,25.2994695846,1468202400.0,4921902130,4921902233
4921902233,51.4642859804,25.2995286128,1468202401.0,4921902183,4921902280
4921902280,51.4643087863,25.299596309,1468202402.0,4921902233,4921902336
4921902336,51.4643153725,25.2996682879,1468202403.0,4921902280,4921902644
4921902644,51.4645005,25.3007206,1468202412.0,4921902336,4921903320
4921903320,51.4646288,25.302126,1468202422.0,4921902644,4921903467
4921903467,51.4647486,25.3037031,1468202432.0,4921903320,4921903911
4921903911,51.4646431,25.3051306,1468202441.0,4921903467,4921904310
4921904310,51.4642403,25.3065258,1468202450.0,4921903911,4921904738
4921904738,51.4635086,25.3078888,1468202459.0,4921904310,4921905207
4921905207,51.4626556,25.3092175,1468202469.0,4921904738,4921905681
4921905681,51.4617796,25.3106003,1468202479.0,4921905207,4921906222
4921906222,51.4609873,25.3118066,1468202489.0,4921905681,4921906348
4921906348,51.4608993,25.311985,1468202492.0,4921906222,4921906410
4921906410,51.460883,25.3120655,1468202493.0,4921906348,4921906483
4921906483,51.4608854973,25.3121611082,1468202494.0,4921906410,4921906603
4921906603,51.460916273,25.3122781754,1468202496.0,4921906483,4921906767
4921906767,51.460991296,25.3124505077,1468202499.0,4921906603,4921906844
4921906844,51.4610701251,25.3125512521,1468202500.0,4921906767,4921906941
4921906941,51.4611283214,25.3126017592,1468202501.0,4921906844,4921907006
4921907006,51.461220482,25.3126545599,1468202503.0,4921906941,4921907041
4921907041,51.4613354909,25.3126956431,1468202504.0,4921907006,4921907541
4921907541,51.4625903006,25.312959588,1468202513.0,4921907041,4921908103
4921908103,51.4642316001,25.3130806213,1468202523.0,4921907541,4921908628
4921908628,51.4658373,25.3130783393,1468202533.0,4921908103,4921909152
4921909152,51.4675596002,25.3131189615,1468202543.0,4921908628,4921909565
4921909565,51.4692648,25.3131018329,1468202553.0,4921909152,4921910029
4921910029,51.4707634952,25.3131685852,1468202563.0,4921909565,4921911005
4921911005,51.4737014991,25.313585815,1468202583.0,4921910029,4921911456
4921911456,51.4753028007,25.3137115822,1468202593.0,4921911005,4921911947
4921911947,51.4769138016,25.3138490665,1468202603.0,4921911456,4921912424
4921912424,51.4782738016,25.3139649672,1468202613.0,4921911947,4921912609
4921912609,51.4785183003,25.3139740674,1468202618.0,4921912424,4921912688
4921912688,51.4786044984,25.3139554691,1468202619.0,4921912609,4921912773
4921912773,51.4787162958,25.3139327634,1468202621.0,4921912688,4921912825
4921912825,51.4787705092,25.3139415375,1468202622.0,4921912773,4921912877
4921912877,51.4788465117,25.313965545,1468202623.0,4921912825,4921913027
4921913027,51.4790270073,25.3140189613,1468202625.0,4921912877,4921913437
4921913437,51.4800862977,25.3141030448,1468202634.0,4921913027,4921913900
4921913900,51.4816419973,25.3142290612,1468202644.0,4921913437,4921914406
4921914406,51.4832214972,25.314355564,1468202654.0,4921913900,4921914692
4921914692,51.4839128005,25.3143950638,1468202661.0,4921914406,4921914894
4921914894,51.4841415996,25.3143768064,1468202664.0,4921914692,4921914948
4921914948,51.4842200972,25.3143968154,1468202665.0,4921914894,4921915069
4921915069,51.4844700979,25.3144593157,1468202668.0,4921914948,4921915513
4921915513,51.4855217968,25.3145380697,1468202677.0,4921915069,4921915923
4921915923,51.4866165989,25.3146111588,1468202687.0,4921915513,4921915998
4921915998,51.4867345137,25.3145853739,1468202688.0,4921915923,4921916691
4921916691,51.486990313,25.3145151864,1468202692.0,4921915998,4921916730
4921916730,51.4870749976,25.3145256238,1468202693.0,4921916691,4921916749
4921916749,51.4871349951,25.3145486164,1468202693.0,4921916730,4921916779
4921916779,51.4871844934,25.3145850125,1468202694.0,4921916749,4921916800
4921916800,51.4872240832,25.3146310205,1468202695.0,4921916779,4921916827
4921916827,51.4872435713,25.3146678181,1468202695.0,4921916800,4921916851
4921916851,51.4872554746,25.3147325029,1468202696.0,4921916827,4921916888
4921916888,51.4872537881,25.3147950948,1468202697.0,4921916851,4921916923
4921916923,51.487231,25.3148793,1468202698.0,4921916888,4921916954
4921916954,51.4871361001,25.3152881,1468202702.0,4921916923,4921917098
4921917098,51.4870296006,25.3164561001,1468202711.0,4921916954,4921917617
4921917617,51.486905574,25.3178260954,1468202721.0,4921917098,4921918074
4921918074,51.486785637,25.3192236044,1468202731.0,4921917617,4921918543
4921918543,51.4866685613,25.3206700079,1468202741.0,4921918074,4921918926
4921918926,51.4866561133,25.3214977996,1468202749.0,4921918543,4921918971
4921918971,51.486678285,25.3215645121,1468202750.0,4921918926,4921919007
4921919007,51.4867049843,25.3216091346,1468202751.0,4921918971,4921919059
4921919059,51.4867414866,25.3216415453,1468202751.0,4921919007,4921919085
4921919085,51.4867895973,25.3216688573,1468202752.0,4921919059,4921919115
4921919115,51.4868425085,25.3216853819,1468202753.0,4921919085,4921919148
4921919148,51.4868826173,25.3216874083,1468202753.0,4921919115,4921919197
4921919197,51.4869241203,25.3216846313,1468202754.0,4921919148,4921919298
4921919298,51.4870543256,25.3216539266,1468202755.0,4921919197,4921919669
4921919669,51.48807763,25.3212756178,1468202764.0,4921919298,4921920145
4921920145,51.4895913356,25.3206319331,1468202774.0,4921919669,4921920594
4921920594,51.4911891407,25.3199174638,1468202784.0,4921920145,4921921093
4921921093,51.4927846381,25.3192146538,1468202794.0,4921920594,4921921560
4921921560,51.4943120365,25.3185424465,1468202804.0,4921921093,4921921890
4921921890,51.4951633411,25.3181494289,1468202812.0,4921921560,4921922059
4921922059,51.4952456461,25.3180908979,1468202814.0,4921921890,4921922477
4921922477,51.4958041206,25.3174686529,1468202823.0,4921922059,4921922531
4921922531,51.4958720074,25.3174385281,1468202824.0,4921922477,4921922566
4921922566,51.4959486001,25.3174210011,1468202825.0,4921922531,4921922591
4921922591,51.496116,25.317408987,1468202826.0,4921922566,4921922670
4921922670,51.4963835016,25.3174259625,1468202829.0,4921922591,4921922722
4921922722,51.4965016048,25.3174614999,1468202830.0,4921922670,4921922770
4921922770,51.4965630055,25.3174979966,1468202831.0,4921922722,4921922815
4921922815,51.4966146029,25.317544451,1468202831.0,4921922770,4921922841
4921922841,51.4966571004,25.3176027932,1468202832.0,4921922815,4921922861
4921922861,51.4966871,25.3176689998,1468202833.0,4921922841,4921922898
4921922898,51.4966970006,25.3177335015,1468202834.0,4921922861,4921922948
4921922948,51.4966935071,25.3178010163,1468202834.0,4921922898,None
