4925165846,51.4649807954,25.2943104675,1468256579.0,None,4925166170
4925166170,51.4643534935,25.2944625663,1468256586.0,4925165846,4925166730
4925166730,51.4634632998,25.2947489991,1468256595.0,4925166170,4925167300
4925167300,51.4623455849,25.2951167046,1468256605.0,4925166730,4925167603
4925167603,51.4616930958,25.2952674728,1468256611.0,4925167300,4925168098
4925168098,51.4607462996,25.2952930736,1468256620.0,4925167603,4925168152
4925168152,51.4606427993,25.295300776,1468256621.0,4925168098,4925168209
4925168209,51.4605924986,25.2953205236,1468256622.0,4925168152,4925168255
4925168255,51.4605640982,25.2953417027,1468256622.0,4925168209,4925168312
4925168312,51.4605310985,25.2953765253,1468256623.0,4925168255,4925168358
4925168358,51.4605100995,25.2954169771,1468256624.0,4925168312,4925168428
4925168428,51.4605009999,25.2954595979,1468256625.0,4925168358,4925168535
4925168535,51.4604968,25.295533,1468256626.0,4925168428,4925168999
4925168999,51.4604846,25.2961428,1468256635.0,4925168535,4925169628
4925169628,51.460503,25.2967656,1468256645.0,4925168999,4925170196
4925170196,51.4605136,25.2974051,1468256655.0,4925169628,4925170845
4925170845,51.4605213,25.2981028,1468256665.0,4925170196,4925171141
4925171141,51.4605575,25.298464,1468256670.0,4925170845,4925172000
4925172000,51.4607703,25.2991936,1468256680.0,4925171141,4925172054
4925172054,51.4608755,25.2995521,1468256685.0,4925172000,4925172095
4925172095,51.4608666,25.2996096,1468256686.0,4925172054,4925172132
4925172132,51.46085,25.2996486,1468256687.0,4925172095,4925172167
4925172167,51.460815,25.299692,1468256688.0,4925172132,4925172245
4925172245,51.4607666,25.2997283,1468256689.0,4925172167,4925172277
4925172277,51.4607125,25.2997545,1468256690.0,4925172245,4925172323
4925172323,51.4606411,25.2997741,1468256691.0,4925172277,4925172388
4925172388,51.460546,25.2997806,1468256693.0,4925172323,4925172617
4925172617,51.4603423,25.2998051,1468256696.0,4925172388,4925173476
4925173476,51.4602981,25.2998245,1468256697.0,4925172617,4925173554
4925173554,51.4602718,25.2998455,1468256698.0,4925173476,4925173587
4925173587,51.4602525,25.2998711,1468256699.0,4925173554,4925173727
4925173727,51.4602448,25.299894,1468256699.0,4925173587,4925173750
4925173750,51.4602451,25.2999331,1468256700.0,4925173727,4925173797
4925173797,51.4602516,25.2999581,1468256700.0,4925173750,4925174413
4925174413,51.4602651,25.2999813,1468256701.0,4925173797,4925174469
4925174469,51.4603968,25.3002178,1468256707.0,4925174413,4925174745
4925174745,51.4603891,25.3002373,1468256707.0,4925174469,4925174820
4925174820,51.460376,25.3002543,1468256708.0,4925174745,4925174872
4925174872,51.4603613,25.3002666,1468256708.0,4925174820,4925174920
4925174920,51.4603438,25.3002756,1468256709.0,4925174872,4925175245
4925175245,51.4603253,25.3002815,1468256709.0,4925174920,4925175281
4925175281,51.4602801,25.3002938,1468256710.0,4925175245,4925175792
4925175792,51.4602035,25.3003255,1468256712.0,4925175281,4925175924
4925175924,51.4596551,25.3005826,1468256722.0,4925175792,4925175972
4925175972,51.4596001,25.3005826,1468256723.0,4925175924,4925176010
4925176010,51.4595645,25.300574,1468256723.0,4925175972,4925176066
4925176066,51.4595316,25.3005645,1468256724.0,4925176010,4925176120
4925176120,51.4594525,25.3005351,1468256728.0,4925176066,4925176173
4925176173,51.459427,25.3005376,1468256729.0,4925176120,4925176255
4925176255,51.4594085,25.3005446,1468256729.0,4925176173,4925176333
4925176333,51.4593965,25.3005535,1468256730.0,4925176255,4925176491
4925176491,51.4593728,25.3005716,1468256731.0,4925176333,4925176784
4925176784,51.4593593,25.3005911,1468256732.0,4925176491,4925176842
4925176842,51.4593573,25.3006061,1468256732.0,4925176784,4925176900
4925176900,51.4593535,25.3006286,1468256733.0,4925176842,4925176952
4925176952,51.4593513,25.3006818,1468256735.0,4925176900,4925177041
4925177041,51.4593795,25.3008178,1468256740.0,4925176952,4925177092
4925177092,51.4594186,25.3008901,1468256744.0,4925177041,4925177139
4925177139,51.4594445,25.3009165,1468256746.0,4925177092,4925177195
4925177195,51.4594698018,25.300927003,1468256747.0,4925177139,4925177252
4925177252,51.4594855041,25.3009340069,1468256748.0,4925177195,4925177282
4925177282,51.4595431273,25.3009588955,1468256752.0,4925177252,4925177545
4925177545,51.4595513128,25.3009666157,1468256752.0,4925177282,4925177701
4925177701,51.4595683033,25.3009876042,1468256754.0,4925177545,4925177831
4925177831,51.4595720894,25.3009975869,1468256754.0,4925177701,4925177886
4925177886,51.4595759902,25.3010105883,1468256755.0,4925177831,4925177963
4925177963,51.4595772974,25.3010247969,1468256756.0,4925177886,4925178005
4925178005,51.4595751,25.3010428,1468256757.0,4925177963,4925178048
4925178048,51.4595683,25.3010513,1468256757.0,4925178005,4925178149
4925178149,51.4595611,25.3010593,1468256758.0,4925178048,4925178233
4925178233,51.4595450999,25.3010707933,1468256759.0,4925178149,4925178279
4925178279,51.4595313,25.301075,1468256760.0,4925178233,4925178342
4925178342,51.4595358,25.301073,1468256769.0,4925178279,4925178405
4925178405,51.459547604,25.3010730096,1468256779.0,4925178342,4925178506
4925178506,51.459593,25.301004,1468256789.0,4925178405,4925178847
4925178847,51.4596475019,25.3009470986,1468256799.0,4925178506,4925180067
4925180067,51.4597036135,25.3009081563,1468256809.0,4925178847,4925180260
4925180260,51.4597000008,25.3008712992,1468256819.0,4925180067,4925180548
4925180548,51.4596755643,25.3008594081,1468256829.0,4925180260,4925181104
4925181104,51.4596771215,25.3008688931,1468256839.0,4925180548,4925181743
4925181743,51.4596940793,25.300872311,1468256849.0,4925181104,4925182340
4925182340,51.4596979996,25.3009362988,1468256859.0,4925181743,4925183012
4925183012,51.4597127833,25.3009377513,1468256869.0,4925182340,4925183628
4925183628,51.4597392996,25.3009738001,1468256879.0,4925183012,None
