4925257259,51.496603047,25.2901474472,1468258155.0,None,4925257788
4925257788,51.4965965416,25.2901526439,1468258165.0,4925257259,4925258119
4925258119,51.496531679,25.2902044613,1468258171.0,4925257788,4925258240
4925258240,51.4965148732,25.2902219313,1468258172.0,4925258119,4925258747
4925258747,51.4964909586,25.2902505792,1468258182.0,4925258240,4925259291
4925259291,51.496475645,25.2902467783,1468258192.0,4925258747,4925259932
4925259932,51.4964661284,25.2902518572,1468258202.0,4925259291,4925260473
4925260473,51.4964614801,25.290256318,1468258212.0,4925259932,4925261112
4925261112,51.4964707975,25.2902570564,1468258222.0,4925260473,4925261659
4925261659,51.4964763869,25.2902603961,1468258232.0,4925261112,4925262288
4925262288,51.4964746318,25.2902722072,1468258242.0,4925261659,4925262856
4925262856,51.4964875278,25.2902707415,1468258252.0,4925262288,4925263402
4925263402,51.4965204717,25.2902600145,1468258262.0,4925262856,4925263935
4925263935,51.4965914179,25.2902187481,1468258272.0,4925263402,4925264505
4925264505,51.4965228441,25.290286511,1468258282.0,4925263935,4925269467
4925269467,51.4963906262,25.2904319255,1468258373.0,4925264505,4925269921
4925269921,51.4964548997,25.2909074689,1468258383.0,4925269467,4925270445
4925270445,51.4966003634,25.2916790667,1468258393.0,4925269921,4925271052
4925271052,51.4966812384,25.2918487094,1468258395.0,4925270445,4925271113
4925271113,51.4967126814,25.291875928,1468258396.0,4925271052,4925271151
4925271151,51.4967698262,25.2919115196,1468258397.0,4925271113,4925271236
4925271236,51.4968665799,25.291952814,1468258399.0,4925271151,4925271287
4925271287,51.4970122441,25.2920447527,1468258401.0,4925271236,4925271339
4925271339,51.4970478212,25.2920949522,1468258402.0,4925271287,4925271390
4925271390,51.4970574013,25.2921401389,1468258403.0,4925271339,4925271431
4925271431,51.4970704563,25.2922182091,1468258404.0,4925271390,4925271464
4925271464,51.4970592238,25.2922472786,1468258405.0,4925271431,4925271497
4925271497,51.4970164765,25.2923847472,1468258407.0,4925271464,4925271530
4925271530,51.4969850875,25.2924348969,1468258408.0,4925271497,4925271573
4925271573,51.4969192738,25.2924995506,1468258410.0,4925271530,4925271611
4925271611,51.4968752834,25.2925263298,1468258410.0,4925271573,4925271670
4925271670,51.4968090926,25.2925505164,1468258411.0,4925271611,4925271733
4925271733,51.4967217274,25.2925652348,1468258413.0,4925271670,4925271774
4925271774,51.49663999,25.2925648531,1468258414.0,4925271733,4925271817
4925271817,51.4965508252,25.2925405089,1468258415.0,4925271774,4925271895
4925271895,51.4962044704,25.2924526773,1468258420.0,4925271817,4925271948
4925271948,51.4960992915,25.29246585,1468258421.0,4925271895,4925272465
4925272465,51.49514814,25.2926413364,1468258431.0,4925271948,4925273067
4925273067,51.494028079,25.2928298475,1468258441.0,4925272465,4925273595
4925273595,51.4926632866,25.2930468585,1468258451.0,4925273067,4925274168
4925274168,51.4912592873,25.2932048829,1468258461.0,4925273595,4925274696
4925274696,51.4898826006,25.2931379846,1468258471.0,4925274168,4925275173
4925275173,51.4886270824,25.2930248924,1468258480.0,4925274696,4925275457
4925275457,51.4879245782,25.2931233833,1468258484.0,4925275173,4925275674
4925275674,51.4872805756,25.2933372154,1468258489.0,4925275457,4925276171
4925276171,51.4858937761,25.2939652012,1468258499.0,4925275674,4925276472
4925276472,51.4850338008,25.2942011056,1468258505.0,4925276171,4925276938
4925276938,51.4836096028,25.2944265323,1468258514.0,4925276472,4925277444
4925277444,51.481936005,25.2946908432,1468258524.0,4925276938,4925278380
4925278380,51.4801615941,25.2949199022,1468258534.0,4925277444,4925278610
4925278610,51.4783394937,25.2950959593,1468258544.0,4925278380,4925279179
4925279179,51.4765367962,25.2951984623,1468258554.0,4925278610,4925280498
4925280498,51.4747640993,25.2952449753,1468258564.0,4925279179,4925280534
4925280534,51.4729815019,25.2952344712,1468258574.0,4925280498,4925280806
4925280806,51.4710978055,25.2951663432,1468258584.0,4925280534,4925281177
4925281177,51.4699871105,25.2951006431,1468258590.0,4925280806,4925281357
4925281357,51.4694986249,25.2949321558,1468258593.0,4925281177,4925281926
4925281926,51.4682423148,25.2944695237,1468258603.0,4925281357,4925282319
4925282319,51.4672548011,25.2943315824,1468258610.0,4925281926,4925282635
4925282635,51.4664933006,25.2943438324,1468258615.0,4925282319,4925282689
4925282689,51.4663945991,25.2943665942,1468258616.0,4925282635,4925282744
4925282744,51.4663305913,25.2943972749,1468258617.0,4925282689,4925282789
4925282789,51.4662564917,25.2944539849,1468258618.0,4925282744,4925282839
4925282839,51.4662157975,25.2945085977,1468258619.0,4925282789,4925282888
4925282888,51.4661910891,25.2945722939,1468258620.0,4925282839,4925282935
4925282935,51.4661695919,25.294686298,1468258621.0,4925282888,4925283495
4925283495,51.4660327326,25.2958034734,1468258631.0,4925282935,4925283923
4925283923,51.4658505304,25.2967432751,1468258638.0,4925283495,4925284272
4925284272,51.4655112736,25.2974990781,1468258643.0,4925283923,4925284588
4925284588,51.4649871,25.2982076,1468258649.0,4925284272,4925284975
4925284975,51.4643101,25.2989276,1468258656.0,4925284588,4925285110
4925285110,51.4642238,25.299123,1468258658.0,4925284975,4925285180
4925285180,51.4641992997,25.2992343014,1468258660.0,4925285110,4925285230
4925285230,51.4642030921,25.299305337,1468258661.0,4925285180,4925285321
4925285321,51.4642330694,25.29940688,1468258662.0,4925285230,4925285553
4925285553,51.4643299586,25.2996683156,1468258666.0,4925285321,4925285624
4925285624,51.4643221074,25.2997249975,1468258667.0,4925285553,4925285664
4925285664,51.46430034,25.2997775824,1468258668.0,4925285624,4925285703
4925285703,51.4642651156,25.2998232923,1468258668.0,4925285664,4925285757
4925285757,51.4642191008,25.2998600996,1468258669.0,4925285703,4925285821
4925285821,51.4641485,25.2999021,1468258670.0,4925285757,4925285883
4925285883,51.4640858,25.299918,1468258671.0,4925285821,4925285942
4925285942,51.464021,25.2999243,1468258672.0,4925285883,4925286030
4925286030,51.4639316,25.2999163,1468258673.0,4925285942,4925286096
4925286096,51.4636606,25.299909,1468258675.0,4925286030,4925286159
4925286159,51.4635318,25.2999431,1468258677.0,4925286096,4925286695
4925286695,51.4624426,25.3003691,1468258686.0,4925286159,4925287365
4925287365,51.4610048,25.3009966,1468258696.0,4925286695,4925287864
4925287864,51.4594665,25.301706,1468258706.0,4925287365,4925288384
4925288384,51.457894,25.3024355,1468258716.0,4925287864,4925288976
4925288976,51.4563676,25.3031478,1468258726.0,4925288384,4925289522
4925289522,51.4549626,25.303809,1468258736.0,4925288976,4925290128
4925290128,51.4540765999,25.3042268,1468258746.0,4925289522,4925290230
4925290230,51.4540095828,25.3042830051,1468258747.0,4925290128,4925290308
4925290308,51.4539604571,25.3043480039,1468258749.0,4925290230,4925290398
4925290398,51.4539279451,25.3044245983,1468258750.0,4925290308,4925290493
4925290493,51.4539060639,25.3045322704,1468258752.0,4925290398,4925290657
4925290657,51.453903961,25.3047112824,1468258754.0,4925290493,None
