4921226560,51.4959595268,25.3104705064,1468185103.0,None,4921226595
4921226595,51.496456524,25.3107970212,1468185108.0,4921226560,4921226628
4921226628,51.4965103209,25.3108744578,1468185109.0,4921226595,4921226657
4921226657,51.4965412109,25.3109442794,1468185110.0,4921226628,4921226687
4921226687,51.4965544251,25.3110211668,1468185111.0,4921226657,4921226724
4921226724,51.4965462236,25.3111259134,1468185112.0,4921226687,4921226769
4921226769,51.4965023361,25.3112590308,1468185113.0,4921226724,4921226806
4921226806,51.4959815385,25.3125146203,1468185122.0,4921226769,4921226845
4921226845,51.4957600822,25.3134287958,1468185128.0,4921226806,4921226866
4921226866,51.4956640012,25.3146754998,1468185137.0,4921226845,4921226912
4921226912,51.4958003021,25.3160237991,1468185147.0,4921226866,4921226938
4921226938,51.4958970812,25.316313516,1468185149.0,4921226912,4921226973
4921226973,51.4959729751,25.3164171369,1468185150.0,4921226938,4921227014
4921227014,51.4960834782,25.3165183516,1468185152.0,4921226973,4921227059
4921227059,51.4961777836,25.3165721593,1468185153.0,4921227014,4921227762
4921227762,51.4962485946,25.3165941762,1468185153.0,4921227059,4921227787
4921227787,51.4963393107,25.3166005635,1468185154.0,4921227762,4921227815
4921227815,51.4963801101,25.3165913637,1468185155.0,4921227787,4921228556
4921228556,51.4964360134,25.3165720746,1468185156.0,4921227815,4921228585
4921228585,51.496558507,25.3165515454,1468185157.0,4921228556,4921228617
4921228617,51.4966212921,25.3165593613,1468185158.0,4921228585,4921228649
4921228649,51.4966634833,25.3165740675,1468185158.0,4921228617,4921228694
4921228694,51.496699259,25.3165966379,1468185159.0,4921228649,4921228727
4921228727,51.4970742755,25.3168608632,1468185164.0,4921228694,4921228754
4921228754,51.497325474,25.3170348678,1468185167.0,4921228727,4921228806
4921228806,51.4974319995,25.3170713766,1468185168.0,4921228754,4921228843
4921228843,51.4975230192,25.3170782148,1468185169.0,4921228806,4921228876
4921228876,51.4975891297,25.3170666352,1468185170.0,4921228843,4921229591
4921229591,51.4976795372,25.3170347484,1468185171.0,4921228876,4921229631
4921229631,51.4987776395,25.3165677568,1468185180.0,4921229591,4921229666
4921229666,51.5004116367,25.315855249,1468185190.0,4921229631,4921242823
4921242823,51.5021788,25.3150856,1468185200.0,4921229666,None
