4922381550,51.4991139076,25.2945021,1468211267.0,None,4922381691
4922381691,51.4991686379,25.2945345366,1468211271.0,4922381550,4922381755
4922381755,51.4991731815,25.2945457562,1468211271.0,4922381691,4922381804
4922381804,51.499175879,25.2945585586,1468211272.0,4922381755,4922381886
4922381886,51.4992038733,25.2946152759,1468211274.0,4922381804,4922381933
4922381933,51.4992035851,25.2946349713,1468211275.0,4922381886,4922382430
4922382430,51.4992435346,25.2949375385,1468211282.0,4922381933,4922382493
4922382493,51.499263,25.294962,1468211283.0,4922382430,4922382550
4922382550,51.4992906812,25.2949836468,1468211284.0,4922382493,4922382599
4922382599,51.4993200591,25.2949991673,1468211284.0,4922382550,4922382642
4922382642,51.4993620253,25.2950109891,1468211285.0,4922382599,4922382703
4922382703,51.4994025093,25.2950127285,1468211286.0,4922382642,4922382921
4922382921,51.4995355068,25.2950132205,1468211290.0,4922382703,4922383541
4922383541,51.5001451021,25.2949332686,1468211299.0,4922382921,4922383759
4922383759,51.500332924,25.2949033455,1468211303.0,4922383541,4922383813
4922383813,51.5003570704,25.2948835359,1468211304.0,4922383759,4922384041
4922384041,51.5005203089,25.294784798,1468211308.0,4922383813,4922384146
4922384146,51.5005907962,25.2947750933,1468211310.0,4922384041,4922384459
4922384459,51.5007778076,25.2947712386,1468211315.0,4922384146,4922384522
4922384522,51.5008091071,25.294763259,1468211316.0,4922384459,4922384611
4922384611,51.500849804,25.2947761123,1468211317.0,4922384522,4922384659
4922384659,51.500875102,25.2947861644,1468211318.0,4922384611,4922384711
4922384711,51.5008935,25.2948114668,1468211318.0,4922384659,4922384769
4922384769,51.5009378016,25.2948713458,1468211319.0,4922384711,4922384985
4922384985,51.5011736404,25.2951265986,1468211324.0,4922384769,4922385319
4922385319,51.501315591,25.295244303,1468211328.0,4922384985,4922385390
4922385390,51.5013358009,25.2952400024,1468211329.0,4922385319,4922385513
4922385513,51.5014221,25.2952360006,1468211331.0,4922385390,4922385581
4922385581,51.5014855,25.2952198002,1468211333.0,4922385513,4922385643
4922385643,51.5015415,25.2951901,1468211334.0,4922385581,4922386294
4922386294,51.5021167452,25.294865322,1468211343.0,4922385643,4922391233
4922391233,51.5021655835,25.2955464694,1468211419.0,4922386294,4922391339
4922391339,51.5021115805,25.2955643266,1468211420.0,4922391233,4922391390
4922391390,51.5020865699,25.2955811476,1468211421.0,4922391339,4922391454
4922391454,51.5020738557,25.2955966703,1468211421.0,4922391390,4922391594
4922391594,51.5020643435,25.2956165648,1468211422.0,4922391454,4922391660
4922391660,51.5020536603,25.2956461034,1468211422.0,4922391594,4922391726
4922391726,51.5020327004,25.2957145896,1468211424.0,4922391660,4922391778
4922391778,51.5020355525,25.2957558177,1468211425.0,4922391726,4922391813
4922391813,51.5020458544,25.295785414,1468211426.0,4922391778,4922391854
4922391854,51.5020609626,25.2958120558,1468211427.0,4922391813,4922391910
4922391910,51.5020771249,25.295827693,1468211427.0,4922391854,4922391983
4922391983,51.5021076312,25.2958479287,1468211428.0,4922391910,4922392036
4922392036,51.5021405166,25.2958622518,1468211429.0,4922391983,4922392085
4922392085,51.5022028097,25.2958817731,1468211430.0,4922392036,None
