4923472295,51.4481536,25.3293738,1468228046.0,None,4923472633
4923472633,51.4478033,25.328663,1468228054.0,4923472295,4923472851
4923472851,51.4476818,25.3280641,1468228058.0,4923472633,4923473307
4923473307,51.4477248,25.326646,1468228068.0,4923472851,4923473780
4923473780,51.4479455,25.3250855,1468228078.0,4923473307,4923474252
4923474252,51.4482095,25.3235263,1468228088.0,4923473780,4923474737
4923474737,51.4485795,25.3220376,1468228098.0,4923474252,4923475414
4923475414,51.4488170991,25.3209977942,1468228111.0,4923474737,4923475477
4923475477,51.4488151,25.3209955,1468228112.0,4923475414,4923475948
4923475948,51.4488623,25.3209725,1468228121.0,4923475477,4923476446
4923476446,51.448901,25.3209505,1468228131.0,4923475948,4923476886
4923476886,51.4489066,25.3208396,1468228140.0,4923476446,4923477051
4923477051,51.4488468,25.3207315,1468228143.0,4923476886,4923477184
4923477184,51.4487579972,25.3206285835,1468228146.0,4923477051,4923477257
4923477257,51.4486975881,25.3205890286,1468228147.0,4923477184,4923477385
4923477385,51.4485660996,25.3205050831,1468228150.0,4923477257,4923477446
4923477446,51.4484837944,25.3204845434,1468228151.0,4923477385,4923477883
4923477883,51.4478400848,25.3203083479,1468228159.0,4923477446,4923478024
4923478024,51.4476852992,25.3201996012,1468228161.0,4923477883,4923478050
4923478050,51.4475855238,25.3200890725,1468228162.0,4923478024,4923478083
4923478083,51.4474823264,25.3199295699,1468228164.0,4923478050,4923478166
4923478166,51.4474198154,25.319765799,1468228166.0,4923478083,4923478285
4923478285,51.4473920565,25.3195965125,1468228168.0,4923478166,4923478361
4923478361,51.447402609,25.3194936843,1468228169.0,4923478285,4923478445
4923478445,51.4474453319,25.3193499949,1468228171.0,4923478361,4923478557
4923478557,51.4475531177,25.3191456637,1468228174.0,4923478445,4923478634
4923478634,51.4476657266,25.319015515,1468228175.0,4923478557,4923479049
4923479049,51.4482845749,25.3185122514,1468228183.0,4923478634,4923479137
4923479137,51.4484218658,25.3184482969,1468228185.0,4923479049,4923479172
4923479172,51.4485358323,25.3184193216,1468228186.0,4923479137,4923479287
4923479287,51.4486723239,25.3184089184,1468228188.0,4923479172,4923479538
4923479538,51.4490971438,25.3184041797,1468228193.0,4923479287,4923479603
4923479603,51.4491980983,25.3183670999,1468228194.0,4923479538,4923479665
4923479665,51.4492694419,25.3183203837,1468228195.0,4923479603,4923479727
4923479727,51.4493294167,25.3182583722,1468228196.0,4923479665,4923480169
4923480169,51.4498846649,25.3175644234,1468228205.0,4923479727,4923480420
4923480420,51.4501363317,25.3171094579,1468228209.0,4923480169,4923480641
4923480641,51.4502935276,25.316587122,1468228213.0,4923480420,4923480837
4923480837,51.4504776613,25.3160348428,1468228218.0,4923480641,4923481508
4923481508,51.4509775277,25.3149800288,1468228227.0,4923480837,4923481724
4923481724,51.4516026267,25.3137785404,1468228237.0,4923481508,4923482069
4923482069,51.4520991452,25.3127653418,1468228245.0,4923481724,4923482552
4923482552,51.4527960406,25.3116763441,1468228255.0,4923482069,4923483038
4923483038,51.4535207078,25.3103599045,1468228265.0,4923482552,4923483580
4923483580,51.4542222015,25.3089515663,1468228275.0,4923483038,4923483804
4923483804,51.4544086875,25.3082663695,1468228279.0,4923483580,4923484123
4923484123,51.4544990853,25.3071547888,1468228286.0,4923483804,4923484393
4923484393,51.4543909255,25.3063967262,1468228291.0,4923484123,4923485067
4923485067,51.453998615,25.3053793824,1468228299.0,4923484393,4923485137
4923485137,51.4537073741,25.3049063063,1468228304.0,4923485067,4923485192
4923485192,51.4536155706,25.3048263032,1468228305.0,4923485137,4923485241
4923485241,51.4534950562,25.3047543675,1468228306.0,4923485192,4923485299
4923485299,51.4533566889,25.3046485067,1468228308.0,4923485241,4923485353
4923485353,51.4533100546,25.3045795551,1468228309.0,4923485299,4923485401
4923485401,51.4532924365,25.3045244376,1468228310.0,4923485353,4923485443
4923485443,51.4532782464,25.3044327995,1468228311.0,4923485401,4923485533
4923485533,51.4532284223,25.3041189048,1468228315.0,4923485443,4923485585
4923485585,51.4531891609,25.3040639241,1468228316.0,4923485533,4923485627
4923485627,51.4531400394,25.3040153982,1468228317.0,4923485585,4923485658
4923485658,51.4530426145,25.3039433923,1468228318.0,4923485627,4923486095
4923486095,51.4521250978,25.3033038081,1468228328.0,4923485658,4923486533
4923486533,51.4511601,25.3025361,1468228338.0,4923486095,4923486956
4923486956,51.4500755,25.3017223,1468228348.0,4923486533,4923487477
4923487477,51.4489465984,25.3008115031,1468228358.0,4923486956,4923487988
4923487988,51.4477690596,25.2998283728,1468228368.0,4923487477,4923488150
4923488150,51.4473714341,25.2993988748,1468228372.0,4923487988,4923488423
4923488423,51.4469824863,25.2987503076,1468228378.0,4923488150,4923488673
4923488673,51.4468098414,25.2982212809,1468228382.0,4923488423,4923489182
4923489182,51.4466911397,25.297518983,1468228392.0,4923488673,4923489434
4923489434,51.4466894532,25.297458327,1468228397.0,4923489182,4923489624
4923489624,51.4466795347,25.2974225933,1468228399.0,4923489434,4923489766
4923489766,51.4466730552,25.2974172719,1468228400.0,4923489624,4923489801
4923489801,51.4466690394,25.2973967817,1468228401.0,4923489766,4923490157
4923490157,51.4466581004,25.2973613875,1468228411.0,4923489801,4923490648
4923490648,51.4466120359,25.2972935384,1468228420.0,4923490157,4923490872
4923490872,51.4465244972,25.2972350314,1468228423.0,4923490648,4923490980
4923490980,51.446377392,25.2971233546,1468228426.0,4923490872,4923491048
4923491048,51.4463601482,25.2970883417,1468228427.0,4923490980,4923491094
4923491094,51.4463483827,25.297038299,1468228428.0,4923491048,4923491149
4923491149,51.4463407317,25.2969520764,1468228429.0,4923491094,4923491252
4923491252,51.4463576632,25.2968260029,1468228431.0,4923491149,4923491344
4923491344,51.446354611,25.2967070932,1468228432.0,4923491252,4923491422
4923491422,51.4463249915,25.2966221126,1468228433.0,4923491344,4923491497
4923491497,51.4462759698,25.2965436513,1468228434.0,4923491422,4923491541
4923491541,51.4461923,25.2964585,1468228436.0,4923491497,4923491914
4923491914,51.4454117946,25.2958033136,1468228445.0,4923491541,4923492468
4923492468,51.4443125999,25.2949003002,1468228455.0,4923491914,None
