4925217846,51.4816045,25.3071843,1468256271.0,None,4925217904
4925217904,51.4832153,25.3070283,1468256281.0,4925217846,4925217923
4925217923,51.4847811,25.306876,1468256291.0,4925217904,4925217962
4925217962,51.4862408,25.3067233,1468256301.0,4925217923,4925217993
4925217993,51.4875033,25.3065768,1468256311.0,4925217962,4925218025
4925218025,51.4876828,25.3065565,1468256321.0,4925217993,4925218058
4925218058,51.487707,25.3065536,1468256331.0,4925218025,4925218094
4925218094,51.4878705,25.306505,1468256335.0,4925218058,4925218140
4925218140,51.488149,25.3064085,1468256340.0,4925218094,4925218185
4925218185,51.4882146,25.3064065,1468256341.0,4925218140,4925218230
4925218230,51.4882758,25.3064175,1468256342.0,4925218185,4925218258
4925218258,51.4883483,25.3064458,1468256344.0,4925218230,4925218284
4925218284,51.4884143,25.3064905,1468256345.0,4925218258,4925218313
4925218313,51.4884578,25.3065358,1468256346.0,4925218284,4925218340
4925218340,51.4886423,25.30674,1468256350.0,4925218313,4925218376
4925218376,51.4887545,25.3067978,1468256351.0,4925218340,4925218421
4925218421,51.4896108,25.3071345,1468256361.0,4925218376,4925218451
4925218451,51.4907011,25.3076845,1468256371.0,4925218421,4925218478
4925218478,51.491868,25.3083065,1468256381.0,4925218451,4925218509
4925218509,51.493131,25.3089565,1468256391.0,4925218478,4925218547
4925218547,51.4943803,25.309611,1468256401.0,4925218509,4925218622
4925218622,51.4951525,25.3100135,1468256416.0,4925218547,4925218663
4925218663,51.4953335,25.3101131,1468256426.0,4925218622,4925218700
4925218700,51.4961137121,25.3105090557,1468256436.0,4925218663,4925218744
4925218744,51.4965134369,25.3107247935,1468256441.0,4925218700,4925218780
4925218780,51.4965809165,25.3108000378,1468256442.0,4925218744,4925218811
4925218811,51.4966085604,25.3108495502,1468256443.0,4925218780,4925218844
4925218844,51.4966235,25.310906,1468256443.0,4925218811,4925218877
4925218877,51.4966254803,25.3109653668,1468256444.0,4925218844,4925218921
4925218921,51.4966118567,25.3110448096,1468256445.0,4925218877,4925218938
4925218938,51.4965731,25.3111468,1468256446.0,4925218921,4925218992
4925218992,51.4961311524,25.3120686476,1468256456.0,4925218938,4925219020
4925219020,51.4957783942,25.313245564,1468256466.0,4925218992,4925219057
4925219057,51.4957369239,25.3135726667,1468256469.0,4925219020,4925219079
4925219079,51.4956606806,25.3146250515,1468256478.0,4925219057,4925219112
4925219112,51.4957588488,25.3158343024,1468256488.0,4925219079,4925219143
4925219143,51.4958484172,25.3162272899,1468256491.0,4925219112,4925219185
4925219185,51.4959146274,25.3163657823,1468256493.0,4925219143,4925219210
4925219210,51.4960065326,25.3164787753,1468256494.0,4925219185,4925219244
4925219244,51.4960968417,25.3165502831,1468256495.0,4925219210,4925219291
4925219291,51.4962102739,25.3166107213,1468256497.0,4925219244,4925219326
4925219326,51.4962704335,25.3166244414,1468256498.0,4925219291,4925219392
4925219392,51.4963293739,25.3166239261,1468256498.0,4925219326,4925220343
4925220343,51.4963868904,25.3166107501,1468256499.0,4925219392,4925220402
4925220402,51.4965615666,25.3165654203,1468256502.0,4925220343,4925220438
4925220438,51.4965953746,25.3165707571,1468256502.0,4925220402,4925220477
4925220477,51.4966468201,25.316588652,1468256503.0,4925220438,4925220512
4925220512,51.4966921,25.31662,1468256504.0,4925220477,4925220540
4925220540,51.497323996,25.3170618896,1468256513.0,4925220512,4925220568
4925220568,51.4974368607,25.3170903001,1468256514.0,4925220540,4925220592
4925220592,51.4975344932,25.3170921515,1468256515.0,4925220568,4925220622
4925220622,51.497632819,25.3170710579,1468256516.0,4925220592,4925220674
4925220674,51.4982109922,25.3168330319,1468256521.0,4925220622,4925220716
4925220716,51.4993500568,25.3163360223,1468256531.0,4925220674,4925220755
4925220755,51.5007010981,25.3157437036,1468256541.0,4925220716,4925220795
4925220795,51.5021140979,25.3151139915,1468256551.0,4925220755,None
