4922930220,51.4451194686,25.2953964642,1468219374.0,None,4922930752
4922930752,51.4464371416,25.296354973,1468219384.0,4922930220,4922931396
4922931396,51.4468151747,25.2965925245,1468219391.0,4922930752,4922931942
4922931942,51.4469006212,25.2966149478,1468219392.0,4922931396,4922931997
4922931997,51.447074579,25.2966712307,1468219394.0,4922931942,4922932252
4922932252,51.4471304847,25.2967092225,1468219395.0,4922931997,4922933119
4922933119,51.4471770465,25.2967560733,1468219396.0,4922932252,4922933184
4922933184,51.4472090829,25.2968130499,1468219397.0,4922933119,4922933228
4922933228,51.4472282208,25.2968747707,1468219397.0,4922933184,4922933261
4922933261,51.4472318918,25.2969377894,1468219398.0,4922933228,4922933297
4922933297,51.4472233926,25.2970019937,1468219399.0,4922933261,4922933328
4922933328,51.4471880247,25.2970866702,1468219400.0,4922933297,4922933360
4922933360,51.4470038545,25.2975424607,1468219405.0,4922933328,4922933413
4922933413,51.4470050533,25.2976882025,1468219406.0,4922933360,4922933452
4922933452,51.4470966406,25.2981796768,1468219410.0,4922933413,4922933496
4922933496,51.4473014656,25.2987382887,1468219414.0,4922933452,4922933547
4922933547,51.4476599143,25.2993296408,1468219419.0,4922933496,4922933584
4922933584,51.44809351,25.2997816199,1468219423.0,4922933547,4922934003
4922934003,51.44918267,25.3007404675,1468219432.0,4922933584,4922934705
4922934705,51.4503595805,25.3017420373,1468219442.0,4922934003,4922935389
4922935389,51.4516819889,25.3027681634,1468219452.0,4922934705,4922936048
4922936048,51.4530021614,25.3036419248,1468219462.0,4922935389,4922936733
4922936733,51.4536571623,25.3040485147,1468219472.0,4922936048,4922936947
4922936947,51.453844768,25.3041450461,1468219475.0,4922936733,4922937057
4922937057,51.453880098,25.3041843431,1468219475.0,4922936947,4922937118
4922937118,51.4539041043,25.3042292876,1468219476.0,4922937057,4922937174
4922937174,51.4539232931,25.3042981936,1468219477.0,4922937118,4922937216
4922937216,51.4539291852,25.3043956582,1468219478.0,4922937174,4922937571
4922937571,51.4539523244,25.3047905544,1468219483.0,4922937216,4922937658
4922937658,51.4539974353,25.3048961465,1468219484.0,4922937571,4922938360
4922938360,51.4544309984,25.3057514724,1468219494.0,4922937658,4922938745
4922938745,51.4546433878,25.3064547344,1468219500.0,4922938360,4922939327
4922939327,51.4547520734,25.3075032279,1468219508.0,4922938745,4922939794
4922939794,51.4546191591,25.3084619581,1468219515.0,4922939327,4922940776
4922940776,51.4543244841,25.3092986876,1468219521.0,4922939794,4922940828
4922940828,51.4536446065,25.310526496,1468219531.0,4922940776,4922941604
4922941604,51.4529410098,25.3117452628,1468219541.0,4922940828,4922942293
4922942293,51.4522331101,25.312846051,1468219551.0,4922941604,4922942456
4922942456,51.4521625966,25.3129925589,1468219553.0,4922942293,4922942512
4922942512,51.4521593573,25.3130400585,1468219554.0,4922942456,4922942575
4922942575,51.4521697193,25.3130704067,1468219555.0,4922942512,4922942646
4922942646,51.452182105,25.3130857233,1468219555.0,4922942575,4922942710
4922942710,51.4521966918,25.3130989076,1468219556.0,4922942646,4922942763
4922942763,51.4522145505,25.313109859,1468219556.0,4922942710,4922942825
4922942825,51.4522343209,25.3131178245,1468219557.0,4922942763,4922942880
4922942880,51.4522725022,25.3131260025,1468219558.0,4922942825,4922942913
4922942913,51.4523606,25.313136,1468219559.0,4922942880,4922943525
4922943525,51.4531785,25.3132705,1468219569.0,4922942913,4922944148
4922944148,51.4542035,25.3134005,1468219579.0,4922943525,4922944804
4922944804,51.4548325,25.3134533,1468219589.0,4922944148,4922945439
4922945439,51.4557461,25.3134863,1468219599.0,4922944804,4922946012
4922946012,51.4568398,25.3134916,1468219609.0,4922945439,4922946636
4922946636,51.4575185,25.3134081,1468219619.0,4922946012,4922947168
4922947168,51.458097,25.3132563,1468219626.0,4922946636,4922947755
4922947755,51.4591365,25.3128931,1468219636.0,4922947168,4922948402
4922948402,51.459918,25.3126726,1468219646.0,4922947755,4922948590
4922948590,51.460031,25.3126025,1468219648.0,4922948402,4922948983
4922948983,51.4604403,25.3122416,1468219654.0,4922948590,4922949047
4922949047,51.4605268,25.3122178,1468219655.0,4922948983,4922949097
4922949097,51.4606151,25.3122131,1468219656.0,4922949047,4922949151
4922949151,51.4606831,25.3122235,1468219656.0,4922949097,4922949185
4922949185,51.4607483,25.3122478,1468219657.0,4922949151,4922949214
4922949214,51.4608075351,25.3122849316,1468219658.0,4922949185,4922949256
4922949256,51.4608623,25.3123341,1468219659.0,4922949214,4922949560
4922949560,51.4612161585,25.3126631229,1468219663.0,4922949256,4922949662
4922949662,51.4613464341,25.3127141891,1468219664.0,4922949560,4922950231
4922950231,51.4624443825,25.3129423031,1468219671.0,4922949662,4922951075
4922951075,51.4640850358,25.3130861514,1468219680.0,4922950231,4922951377
4922951377,51.4658835189,25.3130904235,1468219690.0,4922951075,4922952014
4922952014,51.4676785061,25.3131082985,1468219700.0,4922951377,4922952749
4922952749,51.4693853076,25.3131123343,1468219710.0,4922952014,4922954875
4922954875,51.473911528,25.3136132207,1468219739.0,4922952749,4922955572
4922955572,51.4755007793,25.313719572,1468219749.0,4922954875,4922956466
4922956466,51.4770427781,25.3138498362,1468219759.0,4922955572,4922957285
4922957285,51.4783762955,25.3139635716,1468219769.0,4922956466,4922957488
4922957488,51.478535646,25.3139641147,1468219772.0,4922957285,4922957770
4922957770,51.4785945624,25.313948279,1468219775.0,4922957488,4922958055
4922958055,51.4787422717,25.3139160354,1468219778.0,4922957770,4922958147
4922958147,51.4787890011,25.3139247005,1468219779.0,4922958055,4922958214
4922958214,51.4788383621,25.3139444988,1468219780.0,4922958147,4922958388
4922958388,51.4790779994,25.3140225144,1468219782.0,4922958214,4922959050
4922959050,51.4804533464,25.3141511642,1468219792.0,4922958388,4922959821
4922959821,51.4821750488,25.3142919833,1468219802.0,4922959050,4922960575
4922960575,51.4837101544,25.3144146451,1468219812.0,4922959821,4922960990
4922960990,51.4839451085,25.3144151686,1468219817.0,4922960575,4922961078
4922961078,51.4840024806,25.314398452,1468219818.0,4922960990,4922961192
4922961192,51.4841136093,25.314375497,1468219820.0,4922961078,4922961258
4922961258,51.4841572995,25.3143808032,1468219820.0,4922961192,4922961396
4922961396,51.4842265501,25.3144038248,1468219821.0,4922961258,4922961500
4922961500,51.4845181427,25.3144756316,1468219824.0,4922961396,4922962270
4922962270,51.4860895633,25.3146085005,1468219833.0,4922961500,4922962623
4922962623,51.4866182222,25.314629667,1468219838.0,4922962270,4922963690
4922963690,51.4867178771,25.3146148659,1468219847.0,4922962623,4922963761
4922963761,51.48706112,25.314529325,1468219853.0,4922963690,4922963831
4922963831,51.4871186264,25.3145448789,1468219854.0,4922963761,4922963878
4922963878,51.4871663221,25.3145730465,1468219855.0,4922963831,4922963947
4922963947,51.4871933804,25.314599477,1468219855.0,4922963878,4922964020
4922964020,51.4872242384,25.3146450284,1468219856.0,4922963947,4922964077
4922964077,51.4872442552,25.3146999997,1468219857.0,4922964020,4922964124
4922964124,51.4872523915,25.3147810029,1468219858.0,4922964077,4922964188
4922964188,51.4872375043,25.314862553,1468219859.0,4922964124,4922964249
4922964249,51.4872010728,25.3149568174,1468219860.0,4922964188,4922964287
4922964287,51.4871522886,25.3151203862,1468219862.0,4922964249,4922964874
4922964874,51.4870450459,25.3162977912,1468219871.0,4922964287,4922965573
4922965573,51.4868864784,25.3179415594,1468219881.0,4922964874,4922966216
4922966216,51.486771215,25.3195971734,1468219891.0,4922965573,4922966929
4922966929,51.4866548686,25.321139608,1468219901.0,4922966216,4922967162
4922967162,51.4866613678,25.3215405567,1468219905.0,4922966929,4922967261
4922967261,51.4866950031,25.3216138575,1468219906.0,4922967162,4922967300
4922967300,51.4867221497,25.3216433621,1468219906.0,4922967261,4922967408
4922967408,51.4867551128,25.321667715,1468219907.0,4922967300,4922967452
4922967452,51.4867908139,25.3216820142,1468219907.0,4922967408,4922967522
4922967522,51.4868566183,25.3216978531,1468219908.0,4922967452,4922967583
4922967583,51.4869298359,25.3216974382,1468219909.0,4922967522,4922967628
4922967628,51.4869804101,25.3216848455,1468219909.0,4922967583,4922967731
4922967731,51.4874121619,25.3215453947,1468219913.0,4922967628,4922968375
4922968375,51.4888796709,25.3209572464,1468219922.0,4922967731,4922969047
4922969047,51.4905139392,25.3202386705,1468219932.0,4922968375,4922969703
4922969703,51.4921095747,25.3195271926,1468219942.0,4922969047,4922970309
4922970309,51.4936613558,25.3188467946,1468219952.0,4922969703,4922971009
4922971009,51.4950235797,25.3182396393,1468219962.0,4922970309,4922971056
4922971056,51.4951879874,25.3181448066,1468219964.0,4922971009,4922971105
4922971105,51.4952429258,25.3180898368,1468219965.0,4922971056,None
