4922720755,51.4988596,25.2944213,1468216307.0,None,4922720830
4922720830,51.4988873,25.2944126,1468216309.0,4922720755,4922721291
4922721291,51.4989972339,25.2944358106,1468216316.0,4922720830,4922721718
4922721718,51.499106869,25.2944894031,1468216321.0,4922721291,4922721836
4922721836,51.4991446409,25.294508685,1468216323.0,4922721718,4922721905
4922721905,51.4991507428,25.2945116976,1468216324.0,4922721836,4922722498
4922722498,51.4991628942,25.2944957297,1468216333.0,4922721905,4922723268
4922723268,51.4991536797,25.2944513166,1468216343.0,4922722498,4922724023
4922724023,51.4991385014,25.2944278573,1468216353.0,4922723268,4922724726
4922724726,51.4991387354,25.2944424952,1468216363.0,4922724023,4922725458
4922725458,51.4991307459,25.2944333625,1468216373.0,4922724726,4922726253
4922726253,51.4991223327,25.2944374268,1468216383.0,4922725458,4922726914
4922726914,51.499118432,25.2944529349,1468216393.0,4922726253,4922727580
4922727580,51.4991175995,25.2944594386,1468216403.0,4922726914,4922728342
4922728342,51.4991115235,25.2944577937,1468216413.0,4922727580,4922729057
4922729057,51.4991165629,25.2944659772,1468216423.0,4922728342,4922729828
4922729828,51.4991242723,25.2944723966,1468216433.0,4922729057,4922730644
4922730644,51.4991175839,25.2944590536,1468216443.0,4922729828,4922749832
4922749832,51.4991123473,25.2944000516,1468216726.0,4922730644,4922749909
4922749909,51.4991495479,25.2944053709,1468216728.0,4922749832,4922750024
4922750024,51.4991707365,25.2944134241,1468216729.0,4922749909,4922750080
4922750080,51.4991774113,25.2944200994,1468216730.0,4922750024,4922750150
4922750150,51.4991829204,25.2944295441,1468216730.0,4922750080,4922750212
4922750212,51.4991857855,25.2944398128,1468216730.0,4922750150,4922750271
4922750271,51.4991903719,25.2944569163,1468216731.0,4922750212,4922750360
4922750360,51.4991980005,25.294504715,1468216732.0,4922750271,4922750676
4922750676,51.4992648565,25.2948378887,1468216739.0,4922750360,4922750744
4922750744,51.4992940293,25.2948823083,1468216740.0,4922750676,4922750785
4922750785,51.4993241931,25.2949030502,1468216741.0,4922750744,4922750898
4922750898,51.4993535949,25.2949158738,1468216742.0,4922750785,4922750955
4922750955,51.4993844366,25.2949287801,1468216742.0,4922750898,4922751019
4922751019,51.4994423967,25.2949384475,1468216744.0,4922750955,4922751112
4922751112,51.4994896868,25.2949389893,1468216745.0,4922751019,4922751424
4922751424,51.4997221722,25.2949283896,1468216749.0,4922751112,4922752070
4922752070,51.5002163903,25.2949157987,1468216759.0,4922751424,4922752176
4922752176,51.5002737997,25.2948955618,1468216761.0,4922752070,4922752244
4922752244,51.5002908887,25.2948779169,1468216761.0,4922752176,4922752311
4922752311,51.5002982218,25.2948618658,1468216762.0,4922752244,4922752487
4922752487,51.5003793901,25.294799884,1468216765.0,4922752311,4922752581
4922752581,51.5004541421,25.2947687258,1468216767.0,4922752487,4922752641
4922752641,51.5004812692,25.2947681783,1468216767.0,4922752581,4922752691
4922752691,51.5005143402,25.29477499,1468216768.0,4922752641,4922752766
4922752766,51.50056097,25.2947889617,1468216769.0,4922752691,4922753062
4922753062,51.500715081,25.2948260427,1468216774.0,4922752766,4922753837
4922753837,51.5011550465,25.2948248976,1468216784.0,4922753062,4922753928
4922753928,51.5012303343,25.2948254109,1468216786.0,4922753837,4922754167
4922754167,51.5013645012,25.2947651231,1468216790.0,4922753928,4922754420
4922754420,51.5014933053,25.294752064,1468216793.0,4922754167,4922755094
4922755094,51.5020472115,25.294758837,1468216802.0,4922754420,4922759803
4922759803,51.5022294811,25.2954889006,1468216869.0,4922755094,4922759868
4922759868,51.5021930505,25.2955030325,1468216870.0,4922759803,4922759923
4922759923,51.5021630322,25.29552248,1468216870.0,4922759868,4922759984
4922759984,51.5021386957,25.2955528392,1468216871.0,4922759923,4922760046
4922760046,51.502127763,25.2955782174,1468216872.0,4922759984,4922760147
4922760147,51.5020805634,25.2956862605,1468216874.0,4922760046,4922760241
4922760241,51.5020782657,25.2957302577,1468216875.0,4922760147,4922760290
4922760290,51.5020922129,25.2957719888,1468216875.0,4922760241,4922760367
4922760367,51.5021154827,25.295798126,1468216876.0,4922760290,4922760410
4922760410,51.5021435382,25.2958137865,1468216877.0,4922760367,4922760475
4922760475,51.5021927053,25.2958429934,1468216878.0,4922760410,4922760541
4922760541,51.5022462133,25.2958611968,1468216879.0,4922760475,None
