4921846029,51.4460381,25.3195936,1468201160.0,None,4921846405
4921846405,51.4472073366,25.3195590237,1468201169.0,4921846029,4921846510
4921846510,51.4472736863,25.3195273276,1468201170.0,4921846405,4921846557
4921846557,51.447313609,25.3194880768,1468201171.0,4921846510,4921846606
4921846606,51.4473764157,25.3194194161,1468201172.0,4921846557,4921846860
4921846860,51.4474249093,25.319337247,1468201173.0,4921846606,4921847435
4921847435,51.4475877211,25.319112431,1468201177.0,4921846860,4921847475
4921847475,51.4481461222,25.3186131222,1468201186.0,4921847435,4921847499
4921847499,51.4483382798,25.3185061788,1468201188.0,4921847475,4921847583
4921847583,51.4484741397,25.3184658382,1468201189.0,4921847499,4921847737
4921847737,51.4486313123,25.3184495362,1468201191.0,4921847583,4921847801
4921847801,51.4490850284,25.3184276994,1468201196.0,4921847737,4921847823
4921847823,51.4491562767,25.3183910379,1468201197.0,4921847801,4921847866
4921847866,51.4491878601,25.3183595735,1468201198.0,4921847823,4921847897
4921847897,51.4492412039,25.318300751,1468201199.0,4921847866,4921848125
4921848125,51.449708511,25.3177420731,1468201209.0,4921847897,4921848314
4921848314,51.4499949872,25.3173122974,1468201214.0,4921848125,4921848506
4921848506,51.4501793327,25.3168902207,1468201219.0,4921848314,4921849110
4921849110,51.4505655111,25.3157661726,1468201228.0,4921848506,4921861339
4921861339,51.4511976064,25.3144987107,1468201238.0,4921849110,4921861377
4921861377,51.4516934686,25.313476655,1468201246.0,4921861339,4921861410
4921861410,51.451947916,25.3129672907,1468201250.0,4921861377,4921861448
4921861448,51.4526754849,25.3118789021,1468201259.0,4921861410,4921861493
4921861493,51.4534390759,25.3105759074,1468201269.0,4921861448,4921861537
4921861537,51.454144528,25.3092132957,1468201279.0,4921861493,4921861576
4921861576,51.4544178428,25.3083904739,1468201285.0,4921861537,4921861620
4921861620,51.4545243295,25.3074731603,1468201291.0,4921861576,4921861673
4921861673,51.4544530379,25.3065202627,1468201297.0,4921861620,4921861703
4921861703,51.4541112222,25.3055253554,1468201304.0,4921861673,4921861724
4921861724,51.4537352992,25.3048796243,1468201309.0,4921861703,4921861757
4921861757,51.4536218125,25.3047838994,1468201311.0,4921861724,4921861799
4921861799,51.4535089473,25.3047248511,1468201312.0,4921861757,4921861829
4921861829,51.4533495961,25.3045991721,1468201315.0,4921861799,4921861859
4921861859,51.4533185283,25.3045367444,1468201316.0,4921861829,4921861891
4921861891,51.4533088901,25.3044899887,1468201316.0,4921861859,4921861990
4921861990,51.4532978024,25.3043651148,1468201318.0,4921861891,4921862096
4921862096,51.4532545054,25.3040906054,1468201321.0,4921861990,4921862165
4921862165,51.4531984032,25.3040057676,1468201322.0,4921862096,4921862221
4921862221,51.4531504726,25.3039642641,1468201323.0,4921862165,4921862261
4921862261,51.4530619245,25.3039046721,1468201324.0,4921862221,4921862307
4921862307,51.4526282443,25.3037151019,1468201329.0,4921862261,4921862356
4921862356,51.451574,25.3032348,1468201339.0,4921862307,4921862402
4921862402,51.4504563,25.3023865,1468201349.0,4921862356,4921862445
4921862445,51.4493346023,25.3013989947,1468201359.0,4921862402,4921862491
4921862491,51.4481262889,25.3002925844,1468201369.0,4921862445,4921862530
4921862530,51.4474530758,25.2996317779,1468201375.0,4921862491,4921862565
4921862565,51.4470441947,25.2989634283,1468201380.0,4921862530,4921862622
4921862622,51.4468406593,25.2983053822,1468201384.0,4921862565,4921863024
4921863024,51.446685667,25.2974960961,1468201393.0,4921862622,4921863086
4921863086,51.4466480378,25.2973782625,1468201396.0,4921863024,4921863135
4921863135,51.4465877617,25.2972946,1468201399.0,4921863086,4921863182
4921863182,51.4465394391,25.297256671,1468201400.0,4921863135,4921863222
4921863222,51.4464186741,25.2971355322,1468201404.0,4921863182,4921863263
4921863263,51.4463948479,25.2970761944,1468201406.0,4921863222,4921863303
4921863303,51.4463859694,25.2970140756,1468201407.0,4921863263,4921863351
4921863351,51.4463866868,25.2969473749,1468201408.0,4921863303,4921863406
4921863406,51.4463701102,25.296736135,1468201412.0,4921863351,4921863448
4921863448,51.4463304771,25.2966365144,1468201413.0,4921863406,4921863499
4921863499,51.4462941336,25.296590421,1468201414.0,4921863448,4921863543
4921863543,51.4461866584,25.2964734713,1468201416.0,4921863499,4921863581
4921863581,51.4454914745,25.2960389164,1468201425.0,4921863543,4921863627
4921863627,51.4444325009,25.2952919979,1468201435.0,4921863581,4921863673
4921863673,51.4432425,25.294272,1468201445.0,4921863627,None
