4921226560,51.4959599361,25.3104690813,1468185103.0,None,4921226595
4921226595,51.4964569105,25.3107957728,1468185108.0,4921226560,4921226628
4921226628,51.4965106638,25.3108737761,1468185109.0,4921226595,4921226657
4921226657,51.4965429886,25.3109439677,1468185110.0,4921226628,4921226687
4921226687,51.4965564264,25.3110222329,1468185111.0,4921226657,4921226724
4921226724,51.4965481233,25.3111276383,1468185112.0,4921226687,4921226769
4921226769,51.4965028915,25.3112595025,1468185113.0,4921226724,4921226806
4921226806,51.4959821504,25.3125149435,1468185122.0,4921226769,4921226845
4921226845,51.4957598305,25.3134287364,1468185128.0,4921226806,4921226866
4921226866,51.4956640284,25.3146754958,1468185137.0,4921226845,4921226912
4921226912,51.495800356,25.316023777,1468185147.0,4921226866,4921226938
4921226938,51.4958968099,25.3163137463,1468185149.0,4921226912,4921226973
4921226973,51.4959726068,25.3164176819,1468185150.0,4921226938,4921227014
4921227014,51.4960831533,25.3165191183,1468185152.0,4921226973,4921227059
4921227059,51.4961775391,25.3165730408,1468185153.0,4921227014,4921227762
4921227762,51.4962485111,25.3165953187,1468185153.0,4921227059,4921227787
4921227787,51.4963394718,25.3166015134,1468185154.0,4921227762,4921227815
4921227815,51.4963802595,25.3165923164,1468185155.0,4921227787,4921228556
4921228556,51.4964362145,25.3165732013,1468185156.0,4921227815,4921228585
4921228585,51.4965586105,25.3165522245,1468185157.0,4921228556,4921228617
4921228617,51.4966211732,25.3165602805,1468185158.0,4921228585,4921228649
4921228649,51.496663225,25.3165750834,1468185158.0,4921228617,4921228694
4921228694,51.496698636,25.3165987039,1468185159.0,4921228649,4921228727
4921228727,51.4970739055,25.3168618183,1468185164.0,4921228694,4921228754
4921228754,51.4973250839,25.3170358873,1468185167.0,4921228727,4921228806
4921228806,51.4974319976,25.3170725528,1468185168.0,4921228754,4921228843
4921228843,51.4975233265,25.3170800124,1468185169.0,4921228806,4921228876
4921228876,51.4975895967,25.317068746,1468185170.0,4921228843,4921229591
4921229591,51.4976801168,25.3170370585,1468185171.0,4921228876,4921229631
4921229631,51.4987782495,25.3165701817,1468185180.0,4921229591,4921229666
4921229666,51.5004122055,25.3158575619,1468185190.0,4921229631,4921242823
4921242823,51.5021788,25.3150856,1468185200.0,4921229666,None
