4923460273,51.5004557798,25.2947224671,1468227797.0,None,4923460757
4923460757,51.5004452807,25.29471519,1468227807.0,4923460273,4923461243
4923461243,51.5004463984,25.294720158,1468227817.0,4923460757,4923461691
4923461691,51.500458793,25.2947361416,1468227827.0,4923461243,4923462143
4923462143,51.500467528,25.2947379143,1468227837.0,4923461691,4923462591
4923462591,51.5004607824,25.2947194473,1468227847.0,4923462143,4923463055
4923463055,51.5004504384,25.2947047703,1468227857.0,4923462591,4923463521
4923463521,51.5004402197,25.2946961101,1468227867.0,4923463055,4923463991
4923463991,51.5004297736,25.2946848967,1468227877.0,4923463521,4923464458
4923464458,51.5004283232,25.2946415767,1468227887.0,4923463991,4923464877
4923464877,51.5004316164,25.294622154,1468227897.0,4923464458,None
