4923472295,51.4481536,25.3293738,1468228046.0,None,4923472633
4923472633,51.4478033,25.328663,1468228054.0,4923472295,4923472851
4923472851,51.4476818,25.3280641,1468228058.0,4923472633,4923473307
4923473307,51.4477248,25.326646,1468228068.0,4923472851,4923473780
4923473780,51.4479455,25.3250855,1468228078.0,4923473307,4923474252
4923474252,51.4482095,25.3235263,1468228088.0,4923473780,4923474737
4923474737,51.4485795,25.3220376,1468228098.0,4923474252,4923475414
4923475414,51.4488170846,25.3209977051,1468228111.0,4923474737,4923475477
4923475477,51.4488151,25.3209955,1468228112.0,4923475414,4923475948
4923475948,51.4488623,25.3209725,1468228121.0,4923475477,4923476446
4923476446,51.448901,25.3209505,1468228131.0,4923475948,4923476886
4923476886,51.4489066,25.3208396,1468228140.0,4923476446,4923477051
4923477051,51.4488468,25.3207314996,1468228143.0,4923476886,4923477184
4923477184,51.4487579519,25.3206283219,1468228146.0,4923477051,4923477257
4923477257,51.4486973975,25.3205878936,1468228147.0,4923477184,4923477385
4923477385,51.4485660949,25.3205048286,1468228150.0,4923477257,4923477446
4923477446,51.4484837119,25.3204851898,1468228151.0,4923477385,4923477883
4923477883,51.4478398602,25.3203090582,1468228159.0,4923477446,4923478024
4923478024,51.4476852918,25.3201996124,1468228161.0,4923477883,4923478050
4923478050,51.4475858848,25.320088656,1468228162.0,4923478024,4923478083
4923478083,51.4474827312,25.319929109,1468228164.0,4923478050,4923478166
4923478166,51.4474200463,25.3197657834,1468228166.0,4923478083,4923478285
4923478285,51.4473929241,25.3195966933,1468228168.0,4923478166,4923478361
4923478361,51.4474027373,25.3194918329,1468228169.0,4923478285,4923478445
4923478445,51.4474458056,25.319349912,1468228171.0,4923478361,4923478557
4923478557,51.4475549009,25.3191481524,1468228174.0,4923478445,4923478634
4923478634,51.4476676562,25.3190187915,1468228175.0,4923478557,4923479049
4923479049,51.4482857056,25.3185160331,1468228183.0,4923478634,4923479137
4923479137,51.4484228578,25.3184527739,1468228185.0,4923479049,4923479172
4923479172,51.448536322,25.3184241876,1468228186.0,4923479137,4923479287
4923479287,51.4486726735,25.3184136961,1468228188.0,4923479172,4923479538
4923479538,51.449097768,25.3184067496,1468228193.0,4923479287,4923479603
4923479603,51.4491980695,25.3183670742,1468228194.0,4923479538,4923479665
4923479665,51.4492685528,25.3183186241,1468228195.0,4923479603,4923479727
4923479727,51.4493281375,25.3182564178,1468228196.0,4923479665,4923480169
4923480169,51.4498825992,25.3175617292,1468228205.0,4923479727,4923480420
4923480420,51.4501337563,25.3171072856,1468228209.0,4923480169,4923480641
4923480641,51.450293988,25.3165874809,1468228213.0,4923480420,4923480837
4923480837,51.4504786786,25.3160355488,1468228218.0,4923480641,4923481508
4923481508,51.4509779707,25.3149804826,1468228227.0,4923480837,4923481724
4923481724,51.451602984,25.3137791046,1468228237.0,4923481508,4923482069
4923482069,51.4520999077,25.3127660541,1468228245.0,4923481724,4923482552
4923482552,51.4527965762,25.3116769268,1468228255.0,4923482069,4923483038
4923483038,51.4535223718,25.3103615146,1468228265.0,4923482552,4923483580
4923483580,51.4542237517,25.3089525752,1468228275.0,4923483038,4923483804
4923483804,51.4544116498,25.3082674724,1468228279.0,4923483580,4923484123
4923484123,51.4545003995,25.3071546145,1468228286.0,4923483804,4923484393
4923484393,51.454392861,25.3063955909,1468228291.0,4923484123,4923485067
4923485067,51.4540003952,25.3053775627,1468228299.0,4923484393,4923485137
4923485137,51.4537085399,25.3049032918,1468228304.0,4923485067,4923485192
4923485192,51.4536165818,25.3048226038,1468228305.0,4923485137,4923485241
4923485241,51.4534959341,25.3047508646,1468228306.0,4923485192,4923485299
4923485299,51.4533580693,25.3046470393,1468228308.0,4923485241,4923485353
4923485353,51.4533108997,25.304578864,1468228309.0,4923485299,4923485401
4923485401,51.4532945696,25.3045234772,1468228310.0,4923485353,4923485443
4923485443,51.4532805308,25.3044327978,1468228311.0,4923485401,4923485533
4923485533,51.4532302867,25.3041174366,1468228315.0,4923485443,4923485585
4923485585,51.4531900956,25.3040627427,1468228316.0,4923485533,4923485627
4923485627,51.4531406521,25.3040138256,1468228317.0,4923485585,4923485658
4923485658,51.45304284,25.3039417371,1468228318.0,4923485627,4923486095
4923486095,51.452125062,25.3033039379,1468228328.0,4923485658,4923486533
4923486533,51.4511601,25.3025361,1468228338.0,4923486095,4923486956
4923486956,51.4500754998,25.3017223004,1468228348.0,4923486533,4923487477
4923487477,51.4489465727,25.3008115524,1468228358.0,4923486956,4923487988
4923487988,51.4477684179,25.2998295281,1468228368.0,4923487477,4923488150
4923488150,51.4473704022,25.2994000446,1468228372.0,4923487988,4923488423
4923488423,51.4469822956,25.2987504137,1468228378.0,4923488150,4923488673
4923488673,51.4468106384,25.2982209276,1468228382.0,4923488423,4923489182
4923489182,51.4466917243,25.2975187323,1468228392.0,4923488673,4923489434
4923489434,51.4466887525,25.297458707,1468228397.0,4923489182,4923489624
4923489624,51.4466785695,25.29742244,1468228399.0,4923489434,4923489766
4923489766,51.4466724059,25.2974167898,1468228400.0,4923489624,4923489801
4923489801,51.4466681608,25.2973964568,1468228401.0,4923489766,4923490157
4923490157,51.4466581006,25.2973596055,1468228411.0,4923489801,4923490648
4923490648,51.4466110727,25.2972940706,1468228420.0,4923490157,4923490872
4923490872,51.4465244529,25.2972355972,1468228423.0,4923490648,4923490980
4923490980,51.4463788341,25.2971242042,1468228426.0,4923490872,4923491048
4923491048,51.4463609265,25.2970889733,1468228427.0,4923490980,4923491094
4923491094,51.446349669,25.2970382751,1468228428.0,4923491048,4923491149
4923491149,51.4463444409,25.2969532349,1468228429.0,4923491094,4923491252
4923491252,51.4463586174,25.2968260662,1468228431.0,4923491149,4923491344
4923491344,51.4463547693,25.2967069955,1468228432.0,4923491252,4923491422
4923491422,51.4463248615,25.296622302,1468228433.0,4923491344,4923491497
4923491497,51.4462755139,25.2965444191,1468228434.0,4923491422,4923491541
4923491541,51.4461923,25.2964585,1468228436.0,4923491497,4923491914
4923491914,51.4454117093,25.2958035293,1468228445.0,4923491541,4923492468
4923492468,51.4443125985,25.2949003031,1468228455.0,4923491914,None
