4924860651,51.4433678,25.2939048,1468251589.0,None,4924860721
4924860721,51.4443123,25.2947348,1468251599.0,4924860651,4924860774
4924860774,51.4452463644,25.2954710493,1468251609.0,4924860721,4924860831
4924860831,51.446102411,25.2960947821,1468251619.0,4924860774,4924860892
4924860892,51.4466812585,25.2965043187,1468251629.0,4924860831,4924860998
4924860998,51.4467087177,25.2965386623,1468251631.0,4924860892,4924861060
4924861060,51.446730443,25.2965541921,1468251632.0,4924860998,4924861123
4924861123,51.4467400029,25.2965598884,1468251633.0,4924861060,4924861174
4924861174,51.4467567247,25.2965600241,1468251633.0,4924861123,4924861218
4924861218,51.4468788603,25.2965807156,1468251637.0,4924861174,4924861279
4924861279,51.4471010999,25.2966198591,1468251642.0,4924861218,4924861357
4924861357,51.4471361875,25.2966410937,1468251643.0,4924861279,4924861393
4924861393,51.4471637463,25.2966696946,1468251643.0,4924861357,4924861455
4924861455,51.4471985498,25.2967077968,1468251644.0,4924861393,4924861527
4924861527,51.447222302,25.2967557813,1468251645.0,4924861455,4924861567
4924861567,51.4472424979,25.2968196375,1468251647.0,4924861527,4924861622
4924861622,51.4472470807,25.2968733972,1468251648.0,4924861567,4924861676
4924861676,51.4472402246,25.2969207072,1468251648.0,4924861622,4924861731
4924861731,51.4472235859,25.2969842183,1468251649.0,4924861676,4924861783
4924861783,51.4471897055,25.2970489809,1468251650.0,4924861731,4924861849
4924861849,51.447146189,25.2971018076,1468251651.0,4924861783,4924861903
4924861903,51.4470811035,25.2971551887,1468251653.0,4924861849,4924861964
4924861964,51.4469939411,25.297199984,1468251654.0,4924861903,4924861991
4924861991,51.4468947894,25.2972322687,1468251656.0,4924861964,4924862035
4924862035,51.4467618508,25.2972544317,1468251658.0,4924861991,4924862085
4924862085,51.4466536557,25.297248243,1468251660.0,4924862035,4924862146
4924862146,51.446591388,25.2972334594,1468251661.0,4924862085,4924862211
4924862211,51.4463260799,25.2971628801,1468251665.0,4924862146,4924862298
4924862298,51.4462522681,25.2971718159,1468251666.0,4924862211,4924862404
4924862404,51.446133048,25.2971998934,1468251667.0,4924862298,4924862474
4924862474,51.4460143194,25.2972483416,1468251669.0,4924862404,4924862555
4924862555,51.445903735,25.2973160239,1468251672.0,4924862474,4924862612
4924862612,51.4458713237,25.297351196,1468251673.0,4924862555,4924862664
4924862664,51.4458569245,25.297378603,1468251673.0,4924862612,4924862705
4924862705,51.445849445,25.2974089941,1468251674.0,4924862664,4924862768
4924862768,51.4458510129,25.2974295708,1468251675.0,4924862705,4924862823
4924862823,51.4458561227,25.2974452238,1468251675.0,4924862768,4924862867
4924862867,51.4458656139,25.2974655764,1468251676.0,4924862823,4924862927
4924862927,51.4458740124,25.2974723685,1468251677.0,4924862867,4924862979
4924862979,51.4458801081,25.2974775451,1468251677.0,4924862927,4924863055
4924863055,51.4459326001,25.2975383008,1468251681.0,4924862979,4924863114
4924863114,51.4460223,25.2975861,1468251684.0,4924863055,4924863185
4924863185,51.4460498,25.297591,1468251685.0,4924863114,4924863241
4924863241,51.4463778,25.2976568,1468251695.0,4924863185,4924863308
4924863308,51.4464675,25.2976723,1468251699.0,4924863241,4924863379
4924863379,51.4465214991,25.2977093002,1468251709.0,4924863308,4924863428
4924863428,51.4465544625,25.2977371819,1468251719.0,4924863379,4924863492
4924863492,51.4465498842,25.2977309492,1468251729.0,4924863428,4924863561
4924863561,51.4465199148,25.2977924039,1468251739.0,4924863492,4924863623
4924863623,51.4465596729,25.2978055779,1468251749.0,4924863561,4924863671
4924863671,51.4465603607,25.297827351,1468251759.0,4924863623,4924863720
4924863720,51.4465741288,25.2978173993,1468251769.0,4924863671,4924863772
4924863772,51.4465921302,25.2978378716,1468251779.0,4924863720,4924863798
4924863798,51.4465934831,25.2978338071,1468251789.0,4924863772,4924863871
4924863871,51.4465862532,25.2978955794,1468251799.0,4924863798,4924863928
4924863928,51.4466089689,25.2978885409,1468251809.0,4924863871,4924863968
4924863968,51.4466241995,25.2978771256,1468251819.0,4924863928,4924864051
4924864051,51.44662333,25.2978900588,1468251829.0,4924863968,4924864111
4924864111,51.4466343041,25.2979074815,1468251839.0,4924864051,4924864171
4924864171,51.4466395968,25.2979275148,1468251849.0,4924864111,4924873341
4924873341,51.4466740872,25.2979146014,1468252003.0,4924864171,4924873956
4924873956,51.4466814545,25.2980896702,1468252013.0,4924873341,4924874164
4924874164,51.4466952257,25.2981839744,1468252016.0,4924873956,4924874223
4924874223,51.4467059589,25.2981992763,1468252017.0,4924874164,4924874272
4924874272,51.4467176318,25.2982030192,1468252018.0,4924874223,4924874348
4924874348,51.4467340753,25.2982143507,1468252018.0,4924874272,4924874396
4924874396,51.4467705249,25.2982300357,1468252020.0,4924874348,4924874454
4924874454,51.4467830015,25.2982297714,1468252020.0,4924874396,4924874607
4924874607,51.4468046455,25.2982309885,1468252021.0,4924874454,4924874723
4924874723,51.4468239912,25.2982271059,1468252022.0,4924874607,4924875067
4924875067,51.4468505029,25.2982089441,1468252028.0,4924874723,4924875140
4924875140,51.4468488518,25.2982036621,1468252028.0,4924875067,4924875209
4924875209,51.4468531162,25.2981866723,1468252029.0,4924875140,4924875276
4924875276,51.4468519469,25.2981460667,1468252031.0,4924875209,4924875736
4924875736,51.4467943896,25.2979094151,1468252038.0,4924875276,4924876353
4924876353,51.4467026188,25.2975028449,1468252048.0,4924875736,4924877130
4924877130,51.4466519518,25.2973690264,1468252058.0,4924876353,4924877323
4924877323,51.4466167657,25.2973191487,1468252062.0,4924877130,4924877849
4924877849,51.4464625731,25.2971597002,1468252069.0,4924877323,4924877956
4924877956,51.4464355642,25.2970992965,1468252071.0,4924877849,4924878064
4924878064,51.4464194336,25.2970269937,1468252073.0,4924877956,4924878163
4924878163,51.4464210963,25.296958888,1468252074.0,4924878064,4924878207
4924878207,51.446436712,25.2969117261,1468252075.0,4924878163,4924878268
4924878268,51.4464730159,25.2968468246,1468252077.0,4924878207,4924878352
4924878352,51.4465225806,25.2967853049,1468252078.0,4924878268,4924878436
4924878436,51.4465659772,25.2967518597,1468252079.0,4924878352,4924879079
4924879079,51.446616947,25.296724362,1468252080.0,4924878436,4924879190
4924879190,51.4466900599,25.2966992177,1468252081.0,4924879079,4924879271
4924879271,51.4468670331,25.2966549829,1468252084.0,4924879190,4924879321
4924879321,51.4469470998,25.2966574237,1468252085.0,4924879271,4924879448
4924879448,51.4470361086,25.2966798014,1468252086.0,4924879321,4924879539
4924879539,51.4471185513,25.2967215714,1468252088.0,4924879448,4924879714
4924879714,51.4471526881,25.2967603018,1468252088.0,4924879539,4924879799
4924879799,51.4471862454,25.2968068979,1468252089.0,4924879714,4924879853
4924879853,51.4472091093,25.2968623818,1468252090.0,4924879799,4924879946
4924879946,51.4472165068,25.2969206713,1468252091.0,4924879853,4924880022
4924880022,51.4472131596,25.2969791831,1468252092.0,4924879946,4924880084
4924880084,51.4471886515,25.2970635186,1468252094.0,4924880022,4924880225
4924880225,51.4471133582,25.2972043435,1468252096.0,4924880084,4924880283
4924880283,51.4469931863,25.2974590615,1468252099.0,4924880225,4924880348
4924880348,51.4469772136,25.2976106528,1468252101.0,4924880283,4924880404
4924880404,51.4469962193,25.2977332236,1468252103.0,4924880348,4924880451
4924880451,51.4471187151,25.2982591847,1468252108.0,4924880404,4924880922
4924880922,51.447516593,25.2990937199,1468252116.0,4924880451,4924881238
4924881238,51.4479391696,25.2996310682,1468252120.0,4924880922,4924881801
4924881801,51.449136777,25.3007139885,1468252130.0,4924881238,4924882397
4924882397,51.450433365,25.3018094058,1468252140.0,4924881801,4924883172
4924883172,51.4517408192,25.3028269197,1468252150.0,4924882397,4924883754
4924883754,51.452938546,25.303629726,1468252160.0,4924883172,4924884301
4924884301,51.4535922722,25.3040309333,1468252170.0,4924883754,4924884637
4924884637,51.4538638941,25.3041682581,1468252176.0,4924884301,4924884807
4924884807,51.4538891042,25.3042068493,1468252177.0,4924884637,4924885011
4924885011,51.4539160647,25.3042594162,1468252178.0,4924884807,4924885077
4924885077,51.4539233109,25.3043145135,1468252178.0,4924885011,4924885117
4924885117,51.4539280608,25.3044415708,1468252180.0,4924885077,4924885353
4924885353,51.4539324111,25.3047782787,1468252185.0,4924885117,4924885418
4924885418,51.4539821695,25.3048941101,1468252186.0,4924885353,None
