4921941921,51.5020783,25.2670091,1468203210.0,None,4921960959
4921960959,51.5018315,25.2811086,1468203622.0,4921941921,4921961168
4921961168,51.5003458713,25.2810272005,1468203632.0,4921960959,4921961910
4921961910,51.499028199,25.2809473835,1468203642.0,4921961168,4921961967
4921961967,51.4987764652,25.2808957623,1468203645.0,4921961910,4921962273
4921962273,51.4982655073,25.2806928245,1468203653.0,4921961967,4921962505
4921962505,51.497903965,25.2805766941,1468203658.0,4921962273,4921963018
4921963018,51.4969319203,25.2804749755,1468203668.0,4921962505,4921963478
4921963478,51.4959678,25.2804496,1468203677.0,4921963018,4921963593
4921963593,51.4958411456,25.2804907164,1468203679.0,4921963478,4921963760
4921963760,51.4957083807,25.280545587,1468203683.0,4921963593,4921964252
4921964252,51.4955062675,25.2806621152,1468203692.0,4921963760,4921964380
4921964380,51.4954653207,25.2806766257,1468203694.0,4921964252,4921964436
4921964436,51.4954385346,25.2806765885,1468203695.0,4921964380,4921964966
4921964966,51.4954021619,25.2806742963,1468203705.0,4921964436,4921965494
4921965494,51.4954353,25.2806743,1468203715.0,4921964966,4921966069
4921966069,51.4954901622,25.2806737838,1468203725.0,4921965494,4921966597
4921966597,51.4955107613,25.280672292,1468203735.0,4921966069,4921967137
4921967137,51.4955391421,25.2806832496,1468203745.0,4921966597,4921967647
4921967647,51.4955712294,25.280684173,1468203755.0,4921967137,4921968236
4921968236,51.4956084669,25.2806692268,1468203765.0,4921967647,4921968781
4921968781,51.4956464352,25.2806602132,1468203775.0,4921968236,4921969271
4921969271,51.4956622965,25.2806602625,1468203785.0,4921968781,4921969796
4921969796,51.4957255757,25.2806672255,1468203795.0,4921969271,4921970229
4921970229,51.4957987468,25.2806780081,1468203805.0,4921969796,None
