4925040875,51.4926495,25.3020053,1468254595.0,None,4925040921
4925040921,51.492664,25.3020143,1468254596.0,4925040875,4925040994
4925040994,51.4926801,25.3020221,1468254597.0,4925040921,4925041028
4925041028,51.4927018,25.3020271,1468254598.0,4925040994,4925041115
4925041115,51.4927306,25.3020275,1468254598.0,4925041028,4925041151
4925041151,51.4927641,25.302021,1468254599.0,4925041115,4925041538
4925041538,51.4931736,25.3019016,1468254609.0,4925041151,4925042654
4925042654,51.4938636,25.30168,1468254619.0,4925041538,4925042861
4925042861,51.4948195,25.301318,1468254629.0,4925042654,4925043365
4925043365,51.495807616,25.3008980432,1468254639.0,4925042861,4925044047
4925044047,51.4966273,25.3004808,1468254649.0,4925043365,4925044535
4925044535,51.4971068,25.3001636,1468254656.0,4925044047,4925044599
4925044599,51.4971295,25.3001263,1468254656.0,4925044535,4925044678
4925044678,51.4971316,25.3001,1468254657.0,4925044599,4925044742
4925044742,51.4971301,25.3000776,1468254657.0,4925044678,4925044780
4925044780,51.4971238,25.3000348,1468254658.0,4925044742,4925044876
4925044876,51.4971283001,25.2999618009,1468254661.0,4925044780,4925045456
4925045456,51.4971525805,25.2997165989,1468254670.0,4925044876,4925045655
4925045655,51.4971516747,25.2996964988,1468254671.0,4925045456,4925045729
4925045729,51.4971451248,25.2996859996,1468254672.0,4925045655,4925045776
4925045776,51.4971391009,25.299681,1468254672.0,4925045729,4925045821
4925045821,51.497124,25.29967,1468254673.0,4925045776,4925045866
4925045866,51.497111071,25.2996655414,1468254674.0,4925045821,4925046135
4925046135,51.49708358,25.2996625245,1468254680.0,4925045866,4925046332
4925046332,51.4970604776,25.2996620325,1468254681.0,4925046135,4925046387
4925046387,51.4970288165,25.2996688201,1468254682.0,4925046332,4925046436
4925046436,51.4970121054,25.2996775464,1468254683.0,4925046387,4925046484
4925046484,51.4970030114,25.2996849561,1468254684.0,4925046436,4925046559
4925046559,51.4969985144,25.2996917717,1468254685.0,4925046484,4925046611
4925046611,51.4969918018,25.2997041002,1468254686.0,4925046559,4925046656
4925046656,51.4969914942,25.2997111119,1468254686.0,4925046611,4925046697
4925046697,51.4969920083,25.2997219858,1468254687.0,4925046656,4925046755
4925046755,51.4969935176,25.299727569,1468254687.0,4925046697,4925046800
4925046800,51.496995503,25.2997346003,1468254688.0,4925046755,4925047347
4925047347,51.4969745002,25.2997001001,1468254698.0,4925046800,4925047890
4925047890,51.497005601,25.2997304993,1468254706.0,4925047347,4925048935
4925048935,51.4970156642,25.2997341847,1468254707.0,4925047890,4925049027
4925049027,51.4970358508,25.2997374957,1468254708.0,4925048935,4925049161
4925049161,51.4970878289,25.2997542817,1468254718.0,4925049027,4925049383
4925049383,51.4971047374,25.2997584387,1468254728.0,4925049161,4925050058
4925050058,51.4971138819,25.2997505223,1468254738.0,4925049383,4925050668
4925050668,51.4971169396,25.2997438963,1468254748.0,4925050058,4925051381
4925051381,51.4971199312,25.2997383732,1468254758.0,4925050668,4925052114
4925052114,51.4971207058,25.2997359729,1468254768.0,4925051381,4925052836
4925052836,51.4971050304,25.2997383229,1468254778.0,4925052114,4925053525
4925053525,51.4970964819,25.2997437518,1468254788.0,4925052836,4925054223
4925054223,51.4970900855,25.2997463472,1468254798.0,4925053525,4925054891
4925054891,51.4970915296,25.2997475415,1468254808.0,4925054223,4925055564
4925055564,51.4970960292,25.2997498767,1468254818.0,4925054891,4925056174
4925056174,51.4971048105,25.2997477258,1468254828.0,4925055564,None
