4924793552,51.4937610069,25.2804018762,1468250784.0,None,4924794236
4924794236,51.4937678969,25.2803980063,1468250794.0,4924793552,4924794859
4924794859,51.4937580871,25.2803820449,1468250804.0,4924794236,4924795494
4924795494,51.493748088,25.2803696334,1468250814.0,4924794859,4924796169
4924796169,51.4937546038,25.2803774752,1468250824.0,4924795494,4924796757
4924796757,51.4937543067,25.2803805907,1468250834.0,4924796169,4924797414
4924797414,51.4937358,25.2803698007,1468250844.0,4924796757,4924798149
4924798149,51.4937373,25.2803656,1468250854.0,4924797414,4924798803
4924798803,51.4937510965,25.2803715055,1468250864.0,4924798149,4924802732
4924802732,51.4940768011,25.2804327988,1468250922.0,4924798803,4924802851
4924802851,51.4942025793,25.2804749211,1468250924.0,4924802732,4924802912
4924802912,51.4942852161,25.2805261876,1468250925.0,4924802851,4924802973
4924802973,51.4943570182,25.2805980834,1468250926.0,4924802912,4924803038
4924803038,51.4944270416,25.2807133577,1468250927.0,4924802973,4924803318
4924803318,51.4945952989,25.2811648292,1468250931.0,4924803038,4924803850
4924803850,51.4948906389,25.28250695,1468250940.0,4924803318,4924804578
4924804578,51.4952338349,25.2841925876,1468250950.0,4924803850,4924805214
4924805214,51.4955729161,25.285809529,1468250960.0,4924804578,4924805908
4924805908,51.4958928335,25.2872936465,1468250970.0,4924805214,4924807958
4924807958,51.4961678464,25.2886155504,1468250980.0,4924805908,4924808022
4924808022,51.4963814587,25.2896641472,1468250990.0,4924807958,4924808061
4924808061,51.4964806236,25.2901933857,1468251000.0,4924808022,4924808758
4924808758,51.4964760856,25.2901970045,1468251010.0,4924808061,4924809507
4924809507,51.4964675186,25.2902152435,1468251020.0,4924808758,4924810189
4924810189,51.4964653832,25.29022258,1468251030.0,4924809507,4924810932
4924810932,51.4964682349,25.2902535968,1468251040.0,4924810189,4924811592
4924811592,51.4964583831,25.2902728102,1468251050.0,4924810932,4924812186
4924812186,51.4964534269,25.2902867924,1468251060.0,4924811592,4924812850
4924812850,51.4964306552,25.2902960851,1468251070.0,4924812186,4924813514
4924813514,51.4964178471,25.290296889,1468251080.0,4924812850,4924814139
4924814139,51.4964128,25.2902831,1468251090.0,4924813514,4924814817
4924814817,51.4964068,25.290266,1468251100.0,4924814139,4924815423
4924815423,51.4964079509,25.2902564204,1468251110.0,4924814817,4924816071
4924816071,51.4964260314,25.290291946,1468251120.0,4924815423,4924816131
4924816131,51.4964352291,25.2903335345,1468251121.0,4924816071,4924816777
4924816777,51.4966238805,25.2909784089,1468251131.0,4924816131,4924817398
4924817398,51.4967841176,25.2916757269,1468251141.0,4924816777,4924834453
4924834453,51.4968224221,25.2917579828,1468251142.0,4924817398,4924834504
4924834504,51.4968636801,25.2918112052,1468251143.0,4924834453,4924834553
4924834553,51.4969054446,25.2918426264,1468251144.0,4924834504,4924834596
4924834596,51.4971177182,25.2920185885,1468251148.0,4924834553,4924834643
4924834643,51.4971357452,25.2920627293,1468251149.0,4924834596,4924834684
4924834684,51.4971513542,25.2921255814,1468251150.0,4924834643,4924834726
4924834726,51.4971482056,25.2921905387,1468251151.0,4924834684,4924834770
4924834770,51.4971326435,25.2922509704,1468251152.0,4924834726,4924834815
4924834815,51.4970987306,25.2923264025,1468251153.0,4924834770,4924834850
4924834850,51.4970037732,25.2925297648,1468251156.0,4924834815,4924834895
4924834895,51.496997462,25.2926324904,1468251157.0,4924834850,4924834933
4924834933,51.4970401958,25.2929480455,1468251161.0,4924834895,4924834975
4924834975,51.4972623061,25.2938760863,1468251170.0,4924834933,4924835017
4924835017,51.4977376543,25.2951029193,1468251180.0,4924834975,4924835063
4924835063,51.4984241691,25.2963136515,1468251190.0,4924835017,4924835099
4924835099,51.499279388,25.2973484708,1468251199.0,4924835063,4924835140
4924835140,51.5003029272,25.2982892119,1468251208.0,4924835099,4924835188
4924835188,51.5013107465,25.2989680026,1468251218.0,4924835140,4924835234
4924835234,51.5018364662,25.2992696157,1468251228.0,4924835188,4924835277
4924835277,51.5020587893,25.2993747021,1468251232.0,4924835234,4924835315
4924835315,51.5021581014,25.2993945651,1468251234.0,4924835277,4924835368
4924835368,51.5022493003,25.2993915029,1468251235.0,4924835315,4924835398
4924835398,51.5023400817,25.2993689281,1468251236.0,4924835368,4924835448
4924835448,51.5024042672,25.2993361983,1468251237.0,4924835398,None
