4922058572,51.4438186,25.2977,1468205560.0,None,4922059665
4922059665,51.4457618,25.2972113,1468205570.0,4922058572,4922059752
4922059752,51.4463584929,25.2970335016,1468205579.0,4922059665,4922059787
4922059787,51.4464005419,25.2970055367,1468205580.0,4922059752,4922060221
4922060221,51.4464411556,25.2969624454,1468205581.0,4922059787,4922060266
4922060266,51.4464724216,25.2969069861,1468205582.0,4922060221,4922060332
4922060332,51.4465336821,25.2968068442,1468205583.0,4922060266,4922060369
4922060369,51.4465854728,25.2967659616,1468205584.0,4922060332,4922060409
4922060409,51.4466464851,25.2967344731,1468205585.0,4922060369,4922060637
4922060637,51.4467796092,25.2966957146,1468205587.0,4922060409,4922060952
4922060952,51.4469221169,25.2966758897,1468205589.0,4922060637,4922061119
4922061119,51.4469854221,25.2966839183,1468205590.0,4922060952,4922061932
4922061932,51.4470454322,25.2967058254,1468205590.0,4922061119,4922061987
4922061987,51.4470973709,25.2967404392,1468205591.0,4922061932,4922062056
4922062056,51.4471409716,25.2967854122,1468205592.0,4922061987,4922062097
4922062097,51.4471771964,25.2968388902,1468205593.0,4922062056,4922062131
4922062131,51.4472015447,25.296901342,1468205593.0,4922062097,4922062178
4922062178,51.4472094061,25.296969444,1468205594.0,4922062131,4922062221
4922062221,51.4472007021,25.2970377145,1468205595.0,4922062178,4922062285
4922062285,51.4471665646,25.2971266154,1468205596.0,4922062221,4922062337
4922062337,51.4469498982,25.2975455174,1468205600.0,4922062285,4922062382
4922062382,51.4469437395,25.2976549998,1468205601.0,4922062337,4922062431
4922062431,51.4469976836,25.298008406,1468205604.0,4922062382,4922062477
4922062477,51.4472317058,25.2987416431,1468205609.0,4922062431,4922062513
4922062513,51.4475037833,25.2992130475,1468205612.0,4922062477,4922062543
4922062543,51.448017086,25.2997844619,1468205616.0,4922062513,4922062613
4922062613,51.4502288716,25.3016900288,1468205629.0,4922062543,4922062710
4922062710,51.4517359982,25.302855749,1468205639.0,4922062613,4922063541
4922063541,51.4530812118,25.3037657186,1468205649.0,4922062710,4922063736
4922063736,51.4535956607,25.3040802962,1468205655.0,4922063541,4922063863
4922063863,51.453760929,25.3041501806,1468205658.0,4922063736,4922063979
4922063979,51.453811333,25.3041927803,1468205659.0,4922063863,4922064935
4922064935,51.4538486951,25.3042429803,1468205660.0,4922063979,4922065040
4922065040,51.4538680356,25.3042872273,1468205660.0,4922064935,4922065099
4922065099,51.453880977,25.3043535184,1468205661.0,4922065040,4922065185
4922065185,51.453913758,25.3048525192,1468205667.0,4922065099,4922065287
4922065287,51.4544709582,25.306027906,1468205676.0,4922065185,4922066049
4922066049,51.4547055786,25.3070098039,1468205682.0,4922065287,4922066100
4922066100,51.454699987,25.3079039968,1468205686.0,4922066049,4922066135
4922066135,51.4545065485,25.3088142672,1468205691.0,4922066100,4922066257
4922066257,51.4541341067,25.3096420066,1468205696.0,4922066135,4922066321
4922066321,51.4534786551,25.3107910567,1468205705.0,4922066257,4922066666
4922066666,51.4527533492,25.3120175566,1468205715.0,4922066321,4922067172
4922067172,51.4520015,25.3131861,1468205725.0,4922066666,4922067899
4922067899,51.4513561,25.314497,1468205735.0,4922067172,4922068362
4922068362,51.4507058,25.31577,1468205745.0,4922067899,4922081676
4922081676,51.4504058,25.3165185,1468205751.0,4922068362,4922081712
4922081712,51.4501528,25.3172771,1468205757.0,4922081676,4922081740
4922081740,51.4498165,25.3178021,1468205762.0,4922081712,4922081773
4922081773,51.4493538,25.3184428,1468205771.0,4922081740,4922081810
4922081810,51.449351,25.3184763,1468205781.0,4922081773,4922081839
4922081839,51.4493443,25.3184775,1468205791.0,4922081810,4922081873
4922081873,51.4493216,25.3185278,1468205801.0,4922081839,4922081902
4922081902,51.44931,25.3186041,1468205803.0,4922081873,4922081934
4922081934,51.4493146,25.3186783,1468205805.0,4922081902,4922082345
4922082345,51.4493378,25.3187535,1468205806.0,4922081934,4922082393
4922082393,51.4494563,25.3190948,1468205810.0,4922082345,4922082441
4922082441,51.4495031,25.3194106,1468205814.0,4922082393,4922082474
4922082474,51.4495515,25.3194886,1468205815.0,4922082441,4922082606
4922082606,51.4496008,25.3195398,1468205815.0,4922082474,4922082661
4922082661,51.4496618,25.3195819998,1468205816.0,4922082606,4922082706
4922082706,51.4497536,25.3196225,1468205817.0,4922082661,4922082730
4922082730,51.4498608,25.319647,1468205818.0,4922082706,4922082758
4922082758,51.4503923,25.3196778,1468205822.0,4922082730,4922082814
4922082814,51.4520893,25.3197311,1468205831.0,4922082758,4922082901
4922082901,51.4554683,25.319876,1468205845.0,4922082814,4922082960
4922082960,51.4581378,25.3199271,1468205855.0,4922082901,4922082998
4922082998,51.460612,25.3200013,1468205865.0,4922082960,4922083040
4922083040,51.4630911,25.3200648,1468205875.0,4922082998,4922083081
4922083081,51.4655138,25.3201131,1468205885.0,4922083040,4922083129
4922083129,51.4678401103,25.3202073036,1468205895.0,4922083081,4922083185
4922083185,51.4701523012,25.3205650999,1468205905.0,4922083129,4922083221
4922083221,51.4724031,25.3211635,1468205915.0,4922083185,4922083274
4922083274,51.4747188,25.3217905,1468205925.0,4922083221,4922083308
4922083308,51.4769901,25.3223621,1468205935.0,4922083274,4922083357
4922083357,51.4792266,25.3226961,1468205945.0,4922083308,4922083400
4922083400,51.4813921,25.3227601,1468205955.0,4922083357,4922083492
4922083492,51.483844,25.3225335,1468205965.0,4922083400,4922083534
4922083534,51.4860106,25.3220993,1468205975.0,4922083492,4922083567
4922083567,51.4877634138,25.3214745741,1468205985.0,4922083534,4922083598
4922083598,51.489563213,25.3206879355,1468205995.0,4922083567,4922083657
4922083657,51.4913757023,25.3198966774,1468206005.0,4922083598,4922083716
4922083716,51.4932436963,25.3190795643,1468206015.0,4922083657,4922083765
4922083765,51.4949189975,25.3183496832,1468206025.0,4922083716,4922083816
4922083816,51.4952368578,25.318178595,1468206029.0,4922083765,4922083878
4922083878,51.4952984098,25.3181198046,1468206030.0,4922083816,4922083919
4922083919,51.4953426952,25.3180611139,1468206039.0,4922083878,4922083945
4922083945,51.4956566283,25.317652839,1468206049.0,4922083919,4922083979
4922083979,51.495786067,25.317502947,1468206051.0,4922083945,4922084032
4922084032,51.4958622873,25.3174522458,1468206052.0,4922083979,4922084064
4922084064,51.4959295003,25.3174250023,1468206053.0,4922084032,4922084107
4922084107,51.4960288029,25.3174060582,1468206054.0,4922084064,4922084148
4922084148,51.4962209981,25.3174036754,1468206056.0,4922084107,4922084175
4922084175,51.4968661,25.3174448,1468206061.0,4922084148,4922084209
4922084209,51.4970105,25.3174053,1468206063.0,4922084175,4922084678
4922084678,51.498337705,25.3168293651,1468206072.0,4922084209,4922085414
4922085414,51.5014833938,25.3154590583,1468206087.0,4922084678,None
