4921894974,51.4576667898,25.3021173559,1468202234.0,None,4921895021
4921895021,51.4576619967,25.302102936,1468202244.0,4921894974,4921895340
4921895340,51.4576550944,25.3020814698,1468202254.0,4921895021,4921895784
4921895784,51.4576505035,25.3020668036,1468202264.0,4921895340,4921896247
4921896247,51.4576525089,25.3020605324,1468202274.0,4921895784,4921896651
4921896651,51.4576580057,25.3020558241,1468202284.0,4921896247,4921899291
4921899291,51.4580289987,25.3020357999,1468202329.0,4921896651,4921899316
4921899316,51.4580443019,25.3020460007,1468202330.0,4921899291,4921899345
4921899345,51.4580469985,25.3020465186,1468202331.0,4921899316,4921899391
4921899391,51.4580450078,25.3020594204,1468202340.0,4921899345,4921899418
4921899418,51.4580850338,25.3020688143,1468202346.0,4921899391,4921899447
4921899447,51.4580991,25.3020626,1468202347.0,4921899418,4921899516
4921899516,51.4582791,25.3020146,1468202350.0,4921899447,4921899649
4921899649,51.4584038,25.3019596,1468202352.0,4921899516,4921900084
4921900084,51.459237,25.301586,1468202361.0,4921899649,4921900559
4921900559,51.4606,25.30095,1468202371.0,4921900084,4921901022
4921901022,51.462179,25.300242,1468202381.0,4921900559,4921901487
4921901487,51.4635353,25.2997163,1468202391.0,4921901022,4921901814
4921901814,51.4636521,25.2996233,1468202393.0,4921901487,4921901862
4921901862,51.463906,25.299403,1468202396.0,4921901814,4921901896
4921901896,51.4639718,25.2993806,1468202397.0,4921901862,4921901927
4921901927,51.4640415,25.2993731,1468202398.0,4921901896,4921901982
4921901982,51.4640891,25.2993775,1468202398.0,4921901927,4921902040
4921902040,51.4641566744,25.299399541,1468202399.0,4921901982,4921902130
4921902130,51.4641956197,25.2994230194,1468202400.0,4921902040,4921902183
4921902183,51.4642468436,25.2994695692,1468202400.0,4921902130,4921902233
4921902233,51.4642859607,25.2995286256,1468202401.0,4921902183,4921902280
4921902280,51.4643087725,25.2995963181,1468202402.0,4921902233,4921902336
4921902336,51.4643154448,25.2996682758,1468202403.0,4921902280,4921902644
4921902644,51.4645005,25.3007206,1468202412.0,4921902336,4921903320
4921903320,51.4646288,25.302126,1468202422.0,4921902644,4921903467
4921903467,51.4647486,25.3037031,1468202432.0,4921903320,4921903911
4921903911,51.4646431,25.3051306,1468202441.0,4921903467,4921904310
4921904310,51.4642403,25.3065258,1468202450.0,4921903911,4921904738
4921904738,51.4635086,25.3078888,1468202459.0,4921904310,4921905207
4921905207,51.4626556,25.3092175,1468202469.0,4921904738,4921905681
4921905681,51.4617796,25.3106003,1468202479.0,4921905207,4921906222
4921906222,51.4609873,25.3118066,1468202489.0,4921905681,4921906348
4921906348,51.4608993,25.311985,1468202492.0,4921906222,4921906410
4921906410,51.460883,25.3120655,1468202493.0,4921906348,4921906483
4921906483,51.4608854945,25.3121611164,1468202494.0,4921906410,4921906603
4921906603,51.4609162458,25.3122782513,1468202496.0,4921906483,4921906767
4921906767,51.460991292,25.3124505154,1468202499.0,4921906603,4921906844
4921906844,51.4610701504,25.312551204,1468202500.0,4921906767,4921906941
4921906941,51.4611283428,25.3126017182,1468202501.0,4921906844,4921907006
4921907006,51.461220464,25.3126546195,1468202503.0,4921906941,4921907041
4921907041,51.4613354819,25.3126956862,1468202504.0,4921907006,4921907541
4921907541,51.4625903012,25.3129595758,1468202513.0,4921907041,4921908103
4921908103,51.4642316001,25.3130806425,1468202523.0,4921907541,4921908628
4921908628,51.4658373,25.3130783786,1468202533.0,4921908103,4921909152
4921909152,51.4675596005,25.313118923,1468202543.0,4921908628,4921909565
4921909565,51.4692647999,25.3131018658,1468202553.0,4921909152,4921910029
4921910029,51.4707634904,25.3131686709,1468202563.0,4921909565,4921911005
4921911005,51.4737014982,25.3135858299,1468202583.0,4921910029,4921911456
4921911456,51.4753028013,25.3137115644,1468202593.0,4921911005,4921911947
4921911947,51.4769138032,25.3138490331,1468202603.0,4921911456,4921912424
4921912424,51.4782738032,25.3139649345,1468202613.0,4921911947,4921912609
4921912609,51.4785183005,25.3139740349,1468202618.0,4921912424,4921912688
4921912688,51.4786044968,25.3139554383,1468202619.0,4921912609,4921912773
4921912773,51.4787162915,25.3139327269,1468202621.0,4921912688,4921912825
4921912825,51.4787705183,25.313941475,1468202622.0,4921912773,4921912877
4921912877,51.4788465234,25.31396549,1468202623.0,4921912825,4921913027
4921913027,51.4790270147,25.3140189226,1468202625.0,4921912877,4921913437
4921913437,51.4800862954,25.3141030895,1468202634.0,4921913027,4921913900
4921913900,51.4816419946,25.3142291224,1468202644.0,4921913437,4921914406
4921914406,51.4832214945,25.3143556279,1468202654.0,4921913900,4921914692
4921914692,51.4839128011,25.3143951275,1468202661.0,4921914406,4921914894
4921914894,51.4841415992,25.3143768128,1468202664.0,4921914692,4921914948
4921914948,51.4842200944,25.3143968308,1468202665.0,4921914894,4921915069
4921915069,51.4844700957,25.3144593313,1468202668.0,4921914948,4921915513
4921915513,51.4855217936,25.3145381395,1468202677.0,4921915069,4921915923
4921915923,51.4866165978,25.3146112176,1468202687.0,4921915513,4921915998
4921915998,51.4867345273,25.3145854478,1468202688.0,4921915923,4921916691
4921916691,51.486990326,25.3145152731,1468202692.0,4921915998,4921916730
4921916730,51.4870749951,25.3145256476,1468202693.0,4921916691,4921916749
4921916749,51.4871349902,25.3145486327,1468202693.0,4921916730,4921916779
4921916779,51.4871844868,25.3145850249,1468202694.0,4921916749,4921916800
4921916800,51.4872240664,25.3146310409,1468202695.0,4921916779,4921916827
4921916827,51.4872435426,25.3146678363,1468202695.0,4921916800,4921916851
4921916851,51.4872554493,25.3147325058,1468202696.0,4921916827,4921916888
4921916888,51.4872537762,25.3147950896,1468202697.0,4921916851,4921916923
4921916923,51.487231,25.3148793,1468202698.0,4921916888,4921916954
4921916954,51.4871361004,25.3152881001,1468202702.0,4921916923,4921917098
4921917098,51.4870296011,25.3164561002,1468202711.0,4921916954,4921917617
4921917617,51.486905548,25.3178260909,1468202721.0,4921917098,4921918074
4921918074,51.486785674,25.3192236089,1468202731.0,4921917617,4921918543
4921918543,51.4866686227,25.3206700158,1468202741.0,4921918074,4921918926
4921918926,51.4866561268,25.3214977991,1468202749.0,4921918543,4921918971
4921918971,51.4866782701,25.3215645241,1468202750.0,4921918926,4921919007
4921919007,51.4867049687,25.3216091692,1468202751.0,4921918971,4921919059
4921919059,51.4867414731,25.3216415906,1468202751.0,4921919007,4921919085
4921919085,51.4867895946,25.3216689149,1468202752.0,4921919059,4921919115
4921919115,51.4868425172,25.3216854643,1468202753.0,4921919085,4921919148
4921919148,51.4868826348,25.3216875172,1468202753.0,4921919115,4921919197
4921919197,51.4869241407,25.3216847633,1468202754.0,4921919148,4921919298
4921919298,51.4870543512,25.3216540538,1468202755.0,4921919197,4921919669
4921919669,51.4880776602,25.3212757358,1468202764.0,4921919298,4921920145
4921920145,51.4895913711,25.320632066,1468202774.0,4921919669,4921920594
4921920594,51.4911891815,25.319917628,1468202784.0,4921920145,4921921093
4921921093,51.4927846763,25.3192148083,1468202794.0,4921920594,4921921560
4921921560,51.4943120731,25.3185425937,1468202804.0,4921921093,4921921890
4921921890,51.4951633823,25.3181495583,1468202812.0,4921921560,4921922059
4921922059,51.4952456925,25.3180909963,1468202814.0,4921921890,4921922477
4921922477,51.4958041412,25.3174687058,1468202823.0,4921922059,4921922531
4921922531,51.4958720147,25.3174385561,1468202824.0,4921922477,4921922566
4921922566,51.4959486002,25.3174210022,1468202825.0,4921922531,4921922591
4921922591,51.4961159999,25.317408974,1468202826.0,4921922566,4921922670
4921922670,51.4963835031,25.3174259251,1468202829.0,4921922591,4921922722
4921922722,51.4965016096,25.3174613995,1468202830.0,4921922670,4921922770
4921922770,51.496563011,25.3174978926,1468202831.0,4921922722,4921922815
4921922815,51.4966146058,25.3175444016,1468202831.0,4921922770,4921922841
4921922841,51.4966571009,25.3176027864,1468202832.0,4921922815,4921922861
4921922861,51.4966871,25.3176689997,1468202833.0,4921922841,4921922898
4921922898,51.4966970012,25.3177335031,1468202834.0,4921922861,4921922948
4921922948,51.4966935143,25.3178010327,1468202834.0,4921922898,None
