4924626973,51.4973658008,25.289776811,1468248429.0,None,4924627605
4924627605,51.4973015263,25.2897756679,1468248440.0,4924626973,4924628333
4924628333,51.4973104981,25.2898019868,1468248450.0,4924627605,4924629277
4924629277,51.4972371019,25.2898361337,1468248459.0,4924628333,4924629772
4924629772,51.4971025048,25.2898828513,1468248467.0,4924629277,4924630464
4924630464,51.4969588039,25.289909135,1468248477.0,4924629772,4924631448
4924631448,51.4967515934,25.2899481837,1468248487.0,4924630464,4924632220
4924632220,51.4966525177,25.2899814327,1468248496.0,4924631448,4924632607
4924632607,51.496556577,25.2900353807,1468248502.0,4924632220,4924633010
4924633010,51.4965152503,25.2900906119,1468248508.0,4924632607,4924633153
4924633153,51.4964919275,25.29013228,1468248511.0,4924633010,4924633381
4924633381,51.4964843429,25.2901556806,1468248512.0,4924633153,4924633642
4924633642,51.4964793802,25.2901988147,1468248515.0,4924633381,4924633782
4924633782,51.4964810312,25.2902422064,1468248517.0,4924633642,4924634387
4924634387,51.4964840703,25.2903216598,1468248526.0,4924633782,4924634999
4924634999,51.4964913537,25.2903611337,1468248536.0,4924634387,4924635762
4924635762,51.4964919092,25.2903515968,1468248546.0,4924634999,4924636432
4924636432,51.4965126924,25.290361744,1468248556.0,4924635762,4924637241
4924637241,51.496497031,25.2903704739,1468248565.0,4924636432,4924637795
4924637795,51.4964968107,25.2903661214,1468248576.0,4924637241,4924638493
4924638493,51.4964934342,25.290365516,1468248585.0,4924637795,4924639289
4924639289,51.4964828479,25.2903739787,1468248595.0,4924638493,4924640089
4924640089,51.4964584553,25.290397044,1468248606.0,4924639289,4924640792
4924640792,51.4964644434,25.2904128274,1468248616.0,4924640089,4924641321
4924641321,51.4964879453,25.2904795151,1468248623.0,4924640792,4924641937
4924641937,51.4965492789,25.2908948532,1468248632.0,4924641321,4924642860
4924642860,51.4965532319,25.2909980317,1468248642.0,4924641937,4924643485
4924643485,51.4965336984,25.2910144419,1468248652.0,4924642860,4924644126
4924644126,51.4965429457,25.2910510105,1468248662.0,4924643485,4924644984
4924644984,51.4965692166,25.2910698167,1468248672.0,4924644126,4924645644
4924645644,51.4965854437,25.291074413,1468248682.0,4924644984,4924646276
4924646276,51.4965941265,25.2910800398,1468248692.0,4924645644,4924647125
4924647125,51.4965943107,25.2910772852,1468248702.0,4924646276,4924647751
4924647751,51.4965634786,25.291090851,1468248712.0,4924647125,4924648398
4924648398,51.4965466249,25.2911021819,1468248722.0,4924647751,4924649234
4924649234,51.4965623812,25.2911025145,1468248732.0,4924648398,4924649922
4924649922,51.4965763731,25.2911013904,1468248742.0,4924649234,4924650588
4924650588,51.4965665212,25.2911125476,1468248752.0,4924649922,4924656627
4924656627,51.496719772,25.2917170069,1468248818.0,4924650588,4924656697
4924656697,51.4967530817,25.2917775287,1468248819.0,4924656627,4924656733
4924656733,51.4967958357,25.2918269434,1468248820.0,4924656697,4924656756
4924656756,51.4969005017,25.2919130718,1468248823.0,4924656733,4924656800
4924656800,51.4969822981,25.2919856609,1468248825.0,4924656756,4924656861
4924656861,51.497027445,25.2920577484,1468248827.0,4924656800,4924656914
4924656914,51.4970541056,25.2921228578,1468248828.0,4924656861,4924656983
4924656983,51.4970610955,25.2921760231,1468248829.0,4924656914,4924657040
4924657040,51.4970590678,25.2922301639,1468248830.0,4924656983,4924657099
4924657099,51.4970397323,25.2922965115,1468248831.0,4924657040,4924657137
4924657137,51.4970064139,25.29236443,1468248833.0,4924657099,4924657177
4924657177,51.4969611983,25.2924206007,1468248834.0,4924657137,4924657216
4924657216,51.4969047073,25.2924624276,1468248835.0,4924657177,4924657405
4924657405,51.4968394676,25.292491449,1468248836.0,4924657216,4924657460
4924657460,51.4967843279,25.2925051563,1468248836.0,4924657405,4924657503
4924657503,51.4967046771,25.2925114771,1468248837.0,4924657460,4924657546
4924657546,51.4965963237,25.2924923801,1468248839.0,4924657503,4924657614
4924657614,51.4962205607,25.2924294746,1468248842.0,4924657546,4924657650
4924657650,51.495824133,25.2924923178,1468248846.0,4924657614,4924657770
4924657770,51.4951822831,25.2926413539,1468248852.0,4924657650,4924657819
4924657819,51.4951420848,25.29266983,1468248852.0,4924657770,4924657850
4924657850,51.4951255073,25.2926931274,1468248853.0,4924657819,4924657913
4924657913,51.4951178335,25.2927155192,1468248853.0,4924657850,4924657965
4924657965,51.4951131549,25.292746516,1468248854.0,4924657913,4924658013
4924658013,51.4951150455,25.292781634,1468248855.0,4924657965,4924658527
4924658527,51.4952146366,25.2934547896,1468248864.0,4924658013,4924659307
4924659307,51.4953003391,25.2941005914,1468248874.0,4924658527,4924659914
4924659914,51.4953210129,25.2942382972,1468248884.0,4924659307,4924660600
4924660600,51.4953470083,25.2944500982,1468248894.0,4924659914,4924661270
4924661270,51.4953637953,25.294573501,1468248904.0,4924660600,4924661925
4924661925,51.4953890924,25.2947816016,1468248914.0,4924661270,4924662791
4924662791,51.4953951182,25.2948685961,1468248924.0,4924661925,4924663345
4924663345,51.4953715975,25.2949329782,1468248934.0,4924662791,4924663424
4924663424,51.4953425368,25.2949624914,1468248934.0,4924663345,4924663480
4924663480,51.4952961026,25.2949917994,1468248935.0,4924663424,4924663556
4924663556,51.4952063,25.2950266,1468248936.0,4924663480,4924664349
4924664349,51.494137,25.2953195,1468248945.0,4924663556,4924664798
4924664798,51.4936225,25.295476,1468248952.0,4924664349,4924664922
4924664922,51.4936111,25.2954891,1468248953.0,4924664798,4924665114
4924665114,51.4936028,25.2955088,1468248953.0,4924664922,4924665231
4924665231,51.4936015,25.2955248,1468248954.0,4924665114,4924665339
4924665339,51.4936041,25.295542,1468248954.0,4924665231,4924665402
4924665402,51.4936136,25.2955763,1468248955.0,4924665339,4924665596
4924665596,51.4937178,25.2959593,1468248964.0,4924665402,4924665704
4924665704,51.4937345,25.296031,1468248966.0,4924665596,4924666362
4924666362,51.4937721,25.296154,1468248975.0,4924665704,4924667027
4924667027,51.4937711,25.2961561,1468248985.0,4924666362,4924667696
4924667696,51.493772,25.2961578,1468248995.0,4924667027,4924668475
4924668475,51.4937749766,25.2961607715,1468249005.0,4924667696,4924668583
4924668583,51.4937625,25.2962023,1468249009.0,4924668475,4924668654
4924668654,51.493757,25.2962068,1468249009.0,4924668583,4924668710
4924668710,51.4937421,25.2962171,1468249010.0,4924668654,4924668790
4924668790,51.493718,25.2962285,1468249010.0,4924668710,4924668847
4924668847,51.4936661,25.296241,1468249011.0,4924668790,4924669037
4924669037,51.4932251,25.2963475,1468249016.0,4924668847,4924669107
4924669107,51.4932055,25.2963686,1468249016.0,4924669037,4924669153
4924669153,51.4931988,25.296383,1468249017.0,4924669107,4924669220
4924669220,51.4931945,25.2963976,1468249017.0,4924669153,4924669273
4924669273,51.4931893,25.29643,1468249017.0,4924669220,4924669341
4924669341,51.4931863,25.2965038,1468249018.0,4924669273,None
