4922930220,51.4451184424,25.2953987788,1468219374.0,None,4922930752
4922930752,51.446436668,25.2963561336,1468219384.0,4922930220,4922931396
4922931396,51.4468146659,25.2965911742,1468219391.0,4922930752,4922931942
4922931942,51.446900163,25.2966130585,1468219392.0,4922931396,4922931997
4922931997,51.4470749465,25.2966704204,1468219394.0,4922931942,4922932252
4922932252,51.4471305805,25.2967088563,1468219395.0,4922931997,4922933119
4922933119,51.4471772641,25.2967552225,1468219396.0,4922932252,4922933184
4922933184,51.4472097075,25.296812394,1468219397.0,4922933119,4922933228
4922933228,51.4472281159,25.2968741924,1468219397.0,4922933184,4922933261
4922933261,51.4472324999,25.296937528,1468219398.0,4922933228,4922933297
4922933297,51.4472222535,25.2970011206,1468219399.0,4922933261,4922933328
4922933328,51.4471875567,25.2970861533,1468219400.0,4922933297,4922933360
4922933360,51.4470051222,25.2975436364,1468219405.0,4922933328,4922933413
4922933413,51.4470067644,25.2976878495,1468219406.0,4922933360,4922933452
4922933452,51.4470967832,25.2981795202,1468219410.0,4922933413,4922933496
4922933496,51.4473002641,25.2987390026,1468219414.0,4922933452,4922933547
4922933547,51.4476591128,25.2993306562,1468219419.0,4922933496,4922933584
4922933584,51.4480935042,25.2997813342,1468219423.0,4922933547,4922934003
4922934003,51.4491832198,25.3007392745,1468219432.0,4922933584,4922934705
4922934705,51.4503602064,25.3017405261,1468219442.0,4922934003,4922935389
4922935389,51.4516826922,25.3027665487,1468219452.0,4922934705,4922936048
4922936048,51.4530034223,25.3036383124,1468219462.0,4922935389,4922936733
4922936733,51.4536577222,25.304043691,1468219472.0,4922936048,4922936947
4922936947,51.4538462887,25.3041430692,1468219475.0,4922936733,4922937057
4922937057,51.4538818583,25.3041819294,1468219475.0,4922936947,4922937118
4922937118,51.4539062103,25.3042272773,1468219476.0,4922937057,4922937174
4922937174,51.4539256702,25.3042971466,1468219477.0,4922937118,4922937216
4922937216,51.4539312994,25.3043955186,1468219478.0,4922937174,4922937571
4922937571,51.453954058,25.3047900706,1468219483.0,4922937216,4922937658
4922937658,51.4539984616,25.3048952251,1468219484.0,4922937571,4922938360
4922938360,51.454431706,25.305750879,1468219494.0,4922937658,4922938745
4922938745,51.4546443678,25.3064543518,1468219500.0,4922938360,4922939327
4922939327,51.4547533283,25.3075032912,1468219508.0,4922938745,4922939794
4922939794,51.4546203376,25.3084624344,1468219515.0,4922939327,4922940776
4922940776,51.4543254643,25.309299489,1468219521.0,4922939794,4922940828
4922940828,51.4536450384,25.3105269371,1468219531.0,4922940776,4922941604
4922941604,51.4529417024,25.3117459965,1468219541.0,4922940828,4922942293
4922942293,51.4522334517,25.3128464443,1468219551.0,4922941604,4922942456
4922942456,51.4521633897,25.3129934729,1468219553.0,4922942293,4922942512
4922942512,51.4521599218,25.3130407099,1468219554.0,4922942456,4922942575
4922942575,51.45216979,25.3130704884,1468219555.0,4922942512,4922942646
4922942646,51.4521820126,25.3130856148,1468219555.0,4922942575,4922942710
4922942710,51.452196611,25.3130988129,1468219556.0,4922942646,4922942763
4922942763,51.452214506,25.3131098071,1468219556.0,4922942710,4922942825
4922942825,51.4522343025,25.3131178029,1468219557.0,4922942763,4922942880
4922942880,51.4522725003,25.3131260003,1468219558.0,4922942825,4922942913
4922942913,51.4523606,25.313136,1468219559.0,4922942880,4922943525
4922943525,51.4531785,25.3132705,1468219569.0,4922942913,4922944148
4922944148,51.4542035,25.3134005,1468219579.0,4922943525,4922944804
4922944804,51.4548325,25.3134533,1468219589.0,4922944148,4922945439
4922945439,51.4557461,25.3134863,1468219599.0,4922944804,4922946012
4922946012,51.4568398,25.3134916,1468219609.0,4922945439,4922946636
4922946636,51.4575185,25.3134081,1468219619.0,4922946012,4922947168
4922947168,51.458097,25.3132563,1468219626.0,4922946636,4922947755
4922947755,51.4591365,25.3128931,1468219636.0,4922947168,4922948402
4922948402,51.459918,25.3126726,1468219646.0,4922947755,4922948590
4922948590,51.460031,25.3126025,1468219648.0,4922948402,4922948983
4922948983,51.4604403,25.3122416,1468219654.0,4922948590,4922949047
4922949047,51.4605268,25.3122178,1468219655.0,4922948983,4922949097
4922949097,51.4606151,25.3122131,1468219656.0,4922949047,4922949151
4922949151,51.4606831,25.3122235,1468219656.0,4922949097,4922949185
4922949185,51.4607483,25.3122478,1468219657.0,4922949151,4922949214
4922949214,51.460807328,25.3122850798,1468219658.0,4922949185,4922949256
4922949256,51.4608623,25.3123341,1468219659.0,4922949214,4922949560
4922949560,51.4612160201,25.3126635388,1468219663.0,4922949256,4922949662
4922949662,51.4613463168,25.3127148985,1468219664.0,4922949560,4922950231
4922950231,51.4624443102,25.3129429144,1468219671.0,4922949662,4922951075
4922951075,51.4640850044,25.3130868948,1468219680.0,4922950231,4922951377
4922951377,51.4658835025,25.3130909274,1468219690.0,4922951075,4922952014
4922952014,51.4676785008,25.3131078629,1468219700.0,4922951377,4922952749
4922952749,51.469385301,25.3131125656,1468219710.0,4922952014,4922954875
4922954875,51.4739115035,25.3136137281,1468219739.0,4922952749,4922955572
4922955572,51.4755007974,25.313719159,1468219749.0,4922954875,4922956466
4922956466,51.4770427973,25.3138493675,1468219759.0,4922955572,4922957285
4922957285,51.4783762994,25.313963335,1468219769.0,4922956466,4922957488
4922957488,51.4785356059,25.3139638402,1468219772.0,4922957285,4922957770
4922957770,51.4785945079,25.3139478604,1468219775.0,4922957488,4922958055
4922958055,51.4787422964,25.3139151289,1468219778.0,4922957770,4922958147
4922958147,51.4787890879,25.3139237375,1468219779.0,4922958055,4922958214
4922958214,51.4788384828,25.3139437128,1468219780.0,4922958147,4922958388
4922958388,51.4790779999,25.3140225034,1468219782.0,4922958214,4922959050
4922959050,51.4804533058,25.314151983,1468219792.0,4922958388,4922959821
4922959821,51.4821750061,25.3142928727,1468219802.0,4922959050,4922960575
4922960575,51.4837101068,25.3144159202,1468219812.0,4922959821,4922960990
4922960990,51.4839451014,25.314416159,1468219817.0,4922960575,4922961078
4922961078,51.4840024976,25.3143989307,1468219818.0,4922960990,4922961192
4922961192,51.4841136011,25.3143753237,1468219820.0,4922961078,4922961258
4922961258,51.4841573,25.3143808,1468219820.0,4922961192,4922961396
4922961396,51.4842265063,25.3144040654,1468219821.0,4922961258,4922961500
4922961500,51.4845181053,25.3144762169,1468219824.0,4922961396,4922962270
4922962270,51.4860895078,25.3146098149,1468219833.0,4922961500,4922962623
4922962623,51.4866182901,25.3146304831,1468219838.0,4922962270,4922963690
4922963690,51.4867179847,25.3146159462,1468219847.0,4922962623,4922963761
4922963761,51.4870611027,25.3145295647,1468219853.0,4922963690,4922963831
4922963831,51.4871186034,25.3145449842,1468219854.0,4922963761,4922963878
4922963878,51.487166303,25.3145730928,1468219855.0,4922963831,4922963947
4922963947,51.4871933103,25.3145995842,1468219855.0,4922963878,4922964020
4922964020,51.4872240301,25.3146452653,1468219856.0,4922963947,4922964077
4922964077,51.4872440327,25.3147000871,1468219857.0,4922964020,4922964124
4922964124,51.487252312,25.3147810004,1468219858.0,4922964077,4922964188
4922964188,51.4872375883,25.3148625942,1468219859.0,4922964124,4922964249
4922964249,51.4872005705,25.3149566267,1468219860.0,4922964188,4922964287
4922964287,51.4871514211,25.3151200472,1468219862.0,4922964249,4922964874
4922964874,51.4870450933,25.3162977989,1468219871.0,4922964287,4922965573
4922965573,51.4868860598,25.3179415074,1468219881.0,4922964874,4922966216
4922966216,51.4867719019,25.3195972841,1468219891.0,4922965573,4922966929
4922966929,51.486654544,25.3211396009,1468219901.0,4922966216,4922967162
4922967162,51.4866610453,25.3215407697,1468219905.0,4922966929,4922967261
4922967261,51.4866946504,25.3216142443,1468219906.0,4922967162,4922967300
4922967300,51.4867218436,25.3216439197,1468219906.0,4922967261,4922967408
4922967408,51.4867548387,25.3216682256,1468219907.0,4922967300,4922967452
4922967452,51.4867906257,25.3216820856,1468219907.0,4922967408,4922967522
4922967522,51.4868563379,25.3216971861,1468219908.0,4922967452,4922967583
4922967583,51.4869295399,25.321696433,1468219909.0,4922967522,4922967628
4922967628,51.4869801369,25.3216837469,1468219909.0,4922967583,4922967731
4922967731,51.4874120192,25.3215446948,1468219913.0,4922967628,4922968375
4922968375,51.4888796093,25.3209570323,1468219922.0,4922967731,4922969047
4922969047,51.4905138173,25.3202381707,1468219932.0,4922968375,4922969703
4922969703,51.4921093332,25.3195262319,1468219942.0,4922969047,4922970309
4922970309,51.4936611309,25.3188459196,1468219952.0,4922969703,4922971009
4922971009,51.4950233338,25.3182390763,1468219962.0,4922970309,4922971056
4922971056,51.4951876466,25.3181436568,1468219964.0,4922971009,4922971105
4922971105,51.4952421996,25.31808822,1468219965.0,4922971056,None
