4924903352,51.4915503,25.2966665,1468252449.0,None,4924903947
4924903947,51.49085,25.2967996,1468252459.0,4924903352,4924904566
4924904566,51.4900843,25.2969435,1468252469.0,4924903947,4924905298
4924905298,51.4892743,25.2970896,1468252479.0,4924904566,4924905448
4924905448,51.4891371,25.29713,1468252481.0,4924905298,4924905517
4924905517,51.4891058,25.2971535,1468252482.0,4924905448,4924905571
4924905571,51.4890903,25.2971725,1468252482.0,4924905517,4924905633
4924905633,51.4890726,25.2972038,1468252483.0,4924905571,4924905703
4924905703,51.4890656,25.2972368,1468252484.0,4924905633,4924905847
4924905847,51.4890486,25.2974106,1468252487.0,4924905703,4924906526
4924906526,51.4890196,25.2980046,1468252496.0,4924905847,4924907109
4924907109,51.4890045,25.299018,1468252506.0,4924906526,4924909021
4924909021,51.4890393,25.3004243,1468252516.0,4924907109,4924909155
4924909155,51.4890458,25.3016446,1468252526.0,4924909021,4924909257
4924909257,51.48907,25.3018653,1468252529.0,4924909155,4924909380
4924909380,51.4892131,25.3022161,1468252534.0,4924909257,4924909448
4924909448,51.4892535,25.3022611,1468252535.0,4924909380,4924909850
4924909850,51.4892925,25.3022873,1468252536.0,4924909448,4924910060
4924910060,51.4893335,25.3023028,1468252537.0,4924909850,4924910141
4924910141,51.4893758,25.3023095,1468252537.0,4924910060,4924910189
4924910189,51.4894146,25.3023095,1468252538.0,4924910141,4924910249
4924910249,51.4894982868,25.3022994096,1468252540.0,4924910189,4924910298
4924910298,51.4895054966,25.3022911964,1468252546.0,4924910249,4924910565
4924910565,51.4894687917,25.3022830128,1468252553.0,4924910298,4924911489
4924911489,51.4894955469,25.3022784871,1468252555.0,4924910565,4924911557
4924911557,51.4895178,25.3022745,1468252557.0,4924911489,4924911616
4924911616,51.4894831195,25.3022722809,1468252566.0,4924911557,4924912189
4924912189,51.4895286,25.302261,1468252574.0,4924911616,4924912752
4924912752,51.489532,25.3022555,1468252584.0,4924912189,4924913367
4924913367,51.4895336,25.3022546,1468252594.0,4924912752,4924914166
4924914166,51.4895563,25.302276,1468252604.0,4924913367,4924914420
4924914420,51.4895875,25.3022811,1468252605.0,4924914166,4924914566
4924914566,51.489741,25.3022963,1468252610.0,4924914420,4924914770
4924914770,51.489763,25.30231,1468252611.0,4924914566,4924914799
4924914799,51.4897828,25.3023293,1468252611.0,4924914770,4924914838
4924914838,51.4898036,25.3023596,1468252612.0,4924914799,4924914870
4924914870,51.4898146,25.3023931,1468252613.0,4924914838,4924914945
4924914945,51.4898191,25.3024278,1468252614.0,4924914870,4924914993
4924914993,51.4898168,25.3024691,1468252616.0,4924914945,4924915358
4924915358,51.4898278,25.3026381,1468252622.0,4924914993,4924915615
4924915615,51.4898363,25.3027375,1468252626.0,4924915358,4924915751
4924915751,51.4898411,25.3027841,1468252628.0,4924915615,4924915802
4924915802,51.4898503,25.3027995,1468252628.0,4924915751,4924915928
4924915928,51.489855,25.3028043,1468252629.0,4924915802,4924916428
4924916428,51.4898761,25.3028171,1468252635.0,4924915928,4924916631
4924916631,51.4899,25.3028256,1468252636.0,4924916428,4924916682
4924916682,51.4899115,25.3028255,1468252637.0,4924916631,4924916744
4924916744,51.4899283,25.3028246,1468252637.0,4924916682,4924916782
4924916782,51.489964,25.3028161,1468252639.0,4924916744,4924917306
4924917306,51.4901116,25.3027926,1468252649.0,4924916782,4924917947
4924917947,51.490321048,25.3027661667,1468252659.0,4924917306,4924918536
4924918536,51.490423799,25.3027736064,1468252664.0,4924917947,4924918608
4924918608,51.4904368002,25.3027796299,1468252665.0,4924918536,4924918679
4924918679,51.4904430922,25.3027846532,1468252666.0,4924918608,4924918754
4924918754,51.4904519927,25.3027938776,1468252666.0,4924918679,4924918795
4924918795,51.4904581,25.302809,1468252667.0,4924918754,4924918852
4924918852,51.4904578,25.3028163,1468252668.0,4924918795,4924919109
4924919109,51.4904551109,25.3027940876,1468252673.0,4924918852,4924919174
4924919174,51.4904615,25.3027816,1468252674.0,4924919109,4924919670
4924919670,51.4904429759,25.3027752045,1468252682.0,4924919174,4924919744
4924919744,51.4904353056,25.3027745755,1468252682.0,4924919670,4924919793
4924919793,51.4904240011,25.3027725936,1468252683.0,4924919744,4924919844
4924919844,51.4904165008,25.302769478,1468252684.0,4924919793,4924919912
4924919912,51.4904101014,25.3027655585,1468252684.0,4924919844,4924919969
4924919969,51.4904051018,25.3027615416,1468252685.0,4924919912,4924920031
4924920031,51.4903965017,25.3027520131,1468252685.0,4924919969,4924920076
4924920076,51.4903906002,25.3027379045,1468252686.0,4924920031,4924920185
4924920185,51.4903547996,25.3026309624,1468252690.0,4924920076,4924920348
4924920348,51.4903441002,25.3026229504,1468252690.0,4924920185,4924920499
4924920499,51.490327501,25.3026164568,1468252691.0,4924920348,4924920582
4924920582,51.4903161,25.3026155,1468252692.0,4924920499,4924920631
4924920631,51.4903073,25.302615,1468252693.0,4924920582,4924920755
4924920755,51.4902730944,25.3026240541,1468252695.0,4924920631,4924920860
4924920860,51.4902407934,25.3026322474,1468252697.0,4924920755,4924920912
4924920912,51.4902214938,25.3026327509,1468252698.0,4924920860,4924921182
4924921182,51.4901129983,25.3026295725,1468252703.0,4924920912,4924921329
4924921329,51.490101,25.3026363,1468252704.0,4924921182,4924921379
4924921379,51.4900933,25.3026433,1468252704.0,4924921329,4924921428
4924921428,51.4900872944,25.30265076,1468252705.0,4924921379,4924921452
4924921452,51.490083094,25.3026584572,1468252705.0,4924921428,4924921501
4924921501,51.4900804975,25.3026650821,1468252706.0,4924921452,4924921530
4924921530,51.4900821052,25.302669837,1468252706.0,4924921501,4924921985
4924921985,51.490088608,25.3026868583,1468252716.0,4924921530,None
