4923522292,51.4588478,25.2929636,1468229059.0,None,4923522519
4923522519,51.4588941,25.2929746,1468229064.0,4923522292,4923522568
4923522568,51.4589046,25.2929866,1468229065.0,4923522519,4923522612
4923522612,51.4589186,25.2930093,1468229066.0,4923522568,4923522644
4923522644,51.4589221,25.2930288,1468229066.0,4923522612,4923522661
4923522661,51.4589233,25.2930621,1468229067.0,4923522644,4923523071
4923523071,51.4589145,25.2938721,1468229076.0,4923522661,4923523476
4923523476,51.458906,25.2949816,1468229086.0,4923523071,4923523518
4923523518,51.4589293,25.2950428,1468229087.0,4923523476,4923523572
4923523572,51.4589615,25.2950850995,1468229088.0,4923523518,4923523642
4923523642,51.458984,25.2951024983,1468229089.0,4923523572,4923523693
4923523693,51.4590113,25.2951175957,1468229090.0,4923523642,4923523719
4923523719,51.4590425,25.2951224943,1468229090.0,4923523693,4923524236
4923524236,51.4600915,25.2951653,1468229100.0,4923523719,4923524633
4923524633,51.4619315,25.2951006,1468229110.0,4923524236,4923524765
4923524765,51.4625761,25.2949466,1468229113.0,4923524633,4923525245
4923525245,51.464307,25.294383,1468229123.0,4923524765,4923525497
4923525497,51.4650238,25.2942096,1468229128.0,4923525245,4923525974
4923525974,51.4657445019,25.2941890366,1468229137.0,4923525497,4923526420
4923526420,51.4657434896,25.2941890974,1468229147.0,4923525974,4923526920
4923526920,51.4657427922,25.2941918889,1468229157.0,4923526420,4923527389
4923527389,51.4657410917,25.2941949069,1468229167.0,4923526920,4923527823
4923527823,51.4657400015,25.2941982936,1468229177.0,4923527389,4923528354
4923528354,51.4657418006,25.294201403,1468229187.0,4923527823,4923528840
4923528840,51.4657442816,25.2942032683,1468229197.0,4923528354,4923529313
4923529313,51.4657410806,25.2942020583,1468229207.0,4923528840,4923529778
4923529778,51.4657400806,25.2942027526,1468229217.0,4923529313,4923530338
4923530338,51.4657395866,25.2942011732,1468229227.0,4923529778,4923530835
4923530835,51.4657370851,25.294197285,1468229237.0,4923530338,4923531344
4923531344,51.4657340994,25.2941949638,1468229247.0,4923530835,4923531896
4923531896,51.4657895991,25.2941938014,1468229257.0,4923531344,4923531944
4923531944,51.4658183,25.2941991,1468229258.0,4923531896,4923531988
4923531988,51.4658340964,25.2942080082,1468229258.0,4923531944,4923532017
4923532017,51.4658439965,25.294219808,1468229259.0,4923531988,4923532076
4923532076,51.4658459978,25.2942273049,1468229259.0,4923532017,4923532123
4923532123,51.4658459992,25.2942355018,1468229259.0,4923532076,4923532179
4923532179,51.4658430999,25.2942451001,1468229259.0,4923532123,4923532233
4923532233,51.4658385001,25.2942539997,1468229260.0,4923532179,4923532345
4923532345,51.4658320001,25.2942620997,1468229260.0,4923532233,4923532400
4923532400,51.4658230001,25.2942687998,1468229260.0,4923532345,4923532456
4923532456,51.465812,25.2942744999,1468229260.0,4923532400,4923532507
4923532507,51.4657918,25.2942803,1468229261.0,4923532456,4923532565
4923532565,51.4657655912,25.2942816944,1468229261.0,4923532507,4923532631
4923532631,51.4657141228,25.2942782156,1468229262.0,4923532565,4923532684
4923532684,51.4650265,25.2942898,1468229269.0,4923532631,4923532732
4923532732,51.4644728171,25.2944114294,1468229273.0,4923532684,4923533181
4923533181,51.4630709981,25.2948797896,1468229282.0,4923532732,4923533712
4923533712,51.4616802992,25.295262037,1468229290.0,4923533181,4923534013
4923534013,51.4599426,25.2953043,1468229299.0,4923533712,4923534508
4923534508,51.4578856,25.2953408,1468229309.0,4923534013,4923534994
4923534994,51.4557971,25.2954468,1468229319.0,4923534508,4923535464
4923535464,51.4537235,25.2956485,1468229329.0,4923534994,4923536042
4923536042,51.451625,25.2959588,1468229339.0,4923535464,4923536532
4923536532,51.4495261,25.2963818,1468229349.0,4923536042,4923537385
4923537385,51.4477378,25.2968406,1468229359.0,4923536532,4923537676
4923537676,51.4473927986,25.2969497994,1468229362.0,4923537385,4923537719
4923537719,51.4473040785,25.2970059973,1468229365.0,4923537676,4923537822
4923537822,51.4472794114,25.2970221089,1468229374.0,4923537719,4923538009
4923538009,51.4471035647,25.2972277249,1468229379.0,4923537822,4923538062
4923538062,51.4470183117,25.297275369,1468229380.0,4923538009,4923538151
4923538151,51.4468959928,25.2973113983,1468229381.0,4923538062,4923538193
4923538193,51.4467542753,25.2973298111,1468229383.0,4923538151,4923538243
4923538243,51.4466361678,25.2973184865,1468229384.0,4923538193,4923538421
4923538421,51.4461880656,25.2972278985,1468229387.0,4923538243,4923538517
4923538517,51.4459856154,25.2972570468,1468229389.0,4923538421,4923538985
4923538985,51.444531,25.2976133,1468229398.0,4923538517,None
