4921989465,51.485067,25.2927615,1468204171.0,None,4921989508
4921989508,51.4850456211,25.2927753444,1468204172.0,4921989465,4921989936
4921989936,51.4850662858,25.2927724548,1468204181.0,4921989508,4921990413
4921990413,51.4850341,25.2928038,1468204191.0,4921989936,4921990908
4921990908,51.484917,25.2928765,1468204201.0,4921990413,4921991351
4921991351,51.4847521,25.2929816,1468204211.0,4921990908,4921991877
4921991877,51.4845906,25.2930765,1468204221.0,4921991351,4921992164
4921992164,51.4845285,25.2931171,1468204227.0,4921991877,4921992618
4921992618,51.4844991,25.2931941,1468204236.0,4921992164,4921993156
4921993156,51.484485,25.2932103,1468204246.0,4921992618,4921993640
4921993640,51.4844626,25.2932213,1468204256.0,4921993156,4921994143
4921994143,51.4844557999,25.2932142996,1468204266.0,4921993640,4921994690
4921994690,51.4844106756,25.2931637696,1468204276.0,4921994143,4921995164
4921995164,51.4843324613,25.2931068402,1468204285.0,4921994690,4921995221
4921995221,51.4843290941,25.293093977,1468204286.0,4921995164,4921995281
4921995281,51.4843238384,25.293071621,1468204287.0,4921995221,4921995826
4921995826,51.4843520587,25.2930542149,1468204297.0,4921995281,4921996318
4921996318,51.4843972964,25.2929945376,1468204307.0,4921995826,4921996791
4921996791,51.4843459459,25.2930313987,1468204317.0,4921996318,4921997287
4921997287,51.4842876,25.2930573,1468204327.0,4921996791,4921997742
4921997742,51.4843060176,25.2930623659,1468204337.0,4921997287,4921998229
4921998229,51.4843398242,25.2930739116,1468204347.0,4921997742,4921998635
4921998635,51.4844514342,25.2931174792,1468204357.0,4921998229,4921999101
4921999101,51.4844143245,25.2930802355,1468204367.0,4921998635,4921999618
4921999618,51.4844561133,25.293052624,1468204377.0,4921999101,4922000126
4922000126,51.4844739749,25.2930281617,1468204387.0,4921999618,4922000633
4922000633,51.4844622561,25.2929963379,1468204397.0,4922000126,4922001099
4922001099,51.4844535905,25.2929896644,1468204407.0,4922000633,4922001654
4922001654,51.484468089,25.292990381,1468204417.0,4922001099,4922002176
4922002176,51.4844756,25.292995,1468204427.0,4922001654,None
