4924798551,51.452330582,25.3199250324,1468250857.0,None,4924799033
4924799033,51.4511919952,25.3198960307,1468250867.0,4924798551,4924799622
4924799622,51.4509964953,25.3198902303,1468250875.0,4924799033,4924799821
4924799821,51.4508725953,25.3198648207,1468250879.0,4924799622,4924800499
4924800499,51.450210993,25.3198427145,1468250888.0,4924799821,4924801112
4924801112,51.4497488,25.3198271,1468250898.0,4924800499,4924801302
4924801302,51.4496063,25.3198391,1468250900.0,4924801112,4924801366
4924801366,51.4495398,25.3198596,1468250902.0,4924801302,4924801545
4924801545,51.4494351,25.319914,1468250904.0,4924801366,4924801623
4924801623,51.449373,25.3199661,1468250906.0,4924801545,4924801732
4924801732,51.449325,25.3200268,1468250907.0,4924801623,4924801997
4924801997,51.4491386,25.320282,1468250911.0,4924801732,4924802157
4924802157,51.4489946,25.320388,1468250913.0,4924801997,4924802252
4924802252,51.4488418,25.320458,1468250914.0,4924802157,4924802320
4924802320,51.4486737351,25.3204962849,1468250916.0,4924802252,4924802423
4924802423,51.4485023092,25.3205014253,1468250917.0,4924802320,4924802633
4924802633,51.4481345318,25.3204470711,1468250920.0,4924802423,4924802748
4924802748,51.4479530319,25.3203888801,1468250922.0,4924802633,4924802926
4924802926,51.4478135352,25.320311989,1468250925.0,4924802748,4924803152
4924803152,51.4477231351,25.3202452081,1468250928.0,4924802926,4924803681
4924803681,51.4476205892,25.3201233174,1468250935.0,4924803152,4924803880
4924803880,51.4474533138,25.3198607907,1468250940.0,4924803681,4924804014
4924804014,51.4474250796,25.319768614,1468250942.0,4924803880,4924804153
4924804153,51.4474149968,25.3196210247,1468250943.0,4924804014,4924804282
4924804282,51.4474442911,25.3194316402,1468250945.0,4924804153,4924804379
4924804379,51.4475106388,25.3192629199,1468250947.0,4924804282,4924804481
4924804481,51.4475809358,25.3191513944,1468250948.0,4924804379,4924804587
4924804587,51.4476882664,25.3190394339,1468250950.0,4924804481,4924805119
4924805119,51.4482430574,25.3185719771,1468250958.0,4924804587,4924805589
4924805589,51.4483859763,25.3185019542,1468250960.0,4924805119,4924805640
4924805640,51.4485350873,25.3184619583,1468250962.0,4924805589,4924805716
4924805716,51.4486988137,25.3184484368,1468250964.0,4924805640,4924805947
4924805947,51.4490362956,25.3184490869,1468250970.0,4924805716,4924806073
4924806073,51.449118476,25.3184189426,1468250972.0,4924805947,4924806226
4924806226,51.4491827711,25.3183805637,1468250973.0,4924806073,4924806312
4924806312,51.4492519393,25.318318518,1468250974.0,4924806226,4924806958
4924806958,51.4498710138,25.3175431405,1468250984.0,4924806312,4924807229
4924807229,51.4501278091,25.3170713082,1468250988.0,4924806958,4924807890
4924807890,51.4505302792,25.3158864397,1468250998.0,4924807229,4924808661
4924808661,51.4512588672,25.3144643787,1468251008.0,4924807890,4924809043
4924809043,51.4516291886,25.3137620121,1468251013.0,4924808661,4924809416
4924809416,51.451919674,25.3130733719,1468251019.0,4924809043,4924810052
4924810052,51.4525672869,25.3120579776,1468251028.0,4924809416,4924810797
4924810797,51.4532545514,25.3109074605,1468251038.0,4924810052,4924811279
4924811279,51.4536024144,25.3101693943,1468251045.0,4924810797,4924812270
4924812270,51.4536198724,25.3100778551,1468251046.0,4924811279,4924812340
4924812340,51.4536144059,25.3100336002,1468251047.0,4924812270,4924812381
4924812381,51.4535981164,25.3099960159,1468251048.0,4924812340,4924812437
4924812437,51.4535824966,25.3099752967,1468251048.0,4924812381,4924812519
4924812519,51.4535545987,25.3099492987,1468251049.0,4924812437,4924812567
4924812567,51.4535329996,25.3099382995,1468251049.0,4924812519,4924812625
4924812625,51.4535105999,25.3099310999,1468251050.0,4924812567,4924812664
4924812664,51.4534743,25.3099253,1468251051.0,4924812625,4924812709
4924812709,51.4534223,25.3099253,1468251052.0,4924812664,4924812757
4924812757,51.4533945,25.3099358,1468251052.0,4924812709,4924812807
4924812807,51.4533573,25.309957,1468251053.0,4924812757,4924812900
4924812900,51.4533215,25.3099876,1468251054.0,4924812807,4924812959
4924812959,51.4529486,25.3103931,1468251063.0,4924812900,4924813073
4924813073,51.4524211,25.3109778,1468251073.0,4924812959,4924813737
4924813737,51.4520496,25.3116546,1468251083.0,4924813073,4924814370
4924814370,51.4518995,25.3118808,1468251093.0,4924813737,4924814981
4924814981,51.4518723035,25.311923987,1468251103.0,4924814370,4924815614
4924815614,51.451870103,25.3119295047,1468251113.0,4924814981,4924816672
4924816672,51.4518707957,25.3119299968,1468251123.0,4924815614,4924816899
4924816899,51.451765,25.3120971,1468251133.0,4924816672,4924817519
4924817519,51.4515606,25.3124326,1468251143.0,4924816899,4924818532
4924818532,51.4513446,25.3127915,1468251153.0,4924817519,4924818780
4924818780,51.4511206,25.3131576,1468251163.0,4924818532,4924819751
4924819751,51.4508788,25.3135261,1468251173.0,4924818780,4924820047
4924820047,51.4506736,25.3138166,1468251183.0,4924819751,4924820217
4924820217,51.4506216,25.3139061,1468251186.0,4924820047,4924820289
4924820289,51.4506158,25.3139485,1468251187.0,4924820217,4924820482
4924820482,51.4505965,25.3140333,1468251189.0,4924820289,4924821120
4924821120,51.4504038,25.314365,1468251199.0,4924820482,4924821740
4924821740,51.4502366,25.3147463,1468251209.0,4924821120,4924822346
4924822346,51.4499851,25.3151741,1468251219.0,4924821740,4924822958
4924822958,51.4497211,25.315605,1468251229.0,4924822346,4924823594
4924823594,51.4495158,25.3161056,1468251239.0,4924822958,4924824181
4924824181,51.4493695,25.3165206,1468251249.0,4924823594,4924824865
4924824865,51.449276,25.3167771,1468251259.0,4924824181,4924825214
4924825214,51.4492191,25.3169488,1468251265.0,4924824865,4924825647
4924825647,51.4491366,25.317157,1468251272.0,4924825214,4924826014
4924826014,51.4490758,25.3173716,1468251278.0,4924825647,4924826637
4924826637,51.4489495,25.3176575,1468251288.0,4924826014,4924826821
4924826821,51.4489215,25.3177043,1468251289.0,4924826637,4924827325
4924827325,51.4486911,25.3179916,1468251299.0,4924826821,4924827675
4924827675,51.4485722995,25.318163798,1468251305.0,4924827325,4924827917
4924827917,51.448543,25.3181824992,1468251306.0,4924827675,4924828101
4924828101,51.4485191,25.3181905999,1468251306.0,4924827917,4924828175
4924828175,51.4484930998,25.318194599,1468251307.0,4924828101,4924828267
4924828267,51.4484754999,25.3181927993,1468251308.0,4924828175,4924828309
4924828309,51.4484605,25.3181857997,1468251308.0,4924828267,4924828355
4924828355,51.4484395,25.3181732999,1468251309.0,4924828309,4924828381
4924828381,51.4484285,25.3181615,1468251309.0,4924828355,4924828424
4924828424,51.4484198,25.3181485,1468251310.0,4924828381,4924828462
4924828462,51.4484058,25.3181223,1468251311.0,4924828424,4924828512
4924828512,51.4484046,25.3181065,1468251312.0,4924828462,4924828551
4924828551,51.4484071,25.3180951,1468251312.0,4924828512,4924828597
4924828597,51.4484146,25.3180763,1468251313.0,4924828551,4924828626
4924828626,51.4484396,25.3180296,1468251315.0,4924828597,4924828708
4924828708,51.4484828,25.3179385,1468251321.0,4924828626,4924829233
4924829233,51.448496,25.3179226,1468251331.0,4924828708,4924830193
4924830193,51.4484984972,25.3179284957,1468251341.0,4924829233,4924830527
4924830527,51.448504,25.3179356,1468251351.0,4924830193,4924831264
4924831264,51.4485083,25.3179391,1468251361.0,4924830527,4924831902
4924831902,51.4485100014,25.3179405126,1468251371.0,4924831264,4924832575
4924832575,51.4485105033,25.3179425092,1468251381.0,4924831902,4924833555
4924833555,51.44851,25.3179438,1468251391.0,4924832575,4924833801
4924833801,51.4485150779,25.3179426317,1468251401.0,4924833555,4924834430
4924834430,51.4485136081,25.3179440945,1468251411.0,4924833801,4924835037
4924835037,51.4485090066,25.3179475215,1468251421.0,4924834430,4924835867
4924835867,51.4485104947,25.3179500875,1468251431.0,4924835037,4924836427
4924836427,51.4485041017,25.317955005,1468251441.0,4924835867,None
