4921894974,51.4576667699,25.3021174699,1468202234.0,None,4921895021
4921895021,51.4576619719,25.3021028498,1468202244.0,4921894974,4921895340
4921895340,51.4576550831,25.3020814086,1468202254.0,4921895021,4921895784
4921895784,51.4576505106,25.3020668112,1468202264.0,4921895340,4921896247
4921896247,51.4576525277,25.3020606004,1468202274.0,4921895784,4921896651
4921896651,51.457658018,25.3020558753,1468202284.0,4921896247,4921899291
4921899291,51.4580289959,25.3020357997,1468202329.0,4921896651,4921899316
4921899316,51.4580443057,25.3020460021,1468202330.0,4921899291,4921899345
4921899345,51.4580469955,25.3020465566,1468202331.0,4921899316,4921899391
4921899391,51.4580450242,25.3020592602,1468202340.0,4921899345,4921899418
4921899418,51.4580851024,25.3020688433,1468202346.0,4921899391,4921899447
4921899447,51.4580991,25.3020626,1468202347.0,4921899418,4921899516
4921899516,51.4582791,25.3020146,1468202350.0,4921899447,4921899649
4921899649,51.4584038,25.3019596,1468202352.0,4921899516,4921900084
4921900084,51.459237,25.301586,1468202361.0,4921899649,4921900559
4921900559,51.4606,25.30095,1468202371.0,4921900084,4921901022
4921901022,51.462179,25.300242,1468202381.0,4921900559,4921901487
4921901487,51.4635353,25.2997163,1468202391.0,4921901022,4921901814
4921901814,51.4636521,25.2996233,1468202393.0,4921901487,4921901862
4921901862,51.463906,25.299403,1468202396.0,4921901814,4921901896
4921901896,51.4639718,25.2993806,1468202397.0,4921901862,4921901927
4921901927,51.4640415,25.2993731,1468202398.0,4921901896,4921901982
4921901982,51.4640891,25.2993775,1468202398.0,4921901927,4921902040
4921902040,51.4641568258,25.2993994212,1468202399.0,4921901982,4921902130
4921902130,51.4641958623,25.2994228568,1468202400.0,4921902040,4921902183
4921902183,51.46424693,25.2994695084,1468202400.0,4921902130,4921902233
4921902233,51.4642858801,25.2995286783,1468202401.0,4921902183,4921902280
4921902280,51.4643087157,25.2995963555,1468202402.0,4921902233,4921902336
4921902336,51.4643157329,25.2996682274,1468202403.0,4921902280,4921902644
4921902644,51.4645005,25.3007206,1468202412.0,4921902336,4921903320
4921903320,51.4646288,25.302126,1468202422.0,4921902644,4921903467
4921903467,51.4647486,25.3037031,1468202432.0,4921903320,4921903911
4921903911,51.4646431,25.3051306,1468202441.0,4921903467,4921904310
4921904310,51.4642403,25.3065258,1468202450.0,4921903911,4921904738
4921904738,51.4635086,25.3078888,1468202459.0,4921904310,4921905207
4921905207,51.4626556,25.3092175,1468202469.0,4921904738,4921905681
4921905681,51.4617796,25.3106003,1468202479.0,4921905207,4921906222
4921906222,51.4609873,25.3118066,1468202489.0,4921905681,4921906348
4921906348,51.4608993,25.311985,1468202492.0,4921906222,4921906410
4921906410,51.460883,25.3120655,1468202493.0,4921906348,4921906483
4921906483,51.4608854834,25.3121611497,1468202494.0,4921906410,4921906603
4921906603,51.4609161355,25.3122785594,1468202496.0,4921906483,4921906767
4921906767,51.460991276,25.3124505461,1468202499.0,4921906603,4921906844
4921906844,51.4610702521,25.31255101,1468202500.0,4921906767,4921906941
4921906941,51.4611284294,25.3126015527,1468202501.0,4921906844,4921907006
4921907006,51.4612203928,25.3126548559,1468202503.0,4921906941,4921907041
4921907041,51.4613354457,25.3126958579,1468202504.0,4921907006,4921907541
4921907541,51.4625903038,25.3129595256,1468202513.0,4921907041,4921908103
4921908103,51.4642316003,25.3130807261,1468202523.0,4921907541,4921908628
4921908628,51.4658372998,25.3130785355,1468202533.0,4921908103,4921909152
4921909152,51.4675596014,25.3131187692,1468202543.0,4921908628,4921909565
4921909565,51.4692647998,25.3131019976,1468202553.0,4921909152,4921910029
4921910029,51.4707634709,25.3131690197,1468202563.0,4921909565,4921911005
4921911005,51.4737014945,25.3135858887,1468202583.0,4921910029,4921911456
4921911456,51.475302804,25.3137114937,1468202593.0,4921911005,4921911947
4921911947,51.4769138096,25.3138488998,1468202603.0,4921911456,4921912424
4921912424,51.4782738095,25.3139648034,1468202613.0,4921911947,4921912609
4921912609,51.4785183015,25.3139739046,1468202618.0,4921912424,4921912688
4921912688,51.4786044904,25.3139553153,1468202619.0,4921912609,4921912773
4921912773,51.4787162748,25.313932582,1468202621.0,4921912688,4921912825
4921912825,51.4787705548,25.3139412254,1468202622.0,4921912773,4921912877
4921912877,51.4788465703,25.3139652704,1468202623.0,4921912825,4921913027
4921913027,51.4790270441,25.3140187671,1468202625.0,4921912877,4921913437
4921913437,51.4800862862,25.3141032683,1468202634.0,4921913027,4921913900
4921913900,51.4816419837,25.3142293669,1468202644.0,4921913437,4921914406
4921914406,51.4832214835,25.3143558828,1468202654.0,4921913900,4921914692
4921914692,51.4839128031,25.314395382,1468202661.0,4921914406,4921914894
4921914894,51.4841415975,25.3143768387,1468202664.0,4921914692,4921914948
4921914948,51.4842200833,25.3143968921,1468202665.0,4921914894,4921915069
4921915069,51.4844700873,25.3144593928,1468202668.0,4921914948,4921915513
4921915513,51.485521781,25.3145384183,1468202677.0,4921915069,4921915923
4921915923,51.4866165934,25.3146114526,1468202687.0,4921915513,4921915998
4921915998,51.4867345821,25.3145857437,1468202688.0,4921915923,4921916691
4921916691,51.4869903782,25.3145156217,1468202692.0,4921915998,4921916730
4921916730,51.4870749853,25.3145257427,1468202693.0,4921916691,4921916749
4921916749,51.4871349705,25.3145486983,1468202693.0,4921916730,4921916779
4921916779,51.4871844603,25.3145850749,1468202694.0,4921916749,4921916800
4921916800,51.4872239992,25.3146311226,1468202695.0,4921916779,4921916827
4921916827,51.4872434275,25.3146679089,1468202695.0,4921916800,4921916851
4921916851,51.4872553476,25.3147325173,1468202696.0,4921916827,4921916888
4921916888,51.4872537284,25.3147950687,1468202697.0,4921916851,4921916923
4921916923,51.4872310002,25.3148793001,1468202698.0,4921916888,4921916954
4921916954,51.4871361033,25.3152881005,1468202702.0,4921916923,4921917098
4921917098,51.4870296034,25.3164561006,1468202711.0,4921916954,4921917617
4921917617,51.4869054445,25.3178260728,1468202721.0,4921917098,4921918074
4921918074,51.486785822,25.3192236266,1468202731.0,4921917617,4921918543
4921918543,51.4866688702,25.3206700476,1468202741.0,4921918074,4921918926
4921918926,51.4866561815,25.3214977973,1468202749.0,4921918543,4921918971
4921918971,51.4866782109,25.3215645718,1468202750.0,4921918926,4921919007
4921919007,51.4867049062,25.3216093071,1468202751.0,4921918971,4921919059
4921919059,51.4867414195,25.3216417717,1468202751.0,4921919007,4921919085
4921919085,51.486789584,25.3216691467,1468202752.0,4921919059,4921919115
4921919115,51.4868425528,25.3216857987,1468202753.0,4921919085,4921919148
4921919148,51.4868827059,25.3216879595,1468202753.0,4921919115,4921919197
4921919197,51.4869242238,25.321685299,1468202754.0,4921919148,4921919298
4921919298,51.4870544553,25.3216545689,1468202755.0,4921919197,4921919669
4921919669,51.4880777814,25.3212762109,1468202764.0,4921919298,4921920145
4921920145,51.4895915133,25.3206325971,1468202774.0,4921919669,4921920594
4921920594,51.4911893456,25.3199182893,1468202784.0,4921920145,4921921093
4921921093,51.4927848306,25.3192154314,1468202794.0,4921920594,4921921560
4921921560,51.4943122211,25.3185431885,1468202804.0,4921921093,4921921890
4921921890,51.4951635488,25.3181500815,1468202812.0,4921921560,4921922059
4921922059,51.4952458801,25.3180913959,1468202814.0,4921921890,4921922477
4921922477,51.495804224,25.3174689179,1468202823.0,4921922059,4921922531
4921922531,51.495872044,25.3174386682,1468202824.0,4921922477,4921922566
4921922566,51.4959486007,25.3174210068,1468202825.0,4921922531,4921922591
4921922591,51.4961159998,25.3174089231,1468202826.0,4921922566,4921922670
4921922670,51.4963835094,25.3174257753,1468202829.0,4921922591,4921922722
4921922722,51.4965016288,25.3174609945,1468202830.0,4921922670,4921922770
4921922770,51.4965630334,25.3174974709,1468202831.0,4921922722,4921922815
4921922815,51.4966146177,25.3175442012,1468202831.0,4921922770,4921922841
4921922841,51.4966571027,25.3176027588,1468202832.0,4921922815,4921922861
4921922861,51.4966871001,25.317668999,1468202833.0,4921922841,4921922898
4921922898,51.4966970037,25.3177335093,1468202834.0,4921922861,4921922948
4921922948,51.4966935434,25.3178010992,1468202834.0,4921922898,None
