4921343614,51.4576129148,25.3022361572,1468187886.0,None,4921343654
4921343654,51.4576104625,25.3022381651,1468187896.0,4921343614,4921343705
4921343705,51.4576066363,25.3022362064,1468187906.0,4921343654,4921344001
4921344001,51.4576060374,25.3022356812,1468187916.0,4921343705,4921344439
4921344439,51.4576079884,25.3022330842,1468187926.0,4921344001,4921344899
4921344899,51.4576044078,25.3022276381,1468187936.0,4921344439,4921345639
4921345639,51.4576051544,25.3022258709,1468187946.0,4921344899,4921345830
4921345830,51.4576088662,25.302226947,1468187956.0,4921345639,4921346256
4921346256,51.4576107007,25.3022290382,1468187966.0,4921345830,4921346704
4921346704,51.4576112353,25.3022317332,1468187976.0,4921346256,None
