4924251858,51.4992739088,25.2994533889,1468242952.0,None,4924252127
4924252127,51.499244409,25.2994718615,1468242956.0,4924251858,4924252187
4924252187,51.4992364285,25.2994854082,1468242957.0,4924252127,4924252429
4924252429,51.4991740466,25.2995480306,1468242960.0,4924252187,4924252488
4924252488,51.4991519396,25.2995530504,1468242961.0,4924252429,4924252561
4924252561,51.4991340154,25.2995504136,1468242961.0,4924252488,4924252657
4924252657,51.4991046934,25.2995404555,1468242962.0,4924252561,4924252712
4924252712,51.4990882436,25.2995260871,1468242963.0,4924252657,4924252767
4924252767,51.4990724631,25.2995087628,1468242963.0,4924252712,4924252816
4924252816,51.4990321789,25.299460044,1468242964.0,4924252767,4924253356
4924253356,51.4988036,25.299164,1468242973.0,4924252816,4924253461
4924253461,51.4987965687,25.299148406,1468242975.0,4924253356,4924253696
4924253696,51.4987966769,25.2990982467,1468242978.0,4924253461,4924253765
4924253765,51.4988043922,25.299085208,1468242979.0,4924253696,4924253847
4924253847,51.4988217992,25.2990647329,1468242979.0,4924253765,4924253886
4924253886,51.4988474059,25.2990442545,1468242980.0,4924253847,4924253966
4924253966,51.4989306521,25.2989863048,1468242982.0,4924253886,4924254455
4924254455,51.4991163943,25.2988611799,1468242989.0,4924253966,4924255080
4924255080,51.499119855,25.2988945709,1468242998.0,4924254455,4924255754
4924255754,51.4991523937,25.2989215193,1468243008.0,4924255080,4924256411
4924256411,51.4991718439,25.2989060985,1468243018.0,4924255754,4924257044
4924257044,51.4991806593,25.2988870763,1468243028.0,4924256411,4924257725
4924257725,51.4991730554,25.2988717597,1468243038.0,4924257044,4924258428
4924258428,51.499178818,25.2988653522,1468243048.0,4924257725,4924259086
4924259086,51.4991898343,25.2988654138,1468243058.0,4924258428,4924259770
4924259770,51.4992060253,25.2988666632,1468243068.0,4924259086,4924260526
4924260526,51.4992204148,25.2988848278,1468243078.0,4924259770,4924261123
4924261123,51.4992277095,25.2988902093,1468243088.0,4924260526,4924261805
4924261805,51.4992464399,25.2989024042,1468243098.0,4924261123,4924262498
4924262498,51.499255436,25.2989022912,1468243108.0,4924261805,4924263542
4924263542,51.4997536528,25.2984859925,1468243125.0,4924262498,4924263622
4924263622,51.4997552013,25.2984442369,1468243126.0,4924263542,4924263702
4924263702,51.4997513579,25.2984206797,1468243127.0,4924263622,4924263761
4924263761,51.4997437423,25.298396268,1468243127.0,4924263702,4924263958
4924263958,51.4997257628,25.2983546445,1468243128.0,4924263761,4924264042
4924264042,51.4996926805,25.2983214515,1468243129.0,4924263958,4924264070
4924264070,51.4996477122,25.2982855961,1468243129.0,4924264042,4924265091
4924265091,51.4988641406,25.2975056178,1468243138.0,4924264070,4924265159
4924265159,51.4981613239,25.2964309126,1468243148.0,4924265091,4924266000
4924266000,51.49730802,25.2948529868,1468243158.0,4924265159,4924266266
4924266266,51.496885131,25.2936441625,1468243168.0,4924266000,4924266875
4924266875,51.4968206287,25.2934464148,1468243178.0,4924266266,4924267583
4924267583,51.4968084276,25.293449572,1468243188.0,4924266875,4924268232
4924268232,51.4968021629,25.2934539448,1468243198.0,4924267583,4924268972
4924268972,51.4968016831,25.2934581546,1468243208.0,4924268232,4924269638
4924269638,51.4968088507,25.2934602849,1468243218.0,4924268972,4924270266
4924270266,51.4968165469,25.293462312,1468243228.0,4924269638,4924270934
4924270934,51.4967882224,25.2933388909,1468243238.0,4924270266,4924271669
4924271669,51.496723025,25.2930354847,1468243248.0,4924270934,4924272408
4924272408,51.4967047163,25.2929408391,1468243258.0,4924271669,4924273142
4924273142,51.4967024225,25.2929368337,1468243268.0,4924272408,4924273774
4924273774,51.4966931367,25.2928765768,1468243278.0,4924273142,4924274475
4924274475,51.4966971776,25.2928730366,1468243288.0,4924273774,4924275109
4924275109,51.4966893752,25.2928801362,1468243298.0,4924274475,4924275771
4924275771,51.4966918856,25.2928781016,1468243308.0,4924275109,4924276385
4924276385,51.4966916764,25.2928770919,1468243318.0,4924275771,4924277003
4924277003,51.496696369,25.2928732989,1468243328.0,4924276385,4924277741
4924277741,51.496701533,25.2928676918,1468243338.0,4924277003,4924278340
4924278340,51.4966773868,25.2927803456,1468243348.0,4924277741,4924278494
4924278494,51.4966431995,25.2926605606,1468243351.0,4924278340,4924278617
4924278617,51.496599757,25.2925864267,1468243353.0,4924278494,4924278690
4924278690,51.4965617446,25.2925490751,1468243354.0,4924278617,4924279031
4924279031,51.4963864054,25.2923864442,1468243358.0,4924278690,4924279141
4924279141,51.4963441411,25.29229309,1468243360.0,4924279031,4924279216
4924279216,51.4963384937,25.2922375848,1468243360.0,4924279141,4924279409
4924279409,51.4963448193,25.2921813472,1468243361.0,4924279216,4924296656
4924296656,51.4963767085,25.2920914589,1468243362.0,4924279409,4924296706
4924296706,51.4964385368,25.2919019322,1468243365.0,4924296656,4924296767
4924296767,51.4964329367,25.2917488132,1468243366.0,4924296706,4924296862
4924296862,51.496173515,25.2902905162,1468243375.0,4924296767,4924296945
4924296945,51.4958010214,25.2884508844,1468243385.0,4924296862,4924297022
4924297022,51.4954400953,25.2866464643,1468243395.0,4924296945,4924297086
4924297086,51.4950764403,25.2846694558,1468243405.0,4924297022,4924297128
4924297128,51.4947012006,25.2828302286,1468243415.0,4924297086,4924297191
4924297191,51.4943573088,25.2812659927,1468243425.0,4924297128,4924297231
4924297231,51.4942606408,25.2809744943,1468243435.0,4924297191,4924297278
4924297278,51.4942783734,25.2809646214,1468243445.0,4924297231,4924297401
4924297401,51.4942765018,25.2809675311,1468243455.0,4924297278,4924297449
4924297449,51.4942740073,25.2809766462,1468243465.0,4924297401,4924297520
4924297520,51.4942751113,25.2809796647,1468243475.0,4924297449,4924297607
4924297607,51.4942879409,25.2809686176,1468243485.0,4924297520,4924297659
4924297659,51.4942736657,25.2809843811,1468243495.0,4924297607,4924297713
4924297713,51.494042499,25.2804340152,1468243505.0,4924297659,4924297800
4924297800,51.4933118,25.2791968,1468243515.0,4924297713,4924297842
4924297842,51.4923273,25.2780786,1468243524.0,4924297800,4924297873
4924297873,51.4909996,25.276962,1468243533.0,4924297842,4924297923
4924297923,51.4898768,25.2761523,1468243543.0,4924297873,None
