4925563742,51.5001624074,25.2897327322,1468263135.0,None,4925564221
4925564221,51.5001513839,25.2896107506,1468263143.0,4925563742,4925564406
4925564406,51.5001375636,25.2895834668,1468263145.0,4925564221,4925564475
4925564475,51.5001273523,25.2895755173,1468263146.0,4925564406,4925564527
4925564527,51.5001190886,25.2895721139,1468263146.0,4925564475,4925564568
4925564568,51.5000915277,25.2895625772,1468263148.0,4925564527,4925564614
4925564614,51.5000742425,25.2895605717,1468263148.0,4925564568,4925564643
4925564643,51.5000597926,25.2895606793,1468263149.0,4925564614,4925564688
4925564688,51.5000454963,25.2895625964,1468263150.0,4925564643,4925564757
4925564757,51.5000264481,25.289566854,1468263151.0,4925564688,4925564903
4925564903,51.4999853642,25.2895906823,1468263153.0,4925564757,4925564965
4925564965,51.4999763867,25.2896043962,1468263153.0,4925564903,4925565005
4925565005,51.4999692597,25.2896185041,1468263154.0,4925564965,4925565349
4925565349,51.4999068181,25.2897373582,1468263160.0,4925565005,4925565410
4925565410,51.4998926891,25.2897447846,1468263160.0,4925565349,4925565463
4925565463,51.4998616491,25.2897595752,1468263161.0,4925565410,4925565515
4925565515,51.499830134,25.2897670132,1468263162.0,4925565463,4925565608
4925565608,51.4997833609,25.2897706084,1468263164.0,4925565515,4925565840
4925565840,51.4996796875,25.2897824944,1468263168.0,4925565608,4925565979
4925565979,51.4996248918,25.2898031754,1468263170.0,4925565840,4925566049
4925566049,51.4995912446,25.2898231197,1468263171.0,4925565979,4925566280
4925566280,51.4995111878,25.2898876441,1468263175.0,4925566049,4925566343
4925566343,51.4994962637,25.2899103986,1468263176.0,4925566280,4925566539
4925566539,51.499452206,25.2899822931,1468263180.0,4925566343,4925566699
4925566699,51.4994291063,25.2900539148,1468263182.0,4925566539,4925566909
4925566909,51.4994031812,25.2901413683,1468263186.0,4925566699,4925566989
4925566989,51.4993804936,25.2901778753,1468263187.0,4925566909,4925567057
4925567057,51.4993582906,25.2901968439,1468263188.0,4925566989,4925567115
4925567115,51.4993291225,25.2902119652,1468263189.0,4925567057,4925567178
4925567178,51.4993022474,25.2902164669,1468263190.0,4925567115,4925567219
4925567219,51.4992853954,25.2902154523,1468263191.0,4925567178,4925567266
4925567266,51.4992584475,25.2902115761,1468263192.0,4925567219,4925567328
4925567328,51.4992421026,25.2902046087,1468263192.0,4925567266,4925567372
4925567372,51.4992255,25.2901941,1468263193.0,4925567328,4925567919
4925567919,51.4989878,25.2900395,1468263202.0,4925567372,4925568539
4925568539,51.4988298,25.2899486,1468263212.0,4925567919,4925569172
4925569172,51.4987875,25.2898976,1468263222.0,4925568539,4925569763
4925569763,51.4987795,25.289881,1468263232.0,4925569172,4925570429
4925570429,51.4987741,25.2898725,1468263242.0,4925569763,4925571021
4925571021,51.498769,25.2898698,1468263252.0,4925570429,4925571595
4925571595,51.4987636,25.2898756,1468263262.0,4925571021,4925572164
4925572164,51.4987516,25.2898771,1468263272.0,4925571595,4925572762
4925572762,51.4987345892,25.2898679594,1468263282.0,4925572164,4925573426
4925573426,51.498736545,25.2898689263,1468263292.0,4925572762,4925574078
4925574078,51.4987410066,25.2898603868,1468263302.0,4925573426,4925574734
4925574734,51.4987516,25.289865,1468263312.0,4925574078,4925575343
4925575343,51.4987658,25.289856,1468263322.0,4925574734,4925579136
4925579136,51.4987550979,25.2897809834,1468263379.0,4925575343,4925579205
4925579205,51.4987386828,25.2897733551,1468263379.0,4925579136,4925579251
4925579251,51.4987168,25.2897676,1468263380.0,4925579205,4925579506
4925579506,51.498628,25.289748,1468263385.0,4925579251,4925579822
4925579822,51.498503,25.2897003,1468263389.0,4925579506,4925580218
4925580218,51.498299,25.2896598,1468263395.0,4925579822,4925580308
4925580308,51.49825,25.289674,1468263397.0,4925580218,4925580367
4925580367,51.4982181,25.2896911,1468263398.0,4925580308,4925580439
4925580439,51.498174,25.2897201,1468263399.0,4925580367,4925580796
4925580796,51.4979208,25.289808,1468263404.0,4925580439,4925581033
4925581033,51.4977338,25.2898865,1468263408.0,4925580796,4925581399
4925581399,51.4973400891,25.2899677188,1468263414.0,4925581033,4925582008
4925582008,51.4969169881,25.2900782097,1468263423.0,4925581399,4925582635
4925582635,51.4968097726,25.290077821,1468263433.0,4925582008,4925583260
4925583260,51.4967015079,25.2900735797,1468263443.0,4925582635,4925583957
4925583957,51.4965923807,25.290120411,1468263453.0,4925583260,4925584443
4925584443,51.4965738864,25.2901338454,1468263463.0,4925583957,4925585097
4925585097,51.4965669099,25.2901366536,1468263473.0,4925584443,4925585656
4925585656,51.4965573859,25.2901408252,1468263483.0,4925585097,4925586277
4925586277,51.4965357824,25.2901540027,1468263493.0,4925585656,4925586859
4925586859,51.4965216395,25.2901505978,1468263503.0,4925586277,4925587427
4925587427,51.4965245602,25.2901502241,1468263513.0,4925586859,4925588045
4925588045,51.4965220311,25.2901531244,1468263523.0,4925587427,4925588610
4925588610,51.4965130676,25.2901535321,1468263533.0,4925588045,4925589298
4925589298,51.4965003116,25.2901552072,1468263543.0,4925588610,4925589868
4925589868,51.4964865746,25.2901594366,1468263553.0,4925589298,4925590509
4925590509,51.4964799338,25.2901677606,1468263563.0,4925589868,4925591667
4925591667,51.4964775852,25.2901985011,1468263580.0,4925590509,4925592231
4925592231,51.4964511722,25.2902546122,1468263589.0,4925591667,4925592331
4925592331,51.496449317,25.2902753509,1468263591.0,4925592231,4925592397
4925592397,51.4964529713,25.290289135,1468263592.0,4925592331,4925593003
4925593003,51.4965535482,25.2907240866,1468263601.0,4925592397,4925593616
4925593616,51.4967229746,25.2914799684,1468263611.0,4925593003,4925594143
4925594143,51.4967609007,25.2916901322,1468263619.0,4925593616,4925594270
4925594270,51.4967763562,25.2917256896,1468263621.0,4925594143,4925594332
4925594332,51.4968127999,25.2917776979,1468263622.0,4925594270,4925594393
4925594393,51.4968404113,25.2918006582,1468263623.0,4925594332,4925594517
4925594517,51.4968945022,25.2918378409,1468263625.0,4925594393,4925594593
4925594593,51.4969471274,25.2918867782,1468263627.0,4925594517,4925594702
4925594702,51.4970123378,25.2919503153,1468263628.0,4925594593,4925594844
4925594844,51.4970859456,25.2920354611,1468263631.0,4925594702,4925594896
4925594896,51.4971073163,25.2920923948,1468263632.0,4925594844,4925594982
4925594982,51.4971236567,25.2921630629,1468263633.0,4925594896,4925595069
4925595069,51.4971209806,25.2922350088,1468263634.0,4925594982,4925595153
4925595153,51.4971007375,25.2923074041,1468263635.0,4925595069,4925595268
4925595268,51.4970525844,25.2923958912,1468263637.0,4925595153,4925595434
4925595434,51.4969975809,25.2924629512,1468263639.0,4925595268,4925595526
4925595526,51.4969494292,25.2925006418,1468263641.0,4925595434,4925595575
4925595575,51.4969158765,25.2925186029,1468263642.0,4925595526,4925595691
4925595691,51.4968469447,25.2925436914,1468263643.0,4925595575,4925595790
4925595790,51.4967656074,25.2925593269,1468263645.0,4925595691,4925595917
4925595917,51.4966718685,25.2925598859,1468263647.0,4925595790,4925596015
4925596015,51.4965927928,25.2925390482,1468263648.0,4925595917,4925596140
4925596140,51.4965120453,25.2925061243,1468263650.0,4925596015,4925596339
4925596339,51.4963765179,25.2924563394,1468263653.0,4925596140,4925596542
4925596542,51.4962791167,25.292445533,1468263654.0,4925596339,4925596630
4925596630,51.4961751689,25.2924525472,1468263656.0,4925596542,4925597155
4925597155,51.4953054648,25.2925923968,1468263665.0,4925596630,4925597869
4925597869,51.4940565645,25.292787102,1468263675.0,4925597155,4925598492
4925598492,51.49253006,25.2930250277,1468263685.0,4925597869,4925599131
4925599131,51.4911047876,25.2931726895,1468263695.0,4925598492,4925599806
4925599806,51.4899295733,25.2931121794,1468263705.0,4925599131,4925600869
4925600869,51.4886470297,25.2929947181,1468263714.0,4925599806,4925601001
4925601001,51.487936404,25.2930893293,1468263719.0,4925600869,4925601049
4925601049,51.4873122899,25.2932924089,1468263723.0,4925601001,4925601560
4925601560,51.4859142482,25.2939247084,1468263732.0,4925601049,None
