4922381550,51.4991134359,25.2945025943,1468211267.0,None,4922381691
4922381691,51.4991688264,25.2945342149,1468211271.0,4922381550,4922381755
4922381755,51.499173593,25.2945455351,1468211271.0,4922381691,4922381804
4922381804,51.4991762783,25.2945583491,1468211272.0,4922381755,4922381886
4922381886,51.4992042423,25.2946151552,1468211274.0,4922381804,4922381933
4922381933,51.4992040141,25.2946348273,1468211275.0,4922381886,4922382430
4922382430,51.4992437156,25.2949372237,1468211282.0,4922381933,4922382493
4922382493,51.499263,25.294962,1468211283.0,4922382430,4922382550
4922382550,51.4992910929,25.2949828628,1468211284.0,4922382493,4922382599
4922382599,51.4993203608,25.2949984891,1468211284.0,4922382550,4922382642
4922382642,51.499362158,25.2950104202,1468211285.0,4922382599,4922382703
4922382703,51.4994025564,25.2950123569,1468211286.0,4922382642,4922382921
4922382921,51.4995355415,25.2950128101,1468211290.0,4922382703,4922383541
4922383541,51.5001451126,25.2949331112,1468211299.0,4922382921,4922383759
4922383759,51.5003325373,25.2949025583,1468211303.0,4922383541,4922383813
4922383813,51.5003569194,25.2948832076,1468211304.0,4922383759,4922384041
4922384041,51.5005203527,25.2947847879,1468211308.0,4922383813,4922384146
4922384146,51.5005907774,25.2947755571,1468211310.0,4922384041,4922384459
4922384459,51.5007778454,25.2947719385,1468211315.0,4922384146,4922384522
4922384522,51.5008091425,25.2947640648,1468211316.0,4922384459,4922384611
4922384611,51.5008498234,25.2947766794,1468211317.0,4922384522,4922384659
4922384659,51.5008751121,25.2947864895,1468211318.0,4922384611,4922384711
4922384711,51.5008935003,25.2948112955,1468211318.0,4922384659,4922384769
4922384769,51.5009378101,25.2948705576,1468211319.0,4922384711,4922384985
4922384985,51.5011738455,25.2951265914,1468211324.0,4922384769,4922385319
4922385319,51.501315545,25.2952443183,1468211328.0,4922384985,4922385390
4922385390,51.5013358056,25.2952400148,1468211329.0,4922385319,4922385513
4922385513,51.5014221001,25.2952360036,1468211331.0,4922385390,4922385581
4922385581,51.5014855,25.295219801,1468211333.0,4922385513,4922385643
4922385643,51.5015415,25.2951901001,1468211334.0,4922385581,4922386294
4922386294,51.5021164672,25.2948654332,1468211343.0,4922385643,4922391233
4922391233,51.5021655,25.2955463154,1468211419.0,4922386294,4922391339
4922391339,51.5021119858,25.2955644662,1468211420.0,4922391233,4922391390
4922391390,51.5020869234,25.2955813942,1468211421.0,4922391339,4922391454
4922391454,51.5020741357,25.295597033,1468211421.0,4922391390,4922391594
4922391594,51.502064561,25.2956169014,1468211422.0,4922391454,4922391660
4922391660,51.5020539559,25.2956466279,1468211422.0,4922391594,4922391726
4922391726,51.5020332145,25.2957145552,1468211424.0,4922391660,4922391778
4922391778,51.5020353194,25.2957559059,1468211425.0,4922391726,4922391813
4922391813,51.5020461294,25.295784971,1468211426.0,4922391778,4922391854
4922391854,51.5020607775,25.2958118357,1468211427.0,4922391813,4922391910
4922391910,51.502077245,25.2958271409,1468211427.0,4922391854,4922391983
4922391983,51.5021077893,25.2958470658,1468211428.0,4922391910,4922392036
4922392036,51.5021405999,25.2958620034,1468211429.0,4922391983,4922392085
4922392085,51.5022028564,25.2958816385,1468211430.0,4922392036,None
