4923652016,51.498216,25.2994215,1468231815.0,None,4923652048
4923652048,51.49827,25.2993903,1468231817.0,4923652016,4923652481
4923652481,51.4985125,25.2992205,1468231826.0,4923652048,4923653307
4923653307,51.4988529899,25.2989990406,1468231835.0,4923652481,4923653415
4923653415,51.4994377382,25.2986480966,1468231844.0,4923653307,4923653601
4923653601,51.4997005925,25.298480171,1468231849.0,4923653415,4923653647
4923653647,51.4997264453,25.2984417874,1468231850.0,4923653601,4923653677
4923653677,51.4997389037,25.2984084416,1468231851.0,4923653647,4923653739
4923653739,51.4997397368,25.2983715222,1468231852.0,4923653677,4923653804
4923653804,51.4997323615,25.2983478604,1468231852.0,4923653739,4923653841
4923653841,51.4997132654,25.2983258251,1468231853.0,4923653804,4923653871
4923653871,51.4996740531,25.2982811981,1468231854.0,4923653841,4923654356
4923654356,51.4992164306,25.2978568749,1468231863.0,4923653871,4923654649
4923654649,51.4988836373,25.2975232411,1468231871.0,4923654356,4923655153
4923655153,51.4985526155,25.2969923702,1468231880.0,4923654649,4923655661
4923655661,51.4980085668,25.2961185755,1468231890.0,4923655153,4923656202
4923656202,51.497641433,25.2954634539,1468231900.0,4923655661,4923656491
4923656491,51.4976300197,25.2954473721,1468231910.0,4923656202,4923656910
4923656910,51.4976065283,25.2954260896,1468231920.0,4923656491,4923657396
4923657396,51.4976018736,25.2954242486,1468231930.0,4923656910,4923657857
4923657857,51.4975961905,25.295421942,1468231940.0,4923657396,4923658332
4923658332,51.4975866181,25.2954146259,1468231950.0,4923657857,4923658757
4923658757,51.4975856827,25.2954137671,1468231960.0,4923658332,4923659273
4923659273,51.4975678894,25.2953797619,1468231970.0,4923658757,4923659769
4923659769,51.497434714,25.2951054291,1468231980.0,4923659273,4923660208
4923660208,51.4971115291,25.2943041447,1468231990.0,4923659769,4923660693
4923660693,51.4968660231,25.293467646,1468232000.0,4923660208,4923661217
4923661217,51.496746375,25.2928366269,1468232010.0,4923660693,4923661744
4923661744,51.496742307,25.2927897869,1468232020.0,4923661217,4923662334
4923662334,51.4967473052,25.292786725,1468232030.0,4923661744,4923662764
4923662764,51.4967509865,25.2927817628,1468232040.0,4923662334,4923663329
4923663329,51.4967539524,25.2927794888,1468232050.0,4923662764,4923664105
4923664105,51.4967544909,25.2927827407,1468232060.0,4923663329,4923664151
4923664151,51.4967565957,25.2927831528,1468232070.0,4923664105,4923664551
4923664551,51.4967596124,25.2927814462,1468232080.0,4923664151,4923665047
4923665047,51.4967613158,25.2927806504,1468232090.0,4923664551,4923665480
4923665480,51.4967644825,25.2927796885,1468232100.0,4923665047,4923665707
4923665707,51.4967303196,25.2926339055,1468232105.0,4923665480,4923665784
4923665784,51.4966888285,25.2925675674,1468232106.0,4923665707,4923666102
4923666102,51.4966147077,25.2924950713,1468232108.0,4923665784,4923666132
4923666132,51.4964667703,25.2923560289,1468232110.0,4923666102,4923666178
4923666178,51.4964405538,25.2922975673,1468232111.0,4923666132,4923666303
4923666303,51.4964300117,25.2922387469,1468232112.0,4923666178,4923666338
4923666338,51.4964342827,25.2921841234,1468232113.0,4923666303,4923666388
4923666388,51.4964500932,25.2921255976,1468232115.0,4923666338,4923666428
4923666428,51.4964651046,25.2920943101,1468232116.0,4923666388,4923666714
4923666714,51.4964682338,25.2920722561,1468232126.0,4923666428,4923667138
4923667138,51.4964485431,25.2920714773,1468232136.0,4923666714,4923667551
4923667551,51.4964361645,25.2920709868,1468232146.0,4923667138,4923668022
4923668022,51.4964335541,25.2920722568,1468232156.0,4923667551,4923668238
4923668238,51.4965074298,25.2920028614,1468232160.0,4923668022,4923668356
4923668356,51.4965630811,25.291974489,1468232161.0,4923668238,4923668401
4923668401,51.4966124578,25.2919597959,1468232162.0,4923668356,4923668424
4923668424,51.4966809189,25.2919525155,1468232163.0,4923668401,4923668792
4923668792,51.4967497529,25.2919603065,1468232164.0,4923668424,4923669101
4923669101,51.4968196898,25.2919877751,1468232165.0,4923668792,4923669176
4923669176,51.4968665002,25.2920207129,1468232166.0,4923669101,4923669214
4923669214,51.4968947138,25.2920497655,1468232166.0,4923669176,4923669260
4923669260,51.4969283434,25.2921036756,1468232167.0,4923669214,4923669305
4923669305,51.4969515785,25.2921618095,1468232168.0,4923669260,4923669341
4923669341,51.4969597231,25.2922249394,1468232168.0,4923669305,4923669405
4923669405,51.4969506644,25.2922878075,1468232169.0,4923669341,4923669460
4923669460,51.4968608006,25.2926881929,1468232173.0,4923669405,4923669486
4923669486,51.4969978791,25.2933400543,1468232179.0,4923669460,4923669531
4923669531,51.4973916728,25.2944861718,1468232188.0,4923669486,4923670006
4923670006,51.4979019932,25.2955890967,1468232198.0,4923669531,4923670560
4923670560,51.4985238972,25.2965503533,1468232208.0,4923670006,4923670920
4923670920,51.4992662289,25.2974257037,1468232218.0,4923670560,4923671446
4923671446,51.5001377461,25.2982450251,1468232228.0,4923670920,4923672115
4923672115,51.5011807399,25.2989458698,1468232238.0,4923671446,4923672241
4923672241,51.5020012292,25.2993778319,1468232246.0,4923672115,4923672308
4923672308,51.5021158458,25.299404663,1468232248.0,4923672241,4923672336
4923672336,51.5021865028,25.2994045887,1468232248.0,4923672308,4923672381
4923672381,51.5022564981,25.2993904853,1468232249.0,4923672336,4923672436
4923672436,51.5023263224,25.2993641515,1468232250.0,4923672381,4923672474
4923672474,51.5024171,25.2993085,1468232251.0,4923672436,None
