4925185099,51.4991945,25.2901461,1468256903.0,None,4925185742
4925185742,51.4992048,25.2901528,1468256913.0,4925185099,4925186356
4925186356,51.4992076,25.2901546,1468256923.0,4925185742,4925186924
4925186924,51.4992185,25.2901566,1468256933.0,4925186356,4925187473
4925187473,51.499294,25.290196,1468256943.0,4925186924,4925187547
4925187547,51.4993271,25.290198,1468256944.0,4925187473,4925187588
4925187588,51.4993448,25.2901918,1468256945.0,4925187547,4925187622
4925187622,51.4993595,25.2901831,1468256946.0,4925187588,4925187689
4925187689,51.4993748,25.2901695,1468256947.0,4925187622,4925187763
4925187763,51.4993856,25.2901535,1468256948.0,4925187689,4925187809
4925187809,51.499395,25.2901296,1468256949.0,4925187763,4925188452
4925188452,51.4995363,25.2898533,1468256959.0,4925187809,4925188576
4925188576,51.499589,25.2897973,1468256961.0,4925188452,4925188677
4925188677,51.4996423,25.2897663,1468256963.0,4925188576,4925188828
4925188828,51.4997055,25.289742,1468256965.0,4925188677,4925188890
4925188890,51.4997538064,25.2897333796,1468256966.0,4925188828,4925189042
4925189042,51.4998378,25.2897156,1468256969.0,4925188890,4925189089
4925189089,51.4998791,25.2896956,1468256970.0,4925189042,4925189139
4925189139,51.499902,25.289676,1468256971.0,4925189089,4925189371
4925189371,51.500009104,25.2895962944,1468256975.0,4925189139,4925189465
4925189465,51.5000493483,25.2895779237,1468256977.0,4925189371,4925189542
4925189542,51.5000666211,25.2895778187,1468256977.0,4925189465,4925189626
4925189626,51.5000989727,25.2895765005,1468256979.0,4925189542,4925189937
4925189937,51.5002091441,25.2895786287,1468256985.0,4925189626,4925189999
4925189999,51.5002315328,25.2895704112,1468256986.0,4925189937,4925190049
4925190049,51.5002521558,25.2895574354,1468256987.0,4925189999,4925190078
4925190078,51.5002597569,25.2895467965,1468256988.0,4925190049,4925190367
4925190367,51.500253,25.2895268,1468256993.0,4925190078,4925190525
4925190525,51.5002349396,25.2895290842,1468256994.0,4925190367,4925190595
4925190595,51.5002193692,25.2895350356,1468256995.0,4925190525,4925190662
4925190662,51.5001947092,25.2895502185,1468256997.0,4925190595,4925190729
4925190729,51.500188038,25.2895572819,1468256998.0,4925190662,4925190747
4925190747,51.5001788536,25.2895682783,1468256999.0,4925190729,4925191271
4925191271,51.5001590842,25.2895865671,1468257009.0,4925190747,4925191759
4925191759,51.5001723251,25.2895425511,1468257017.0,4925191271,4925192318
4925192318,51.5001727882,25.2895378205,1468257027.0,4925191759,4925192822
4925192822,51.500183497,25.2895629107,1468257037.0,4925192318,4925193388
4925193388,51.5001839431,25.2895630941,1468257047.0,4925192822,4925193916
4925193916,51.50018461,25.2895573855,1468257057.0,4925193388,4925194485
4925194485,51.5001953719,25.2895580107,1468257067.0,4925193916,4925195064
4925195064,51.5002025152,25.2895510619,1468257077.0,4925194485,4925195649
4925195649,51.500199241,25.2895439431,1468257087.0,4925195064,4925196207
4925196207,51.5001951532,25.2895487243,1468257097.0,4925195649,4925196687
4925196687,51.5001933972,25.2895565095,1468257107.0,4925196207,4925197389
4925197389,51.5001909514,25.2895679928,1468257117.0,4925196687,4925197951
4925197951,51.5001931057,25.2895945613,1468257127.0,4925197389,4925198509
4925198509,51.5001918489,25.2895966297,1468257137.0,4925197951,4925214331
4925214331,51.5000852999,25.2899037997,1468257407.0,4925198509,4925214884
4925214884,51.5001319088,25.2898317988,1468257417.0,4925214331,4925215238
4925215238,51.5001450499,25.2897411168,1468257423.0,4925214884,4925215327
4925215327,51.5001463637,25.2897127806,1468257424.0,4925215238,4925215393
4925215393,51.500142248,25.2896982823,1468257425.0,4925215327,4925215555
4925215555,51.5001199374,25.2896699761,1468257427.0,4925215393,4925215618
4925215618,51.5001105848,25.2896644688,1468257428.0,4925215555,4925215662
4925215662,51.5000835637,25.2896527058,1468257429.0,4925215618,4925215709
4925215709,51.5000610589,25.2896489408,1468257430.0,4925215662,4925215769
4925215769,51.5000376167,25.2896488405,1468257430.0,4925215709,4925215817
4925215817,51.5000142876,25.2896535875,1468257431.0,4925215769,4925215854
4925215854,51.4999976894,25.2896601733,1468257432.0,4925215817,4925215909
4925215909,51.4999864561,25.2896688412,1468257432.0,4925215854,4925215958
4925215958,51.4999739427,25.2896848724,1468257433.0,4925215909,4925216092
4925216092,51.4999130002,25.2897645001,1468257437.0,4925215958,4925216138
4925216138,51.4998843723,25.2897793243,1468257438.0,4925216092,4925216227
4925216227,51.4998437125,25.2897933042,1468257439.0,4925216138,4925216597
4925216597,51.4996309399,25.2898526546,1468257446.0,4925216227,4925216677
4925216677,51.4995937718,25.2898894735,1468257448.0,4925216597,4925216765
4925216765,51.4995730642,25.2899224372,1468257449.0,4925216677,4925217120
4925217120,51.4994736673,25.2900791505,1468257455.0,4925216765,4925217404
4925217404,51.4993907892,25.2902353878,1468257461.0,4925217120,4925217464
4925217464,51.4993685,25.2902478,1468257462.0,4925217404,4925217508
4925217508,51.4993358,25.2902618,1468257463.0,4925217464,4925217567
4925217567,51.4993001055,25.2902664091,1468257464.0,4925217508,4925217614
4925217614,51.4992825365,25.2902631244,1468257464.0,4925217567,4925217655
4925217655,51.4992556,25.2902535,1468257465.0,4925217614,4925217693
4925217693,51.4992329333,25.2902394275,1468257466.0,4925217655,4925217717
4925217717,51.4992169279,25.2902239832,1468257466.0,4925217693,4925218276
4925218276,51.4991811493,25.2902085574,1468257476.0,4925217717,4925218867
4925218867,51.4991649226,25.2902218368,1468257486.0,4925218276,4925219448
4925219448,51.4991454106,25.2902341773,1468257496.0,4925218867,None
