4925040875,51.4926495,25.3020053,1468254595.0,None,4925040921
4925040921,51.492664,25.3020143,1468254596.0,4925040875,4925040994
4925040994,51.4926801,25.3020221,1468254597.0,4925040921,4925041028
4925041028,51.4927018,25.3020271,1468254598.0,4925040994,4925041115
4925041115,51.4927306,25.3020275,1468254598.0,4925041028,4925041151
4925041151,51.4927641,25.302021,1468254599.0,4925041115,4925041538
4925041538,51.4931736,25.3019016,1468254609.0,4925041151,4925042654
4925042654,51.4938636,25.30168,1468254619.0,4925041538,4925042861
4925042861,51.4948195,25.301318,1468254629.0,4925042654,4925043365
4925043365,51.4958076492,25.3008981326,1468254639.0,4925042861,4925044047
4925044047,51.4966273,25.3004808,1468254649.0,4925043365,4925044535
4925044535,51.4971068,25.3001636,1468254656.0,4925044047,4925044599
4925044599,51.4971295,25.3001263,1468254656.0,4925044535,4925044678
4925044678,51.4971316,25.3001,1468254657.0,4925044599,4925044742
4925044742,51.4971301,25.3000776,1468254657.0,4925044678,4925044780
4925044780,51.4971238,25.3000348,1468254658.0,4925044742,4925044876
4925044876,51.4971283003,25.2999618027,1468254661.0,4925044780,4925045456
4925045456,51.4971527454,25.2997165966,1468254670.0,4925044876,4925045655
4925045655,51.4971518273,25.2996964963,1468254671.0,4925045456,4925045729
4925045729,51.4971451751,25.2996859987,1468254672.0,4925045655,4925045776
4925045776,51.4971391026,25.2996809999,1468254672.0,4925045729,4925045821
4925045821,51.497124035,25.2996699204,1468254673.0,4925045776,4925045866
4925045866,51.4971111906,25.2996652553,1468254674.0,4925045821,4925046135
4925046135,51.49708378,25.299662564,1468254680.0,4925045866,4925046332
4925046332,51.4970604321,25.2996614948,1468254681.0,4925046135,4925046387
4925046387,51.4970288408,25.2996682454,1468254682.0,4925046332,4925046436
4925046436,51.4970121171,25.2996774373,1468254683.0,4925046387,4925046484
4925046484,51.4970030349,25.2996848668,1468254684.0,4925046436,4925046559
4925046559,51.4969985436,25.2996917144,1468254685.0,4925046484,4925046611
4925046611,51.4969918055,25.2997041006,1468254686.0,4925046559,4925046656
4925046656,51.4969914853,25.2997111356,1468254686.0,4925046611,4925046697
4925046697,51.4969920251,25.2997219571,1468254687.0,4925046656,4925046755
4925046755,51.4969935532,25.2997275065,1468254687.0,4925046697,4925046800
4925046800,51.4969955089,25.2997346009,1468254688.0,4925046755,4925047347
4925047347,51.4969745005,25.2997001002,1468254698.0,4925046800,4925047890
4925047890,51.4970056032,25.299730498,1468254706.0,4925047347,4925048935
4925048935,51.497015794,25.2997343555,1468254707.0,4925047890,4925049027
4925049027,51.4970359568,25.2997378884,1468254708.0,4925048935,4925049161
4925049161,51.4970879254,25.2997545625,1468254718.0,4925049027,4925049383
4925049383,51.4971046253,25.2997597296,1468254728.0,4925049161,4925050058
4925050058,51.4971140538,25.299750974,1468254738.0,4925049383,4925050668
4925050668,51.4971172222,25.2997440968,1468254748.0,4925050058,4925051381
4925051381,51.4971202173,25.2997384938,1468254758.0,4925050668,4925052114
4925052114,51.4971209432,25.2997352892,1468254768.0,4925051381,4925052836
4925052836,51.4971048823,25.2997369125,1468254778.0,4925052114,4925053525
4925053525,51.4970964502,25.2997430174,1468254788.0,4925052836,4925054223
4925054223,51.4970900622,25.299745844,1468254798.0,4925053525,4925054891
4925054891,51.4970915926,25.2997480195,1468254808.0,4925054223,4925055564
4925055564,51.4970960915,25.2997504448,1468254818.0,4925054891,4925056174
4925056174,51.4971048179,25.2997492101,1468254828.0,4925055564,None
