4924793552,51.4937610217,25.2804016254,1468250784.0,None,4924794236
4924794236,51.4937676885,25.280397817,1468250794.0,4924793552,4924794859
4924794859,51.4937580611,25.2803819343,1468250804.0,4924794236,4924795494
4924795494,51.4937480636,25.2803697012,1468250814.0,4924794859,4924796169
4924796169,51.4937546115,25.280377425,1468250824.0,4924795494,4924796757
4924796757,51.4937543203,25.2803805717,1468250834.0,4924796169,4924797414
4924797414,51.4937358,25.2803698021,1468250844.0,4924796757,4924798149
4924798149,51.4937372999,25.2803656001,1468250854.0,4924797414,4924798803
4924798803,51.4937510892,25.2803715168,1468250864.0,4924798149,4924802732
4924802732,51.4940768034,25.2804327962,1468250922.0,4924798803,4924802851
4924802851,51.4942027414,25.2804747601,1468250924.0,4924802732,4924802912
4924802912,51.4942854503,25.2805259611,1468250925.0,4924802851,4924802973
4924802973,51.494357053,25.2805980511,1468250926.0,4924802912,4924803038
4924803038,51.4944269506,25.28071381,1468250927.0,4924802973,4924803318
4924803318,51.4945950808,25.2811649343,1468250931.0,4924803038,4924803850
4924803850,51.4948909179,25.2825068494,1468250940.0,4924803318,4924804578
4924804578,51.4952339047,25.2841925628,1468250950.0,4924803850,4924805214
4924805214,51.4955727485,25.285809587,1468250960.0,4924804578,4924805908
4924805908,51.4958924968,25.2872937407,1468250970.0,4924805214,4924807958
4924807958,51.4961675328,25.2886156533,1468250980.0,4924805908,4924808022
4924808022,51.4963811701,25.2896642437,1468250990.0,4924807958,4924808061
4924808061,51.4964802682,25.2901939837,1468251000.0,4924808022,4924808758
4924808758,51.4964762548,25.2901974279,1468251010.0,4924808061,4924809507
4924809507,51.4964675668,25.2902157499,1468251020.0,4924808758,4924810189
4924810189,51.4964651507,25.290223165,1468251030.0,4924809507,4924810932
4924810932,51.4964681046,25.2902538031,1468251040.0,4924810189,4924811592
4924811592,51.4964585506,25.2902734404,1468251050.0,4924810932,4924812186
4924812186,51.4964536856,25.2902871812,1468251060.0,4924811592,4924812850
4924812850,51.4964309744,25.2902966674,1468251070.0,4924812186,4924813514
4924813514,51.4964179421,25.290297066,1468251080.0,4924812850,4924814139
4924814139,51.4964128,25.2902831,1468251090.0,4924813514,4924814817
4924814817,51.4964068,25.290266,1468251100.0,4924814139,4924815423
4924815423,51.4964087682,25.2902562821,1468251110.0,4924814817,4924816071
4924816071,51.4964266284,25.2902917519,1468251120.0,4924815423,4924816131
4924816131,51.4964356268,25.290333386,1468251121.0,4924816071,4924816777
4924816777,51.4966230191,25.290978632,1468251131.0,4924816131,4924817398
4924817398,51.4967831495,25.2916766042,1468251141.0,4924816777,4924834453
4924834453,51.4968216642,25.2917593628,1468251142.0,4924817398,4924834504
4924834504,51.4968634384,25.2918120319,1468251143.0,4924834453,4924834553
4924834553,51.4969051286,25.2918437049,1468251144.0,4924834504,4924834596
4924834596,51.4971171472,25.2920191775,1468251148.0,4924834553,4924834643
4924834643,51.4971350188,25.2920629873,1468251149.0,4924834596,4924834684
4924834684,51.4971504355,25.2921257553,1468251150.0,4924834643,4924834726
4924834726,51.497147592,25.292190618,1468251151.0,4924834684,4924834770
4924834770,51.4971323294,25.2922513255,1468251152.0,4924834726,4924834815
4924834815,51.4970979786,25.2923260032,1468251153.0,4924834770,4924834850
4924834850,51.4970033144,25.2925286676,1468251156.0,4924834815,4924834895
4924834895,51.4969971831,25.292632269,1468251157.0,4924834850,4924834933
4924834933,51.4970399864,25.2929481368,1468251161.0,4924834895,4924834975
4924834975,51.4972623168,25.2938760599,1468251170.0,4924834933,4924835017
4924835017,51.4977373577,25.2951031621,1468251180.0,4924834975,4924835063
4924835063,51.4984239038,25.2963139584,1468251190.0,4924835017,4924835099
4924835099,51.4992791599,25.2973488186,1468251199.0,4924835063,4924835140
4924835140,51.5003027793,25.298289642,1468251208.0,4924835099,4924835188
4924835188,51.5013106383,25.298968411,1468251218.0,4924835140,4924835234
4924835234,51.501836399,25.2992698459,1468251228.0,4924835188,4924835277
4924835277,51.5020587679,25.2993749053,1468251232.0,4924835234,4924835315
4924835315,51.5021581041,25.2993946945,1468251234.0,4924835277,4924835368
4924835368,51.502249301,25.2993915086,1468251235.0,4924835315,4924835398
4924835398,51.5023400448,25.2993687842,1468251236.0,4924835368,4924835448
4924835448,51.5024042011,25.2993359937,1468251237.0,4924835398,None
