4925257259,51.496602775,25.2901466634,1468258155.0,None,4925257788
4925257788,51.49659624,25.2901518456,1468258165.0,4925257259,4925258119
4925258119,51.4965310549,25.2902042657,1468258171.0,4925257788,4925258240
4925258240,51.4965142481,25.2902210351,1468258172.0,4925258119,4925258747
4925258747,51.4964907274,25.2902504832,1468258182.0,4925258240,4925259291
4925259291,51.4964758792,25.2902466743,1468258192.0,4925258747,4925259932
4925259932,51.4964662782,25.2902521561,1468258202.0,4925259291,4925260473
4925260473,51.4964614161,25.2902564119,1468258212.0,4925259932,4925261112
4925261112,51.4964707907,25.2902573339,1468258222.0,4925260473,4925261659
4925261659,51.4964753141,25.2902608482,1468258232.0,4925261112,4925262288
4925262288,51.496473833,25.2902730329,1468258242.0,4925261659,4925262856
4925262856,51.4964877254,25.2902714748,1468258252.0,4925262288,4925263402
4925263402,51.4965213553,25.2902621151,1468258262.0,4925262856,4925263935
4925263935,51.4965909771,25.2902184399,1468258272.0,4925263402,4925264505
4925264505,51.4965215185,25.2902850526,1468258282.0,4925263935,4925269467
4925269467,51.4963912744,25.290431544,1468258373.0,4925264505,4925269921
4925269921,51.4964554068,25.2909073097,1468258383.0,4925269467,4925270445
4925270445,51.4966006873,25.2916788958,1468258393.0,4925269921,4925271052
4925271052,51.4966819457,25.291848244,1468258395.0,4925270445,4925271113
4925271113,51.4967130972,25.2918765749,1468258396.0,4925271052,4925271151
4925271151,51.4967699604,25.2919116178,1468258397.0,4925271113,4925271236
4925271236,51.4968669114,25.2919520823,1468258399.0,4925271151,4925271287
4925271287,51.4970129888,25.2920429631,1468258401.0,4925271236,4925271339
4925271339,51.497049171,25.2920929879,1468258402.0,4925271287,4925271390
4925271390,51.4970589892,25.2921392994,1468258403.0,4925271339,4925271431
4925271431,51.497072298,25.292219361,1468258404.0,4925271390,4925271464
4925271464,51.4970603759,25.2922487267,1468258405.0,4925271431,4925271497
4925271497,51.4970173714,25.2923859931,1468258407.0,4925271464,4925271530
4925271530,51.4969855316,25.2924353827,1468258408.0,4925271497,4925271573
4925271573,51.4969191448,25.2924992983,1468258410.0,4925271530,4925271611
4925271611,51.4968752067,25.2925254876,1468258410.0,4925271573,4925271670
4925271670,51.4968090583,25.2925501085,1468258411.0,4925271611,4925271733
4925271733,51.4967213618,25.2925649069,1468258413.0,4925271670,4925271774
4925271774,51.4966399337,25.2925641091,1468258414.0,4925271733,4925271817
4925271817,51.4965509553,25.2925390408,1468258415.0,4925271774,4925271895
4925271895,51.4962043225,25.2924530847,1468258420.0,4925271817,4925271948
4925271948,51.4960992514,25.2924661108,1468258421.0,4925271895,4925272465
4925272465,51.4951483369,25.2926415006,1468258431.0,4925271948,4925273067
4925273067,51.494027973,25.2928290719,1468258441.0,4925272465,4925273595
4925273595,51.4926632191,25.2930461414,1468258451.0,4925273067,4925274168
4925274168,51.4912592228,25.2932037785,1468258461.0,4925273595,4925274696
4925274696,51.4898826043,25.2931373972,1468258471.0,4925274168,4925275173
4925275173,51.4886269955,25.2930243625,1468258480.0,4925274696,4925275457
4925275457,51.4879244703,25.2931228095,1468258484.0,4925275173,4925275674
4925275674,51.4872804571,25.2933368065,1468258489.0,4925275457,4925276171
4925276171,51.4858936554,25.2939647011,1468258499.0,4925275674,4925276472
4925276472,51.4850338042,25.2942011312,1468258505.0,4925276171,4925276938
4925276938,51.483609617,25.2944266941,1468258514.0,4925276472,4925277444
4925277444,51.4819360307,25.2946910636,1468258524.0,4925276938,4925278380
4925278380,51.4801615649,25.2949194128,1468258534.0,4925277444,4925278610
4925278610,51.4783394623,25.2950952497,1468258544.0,4925278380,4925279179
4925279179,51.4765367772,25.2951977725,1468258554.0,4925278610,4925280498
4925280498,51.4747640955,25.2952443513,1468258564.0,4925279179,4925280534
4925280534,51.4729815118,25.2952338219,1468258574.0,4925280498,4925280806
4925280806,51.4710978337,25.2951655441,1468258584.0,4925280534,4925281177
4925281177,51.4699871635,25.2950998434,1468258590.0,4925280806,4925281357
4925281357,51.4694987519,25.2949314209,1468258593.0,4925281177,4925281926
4925281926,51.4682423901,25.2944691349,1468258603.0,4925281357,4925282319
4925282319,51.4672548066,25.2943314912,1468258610.0,4925281926,4925282635
4925282635,51.4664933038,25.2943439955,1468258615.0,4925282319,4925282689
4925282689,51.4663945948,25.2943665659,1468258616.0,4925282635,4925282744
4925282744,51.4663305477,25.2943971503,1468258617.0,4925282689,4925282789
4925282789,51.4662564505,25.2944539098,1468258618.0,4925282744,4925282839
4925282839,51.4662157852,25.2945085869,1468258619.0,4925282789,4925282888
4925282888,51.4661910353,25.2945722637,1468258620.0,4925282839,4925282935
4925282935,51.4661695521,25.2946862881,1468258621.0,4925282888,4925283495
4925283495,51.466032393,25.2958033396,1468258631.0,4925282935,4925283923
4925283923,51.4658501794,25.2967431495,1468258638.0,4925283495,4925284272
4925284272,51.4655111408,25.2974989681,1468258643.0,4925283923,4925284588
4925284588,51.4649871,25.2982076,1468258649.0,4925284272,4925284975
4925284975,51.4643101,25.2989276,1468258656.0,4925284588,4925285110
4925285110,51.4642238,25.299123,1468258658.0,4925284975,4925285180
4925285180,51.4641992981,25.2992343083,1468258660.0,4925285110,4925285230
4925285230,51.4642030523,25.2993055253,1468258661.0,4925285180,4925285321
4925285321,51.4642329144,25.2994072839,1468258662.0,4925285230,4925285553
4925285553,51.4643297532,25.2996683929,1468258666.0,4925285321,4925285624
4925285624,51.4643221472,25.2997249842,1468258667.0,4925285553,4925285664
4925285664,51.4643005431,25.2997774932,1468258668.0,4925285624,4925285703
4925285703,51.4642651945,25.2998232533,1468258668.0,4925285664,4925285757
4925285757,51.464219105,25.2998600974,1468258669.0,4925285703,4925285821
4925285821,51.4641485,25.2999021,1468258670.0,4925285757,4925285883
4925285883,51.4640858,25.299918,1468258671.0,4925285821,4925285942
4925285942,51.464021,25.2999243,1468258672.0,4925285883,4925286030
4925286030,51.4639316,25.2999163,1468258673.0,4925285942,4925286096
4925286096,51.4636606,25.299909,1468258675.0,4925286030,4925286159
4925286159,51.4635318,25.2999431,1468258677.0,4925286096,4925286695
4925286695,51.4624426,25.3003691,1468258686.0,4925286159,4925287365
4925287365,51.4610048,25.3009966,1468258696.0,4925286695,4925287864
4925287864,51.4594665,25.301706,1468258706.0,4925287365,4925288384
4925288384,51.457894,25.3024355,1468258716.0,4925287864,4925288976
4925288976,51.4563676,25.3031478,1468258726.0,4925288384,4925289522
4925289522,51.4549626,25.303809,1468258736.0,4925288976,4925290128
4925290128,51.4540765996,25.3042268001,1468258746.0,4925289522,4925290230
4925290230,51.4540094955,25.3042830308,1468258747.0,4925290128,4925290308
4925290308,51.4539597252,25.3043480239,1468258749.0,4925290230,4925290398
4925290398,51.453927659,25.3044245899,1468258750.0,4925290308,4925290493
4925290493,51.4539063935,25.3045321224,1468258752.0,4925290398,4925290657
4925290657,51.4539047749,25.3047111928,1468258754.0,4925290493,None
