4924860651,51.4433678,25.2939048,1468251589.0,None,4924860721
4924860721,51.4443123,25.2947348,1468251599.0,4924860651,4924860774
4924860774,51.4452461325,25.2954715285,1468251609.0,4924860721,4924860831
4924860831,51.4461025268,25.2960944869,1468251619.0,4924860774,4924860892
4924860892,51.4466814708,25.2965036854,1468251629.0,4924860831,4924860998
4924860998,51.4467085798,25.2965387461,1468251631.0,4924860892,4924861060
4924861060,51.4467302245,25.2965540656,1468251632.0,4924860998,4924861123
4924861123,51.446739745,25.2965595104,1468251633.0,4924861060,4924861174
4924861174,51.4467566434,25.2965593748,1468251633.0,4924861123,4924861218
4924861218,51.4468789424,25.2965770776,1468251637.0,4924861174,4924861279
4924861279,51.4471018711,25.2966159608,1468251642.0,4924861218,4924861357
4924861357,51.4471368907,25.296638875,1468251643.0,4924861279,4924861393
4924861393,51.4471652579,25.2966660366,1468251643.0,4924861357,4924861455
4924861455,51.4471998079,25.2967053503,1468251644.0,4924861393,4924861527
4924861527,51.4472240243,25.2967536871,1468251645.0,4924861455,4924861567
4924861567,51.4472452377,25.296817514,1468251647.0,4924861527,4924861622
4924861622,51.4472487934,25.2968729077,1468251648.0,4924861567,4924861676
4924861676,51.4472410977,25.2969206446,1468251648.0,4924861622,4924861731
4924861731,51.4472227665,25.2969835209,1468251649.0,4924861676,4924861783
4924861783,51.4471876777,25.2970470982,1468251650.0,4924861731,4924861849
4924861849,51.447142781,25.2970981956,1468251651.0,4924861783,4924861903
4924861903,51.4470784638,25.2971515403,1468251653.0,4924861849,4924861964
4924861964,51.4469935382,25.2971985985,1468251654.0,4924861903,4924861991
4924861991,51.4468946715,25.2972311407,1468251656.0,4924861964,4924862035
4924862035,51.446761818,25.2972532648,1468251658.0,4924861991,4924862085
4924862085,51.4466545751,25.2972458461,1468251660.0,4924862035,4924862146
4924862146,51.4465927904,25.2972294286,1468251661.0,4924862085,4924862211
4924862211,51.4463255839,25.2971626404,1468251665.0,4924862146,4924862298
4924862298,51.4462524158,25.2971706615,1468251666.0,4924862211,4924862404
4924862404,51.4461330163,25.2971988911,1468251667.0,4924862298,4924862474
4924862474,51.446014307,25.2972481891,1468251669.0,4924862404,4924862555
4924862555,51.445903902,25.2973170189,1468251672.0,4924862474,4924862612
4924862612,51.4458714989,25.297352214,1468251673.0,4924862555,4924862664
4924862664,51.4458570358,25.2973792356,1468251673.0,4924862612,4924862705
4924862705,51.4458494798,25.2974091878,1468251674.0,4924862664,4924862768
4924862768,51.4458510047,25.2974295258,1468251675.0,4924862705,4924862823
4924862823,51.4458561083,25.2974451452,1468251675.0,4924862768,4924862867
4924862867,51.4458656051,25.2974655278,1468251676.0,4924862823,4924862927
4924862927,51.4458740045,25.2974723249,1468251677.0,4924862867,4924862979
4924862979,51.4458801029,25.2974775164,1468251677.0,4924862927,4924863055
4924863055,51.4459326,25.2975383003,1468251681.0,4924862979,4924863114
4924863114,51.4460223,25.2975861,1468251684.0,4924863055,4924863185
4924863185,51.4460498,25.297591,1468251685.0,4924863114,4924863241
4924863241,51.4463778,25.2976568,1468251695.0,4924863185,4924863308
4924863308,51.4464675,25.2976723,1468251699.0,4924863241,4924863379
4924863379,51.4465214997,25.2977093001,1468251709.0,4924863308,4924863428
4924863428,51.4465545473,25.2977359709,1468251719.0,4924863379,4924863492
4924863492,51.446549827,25.2977316166,1468251729.0,4924863428,4924863561
4924863561,51.4465197364,25.2977929242,1468251739.0,4924863492,4924863623
4924863623,51.4465594379,25.2978050875,1468251749.0,4924863561,4924863671
4924863671,51.4465600012,25.2978271297,1468251759.0,4924863623,4924863720
4924863720,51.4465739123,25.2978170088,1468251769.0,4924863671,4924863772
4924863772,51.446591921,25.2978368674,1468251779.0,4924863720,4924863798
4924863798,51.4465941362,25.297835264,1468251789.0,4924863772,4924863871
4924863871,51.4465862562,25.2978955777,1468251799.0,4924863798,4924863928
4924863928,51.446608724,25.2978884312,1468251809.0,4924863871,4924863968
4924863968,51.4466241513,25.2978770646,1468251819.0,4924863928,4924864051
4924864051,51.4466241415,25.2978903335,1468251829.0,4924863968,4924864111
4924864111,51.4466351246,25.2979076796,1468251839.0,4924864051,4924864171
4924864171,51.4466395322,25.2979275064,1468251849.0,4924864111,4924873341
4924873341,51.4466754837,25.2979144141,1468252003.0,4924864171,4924873956
4924873956,51.4466818609,25.298089563,1468252013.0,4924873341,4924874164
4924874164,51.4466955868,25.2981838644,1468252016.0,4924873956,4924874223
4924874223,51.4467063001,25.298199165,1468252017.0,4924874164,4924874272
4924874272,51.4467180548,25.2982028805,1468252018.0,4924874223,4924874348
4924874348,51.4467347245,25.2982141287,1468252018.0,4924874272,4924874396
4924874396,51.4467713402,25.2982297572,1468252020.0,4924874348,4924874454
4924874454,51.4467835195,25.298229595,1468252020.0,4924874396,4924874607
4924874607,51.4468049532,25.2982308584,1468252021.0,4924874454,4924874723
4924874723,51.4468239997,25.2982271001,1468252022.0,4924874607,4924875067
4924875067,51.4468506981,25.2982088492,1468252028.0,4924874723,4924875140
4924875140,51.4468508724,25.298202661,1468252028.0,4924875067,4924875209
4924875209,51.446854689,25.2981859309,1468252029.0,4924875140,4924875276
4924875276,51.4468536338,25.2981452626,1468252031.0,4924875209,4924875736
4924875736,51.4467959069,25.2979088402,1468252038.0,4924875276,4924876353
4924876353,51.4467034768,25.2975026276,1468252048.0,4924875736,4924877130
4924877130,51.446651664,25.2973699607,1468252058.0,4924876353,4924877323
4924877323,51.4466166701,25.2973203197,1468252062.0,4924877130,4924877849
4924877849,51.44646334,25.297157244,1468252069.0,4924877323,4924877956
4924877956,51.4464366643,25.2970972029,1468252071.0,4924877849,4924878064
4924878064,51.4464214228,25.2970259843,1468252073.0,4924877956,4924878163
4924878163,51.4464228378,25.2969585033,1468252074.0,4924878064,4924878207
4924878207,51.4464372199,25.2969109539,1468252075.0,4924878163,4924878268
4924878268,51.4464727819,25.2968460613,1468252077.0,4924878207,4924878352
4924878352,51.4465225929,25.2967853018,1468252078.0,4924878268,4924878436
4924878436,51.4465656801,25.2967511963,1468252079.0,4924878352,4924879079
4924879079,51.4466167301,25.2967236975,1468252080.0,4924878436,4924879190
4924879190,51.446689897,25.2966986468,1468252081.0,4924879079,4924879271
4924879271,51.4468663732,25.2966575374,1468252084.0,4924879190,4924879321
4924879321,51.4469466007,25.2966597354,1468252085.0,4924879271,4924879448
4924879448,51.4470357913,25.2966818138,1468252086.0,4924879321,4924879539
4924879539,51.4471178803,25.2967231108,1468252088.0,4924879448,4924879714
4924879714,51.4471518104,25.2967620206,1468252088.0,4924879539,4924879799
4924879799,51.4471850098,25.2968079607,1468252089.0,4924879714,4924879853
4924879853,51.4472070298,25.2968628374,1468252090.0,4924879799,4924879946
4924879946,51.4472149209,25.2969206163,1468252091.0,4924879853,4924880022
4924880022,51.4472107952,25.2969782174,1468252092.0,4924879946,4924880084
4924880084,51.4471863631,25.2970613016,1468252094.0,4924880022,4924880225
4924880225,51.4471119307,25.2972035655,1468252096.0,4924880084,4924880283
4924880283,51.4469915465,25.2974578174,1468252099.0,4924880225,4924880348
4924880348,51.4469763245,25.2976109309,1468252101.0,4924880283,4924880404
4924880404,51.4469959706,25.2977335791,1468252103.0,4924880348,4924880451
4924880451,51.4471187747,25.2982591289,1468252108.0,4924880404,4924880922
4924880922,51.4475169125,25.2990933299,1468252116.0,4924880451,4924881238
4924881238,51.447939378,25.2996307094,1468252120.0,4924880922,4924881801
4924881801,51.4491366048,25.3007143071,1468252130.0,4924881238,4924882397
4924882397,51.4504335056,25.3018090421,1468252140.0,4924881801,4924883172
4924883172,51.4517406768,25.302827358,1468252150.0,4924882397,4924883754
4924883754,51.4529385783,25.303629651,1468252160.0,4924883172,4924884301
4924884301,51.4535924751,25.3040288408,1468252170.0,4924883754,4924884637
4924884637,51.4538649129,25.3041670091,1468252176.0,4924884301,4924884807
4924884807,51.4538903664,25.3042055497,1468252177.0,4924884637,4924885011
4924885011,51.4539168538,25.304258712,1468252178.0,4924884807,4924885077
4924885077,51.4539242511,25.3043133046,1468252178.0,4924885011,4924885117
4924885117,51.4539296419,25.3044418946,1468252180.0,4924885077,4924885353
4924885353,51.4539324645,25.3047782934,1468252185.0,4924885117,4924885418
4924885418,51.4539825711,25.304893724,1468252186.0,4924885353,None
