4922485312,51.5021230703,25.2955483332,1468212847.0,None,4922485369
4922485369,51.5020984895,25.2955691728,1468212848.0,4922485312,4922485422
4922485422,51.5020779172,25.2955941721,1468212848.0,4922485369,4922485459
4922485459,51.502062578,25.2956219799,1468212849.0,4922485422,4922485534
4922485534,51.5020440112,25.2956658751,1468212850.0,4922485459,4922485588
4922485588,51.5020313099,25.2957272161,1468212851.0,4922485534,4922485625
4922485625,51.5020348207,25.2957750038,1468212851.0,4922485588,4922485678
4922485678,51.5020472625,25.2958068833,1468212852.0,4922485625,4922485740
4922485740,51.502067657,25.2958362987,1468212852.0,4922485678,4922485788
4922485788,51.5020813566,25.2958495565,1468212853.0,4922485740,4922485822
4922485822,51.5021128744,25.2958686953,1468212853.0,4922485788,4922485876
4922485876,51.5021483628,25.2958854835,1468212854.0,4922485822,4922485930
4922485930,51.5022488,25.2959221,1468212855.0,4922485876,None
