4924041064,51.5003668069,25.3021103131,1468239635.0,None,4924041065
4924041065,51.5003673787,25.3021103261,1468239635.0,4924041064,4924042887
4924042887,51.5004826684,25.3021987525,1468239637.0,4924041065,4924042891
4924042891,51.5004833615,25.3021990047,1468239639.0,4924042887,4924042893
4924042893,51.5004830201,25.3021989053,1468239642.0,4924042891,4924042895
4924042895,51.5004808491,25.3021977667,1468239644.0,4924042893,4924042897
4924042897,51.5004801814,25.302197492,1468239646.0,4924042895,4924042900
4924042900,51.5004834023,25.3021990399,1468239648.0,4924042897,4924042901
4924042901,51.5004808357,25.3021977634,1468239650.0,4924042900,4924042902
4924042902,51.5004780851,25.3021965553,1468239652.0,4924042901,4924042903
4924042903,51.5004751533,25.3021954457,1468239654.0,4924042902,4924042905
4924042905,51.5004720336,25.302194823,1468239656.0,4924042903,4924042906
4924042906,51.5004687105,25.3021949592,1468239658.0,4924042905,4924042909
4924042909,51.5004700426,25.3021968321,1468239660.0,4924042906,4924042910
4924042910,51.5004416478,25.3021084367,1468239662.0,4924042909,4924042911
4924042911,51.5004495005,25.3021046317,1468239664.0,4924042910,4924042912
4924042912,51.5004474396,25.3021056623,1468239666.0,4924042911,4924045892
4924045892,51.5004495235,25.3021045852,1468239668.0,4924042912,4924045893
4924045893,51.5004493823,25.3021048586,1468239670.0,4924045892,4924045894
4924045894,51.5004493047,25.3021049928,1468239672.0,4924045893,4924045895
4924045895,51.5004495417,25.3021045537,1468239674.0,4924045894,4924045896
4924045896,51.5004495417,25.3021045537,1468239676.0,4924045895,4924045897
4924045897,51.5004485422,25.302105397,1468239678.0,4924045896,4924045899
4924045899,51.5004473452,25.3021060176,1468239680.0,4924045897,4924045900
4924045900,51.5004459597,25.3021064055,1468239682.0,4924045899,4924045902
4924045902,51.5004443321,25.3021064813,1468239684.0,4924045900,4924045904
4924045904,51.5004443248,25.302106197,1468239686.0,4924045902,4924045907
4924045907,51.5004464137,25.3021079342,1468239688.0,4924045904,4924045908
4924045908,51.5004796353,25.3020090412,1468239690.0,4924045907,4924045910
4924045910,51.5004796828,25.3020092904,1468239692.0,4924045908,4924045911
4924045911,51.5004796799,25.3020088247,1468239694.0,4924045910,4924045912
4924045912,51.500479667,25.3020084229,1468239696.0,4924045911,4924046684
4924046684,51.5004796548,25.3020080803,1468239698.0,4924045912,4924046686
4924046686,51.5004795996,25.3020079971,1468239700.0,4924046684,4924046687
4924046687,51.5004795622,25.3020082074,1468239702.0,4924046686,4924046688
4924046688,51.5004795622,25.3020082074,1468239704.0,4924046687,4924046689
4924046689,51.5004795622,25.3020082074,1468239706.0,4924046688,4924046691
4924046691,51.5004795622,25.3020082074,1468239708.0,4924046689,4924046692
4924046692,51.5004795622,25.3020082074,1468239710.0,4924046691,4924046693
4924046693,51.5004795622,25.3020082074,1468239712.0,4924046692,4924046696
4924046696,51.5004795622,25.3020082074,1468239714.0,4924046693,4924046704
4924046704,51.5004795622,25.3020082074,1468239716.0,4924046696,4924046718
4924046718,51.5004795622,25.3020082074,1468239718.0,4924046704,4924046720
4924046720,51.5004795622,25.3020082074,1468239720.0,4924046718,4924046722
4924046722,51.5004795622,25.3020082074,1468239722.0,4924046720,4924046724
4924046724,51.5004795622,25.3020082074,1468239724.0,4924046722,4924046725
4924046725,51.5004795622,25.3020082074,1468239726.0,4924046724,4924048551
4924048551,51.5004795622,25.3020082074,1468239728.0,4924046725,4924048552
4924048552,51.5004795622,25.3020082074,1468239730.0,4924048551,4924048553
4924048553,51.5004795622,25.3020082074,1468239732.0,4924048552,4924048555
4924048555,51.5004795622,25.3020082074,1468239734.0,4924048553,4924048557
4924048557,51.5004795622,25.3020082074,1468239736.0,4924048555,4924048558
4924048558,51.5004795622,25.3020082074,1468239738.0,4924048557,4924048560
4924048560,51.5004795622,25.3020082074,1468239740.0,4924048558,4924048562
4924048562,51.5004795622,25.3020082074,1468239742.0,4924048560,4924048564
4924048564,51.5004795622,25.3020082074,1468239744.0,4924048562,4924048566
4924048566,51.5004795622,25.3020082074,1468239746.0,4924048564,4924048568
4924048568,51.5004795622,25.3020082074,1468239748.0,4924048566,4924048570
4924048570,51.5004795622,25.3020082074,1468239750.0,4924048568,4924048571
4924048571,51.5004795622,25.3020082074,1468239752.0,4924048570,4924048572
4924048572,51.5004795695,25.3020082092,1468239754.0,4924048571,4924048574
4924048574,51.5004795804,25.3020082904,1468239756.0,4924048572,4924050311
4924050311,51.5004795929,25.3020084833,1468239758.0,4924048574,4924050312
4924050312,51.5004796048,25.3020088027,1468239760.0,4924050311,4924050313
4924050313,51.5004796031,25.302009207,1468239762.0,4924050312,4924050315
4924050315,51.5004796537,25.3020094835,1468239764.0,4924050313,4924050316
4924050316,51.5004877595,25.3019602596,1468239766.0,4924050315,4924050317
4924050317,51.5004888607,25.3019531697,1468239768.0,4924050316,4924050321
4924050321,51.5004878527,25.3019592103,1468239770.0,4924050317,4924050324
4924050324,51.5004870402,25.3019641128,1468239772.0,4924050321,4924050327
4924050327,51.5004863061,25.3019685093,1468239779.0,4924050324,4924050329
4924050329,51.5004856592,25.3019723758,1468239781.0,4924050327,4924050335
4924050335,51.5004851039,25.3019757121,1468239785.0,4924050329,4924050348
4924050348,51.5004851039,25.3019757121,1468239787.0,4924050335,4924052045
4924052045,51.5004854382,25.3019738035,1468239789.0,4924050348,4924052046
4924052046,51.500485817,25.3019716374,1468239791.0,4924052045,4924052047
4924052047,51.5004862394,25.3019692066,1468239793.0,4924052046,4924052048
4924052048,51.5004867037,25.3019665084,1468239795.0,4924052047,4924052050
4924052050,51.5004872387,25.3019633634,1468239797.0,4924052048,4924052052
4924052052,51.500488352,25.3019559944,1468239799.0,4924052050,4924052053
4924052053,51.5004974997,25.3021641356,1468239805.0,4924052052,4924052056
4924052056,51.5004968567,25.3021626397,1468239807.0,4924052053,4924052058
4924052058,51.5004967727,25.3021667009,1468239809.0,4924052056,4924052059
4924052059,51.5004973645,25.3021705986,1468239811.0,4924052058,4924052060
4924052060,51.5004971326,25.3021678869,1468239813.0,4924052059,4924052061
4924052061,51.5004974907,25.3021653518,1468239816.0,4924052060,4924052063
4924052063,51.5005229224,25.3023832537,1468239818.0,4924052061,4924052064
4924052064,51.5005227385,25.3023835683,1468239818.0,4924052063,4924053707
4924053707,51.5005226034,25.3023826194,1468239820.0,4924052064,4924053708
4924053708,51.5005225688,25.3023821608,1468239822.0,4924053707,4924053709
4924053709,51.500522546,25.3023817835,1468239824.0,4924053708,4924053711
4924053711,51.5005224861,25.3023811679,1468239826.0,4924053709,4924053713
4924053713,51.5005226407,25.3023816442,1468239828.0,4924053711,4924053716
4924053716,51.5005227096,25.3023819631,1468239830.0,4924053713,4924053720
4924053720,51.5005227813,25.3023823663,1468239832.0,4924053716,4924053722
4924053722,51.5005228704,25.3023831999,1468239834.0,4924053720,4924053724
4924053724,51.500522604,25.3023832715,1468239836.0,4924053722,4924053727
4924053727,51.5005212276,25.3022260972,1468239841.0,4924053724,4924053729
4924053729,51.5005226385,25.3022272032,1468239843.0,4924053727,4924053731
4924053731,51.5005204457,25.3022253755,1468239847.0,4924053729,4924055484
4924055484,51.500518915,25.3022242366,1468239849.0,4924053731,4924055486
4924055486,51.5005179176,25.3022235529,1468239854.0,4924055484,4924055488
4924055488,51.5005173357,25.3022231108,1468239856.0,4924055486,4924055490
4924055490,51.5005171199,25.3022229015,1468239858.0,4924055488,4924055491
4924055491,51.5005171199,25.3022229015,1468239860.0,4924055490,4924055492
4924055492,51.5005171199,25.3022229015,1468239862.0,4924055491,4924055493
4924055493,51.5005171199,25.3022229015,1468239864.0,4924055492,4924055496
4924055496,51.5005171199,25.3022229015,1468239866.0,4924055493,4924055497
4924055497,51.5005171199,25.3022229015,1468239868.0,4924055496,4924055498
4924055498,51.5005171199,25.3022229015,1468239870.0,4924055497,4924055499
4924055499,51.5005171199,25.3022229015,1468239873.0,4924055498,4924055500
4924055500,51.5005171199,25.3022229015,1468239875.0,4924055499,4924055503
4924055503,51.5005171199,25.3022229015,1468239877.0,4924055500,4924057216
4924057216,51.5005171199,25.3022229015,1468239879.0,4924055503,4924057217
4924057217,51.5005171199,25.3022229015,1468239884.0,4924057216,4924057220
4924057220,51.5005171199,25.3022229015,1468239886.0,4924057217,4924057223
4924057223,51.5005171199,25.3022229015,1468239888.0,4924057220,4924057225
4924057225,51.5005171199,25.3022229015,1468239890.0,4924057223,4924057227
4924057227,51.5005171199,25.3022229015,1468239892.0,4924057225,4924057230
4924057230,51.5005171199,25.3022229015,1468239894.0,4924057227,4924057231
4924057231,51.5005171199,25.3022229015,1468239897.0,4924057230,None
