4921226560,51.4959596619,25.3104700357,1468185103.0,None,4921226595
4921226595,51.4964566473,25.3107966192,1468185108.0,4921226560,4921226628
4921226628,51.4965104291,25.3108742409,1468185109.0,4921226595,4921226657
4921226657,51.4965417793,25.3109441772,1468185110.0,4921226628,4921226687
4921226687,51.4965550659,25.3110215088,1468185111.0,4921226657,4921226724
4921226724,51.4965468476,25.3111264835,1468185112.0,4921226687,4921226769
4921226769,51.4965025185,25.3112591858,1468185113.0,4921226724,4921226806
4921226806,51.4959817352,25.3125147243,1468185122.0,4921226769,4921226845
4921226845,51.495759995,25.3134287752,1468185128.0,4921226806,4921226866
4921226866,51.4956640082,25.3146754988,1468185137.0,4921226845,4921226912
4921226912,51.4958003153,25.3160237937,1468185147.0,4921226866,4921226938
4921226938,51.4958969884,25.3163135948,1468185149.0,4921226912,4921226973
4921226973,51.4959728511,25.3164173205,1468185150.0,4921226938,4921227014
4921227014,51.4960833695,25.3165186087,1468185152.0,4921226973,4921227059
4921227059,51.4961777018,25.3165724547,1468185153.0,4921227014,4921227762
4921227762,51.4962485672,25.3165945572,1468185153.0,4921227059,4921227787
4921227787,51.4963393644,25.3166008809,1468185154.0,4921227762,4921227815
4921227815,51.4963801603,25.3165916817,1468185155.0,4921227787,4921228556
4921228556,51.4964360805,25.3165724486,1468185156.0,4921227815,4921228585
4921228585,51.4965585417,25.3165517723,1468185157.0,4921228556,4921228617
4921228617,51.4966212527,25.3165596677,1468185158.0,4921228585,4921228649
4921228649,51.4966633988,25.3165744055,1468185158.0,4921228617,4921228694
4921228694,51.4966990528,25.3165973272,1468185159.0,4921228649,4921228727
4921228727,51.4970741527,25.31686118,1468185164.0,4921228694,4921228754
4921228754,51.497325344,25.317035207,1468185167.0,4921228727,4921228806
4921228806,51.4974319977,25.3170717629,1468185168.0,4921228754,4921228843
4921228843,51.4975231177,25.3170787979,1468185169.0,4921228806,4921228876
4921228876,51.4975892807,25.3170673212,1468185170.0,4921228843,4921229591
4921229591,51.4976797259,25.3170355008,1468185171.0,4921228876,4921229631
4921229631,51.4987778392,25.3165685502,1468185180.0,4921229591,4921229666
4921229666,51.5004118224,25.315856004,1468185190.0,4921229631,4921242823
4921242823,51.5021788,25.3150856,1468185200.0,4921229666,None
