4921941921,51.5020783,25.2670091,1468203210.0,None,4921960959
4921960959,51.5018315,25.2811086,1468203622.0,4921941921,4921961168
4921961168,51.5003458798,25.2810270948,1468203632.0,4921960959,4921961910
4921961910,51.4990282055,25.2809472625,1468203642.0,4921961168,4921961967
4921961967,51.4987764873,25.2808956466,1468203645.0,4921961910,4921962273
4921962273,51.4982655267,25.2806927366,1468203653.0,4921961967,4921962505
4921962505,51.4979039871,25.2805765889,1468203658.0,4921962273,4921963018
4921963018,51.4969319255,25.2804748777,1468203668.0,4921962505,4921963478
4921963478,51.4959678,25.2804496,1468203677.0,4921963018,4921963593
4921963593,51.4958411357,25.2804905921,1468203679.0,4921963478,4921963760
4921963760,51.4957083626,25.2805455238,1468203683.0,4921963593,4921964252
4921964252,51.4955062696,25.2806621092,1468203692.0,4921963760,4921964380
4921964380,51.4954653195,25.280676602,1468203694.0,4921964252,4921964436
4921964436,51.4954385325,25.2806765507,1468203695.0,4921964380,4921964966
4921964966,51.4954021579,25.2806742468,1468203705.0,4921964436,4921965494
4921965494,51.4954353,25.2806743,1468203715.0,4921964966,4921966069
4921966069,51.4954901581,25.2806737652,1468203725.0,4921965494,4921966597
4921966597,51.4955107507,25.2806722596,1468203735.0,4921966069,4921967137
4921967137,51.495539099,25.2806831056,1468203745.0,4921966597,4921967647
4921967647,51.4955711675,25.2806839691,1468203755.0,4921967137,4921968236
4921968236,51.4956084026,25.2806690192,1468203765.0,4921967647,4921968781
4921968781,51.4956463739,25.2806600009,1468203775.0,4921968236,4921969271
4921969271,51.4956622644,25.2806601678,1468203785.0,4921968781,4921969796
4921969796,51.4957255391,25.2806670707,1468203795.0,4921969271,4921970229
4921970229,51.4957987313,25.2806779317,1468203805.0,4921969796,None
