4925240336,51.4880458262,25.2725584541,1468257851.0,None,4925240881
4925240881,51.4880504281,25.2725536508,1468257861.0,4925240336,4925241423
4925241423,51.4880505776,25.2725419149,1468257871.0,4925240881,4925241992
4925241992,51.488047308,25.272535191,1468257881.0,4925241423,4925242510
4925242510,51.4880059071,25.2725183253,1468257891.0,4925241992,4925243022
4925243022,51.4879715,25.2724906,1468257901.0,4925242510,4925243618
4925243618,51.4879708,25.2724725,1468257911.0,4925243022,4925244450
4925244450,51.4880505,25.2724933,1468257926.0,4925243618,4925245009
4925245009,51.4880304552,25.2724985458,1468257936.0,4925244450,4925245527
4925245527,51.4880197595,25.2724961063,1468257946.0,4925245009,4925246059
4925246059,51.4880184637,25.2725039153,1468257956.0,4925245527,4925246608
4925246608,51.4880126037,25.2725069452,1468257966.0,4925246059,4925247138
4925247138,51.4880093553,25.2725056614,1468257976.0,4925246608,4925247722
4925247722,51.4880052725,25.2725085575,1468257986.0,4925247138,4925248236
4925248236,51.4880011481,25.2725135105,1468257996.0,4925247722,4925248794
4925248794,51.4879993407,25.272515903,1468258006.0,4925248236,4925249360
4925249360,51.4879995394,25.2725093415,1468258016.0,4925248794,4925249903
4925249903,51.488011185,25.2725187844,1468258026.0,4925249360,4925250492
4925250492,51.4880234776,25.2725278649,1468258036.0,4925249903,None
