4922930220,51.4451193937,25.2953966332,1468219374.0,None,4922930752
4922930752,51.4464371079,25.2963550556,1468219384.0,4922930220,4922931396
4922931396,51.4468151356,25.2965924202,1468219391.0,4922930752,4922931942
4922931942,51.4469005876,25.2966148087,1468219392.0,4922931396,4922931997
4922931997,51.4470746046,25.2966711751,1468219394.0,4922931942,4922932252
4922932252,51.4471304889,25.2967091983,1468219395.0,4922931997,4922933119
4922933119,51.4471770599,25.2967560136,1468219396.0,4922932252,4922933184
4922933184,51.4472091257,25.2968130038,1468219397.0,4922933119,4922933228
4922933228,51.4472282137,25.2968747333,1468219397.0,4922933184,4922933261
4922933261,51.4472319296,25.2969377669,1468219398.0,4922933228,4922933297
4922933297,51.4472233078,25.2970019295,1468219399.0,4922933261,4922933328
4922933328,51.4471879871,25.2970866249,1468219400.0,4922933297,4922933360
4922933360,51.4470039461,25.2975425462,1468219405.0,4922933328,4922933413
4922933413,51.4470051789,25.2976881769,1468219406.0,4922933360,4922933452
4922933452,51.4470966522,25.2981796648,1468219410.0,4922933413,4922933496
4922933496,51.4473013768,25.2987383415,1468219414.0,4922933452,4922933547
4922933547,51.4476598564,25.2993297138,1468219419.0,4922933496,4922933584
4922933584,51.4480935109,25.2997815971,1468219423.0,4922933547,4922934003
4922934003,51.4491827084,25.3007403844,1468219432.0,4922933584,4922934705
4922934705,51.4503596233,25.301741934,1468219442.0,4922934003,4922935389
4922935389,51.451682036,25.3027680558,1468219452.0,4922934705,4922936048
4922936048,51.4530022521,25.3036416663,1468219462.0,4922935389,4922936733
4922936733,51.4536572031,25.3040481725,1468219472.0,4922936048,4922936947
4922936947,51.4538448788,25.3041449002,1468219475.0,4922936733,4922937057
4922937057,51.4538802274,25.3041841653,1468219475.0,4922936947,4922937118
4922937118,51.4539042586,25.3042291403,1468219476.0,4922937057,4922937174
4922937174,51.4539234662,25.304298118,1468219477.0,4922937118,4922937216
4922937216,51.4539293362,25.3043956478,1468219478.0,4922937174,4922937571
4922937571,51.4539524503,25.3047905205,1468219483.0,4922937216,4922937658
4922937658,51.4539975119,25.304896078,1468219484.0,4922937571,4922938360
4922938360,51.4544310519,25.3057514275,1468219494.0,4922937658,4922938745
4922938745,51.454643461,25.3064547059,1468219500.0,4922938360,4922939327
4922939327,51.4547521662,25.3075032326,1468219508.0,4922938745,4922939794
4922939794,51.4546192457,25.3084619931,1468219515.0,4922939327,4922940776
4922940776,51.454324556,25.3092987463,1468219521.0,4922939794,4922940828
4922940828,51.4536446374,25.3105265276,1468219531.0,4922940776,4922941604
4922941604,51.4529410598,25.3117453157,1468219541.0,4922940828,4922942293
4922942293,51.4522331347,25.3128460793,1468219551.0,4922941604,4922942456
4922942456,51.4521626545,25.3129926256,1468219553.0,4922942293,4922942512
4922942512,51.4521593986,25.3130401062,1468219554.0,4922942456,4922942575
4922942575,51.4521697244,25.3130704126,1468219555.0,4922942512,4922942646
4922942646,51.4521820982,25.3130857152,1468219555.0,4922942575,4922942710
4922942710,51.4521966858,25.3130989006,1468219556.0,4922942646,4922942763
4922942763,51.4522145472,25.3131098552,1468219556.0,4922942710,4922942825
4922942825,51.4522343196,25.3131178229,1468219557.0,4922942763,4922942880
4922942880,51.452272502,25.3131260024,1468219558.0,4922942825,4922942913
4922942913,51.4523606,25.313136,1468219559.0,4922942880,4922943525
4922943525,51.4531785,25.3132705,1468219569.0,4922942913,4922944148
4922944148,51.4542035,25.3134005,1468219579.0,4922943525,4922944804
4922944804,51.4548325,25.3134533,1468219589.0,4922944148,4922945439
4922945439,51.4557461,25.3134863,1468219599.0,4922944804,4922946012
4922946012,51.4568398,25.3134916,1468219609.0,4922945439,4922946636
4922946636,51.4575185,25.3134081,1468219619.0,4922946012,4922947168
4922947168,51.458097,25.3132563,1468219626.0,4922946636,4922947755
4922947755,51.4591365,25.3128931,1468219636.0,4922947168,4922948402
4922948402,51.459918,25.3126726,1468219646.0,4922947755,4922948590
4922948590,51.460031,25.3126025,1468219648.0,4922948402,4922948983
4922948983,51.4604403,25.3122416,1468219654.0,4922948590,4922949047
4922949047,51.4605268,25.3122178,1468219655.0,4922948983,4922949097
4922949097,51.4606151,25.3122131,1468219656.0,4922949047,4922949151
4922949151,51.4606831,25.3122235,1468219656.0,4922949097,4922949185
4922949185,51.4607483,25.3122478,1468219657.0,4922949151,4922949214
4922949214,51.4608075196,25.3122849426,1468219658.0,4922949185,4922949256
4922949256,51.4608623,25.3123341,1468219659.0,4922949214,4922949560
4922949560,51.4612161487,25.312663152,1468219663.0,4922949256,4922949662
4922949662,51.4613464257,25.3127142397,1468219664.0,4922949560,4922950231
4922950231,51.4624443773,25.3129423475,1468219671.0,4922949662,4922951075
4922951075,51.4640850336,25.3130862049,1468219680.0,4922950231,4922951377
4922951377,51.4658835178,25.3130904593,1468219690.0,4922951075,4922952014
4922952014,51.4676785058,25.3131082677,1468219700.0,4922951377,4922952749
4922952749,51.4693853071,25.3131123503,1468219710.0,4922952014,4922954875
4922954875,51.4739115262,25.3136132572,1468219739.0,4922952749,4922955572
4922955572,51.4755007806,25.3137195425,1468219749.0,4922954875,4922956466
4922956466,51.4770427795,25.313849803,1468219759.0,4922955572,4922957285
4922957285,51.4783762958,25.3139635552,1468219769.0,4922956466,4922957488
4922957488,51.4785356432,25.3139640954,1468219772.0,4922957285,4922957770
4922957770,51.4785945586,25.3139482493,1468219775.0,4922957488,4922958055
4922958055,51.4787422734,25.3139159704,1468219778.0,4922957770,4922958147
4922958147,51.4787890074,25.3139246317,1468219779.0,4922958055,4922958214
4922958214,51.4788383707,25.3139444429,1468219780.0,4922958147,4922958388
4922958388,51.4790779994,25.3140225144,1468219782.0,4922958214,4922959050
4922959050,51.4804533435,25.3141512227,1468219792.0,4922958388,4922959821
4922959821,51.4821750458,25.3142920467,1468219802.0,4922959050,4922960575
4922960575,51.483710151,25.3144147371,1468219812.0,4922959821,4922960990
4922960990,51.4839451082,25.3144152395,1468219817.0,4922960575,4922961078
4922961078,51.4840024819,25.3143984859,1468219818.0,4922960990,4922961192
4922961192,51.4841136087,25.3143754842,1468219820.0,4922961078,4922961258
4922961258,51.4841572996,25.3143808028,1468219820.0,4922961192,4922961396
4922961396,51.484226547,25.3144038419,1468219821.0,4922961258,4922961500
4922961500,51.48451814,25.3144756736,1468219824.0,4922961396,4922962270
4922962270,51.4860895593,25.3146085954,1468219833.0,4922961500,4922962623
4922962623,51.486618227,25.3146297251,1468219838.0,4922962270,4922963690
4922963690,51.4867178849,25.3146149432,1468219847.0,4922962623,4922963761
4922963761,51.4870611188,25.3145293417,1468219853.0,4922963690,4922963831
4922963831,51.4871186248,25.3145448861,1468219854.0,4922963761,4922963878
4922963878,51.4871663208,25.3145730496,1468219855.0,4922963831,4922963947
4922963947,51.4871933755,25.3145994844,1468219855.0,4922963878,4922964020
4922964020,51.4872242237,25.3146450449,1468219856.0,4922963947,4922964077
4922964077,51.4872442397,25.3147000057,1468219857.0,4922964020,4922964124
4922964124,51.487252386,25.3147810028,1468219858.0,4922964077,4922964188
4922964188,51.4872375104,25.314862556,1468219859.0,4922964124,4922964249
4922964249,51.4872010364,25.3149568036,1468219860.0,4922964188,4922964287
4922964287,51.4871522254,25.3151203615,1468219862.0,4922964249,4922964874
4922964874,51.4870450493,25.3162977917,1468219871.0,4922964287,4922965573
4922965573,51.4868864485,25.3179415557,1468219881.0,4922964874,4922966216
4922966216,51.4867712641,25.3195971813,1468219891.0,4922965573,4922966929
4922966929,51.4866548444,25.3211396074,1468219901.0,4922966216,4922967162
4922967162,51.4866613444,25.321540572,1468219905.0,4922966929,4922967261
4922967261,51.4866949779,25.3216138849,1468219906.0,4922967162,4922967300
4922967300,51.4867221279,25.3216434017,1468219906.0,4922967261,4922967408
4922967408,51.486755093,25.3216677509,1468219907.0,4922967300,4922967452
4922967452,51.4867908,25.3216820175,1468219907.0,4922967408,4922967522
4922967522,51.4868565973,25.3216978016,1468219908.0,4922967452,4922967583
4922967583,51.4869298138,25.3216973621,1468219909.0,4922967522,4922967628
4922967628,51.4869803897,25.3216847629,1468219909.0,4922967583,4922967731
4922967731,51.4874121512,25.3215453427,1468219913.0,4922967628,4922968375
4922968375,51.4888796667,25.3209572319,1468219922.0,4922967731,4922969047
4922969047,51.4905139305,25.3202386346,1468219932.0,4922968375,4922969703
4922969703,51.492109557,25.319527122,1468219942.0,4922969047,4922970309
4922970309,51.4936613393,25.3188467301,1468219952.0,4922969703,4922971009
4922971009,51.4950235617,25.3182395975,1468219962.0,4922970309,4922971056
4922971056,51.4951879622,25.3181447215,1468219964.0,4922971009,4922971105
4922971105,51.4952428723,25.3180897168,1468219965.0,4922971056,None
