4925257259,51.4966022526,25.2901451656,1468258155.0,None,4925257788
4925257788,51.4965956535,25.2901503286,1468258165.0,4925257259,4925258119
4925258119,51.4965299245,25.2902030754,1468258171.0,4925257788,4925258240
4925258240,51.4965128866,25.2902187669,1468258172.0,4925258119,4925258747
4925258747,51.4964901822,25.2902503244,1468258182.0,4925258240,4925259291
4925259291,51.4964763183,25.2902463514,1468258192.0,4925258747,4925259932
4925259932,51.4964665721,25.2902527368,1468258202.0,4925259291,4925260473
4925260473,51.496461213,25.2902565481,1468258212.0,4925259932,4925261112
4925261112,51.4964707321,25.2902578053,1468258222.0,4925260473,4925261659
4925261659,51.4964740543,25.2902614084,1468258232.0,4925261112,4925262288
4925262288,51.4964724685,25.2902740609,1468258242.0,4925261659,4925262856
4925262856,51.4964879771,25.2902728107,1468258252.0,4925262288,4925263402
4925263402,51.4965227371,25.2902656976,1468258262.0,4925262856,4925263935
4925263935,51.4965901281,25.2902177005,1468258272.0,4925263402,4925264505
4925264505,51.4965189142,25.2902822868,1468258282.0,4925263935,4925269467
4925269467,51.4963925191,25.2904308167,1468258373.0,4925264505,4925269921
4925269921,51.4964563577,25.2909070065,1468258383.0,4925269467,4925270445
4925270445,51.4966013009,25.2916785697,1468258393.0,4925269921,4925271052
4925271052,51.4966832837,25.2918473529,1468258395.0,4925270445,4925271113
4925271113,51.4967138823,25.2918777646,1468258396.0,4925271052,4925271151
4925271151,51.4967701861,25.2919118897,1468258397.0,4925271113,4925271236
4925271236,51.4968675527,25.291950667,1468258399.0,4925271151,4925271287
4925271287,51.4970144286,25.2920395228,1468258401.0,4925271236,4925271339
4925271339,51.4970520476,25.2920889558,1468258402.0,4925271287,4925271390
4925271390,51.497062132,25.292137685,1468258403.0,4925271339,4925271431
4925271431,51.4970758102,25.29222164,1468258404.0,4925271390,4925271464
4925271464,51.4970625906,25.2922515737,1468258405.0,4925271431,4925271497
4925271497,51.4970190254,25.2923882632,1468258407.0,4925271464,4925271530
4925271530,51.4969863556,25.2924362546,1468258408.0,4925271497,4925271573
4925271573,51.4969189236,25.2924988225,1468258410.0,4925271530,4925271611
4925271611,51.4968751016,25.2925240282,1468258410.0,4925271573,4925271670
4925271670,51.496809012,25.2925494248,1468258411.0,4925271611,4925271733
4925271733,51.4967207007,25.2925643365,1468258413.0,4925271670,4925271774
4925271774,51.4966397997,25.292562746,1468258414.0,4925271733,4925271817
4925271817,51.4965512067,25.2925363784,1468258415.0,4925271774,4925271895
4925271895,51.4962040599,25.2924538987,1468258420.0,4925271817,4925271948
4925271948,51.4960991904,25.2924666219,1468258421.0,4925271895,4925272465
4925272465,51.495148676,25.292641715,1468258431.0,4925271948,4925273067
4925273067,51.4940277779,25.2928276243,1468258441.0,4925272465,4925273595
4925273595,51.4926630944,25.2930448142,1468258451.0,4925273067,4925274168
4925274168,51.4912591032,25.293201714,1468258461.0,4925273595,4925274696
4925274696,51.4898826144,25.2931362979,1468258471.0,4925274168,4925275173
4925275173,51.4886268443,25.2930234503,1468258480.0,4925274696,4925275457
4925275457,51.4879242832,25.2931218243,1468258484.0,4925275173,4925275674
4925275674,51.4872802611,25.2933361333,1468258489.0,4925275457,4925276171
4925276171,51.4858934346,25.2939637774,1468258499.0,4925275674,4925276472
4925276472,51.485033809,25.2942011666,1468258505.0,4925276171,4925276938
4925276938,51.4836096424,25.2944269854,1468258514.0,4925276472,4925277444
4925277444,51.4819360791,25.2946914793,1468258524.0,4925276938,4925278380
4925278380,51.4801615131,25.2949185324,1468258534.0,4925277444,4925278610
4925278610,51.4783394049,25.2950939496,1468258544.0,4925278380,4925279179
4925279179,51.4765367433,25.2951965275,1468258554.0,4925278610,4925280498
4925280498,51.474764089,25.2952432275,1468258564.0,4925279179,4925280534
4925280534,51.4729815301,25.2952326322,1468258574.0,4925280498,4925280806
4925280806,51.471097887,25.2951640437,1468258584.0,4925280534,4925281177
4925281177,51.4699872618,25.2950983374,1468258590.0,4925280806,4925281357
4925281357,51.4694989911,25.2949300377,1468258593.0,4925281177,4925281926
4925281926,51.4682425324,25.2944684025,1468258603.0,4925281357,4925282319
4925282319,51.4672548177,25.2943313138,1468258610.0,4925281926,4925282635
4925282635,51.4664933097,25.2943442946,1468258615.0,4925282319,4925282689
4925282689,51.4663945875,25.294366517,1468258616.0,4925282635,4925282744
4925282744,51.4663304695,25.2943969288,1468258617.0,4925282689,4925282789
4925282789,51.466256377,25.2944537757,1468258618.0,4925282744,4925282839
4925282839,51.4662157651,25.2945085691,1468258619.0,4925282789,4925282888
4925282888,51.4661909403,25.2945722111,1468258620.0,4925282839,4925282935
4925282935,51.4661694839,25.2946862713,1468258621.0,4925282888,4925283495
4925283495,51.4660317711,25.2958030951,1468258631.0,4925282935,4925283923
4925283923,51.4658495337,25.2967429184,1468258638.0,4925283495,4925284272
4925284272,51.4655108991,25.2974987678,1468258643.0,4925283923,4925284588
4925284588,51.4649871,25.2982076,1468258649.0,4925284272,4925284975
4925284975,51.4643101,25.2989276,1468258656.0,4925284588,4925285110
4925285110,51.4642238,25.299123,1468258658.0,4925284975,4925285180
4925285180,51.4641992951,25.2992343212,1468258660.0,4925285110,4925285230
4925285230,51.464202978,25.2993058794,1468258661.0,4925285180,4925285321
4925285321,51.4642326257,25.2994080261,1468258662.0,4925285230,4925285553
4925285553,51.4643293893,25.2996685284,1468258666.0,4925285321,4925285624
4925285624,51.4643222308,25.2997249559,1468258667.0,4925285553,4925285664
4925285664,51.4643009231,25.2997773263,1468258668.0,4925285624,4925285703
4925285703,51.4642653403,25.2998231814,1468258668.0,4925285664,4925285757
4925285757,51.4642191127,25.2998600934,1468258669.0,4925285703,4925285821
4925285821,51.4641485,25.2999021,1468258670.0,4925285757,4925285883
4925285883,51.4640858,25.299918,1468258671.0,4925285821,4925285942
4925285942,51.464021,25.2999243,1468258672.0,4925285883,4925286030
4925286030,51.4639316,25.2999163,1468258673.0,4925285942,4925286096
4925286096,51.4636606,25.299909,1468258675.0,4925286030,4925286159
4925286159,51.4635318,25.2999431,1468258677.0,4925286096,4925286695
4925286695,51.4624426,25.3003691,1468258686.0,4925286159,4925287365
4925287365,51.4610048,25.3009966,1468258696.0,4925286695,4925287864
4925287864,51.4594665,25.301706,1468258706.0,4925287365,4925288384
4925288384,51.457894,25.3024355,1468258716.0,4925287864,4925288976
4925288976,51.4563676,25.3031478,1468258726.0,4925288384,4925289522
4925289522,51.4549626,25.303809,1468258736.0,4925288976,4925290128
4925290128,51.4540765991,25.3042268003,1468258746.0,4925289522,4925290230
4925290230,51.4540093334,25.3042830782,1468258747.0,4925290128,4925290308
4925290308,51.4539583318,25.304348062,1468258749.0,4925290230,4925290398
4925290398,51.4539269335,25.3044245255,1468258750.0,4925290308,4925290493
4925290493,51.4539070275,25.304531858,1468258752.0,4925290398,4925290657
4925290657,51.4539062759,25.3047110252,1468258754.0,4925290493,None
