4922502541,51.46609,25.32618,1468213113.0,None,4922502542
4922502542,51.46672,25.32625,1468213118.0,4922502541,4922504468
4922504468,51.46701,25.32587,1468213123.0,4922502542,4922504469
4922504469,51.4673400003,25.3252800003,1468213128.0,4922504468,4922504470
4922504470,51.4676700001,25.3246300001,1468213133.0,4922504469,4922504473
4922504473,51.46784,25.32418,1468213138.0,4922504470,4922504476
4922504476,51.4681,25.32377,1468213143.0,4922504473,4922504477
4922504477,51.468470001,25.3232400011,1468213148.0,4922504476,4922506555
4922506555,51.4688300007,25.3225400007,1468213153.0,4922504477,4922506558
4922506558,51.4692100002,25.3216900002,1468213158.0,4922506555,4922506559
4922506559,51.4694900015,25.3210400012,1468213163.0,4922506558,4922506561
4922506561,51.4695700001,25.32076,1468213168.0,4922506559,4922506562
4922506562,51.4696699036,25.3203195323,1468213173.0,4922506561,4922506564
4922506564,51.4699206202,25.3197304588,1468213178.0,4922506562,4922508583
4922508583,51.4701402891,25.3189402176,1468213183.0,4922506564,4922508584
4922508584,51.4703500165,25.3180600069,1468213188.0,4922508583,4922508586
4922508586,51.4705000027,25.317090001,1468213193.0,4922508584,4922508588
4922508588,51.4706800004,25.3161000002,1468213198.0,4922508586,4922508589
4922508589,51.4708700011,25.3152700005,1468213203.0,4922508588,4922508592
4922508592,51.4711300487,25.3142300204,1468213207.0,4922508589,4922508593
4922508593,51.4711800835,25.3140200333,1468213208.0,4922508592,4922510649
4922510649,51.4714205788,25.3130402614,1468213213.0,4922508593,4922510654
4922510654,51.4716204021,25.3120302328,1468213218.0,4922510649,4922510655
4922510655,51.4718205639,25.3110802227,1468213223.0,4922510654,4922510656
4922510656,51.4720106817,25.3101803057,1468213228.0,4922510655,4922510657
4922510657,51.4721804958,25.3093001949,1468213233.0,4922510656,4922510659
4922510659,51.4723603075,25.3083601287,1468213238.0,4922510657,4922510660
4922510660,51.4725501752,25.3073700966,1468213243.0,4922510659,4922512626
4922512626,51.4727401138,25.306340044,1468213248.0,4922510660,4922512628
4922512628,51.4729803245,25.3052401367,1468213253.0,4922512626,4922512630
4922512630,51.473140141,25.3043500546,1468213257.0,4922512628,4922512631
4922512631,51.4731901405,25.3041000538,1468213258.0,4922512630,4922512632
4922512632,51.4733600077,25.3031100036,1468213262.0,4922512631,4922512633
4922512633,51.4734000024,25.3028600011,1468213263.0,4922512632,4922512635
4922512635,51.4736000002,25.3018000001,1468213267.0,4922512633,4922512636
4922512636,51.4736600004,25.3015200002,1468213268.0,4922512635,4922512637
4922512637,51.4738500001,25.30047,1468213272.0,4922512636,4922512642
4922512642,51.4739000001,25.30022,1468213273.0,4922512637,4922514951
4922514951,51.47408,25.29922,1468213277.0,4922512642,4922514952
4922514952,51.4741400002,25.2989800001,1468213278.0,4922514951,4922514954
4922514954,51.4743300011,25.2980600005,1468213282.0,4922514952,4922514958
4922514958,51.4743800027,25.2978100011,1468213283.0,4922514954,4922514962
4922514962,51.4745700606,25.2969000196,1468213287.0,4922514958,4922514963
4922514963,51.4745800133,25.2967000043,1468213288.0,4922514962,4922514966
4922514966,51.4750299156,25.2958099772,1468213293.0,4922514963,4922514970
4922514970,51.47582,25.29519,1468213298.0,4922514966,4922514972
4922514972,51.4769400001,25.2948999961,1468213303.0,4922514970,4922517022
4922517022,51.47801,25.2948299998,1468213307.0,4922514972,4922517025
4922517025,51.47829,25.2948099998,1468213308.0,4922517022,4922517026
4922517026,51.47955,25.2947,1468213312.0,4922517025,4922517028
4922517028,51.47986,25.2946599999,1468213313.0,4922517026,4922517029
4922517029,51.48112,25.29446,1468213317.0,4922517028,4922517030
4922517030,51.48143,25.29442,1468213318.0,4922517029,4922517031
4922517031,51.4827,25.29423,1468213322.0,4922517030,4922517033
4922517033,51.4827,25.29423,1468213323.0,4922517031,4922517035
4922517035,51.48392,25.29406,1468213326.0,4922517033,4922517039
4922517039,51.4845,25.29397,1468213328.0,4922517035,4922517040
4922517040,51.48549,25.29376,1468213332.0,4922517039,4922517041
4922517041,51.48573,25.29371,1468213333.0,4922517040,4922519090
4922519090,51.4867,25.29332,1468213337.0,4922517041,4922519091
4922519091,51.48692,25.29322,1468213338.0,4922519090,4922519093
4922519093,51.48788,25.29285,1468213342.0,4922519091,4922519095
4922519095,51.48812,25.2928,1468213343.0,4922519093,4922519097
4922519097,51.48914,25.29278,1468213347.0,4922519095,4922519100
4922519100,51.48938,25.29281,1468213348.0,4922519097,4922519101
4922519101,51.49042,25.29293,1468213352.0,4922519100,4922519102
4922519102,51.49068,25.29292,1468213353.0,4922519101,4922519103
4922519103,51.49172,25.29287,1468213357.0,4922519102,4922519104
4922519104,51.49198,25.29284,1468213358.0,4922519103,4922519105
4922519105,51.49308,25.29268,1468213362.0,4922519104,4922519106
4922519106,51.49335,25.29262,1468213363.0,4922519105,4922521214
4922521214,51.49452,25.29238,1468213368.0,4922519106,4922521216
4922521216,51.49562,25.29221,1468213373.0,4922521214,4922521218
4922521218,51.4963307779,25.2919807291,1468213378.0,4922521216,4922521220
4922521220,51.4963412056,25.2914196523,1468213383.0,4922521218,4922521222
4922521222,51.496261319,25.2910496079,1468213388.0,4922521220,4922521226
4922521226,51.4961412675,25.2904196135,1468213393.0,4922521222,4922521229
4922521229,51.4960009403,25.2895496686,1468213398.0,4922521226,4922523230
4922523230,51.4958988891,25.288610417,1468213403.0,4922521229,4922523234
4922523234,51.4957190911,25.2876603573,1468213408.0,4922523230,4922523236
4922523236,51.4955597488,25.2866700956,1468213413.0,4922523234,4922523237
4922523237,51.4953896839,25.2857801191,1468213418.0,4922523236,4922523239
4922523239,51.4952096851,25.2848001103,1468213423.0,4922523237,4922523240
4922523240,51.4949996456,25.2837701449,1468213428.0,4922523239,4922525094
4922525094,51.49479,25.28279,1468213433.0,4922523240,4922525096
4922525096,51.4946999955,25.2820000022,1468213438.0,4922525094,4922525097
4922525097,51.4946399986,25.2816600006,1468213443.0,4922525096,4922525098
4922525098,51.4946299995,25.2815600002,1468213448.0,4922525097,4922525099
4922525099,51.4945700324,25.2813601036,1468213453.0,4922525098,4922525100
4922525100,51.4945310712,25.2811996502,1468213458.0,4922525099,4922527118
4922527118,51.4945202631,25.2811907987,1468213463.0,4922525100,4922527120
4922527120,51.4945202663,25.2811907869,1468213468.0,4922527118,4922527121
4922527121,51.4945087263,25.2811799479,1468213473.0,4922527120,4922527122
4922527122,51.4945119253,25.2811812323,1468213478.0,4922527121,4922527123
4922527123,51.4945103761,25.2811812709,1468213483.0,4922527122,4922527124
4922527124,51.4945098826,25.2811821091,1468213488.0,4922527123,4922529067
4922529067,51.4945100838,25.2811812469,1468213493.0,4922527124,4922529068
4922529068,51.4945119172,25.2811802657,1468213498.0,4922529067,4922529070
4922529070,51.4945214653,25.2812089119,1468213513.0,4922529068,4922529071
4922529071,51.494520437,25.281209119,1468213518.0,4922529070,4922529072
4922529072,51.4945200368,25.2812092257,1468213523.0,4922529071,4922530993
4922530993,51.4945212634,25.2812087462,1468213528.0,4922529072,4922530994
4922530994,51.494520712,25.2812100761,1468213533.0,4922530993,4922530995
4922530995,51.4945107355,25.2812087956,1468213538.0,4922530994,4922530996
4922530996,51.4945106773,25.2812097774,1468213543.0,4922530995,4922530998
4922530998,51.4945202204,25.2812091568,1468213548.0,4922530996,4922530999
4922530999,51.4945199001,25.2812090701,1468213553.0,4922530998,4922533003
4922533003,51.4945204236,25.2812090341,1468213558.0,4922530999,4922533004
4922533004,51.4945202344,25.2812091675,1468213563.0,4922533003,4922533005
4922533005,51.4945212446,25.2812087603,1468213568.0,4922533004,4922533006
4922533006,51.4945208736,25.2812099187,1468213573.0,4922533005,4922533009
4922533009,51.494499426,25.28119971,1468213583.0,4922533006,4922534981
4922534981,51.4943913591,25.280881405,1468213588.0,4922533009,4922534982
4922534982,51.4943699349,25.2808600488,1468213593.0,4922534981,4922534983
4922534983,51.4943701117,25.2808599137,1468213598.0,4922534982,4922534984
4922534984,51.4943700817,25.2808599395,1468213603.0,4922534983,4922534985
4922534985,51.4943701063,25.2808599186,1468213608.0,4922534984,4922534986
4922534986,51.4943701251,25.2808599006,1468213613.0,4922534985,4922536950
4922536950,51.4943701442,25.2808598823,1468213618.0,4922534986,4922536952
4922536952,51.4943701635,25.2808598638,1468213623.0,4922536950,4922536953
4922536953,51.494370183,25.2808598452,1468213628.0,4922536952,4922536954
4922536954,51.4943702025,25.2808598266,1468213633.0,4922536953,4922536955
4922536955,51.494370222,25.2808598079,1468213638.0,4922536954,None
