4924251858,51.4992740789,25.2994540036,1468242952.0,None,4924252127
4924252127,51.4992445802,25.2994724349,1468242956.0,4924251858,4924252187
4924252187,51.4992366196,25.2994860822,1468242957.0,4924252127,4924252429
4924252429,51.4991736516,25.2995488772,1468242960.0,4924252187,4924252488
4924252488,51.4991516911,25.2995534372,1468242961.0,4924252429,4924252561
4924252561,51.4991338857,25.2995505874,1468242961.0,4924252488,4924252657
4924252657,51.4991048357,25.2995402351,1468242962.0,4924252561,4924252712
4924252712,51.4990884614,25.2995257636,1468242963.0,4924252657,4924252767
4924252767,51.4990727097,25.299508403,1468242963.0,4924252712,4924252816
4924252816,51.499032448,25.2994596578,1468242964.0,4924252767,4924253356
4924253356,51.4988036,25.299164,1468242973.0,4924252816,4924253461
4924253461,51.4987965204,25.2991482603,1468242975.0,4924253356,4924253696
4924253696,51.4987964886,25.2990977045,1468242978.0,4924253461,4924253765
4924253765,51.4988040732,25.2990842966,1468242979.0,4924253696,4924253847
4924253847,51.498821493,25.2990638657,1468242979.0,4924253765,4924253886
4924253886,51.4988471114,25.2990434243,1468242980.0,4924253847,4924253966
4924253966,51.4989304281,25.298985559,1468242982.0,4924253886,4924254455
4924254455,51.4991162387,25.298860709,1468242989.0,4924253966,4924255080
4924255080,51.499119634,25.2988939168,1468242998.0,4924254455,4924255754
4924255754,51.4991519365,25.2989211264,1468243008.0,4924255080,4924256411
4924256411,51.4991715959,25.2989053027,1468243018.0,4924255754,4924257044
4924257044,51.4991804749,25.2988865015,1468243028.0,4924256411,4924257725
4924257725,51.4991737603,25.2988713895,1468243038.0,4924257044,4924258428
4924258428,51.499178555,25.2988643394,1468243048.0,4924257725,4924259086
4924259086,51.4991894175,25.2988645022,1468243058.0,4924258428,4924259770
4924259770,51.4992055943,25.2988659796,1468243068.0,4924259086,4924260526
4924260526,51.4992202793,25.2988843954,1468243078.0,4924259770,4924261123
4924261123,51.4992275656,25.2988897471,1468243088.0,4924260526,4924261805
4924261805,51.4992463437,25.2989020913,1468243098.0,4924261123,4924262498
4924262498,51.4992553333,25.2989019565,1468243108.0,4924261805,4924263542
4924263542,51.4997531173,25.2984851991,1468243125.0,4924262498,4924263622
4924263622,51.499754721,25.2984438555,1468243126.0,4924263542,4924263702
4924263702,51.4997511216,25.2984205003,1468243127.0,4924263622,4924263761
4924263761,51.499743655,25.2983962175,1468243127.0,4924263702,4924263958
4924263958,51.4997261617,25.2983541004,1468243128.0,4924263761,4924264042
4924264042,51.4996929589,25.2983209125,1468243129.0,4924263958,4924264070
4924264070,51.4996480419,25.2982848184,1468243129.0,4924264042,4924265091
4924265091,51.4988643581,25.2975053351,1468243138.0,4924264070,4924265159
4924265159,51.4981621223,25.2964300166,1468243148.0,4924265091,4924266000
4924266000,51.4973091115,25.2948522122,1468243158.0,4924265159,4924266266
4924266266,51.4968860811,25.2936436523,1468243168.0,4924266000,4924266875
4924266875,51.4968214555,25.2934461284,1468243178.0,4924266266,4924267583
4924267583,51.4968086321,25.293449108,1468243188.0,4924266875,4924268232
4924268232,51.4968017206,25.2934540492,1468243198.0,4924267583,4924268972
4924268972,51.4967997618,25.2934591162,1468243208.0,4924268232,4924269638
4924269638,51.4968079596,25.293461059,1468243218.0,4924268972,4924270266
4924270266,51.4968181127,25.2934616319,1468243228.0,4924269638,4924270934
4924270934,51.496789194,25.2933385683,1468243238.0,4924270266,4924271669
4924271669,51.4967233918,25.2930354549,1468243248.0,4924270934,4924272408
4924272408,51.4967049127,25.292940894,1468243258.0,4924271669,4924273142
4924273142,51.4967026292,25.2929368799,1468243268.0,4924272408,4924273774
4924273774,51.4966932082,25.2928766913,1468243278.0,4924273142,4924274475
4924274475,51.4966970076,25.292873087,1468243288.0,4924273774,4924275109
4924275109,51.4966891641,25.2928801975,1468243298.0,4924274475,4924275771
4924275771,51.4966920203,25.2928781023,1468243308.0,4924275109,4924276385
4924276385,51.4966917987,25.2928770784,1468243318.0,4924275771,4924277003
4924277003,51.4966964779,25.2928732932,1468243328.0,4924276385,4924277741
4924277741,51.4967015887,25.2928678337,1468243338.0,4924277003,4924278340
4924278340,51.4966770621,25.2927804189,1468243348.0,4924277741,4924278494
4924278494,51.4966433364,25.2926593213,1468243351.0,4924278340,4924278617
4924278617,51.4966000104,25.2925829034,1468243353.0,4924278494,4924278690
4924278690,51.4965619643,25.2925460856,1468243354.0,4924278617,4924279031
4924279031,51.4963868807,25.2923883097,1468243358.0,4924278690,4924279141
4924279141,51.4963451608,25.2922930172,1468243360.0,4924279031,4924279216
4924279216,51.4963392504,25.2922377185,1468243360.0,4924279141,4924279409
4924279409,51.4963451809,25.2921814354,1468243361.0,4924279216,4924296656
4924296656,51.4963776832,25.2920924844,1468243362.0,4924279409,4924296706
4924296706,51.4964384358,25.2919021394,1468243365.0,4924296656,4924296767
4924296767,51.4964326759,25.2917488339,1468243366.0,4924296706,4924296862
4924296862,51.4961727527,25.2902908547,1468243375.0,4924296767,4924296945
4924296945,51.49580169,25.2884507009,1468243385.0,4924296862,4924297022
4924297022,51.4954402454,25.286646408,1468243395.0,4924296945,4924297086
4924297086,51.4950766618,25.284669386,1468243405.0,4924297022,4924297128
4924297128,51.4947015159,25.2828301165,1468243415.0,4924297086,4924297191
4924297191,51.4943573226,25.2812659814,1468243425.0,4924297128,4924297231
4924297231,51.494260851,25.2809743374,1468243435.0,4924297191,4924297278
4924297278,51.4942785349,25.2809648102,1468243445.0,4924297231,4924297401
4924297401,51.4942765097,25.2809675817,1468243455.0,4924297278,4924297449
4924297449,51.4942740322,25.2809767565,1468243465.0,4924297401,4924297520
4924297520,51.4942750619,25.280979284,1468243475.0,4924297449,4924297607
4924297607,51.4942878836,25.2809686521,1468243485.0,4924297520,4924297659
4924297659,51.4942734647,25.2809845022,1468243495.0,4924297607,4924297713
4924297713,51.4940424973,25.2804340389,1468243505.0,4924297659,4924297800
4924297800,51.4933118,25.2791968,1468243515.0,4924297713,4924297842
4924297842,51.4923273,25.2780786,1468243524.0,4924297800,4924297873
4924297873,51.4909996,25.276962,1468243533.0,4924297842,4924297923
4924297923,51.4898768,25.2761523,1468243543.0,4924297873,None
