4922381550,51.499112702,25.2945033355,1468211267.0,None,4922381691
4922381691,51.4991691614,25.2945336166,1468211271.0,4922381550,4922381755
4922381755,51.4991743495,25.2945451273,1468211271.0,4922381691,4922381804
4922381804,51.4991770154,25.2945579625,1468211272.0,4922381755,4922381886
4922381886,51.4992049158,25.2946149374,1468211274.0,4922381804,4922381933
4922381933,51.499204801,25.2946345657,1468211275.0,4922381886,4922382430
4922382430,51.4992440769,25.2949366255,1468211282.0,4922381933,4922382493
4922382493,51.499263,25.294962,1468211283.0,4922382430,4922382550
4922382550,51.499291859,25.2949813741,1468211284.0,4922382493,4922382599
4922382599,51.4993209309,25.2949972042,1468211284.0,4922382550,4922382642
4922382642,51.499362426,25.2950093356,1468211285.0,4922382599,4922382703
4922382703,51.4994026446,25.2950116276,1468211286.0,4922382642,4922382921
4922382921,51.4995356062,25.2950120165,1468211290.0,4922382703,4922383541
4922383541,51.5001451307,25.294932826,1468211299.0,4922382921,4922383759
4922383759,51.5003318132,25.2949010799,1468211303.0,4922383541,4922383813
4922383813,51.5003566336,25.2948825866,1468211304.0,4922383759,4922384041
4922384041,51.5005204285,25.2947847685,1468211308.0,4922383813,4922384146
4922384146,51.5005907438,25.2947763797,1468211310.0,4922384041,4922384459
4922384459,51.5007779128,25.2947732235,1468211315.0,4922384146,4922384522
4922384522,51.5008092056,25.2947655574,1468211316.0,4922384459,4922384611
4922384611,51.5008498571,25.294777722,1468211317.0,4922384522,4922384659
4922384659,51.5008751291,25.2947870857,1468211318.0,4922384611,4922384711
4922384711,51.5008935006,25.2948109641,1468211318.0,4922384659,4922384769
4922384769,51.5009378276,25.2948690657,1468211319.0,4922384711,4922384985
4922384985,51.5011742291,25.2951265779,1468211324.0,4922384769,4922385319
4922385319,51.501315459,25.295244347,1468211328.0,4922384985,4922385390
4922385390,51.5013358143,25.2952400379,1468211329.0,4922385319,4922385513
4922385513,51.5014221003,25.2952360093,1468211331.0,4922385390,4922385581
4922385581,51.5014855,25.2952198025,1468211333.0,4922385513,4922385643
4922385643,51.5015415,25.2951901002,1468211334.0,4922385581,4922386294
4922386294,51.5021159502,25.2948656393,1468211343.0,4922385643,4922391233
4922391233,51.5021653463,25.2955460328,1468211419.0,4922386294,4922391339
4922391339,51.5021127233,25.2955647423,1468211420.0,4922391233,4922391390
4922391390,51.5020875744,25.2955818704,1468211421.0,4922391339,4922391454
4922391454,51.5020746441,25.2955977304,1468211421.0,4922391390,4922391594
4922391594,51.5020649492,25.2956175587,1468211422.0,4922391454,4922391660
4922391660,51.5020544571,25.2956475977,1468211422.0,4922391594,4922391726
4922391726,51.5020341786,25.2957145731,1468211424.0,4922391660,4922391778
4922391778,51.5020349199,25.2957560642,1468211425.0,4922391726,4922391813
4922391813,51.5020466291,25.2957841389,1468211426.0,4922391778,4922391854
4922391854,51.502060452,25.2958114438,1468211427.0,4922391813,4922391910
4922391910,51.5020774349,25.2958260684,1468211427.0,4922391854,4922391983
4922391983,51.5021080001,25.2958459176,1468211428.0,4922391910,4922392036
4922392036,51.5021407545,25.2958615316,1468211429.0,4922391983,4922392085
4922392085,51.5022029326,25.2958813979,1468211430.0,4922392036,None
