4921841361,51.4463241084,25.3195764453,1468198974.0,None,4921841392
4921841392,51.447170309,25.3195501298,1468198980.0,4921841361,4921841426
4921841426,51.4472705882,25.3195132022,1468198981.0,4921841392,4921841443
4921841443,51.4473406199,25.3194671507,1468198981.0,4921841426,4921841473
4921841473,51.4474201279,25.3193936778,1468198982.0,4921841443,4921841492
4921841492,51.4474994253,25.3192793583,1468198984.0,4921841473,4921841512
4921841512,51.4478138377,25.3189261667,1468198987.0,4921841492,4921841534
4921841534,51.4482480378,25.3185811684,1468198991.0,4921841512,4921841558
4921841558,51.4484393146,25.318493519,1468198993.0,4921841534,4921841589
4921841589,51.4486027866,25.3184586143,1468198994.0,4921841558,4921841626
4921841626,51.4487925256,25.3184503365,1468198996.0,4921841589,4921841647
4921841647,51.4490956733,25.3184303429,1468198999.0,4921841626,4921841680
4921841680,51.4491874427,25.3183906122,1468199000.0,4921841647,4921841703
4921841703,51.4492511591,25.3183428941,1468199000.0,4921841680,4921841735
4921841735,51.4493457785,25.3182461913,1468199002.0,4921841703,4921841756
4921841756,51.4499678332,25.3174239701,1468199009.0,4921841735,4921841784
4921841784,51.4501736261,25.3169855106,1468199012.0,4921841756,4921841815
4921841815,51.4507553158,25.3154328458,1468199022.0,4921841784,4921841836
4921841836,51.4515874411,25.3138756537,1468199032.0,4921841815,4921841863
4921841863,51.45242575,25.312325301,1468199042.0,4921841836,4921841888
4921841888,51.4533878775,25.3107320339,1468199052.0,4921841863,4921841916
4921841916,51.4542210057,25.3091216394,1468199062.0,4921841888,4921841966
4921841966,51.4544751616,25.3082949371,1468199067.0,4921841916,4921841985
4921841985,51.4545709949,25.3072907218,1468199072.0,4921841966,4921842006
4921842006,51.454472451,25.3064702361,1468199077.0,4921841985,4921842030
4921842030,51.4541705328,25.3055667585,1468199083.0,4921842006,4921842052
4921842052,51.4538052729,25.3049174729,1468199088.0,4921842030,4921842077
4921842077,51.4537061588,25.3048189602,1468199089.0,4921842052,4921842102
4921842102,51.4535600369,25.3047270313,1468199091.0,4921842077,4921842124
4921842124,51.4533936683,25.3046079363,1468199093.0,4921842102,4921842147
4921842147,51.4533548605,25.3045436196,1468199093.0,4921842124,4921842182
4921842182,51.4533355904,25.3044704199,1468199094.0,4921842147,4921842215
4921842215,51.453334234,25.3043926146,1468199095.0,4921842182,4921842243
4921842243,51.4533482021,25.3043174557,1468199096.0,4921842215,4921842269
4921842269,51.4533861206,25.304219685,1468199097.0,4921842243,4921842298
4921842298,51.4534351684,25.3041576076,1468199097.0,4921842269,4921842319
4921842319,51.4535013989,25.3041125978,1468199098.0,4921842298,4921842341
4921842341,51.453554522,25.3040907534,1468199099.0,4921842319,4921842374
4921842374,51.4536385425,25.3040812679,1468199099.0,4921842341,4921843029
4921843029,51.4542705,25.3039635,1468199104.0,4921842374,4921843045
4921843045,51.4558238,25.3032206,1468199114.0,4921843029,4921843072
4921843072,51.4575127998,25.3024178003,1468199124.0,4921843045,4921843102
4921843102,51.4579473027,25.3022025991,1468199128.0,4921843072,4921843118
4921843118,51.4579850003,25.3021597136,1468199129.0,4921843102,4921843138
4921843138,51.458015851,25.3020990718,1468199130.0,4921843118,4921843155
4921843155,51.4580262963,25.3020494645,1468199131.0,4921843138,4921843191
4921843191,51.4580325,25.3019478,1468199132.0,4921843155,4921843217
4921843217,51.4580219729,25.3019140242,1468199133.0,4921843191,4921843231
4921843231,51.4580104681,25.3019049642,1468199134.0,4921843217,4921843261
4921843261,51.4580024715,25.3018998344,1468199135.0,4921843231,4921843285
4921843285,51.4579952733,25.3018955745,1468199136.0,4921843261,4921843306
4921843306,51.4579247868,25.3018751212,1468199145.0,4921843285,4921843332
4921843332,51.4579125838,25.3018820816,1468199145.0,4921843306,4921843356
4921843356,51.4579055814,25.3018867501,1468199146.0,4921843332,4921843379
4921843379,51.4578922747,25.3018969589,1468199147.0,4921843356,4921843400
4921843400,51.4578039949,25.3019712704,1468199151.0,4921843379,4921843424
4921843424,51.4577726815,25.301995317,1468199152.0,4921843400,4921843443
4921843443,51.457718278,25.3020224599,1468199154.0,4921843424,4921843468
4921843468,51.4575385725,25.3021065624,1468199160.0,4921843443,4921843495
4921843495,51.4575320999,25.3021160997,1468199161.0,4921843468,4921843505
4921843505,51.4575255562,25.3021314685,1468199161.0,4921843495,4921843531
4921843531,51.4575215997,25.3021535986,1468199162.0,4921843505,4921843562
4921843562,51.4575220751,25.3021695185,1468199163.0,4921843531,4921843592
4921843592,51.457525479,25.3021880205,1468199163.0,4921843562,4921843620
4921843620,51.4575324761,25.3022056221,1468199164.0,4921843592,4921843649
4921843649,51.4575429181,25.3022701983,1468199174.0,4921843620,4921843678
4921843678,51.457564237,25.3022684124,1468199184.0,4921843649,4921843703
4921843703,51.4575479539,25.3022683032,1468199194.0,4921843678,4921843726
4921843726,51.4575464196,25.3022625688,1468199204.0,4921843703,4921843753
4921843753,51.4575449911,25.3022610887,1468199214.0,4921843726,4921843786
4921843786,51.4575463827,25.3022583145,1468199224.0,4921843753,4921843807
4921843807,51.4575449603,25.3022575409,1468199234.0,4921843786,None
