4924860651,51.4433678,25.2939048,1468251589.0,None,4924860721
4924860721,51.4443123,25.2947348,1468251599.0,4924860651,4924860774
4924860774,51.4452463405,25.2954710987,1468251609.0,4924860721,4924860831
4924860831,51.4461024222,25.2960947535,1468251619.0,4924860774,4924860892
4924860892,51.4466812796,25.2965042558,1468251629.0,4924860831,4924860998
4924860998,51.4467087037,25.2965386703,1468251631.0,4924860892,4924861060
4924861060,51.4467304205,25.2965541784,1468251632.0,4924860998,4924861123
4924861123,51.4467399762,25.296559849,1468251633.0,4924861060,4924861174
4924861174,51.446756716,25.2965599577,1468251633.0,4924861123,4924861218
4924861218,51.4468788676,25.2965803422,1468251637.0,4924861174,4924861279
4924861279,51.4471011803,25.2966194519,1468251642.0,4924861218,4924861357
4924861357,51.447136259,25.2966408665,1468251643.0,4924861279,4924861393
4924861393,51.4471639037,25.2966693138,1468251643.0,4924861357,4924861455
4924861455,51.4471986818,25.2967075407,1468251644.0,4924861393,4924861527
4924861527,51.4472224796,25.2967555653,1468251645.0,4924861455,4924861567
4924861567,51.447242779,25.2968194204,1468251647.0,4924861527,4924861622
4924861622,51.4472472537,25.2968733496,1468251648.0,4924861567,4924861676
4924861676,51.4472403136,25.2969207016,1468251648.0,4924861622,4924861731
4924861731,51.4472235016,25.2969841484,1468251649.0,4924861676,4924861783
4924861783,51.4471894994,25.2970487901,1468251650.0,4924861731,4924861849
4924861849,51.4471458433,25.2971014408,1468251651.0,4924861783,4924861903
4924861903,51.4470808279,25.2971548094,1468251653.0,4924861849,4924861964
4924861964,51.4469939004,25.2971998421,1468251654.0,4924861903,4924861991
4924861991,51.4468947776,25.2972321525,1468251656.0,4924861964,4924862035
4924862035,51.4467618474,25.2972543117,1468251658.0,4924861991,4924862085
4924862085,51.4466537502,25.2972479944,1468251660.0,4924862035,4924862146
4924862146,51.4465915308,25.2972330485,1468251661.0,4924862085,4924862211
4924862211,51.4463260289,25.2971628558,1468251665.0,4924862146,4924862298
4924862298,51.4462522833,25.2971716975,1468251666.0,4924862211,4924862404
4924862404,51.4461330446,25.2971997923,1468251667.0,4924862298,4924862474
4924862474,51.4460143181,25.2972483262,1468251669.0,4924862404,4924862555
4924862555,51.4459037519,25.2973161249,1468251672.0,4924862474,4924862612
4924862612,51.4458713416,25.2973513002,1468251673.0,4924862555,4924862664
4924862664,51.4458569359,25.2973786677,1468251673.0,4924862612,4924862705
4924862705,51.4458494486,25.2974090139,1468251674.0,4924862664,4924862768
4924862768,51.4458510121,25.2974295661,1468251675.0,4924862705,4924862823
4924862823,51.4458561212,25.2974452158,1468251675.0,4924862768,4924862867
4924862867,51.445865613,25.2974655714,1468251676.0,4924862823,4924862927
4924862927,51.4458740116,25.2974723641,1468251677.0,4924862867,4924862979
4924862979,51.4458801076,25.2974775421,1468251677.0,4924862927,4924863055
4924863055,51.4459326001,25.2975383007,1468251681.0,4924862979,4924863114
4924863114,51.4460223,25.2975861,1468251684.0,4924863055,4924863185
4924863185,51.4460498,25.297591,1468251685.0,4924863114,4924863241
4924863241,51.4463778,25.2976568,1468251695.0,4924863185,4924863308
4924863308,51.4464675,25.2976723,1468251699.0,4924863241,4924863379
4924863379,51.4465214991,25.2977093002,1468251709.0,4924863308,4924863428
4924863428,51.4465544704,25.2977370573,1468251719.0,4924863379,4924863492
4924863492,51.4465498778,25.2977310177,1468251729.0,4924863428,4924863561
4924863561,51.4465199252,25.2977924001,1468251739.0,4924863492,4924863623
4924863623,51.446559646,25.2978055251,1468251749.0,4924863561,4924863671
4924863671,51.4465603234,25.2978273286,1468251759.0,4924863623,4924863720
4924863720,51.4465740937,25.2978173466,1468251769.0,4924863671,4924863772
4924863772,51.4465921089,25.2978377675,1468251779.0,4924863720,4924863798
4924863798,51.4465935525,25.2978339549,1468251789.0,4924863772,4924863871
4924863871,51.4465862535,25.2978955792,1468251799.0,4924863798,4924863928
4924863928,51.4466089307,25.2978885198,1468251809.0,4924863871,4924863968
4924863968,51.4466241911,25.2978771152,1468251819.0,4924863928,4924864051
4924864051,51.4466234138,25.297890086,1468251829.0,4924863968,4924864111
4924864111,51.4466343877,25.2979075012,1468251839.0,4924864051,4924864171
4924864171,51.4466395897,25.2979275141,1468251849.0,4924864111,4924873341
4924873341,51.4466742289,25.2979145828,1468252003.0,4924864171,4924873956
4924873956,51.4466814955,25.2980896594,1468252013.0,4924873341,4924874164
4924874164,51.4466952622,25.2981839633,1468252016.0,4924873956,4924874223
4924874223,51.4467059934,25.298199265,1468252017.0,4924874164,4924874272
4924874272,51.4467176746,25.2982030051,1468252018.0,4924874223,4924874348
4924874348,51.4467341408,25.2982143281,1468252018.0,4924874272,4924874396
4924874396,51.4467706063,25.2982300078,1468252020.0,4924874348,4924874454
4924874454,51.4467830514,25.2982297544,1468252020.0,4924874396,4924874607
4924874607,51.446804673,25.2982309774,1468252021.0,4924874454,4924874723
4924874723,51.4468239994,25.2982271002,1468252022.0,4924874607,4924875067
4924875067,51.446850524,25.2982089338,1468252028.0,4924874723,4924875140
4924875140,51.4468490615,25.2982035584,1468252028.0,4924875067,4924875209
4924875209,51.4468532764,25.2981865969,1468252029.0,4924875140,4924875276
4924875276,51.4468521199,25.2981459844,1468252031.0,4924875209,4924875736
4924875736,51.4467945427,25.2979093571,1468252038.0,4924875276,4924876353
4924876353,51.4467027038,25.2975028229,1468252048.0,4924875736,4924877130
4924877130,51.4466519223,25.2973691219,1468252058.0,4924876353,4924877323
4924877323,51.4466167573,25.2973192679,1468252062.0,4924877130,4924877849
4924877849,51.4464626498,25.2971594518,1468252069.0,4924877323,4924877956
4924877956,51.4464356765,25.2970990822,1468252071.0,4924877849,4924878064
4924878064,51.446419635,25.2970268981,1468252073.0,4924877956,4924878163
4924878163,51.4464212785,25.2969588469,1468252074.0,4924878064,4924878207
4924878207,51.4464367652,25.296911648,1468252075.0,4924878163,4924878268
4924878268,51.4464729924,25.2968467479,1468252077.0,4924878207,4924878352
4924878352,51.4465225819,25.2967853046,1468252078.0,4924878268,4924878436
4924878436,51.4465659477,25.2967517932,1468252079.0,4924878352,4924879079
4924879079,51.4466169253,25.2967242955,1468252080.0,4924878436,4924879190
4924879190,51.4466900435,25.2966991611,1468252081.0,4924879079,4924879271
4924879271,51.446866965,25.2966552444,1468252084.0,4924879190,4924879321
4924879321,51.4469470501,25.2966576563,1468252085.0,4924879271,4924879448
4924879448,51.447036077,25.2966800042,1468252086.0,4924879321,4924879539
4924879539,51.447118482,25.2967217285,1468252088.0,4924879448,4924879714
4924879714,51.4471525989,25.2967604786,1468252088.0,4924879539,4924879799
4924879799,51.4471861191,25.2968070039,1468252089.0,4924879714,4924879853
4924879853,51.4472089003,25.2968624278,1468252090.0,4924879799,4924879946
4924879946,51.4472163458,25.296920664,1468252091.0,4924879853,4924880022
4924880022,51.4472129347,25.2969790688,1468252092.0,4924879946,4924880084
4924880084,51.4471884225,25.297063295,1468252094.0,4924880022,4924880225
4924880225,51.4471132132,25.2972042658,1468252096.0,4924880084,4924880283
4924880283,51.4469930191,25.2974589345,1468252099.0,4924880225,4924880348
4924880348,51.446977124,25.2976106803,1468252101.0,4924880283,4924880404
4924880404,51.4469961965,25.2977332583,1468252103.0,4924880348,4924880451
4924880451,51.447118722,25.2982591788,1468252108.0,4924880404,4924880922
4924880922,51.4475166253,25.2990936805,1468252116.0,4924880451,4924881238
4924881238,51.4479391906,25.2996310319,1468252120.0,4924880922,4924881801
4924881801,51.4491367598,25.3007140203,1468252130.0,4924881238,4924882397
4924882397,51.450433378,25.3018093719,1468252140.0,4924881801,4924883172
4924883172,51.4517408041,25.3028269656,1468252150.0,4924882397,4924883754
4924883754,51.452938549,25.3036297192,1468252160.0,4924883172,4924884301
4924884301,51.4535922922,25.3040307233,1468252170.0,4924883754,4924884637
4924884637,51.4538639981,25.30416813,1468252176.0,4924884301,4924884807
4924884807,51.4538892321,25.3042067166,1468252177.0,4924884637,4924885011
4924885011,51.4539161461,25.3042593449,1468252178.0,4924884807,4924885077
4924885077,51.4539234061,25.3043143909,1468252178.0,4924885011,4924885117
4924885117,51.4539282177,25.3044416022,1468252180.0,4924885077,4924885353
4924885353,51.453932416,25.3047782804,1468252185.0,4924885117,4924885418
4924885418,51.4539822108,25.3048940708,1468252186.0,4924885353,None
