4923472295,51.4481536,25.3293738,1468228046.0,None,4923472633
4923472633,51.4478033,25.328663,1468228054.0,4923472295,4923472851
4923472851,51.4476818,25.3280641,1468228058.0,4923472633,4923473307
4923473307,51.4477248,25.326646,1468228068.0,4923472851,4923473780
4923473780,51.4479455,25.3250855,1468228078.0,4923473307,4923474252
4923474252,51.4482095,25.3235263,1468228088.0,4923473780,4923474737
4923474737,51.4485795,25.3220376,1468228098.0,4923474252,4923475414
4923475414,51.4488170875,25.3209977232,1468228111.0,4923474737,4923475477
4923475477,51.4488151,25.3209955,1468228112.0,4923475414,4923475948
4923475948,51.4488623,25.3209725,1468228121.0,4923475477,4923476446
4923476446,51.448901,25.3209505,1468228131.0,4923475948,4923476886
4923476886,51.4489066,25.3208396,1468228140.0,4923476446,4923477051
4923477051,51.4488468,25.3207314997,1468228143.0,4923476886,4923477184
4923477184,51.4487579614,25.3206283764,1468228146.0,4923477051,4923477257
4923477257,51.4486974376,25.3205881305,1468228147.0,4923477184,4923477385
4923477385,51.4485660957,25.3205048795,1468228150.0,4923477257,4923477446
4923477446,51.4484837283,25.3204850612,1468228151.0,4923477385,4923477883
4923477883,51.4478399045,25.3203089174,1468228159.0,4923477446,4923478024
4923478024,51.4476852925,25.3201996114,1468228161.0,4923477883,4923478050
4923478050,51.4475858119,25.3200887401,1468228162.0,4923478024,4923478083
4923478083,51.447482649,25.3199292025,1468228164.0,4923478050,4923478166
4923478166,51.4474200002,25.3197657865,1468228166.0,4923478083,4923478285
4923478285,51.4473927477,25.3195966581,1468228168.0,4923478166,4923478361
4923478361,51.4474027128,25.3194922209,1468228169.0,4923478285,4923478445
4923478445,51.4474457116,25.3193499294,1468228171.0,4923478361,4923478557
4923478557,51.447554542,25.3191476502,1468228174.0,4923478445,4923478634
4923478634,51.4476672662,25.3190181295,1468228175.0,4923478557,4923479049
4923479049,51.448285479,25.3185152769,1468228183.0,4923478634,4923479137
4923479137,51.4484226591,25.3184518775,1468228185.0,4923479049,4923479172
4923479172,51.4485362236,25.3184232108,1468228186.0,4923479137,4923479287
4923479287,51.4486726052,25.3184127433,1468228188.0,4923479172,4923479538
4923479538,51.4490976483,25.3184062551,1468228193.0,4923479287,4923479603
4923479603,51.4491980758,25.3183670827,1468228194.0,4923479538,4923479665
4923479665,51.4492687329,25.3183189772,1468228195.0,4923479603,4923479727
4923479727,51.4493283973,25.3182568132,1468228196.0,4923479665,4923480169
4923480169,51.4498830176,25.3175622741,1468228205.0,4923479727,4923480420
4923480420,51.4501342783,25.3171077254,1468228209.0,4923480169,4923480641
4923480641,51.4502938892,25.316587405,1468228213.0,4923480420,4923480837
4923480837,51.4504784604,25.3160353979,1468228218.0,4923480641,4923481508
4923481508,51.4509778776,25.3149803883,1468228227.0,4923480837,4923481724
4923481724,51.4516029194,25.3137789986,1468228237.0,4923481508,4923482069
4923482069,51.4520997422,25.3127658985,1468228245.0,4923481724,4923482552
4923482552,51.4527964805,25.3116768225,1468228255.0,4923482069,4923483038
4923483038,51.4535220326,25.3103611869,1468228265.0,4923482552,4923483580
4923483580,51.454223438,25.3089523714,1468228275.0,4923483038,4923483804
4923483804,51.454411035,25.3082672428,1468228279.0,4923483580,4923484123
4923484123,51.4545001315,25.3071546502,1468228286.0,4923483804,4923484393
4923484393,51.4543924663,25.3063958219,1468228291.0,4923484123,4923485067
4923485067,51.4540000312,25.3053779346,1468228299.0,4923484393,4923485137
4923485137,51.4537082988,25.3049039106,1468228304.0,4923485067,4923485192
4923485192,51.4536163941,25.3048235116,1468228305.0,4923485137,4923485241
4923485241,51.4534957537,25.3047515658,1468228306.0,4923485192,4923485299
4923485299,51.4533577867,25.3046473434,1468228308.0,4923485241,4923485353
4923485353,51.4533107267,25.304579005,1468228309.0,4923485299,4923485401
4923485401,51.4532941299,25.3045236715,1468228310.0,4923485353,4923485443
4923485443,51.4532800609,25.3044327972,1468228311.0,4923485401,4923485533
4923485533,51.4532299094,25.3041177361,1468228315.0,4923485443,4923485585
4923485585,51.4531899055,25.3040629854,1468228316.0,4923485533,4923485627
4923485627,51.4531405263,25.3040141466,1468228317.0,4923485585,4923485658
4923485658,51.4530427937,25.3039420741,1468228318.0,4923485627,4923486095
4923486095,51.4521250694,25.3033039108,1468228328.0,4923485658,4923486533
4923486533,51.4511601,25.3025361,1468228338.0,4923486095,4923486956
4923486956,51.4500754999,25.3017223003,1468228348.0,4923486533,4923487477
4923487477,51.448946578,25.3008115422,1468228358.0,4923486956,4923487988
4923487988,51.4477685517,25.2998292873,1468228368.0,4923487477,4923488150
4923488150,51.4473706153,25.2993998035,1468228372.0,4923487988,4923488423
4923488423,51.4469823314,25.2987503938,1468228378.0,4923488150,4923488673
4923488673,51.4468105097,25.298220988,1468228382.0,4923488423,4923489182
4923489182,51.446691609,25.2975187817,1468228392.0,4923488673,4923489434
4923489434,51.4466888923,25.2974586348,1468228397.0,4923489182,4923489624
4923489624,51.4466787601,25.2974224786,1468228399.0,4923489434,4923489766
4923489766,51.4466725322,25.2974168953,1468228400.0,4923489624,4923489801
4923489801,51.4466683317,25.2973965294,1468228401.0,4923489766,4923490157
4923490157,51.4466581016,25.2973599766,1468228411.0,4923489801,4923490648
4923490648,51.4466112654,25.2972939708,1468228420.0,4923490157,4923490872
4923490872,51.4465244621,25.297235469,1468228423.0,4923490648,4923490980
4923490980,51.4463785365,25.2971240293,1468228426.0,4923490872,4923491048
4923491048,51.4463607623,25.297088846,1468228427.0,4923490980,4923491094
4923491094,51.4463494049,25.2970382813,1468228428.0,4923491048,4923491149
4923491149,51.4463436677,25.2969530175,1468228429.0,4923491094,4923491252
4923491252,51.4463584257,25.2968260504,1468228431.0,4923491149,4923491344
4923491344,51.4463547386,25.2967070142,1468228432.0,4923491252,4923491422
4923491422,51.4463248878,25.296622264,1468228433.0,4923491344,4923491497
4923491497,51.4462756055,25.2965442658,1468228434.0,4923491422,4923491541
4923491541,51.4461923,25.2964585,1468228436.0,4923491497,4923491914
4923491914,51.445411727,25.2958034844,1468228445.0,4923491541,4923492468
4923492468,51.4443125988,25.2949003025,1468228455.0,4923491914,None
