4921929668,51.4513413,25.2655485,1468202985.0,None,4921929829
4921929829,51.4513349997,25.2655968003,1468202989.0,4921929668,4921929947
4921929947,51.4513255001,25.2656257999,1468202991.0,4921929829,4921930077
4921930077,51.4512936,25.2656313,1468202994.0,4921929947,4921930252
4921930252,51.4512440886,25.2656383177,1468202997.0,4921930077,4921930699
4921930699,51.4512225253,25.2656388829,1468203007.0,4921930252,4921931202
4921931202,51.4512090001,25.2656358529,1468203017.0,4921930699,4921931647
4921931647,51.4512499678,25.2656481059,1468203027.0,4921931202,4921932117
4921932117,51.4511806,25.2657148,1468203037.0,4921931647,4921932640
4921932640,51.4511680203,25.2657273963,1468203047.0,4921932117,4921933154
4921933154,51.4511718,25.2657455,1468203057.0,4921932640,4921933737
4921933737,51.4511773,25.2657608,1468203067.0,4921933154,4921934274
4921934274,51.4511813796,25.2657575745,1468203077.0,4921933737,4921934770
4921934770,51.4512065277,25.2657695829,1468203087.0,4921934274,4921935296
4921935296,51.4512228803,25.2657816879,1468203097.0,4921934770,4921935800
4921935800,51.4512276738,25.2657912215,1468203107.0,4921935296,4921936353
4921936353,51.4512200789,25.2657968963,1468203117.0,4921935800,4921936854
4921936854,51.4512331288,25.265799677,1468203127.0,4921936353,4921937381
4921937381,51.4512251845,25.2657958624,1468203137.0,4921936854,4921937972
4921937972,51.45121173,25.2657888349,1468203147.0,4921937381,None
