4923652016,51.498216,25.2994215,1468231815.0,None,4923652048
4923652048,51.49827,25.2993903,1468231817.0,4923652016,4923652481
4923652481,51.4985125,25.2992205,1468231826.0,4923652048,4923653307
4923653307,51.498853215,25.2989996775,1468231835.0,4923652481,4923653415
4923653415,51.4994380293,25.2986487028,1468231844.0,4923653307,4923653601
4923653601,51.4997010655,25.2984808356,1468231849.0,4923653415,4923653647
4923653647,51.4997274877,25.298442443,1468231850.0,4923653601,4923653677
4923653677,51.4997390297,25.2984083708,1468231851.0,4923653647,4923653739
4923653739,51.4997396639,25.2983715426,1468231852.0,4923653677,4923653804
4923653804,51.4997324378,25.298347687,1468231852.0,4923653739,4923653841
4923653841,51.4997132308,25.2983258412,1468231853.0,4923653804,4923653871
4923653871,51.4996740028,25.2982812994,1468231854.0,4923653841,4923654356
4923654356,51.499216594,25.2978565939,1468231863.0,4923653871,4923654649
4923654649,51.4988836855,25.2975231646,1468231871.0,4923654356,4923655153
4923655153,51.4985526387,25.2969922088,1468231880.0,4923654649,4923655661
4923655661,51.4980079633,25.2961192275,1468231890.0,4923655153,4923656202
4923656202,51.4976412594,25.2954636131,1468231900.0,4923655661,4923656491
4923656491,51.4976299452,25.295447438,1468231910.0,4923656202,4923656910
4923656910,51.4976068115,25.2954258277,1468231920.0,4923656491,4923657396
4923657396,51.4976022105,25.2954239381,1468231930.0,4923656910,4923657857
4923657857,51.4975966644,25.2954215065,1468231940.0,4923657396,4923658332
4923658332,51.4975872423,25.2954140534,1468231950.0,4923657857,4923658757
4923658757,51.4975863773,25.2954131306,1468231960.0,4923658332,4923659273
4923659273,51.4975685915,25.2953791196,1468231970.0,4923658757,4923659769
4923659769,51.4974352075,25.2951049854,1468231980.0,4923659273,4923660208
4923660208,51.497111809,25.294303956,1468231990.0,4923659769,4923660693
4923660693,51.4968650374,25.2934682709,1468232000.0,4923660208,4923661217
4923661217,51.4967460961,25.2928367851,1468232010.0,4923660693,4923661744
4923661744,51.4967420694,25.2927900155,1468232020.0,4923661217,4923662334
4923662334,51.4967473152,25.2927868677,1468232030.0,4923661744,4923662764
4923662764,51.4967509709,25.2927819522,1468232040.0,4923662334,4923663329
4923663329,51.496753898,25.2927797045,1468232050.0,4923662764,4923664105
4923664105,51.4967543639,25.2927829016,1468232060.0,4923663329,4923664151
4923664151,51.4967565918,25.2927833276,1468232070.0,4923664105,4923664551
4923664551,51.496759628,25.2927816135,1468232080.0,4923664151,4923665047
4923665047,51.4967613356,25.2927808216,1468232090.0,4923664551,4923665480
4923665480,51.4967640949,25.2927799248,1468232100.0,4923665047,4923665707
4923665707,51.4967299742,25.2926331576,1468232105.0,4923665480,4923665784
4923665784,51.4966884919,25.2925664732,1468232106.0,4923665707,4923666102
4923666102,51.4966139687,25.2924981981,1468232108.0,4923665784,4923666132
4923666132,51.4964658767,25.292358521,1468232110.0,4923666102,4923666178
4923666178,51.496439632,25.2922988646,1468232111.0,4923666132,4923666303
4923666303,51.4964280237,25.2922390656,1468232112.0,4923666178,4923666338
4923666338,51.496433027,25.2921830339,1468232113.0,4923666303,4923666388
4923666388,51.4964489906,25.2921242224,1468232115.0,4923666338,4923666428
4923666428,51.4964642483,25.2920931133,1468232116.0,4923666388,4923666714
4923666714,51.4964681509,25.2920722022,1468232126.0,4923666428,4923667138
4923667138,51.4964484567,25.2920714353,1468232136.0,4923666714,4923667551
4923667551,51.4964357211,25.2920705734,1468232146.0,4923667138,4923668022
4923668022,51.4964338552,25.2920725896,1468232156.0,4923667551,4923668238
4923668238,51.4965072235,25.2920026985,1468232160.0,4923668022,4923668356
4923668356,51.4965630593,25.2919743611,1468232161.0,4923668238,4923668401
4923668401,51.4966124088,25.2919595591,1468232162.0,4923668356,4923668424
4923668424,51.4966808521,25.291952028,1468232163.0,4923668401,4923668792
4923668792,51.4967500528,25.2919588827,1468232164.0,4923668424,4923669101
4923669101,51.4968201606,25.2919856715,1468232165.0,4923668792,4923669176
4923669176,51.4968669831,25.2920187724,1468232166.0,4923669101,4923669214
4923669214,51.4968952164,25.2920481333,1468232166.0,4923669176,4923669260
4923669260,51.4969287459,25.2921026927,1468232167.0,4923669214,4923669305
4923669305,51.4969522251,25.2921612446,1468232168.0,4923669260,4923669341
4923669341,51.4969605589,25.2922253232,1468232168.0,4923669305,4923669405
4923669405,51.4969516941,25.292289388,1468232169.0,4923669341,4923669460
4923669460,51.496860803,25.2926880682,1468232173.0,4923669405,4923669486
4923669486,51.4969979756,25.2933399987,1468232179.0,4923669460,4923669531
4923669531,51.4973918845,25.2944860149,1468232188.0,4923669486,4923670006
4923670006,51.4979022323,25.2955888453,1468232198.0,4923669531,4923670560
4923670560,51.4985242615,25.2965498063,1468232208.0,4923670006,4923670920
4923670920,51.4992665082,25.2974249783,1468232218.0,4923670560,4923671446
4923671446,51.5001380479,25.2982444426,1468232228.0,4923670920,4923672115
4923672115,51.5011810285,25.2989451115,1468232238.0,4923671446,4923672241
4923672241,51.5020013811,25.2993772807,1468232246.0,4923672115,4923672308
4923672308,51.5021158988,25.2994042688,1468232248.0,4923672241,4923672336
4923672336,51.5021865055,25.2994043421,1468232248.0,4923672308,4923672381
4923672381,51.5022564958,25.2993904678,1468232249.0,4923672336,4923672436
4923672436,51.5023263483,25.2993643261,1468232250.0,4923672381,4923672474
4923672474,51.5024171,25.2993085,1468232251.0,4923672436,None
