4924626973,51.4973658054,25.2897768737,1468248429.0,None,4924627605
4924627605,51.4973016744,25.2897766005,1468248440.0,4924626973,4924628333
4924628333,51.4973104852,25.2898013586,1468248450.0,4924627605,4924629277
4924629277,51.497237113,25.2898363266,1468248459.0,4924628333,4924629772
4924629772,51.4971025324,25.2898831451,1468248467.0,4924629277,4924630464
4924630464,51.4969588259,25.2899093355,1468248477.0,4924629772,4924631448
4924631448,51.4967515548,25.2899486673,1468248487.0,4924630464,4924632220
4924632220,51.4966526202,25.2899822012,1468248496.0,4924631448,4924632607
4924632607,51.4965570465,25.2900376157,1468248502.0,4924632220,4924633010
4924633010,51.4965149738,25.2900924098,1468248508.0,4924632607,4924633153
4924633153,51.4964915145,25.2901339433,1468248511.0,4924633010,4924633381
4924633381,51.4964835439,25.2901560765,1468248512.0,4924633153,4924633642
4924633642,51.4964787613,25.2902003703,1468248515.0,4924633381,4924633782
4924633782,51.4964794705,25.2902430561,1468248517.0,4924633642,4924634387
4924634387,51.4964816435,25.2903229591,1468248526.0,4924633782,4924634999
4924634999,51.4964887915,25.2903618609,1468248536.0,4924634387,4924635762
4924635762,51.4964914012,25.2903532929,1468248546.0,4924634999,4924636432
4924636432,51.4965091968,25.2903630809,1468248556.0,4924635762,4924637241
4924637241,51.4964973041,25.290368325,1468248565.0,4924636432,4924637795
4924637795,51.4964995208,25.2903638441,1468248576.0,4924637241,4924638493
4924638493,51.4964930036,25.2903641489,1468248585.0,4924637795,4924639289
4924639289,51.4964820798,25.290373265,1468248595.0,4924638493,4924640089
4924640089,51.4964581946,25.2903955708,1468248606.0,4924639289,4924640792
4924640792,51.4964641142,25.2904130001,1468248616.0,4924640089,4924641321
4924641321,51.4964870813,25.2904796303,1468248623.0,4924640792,4924641937
4924641937,51.4965508455,25.2908940317,1468248632.0,4924641321,4924642860
4924642860,51.4965545827,25.2909976402,1468248642.0,4924641937,4924643485
4924643485,51.4965348647,25.2910152653,1468248652.0,4924642860,4924644126
4924644126,51.4965438156,25.2910504769,1468248662.0,4924643485,4924644984
4924644984,51.4965704973,25.2910709757,1468248672.0,4924644126,4924645644
4924645644,51.496586262,25.2910739316,1468248682.0,4924644984,4924646276
4924646276,51.4965948699,25.2910796764,1468248692.0,4924645644,4924647125
4924647125,51.4965943727,25.2910772107,1468248702.0,4924646276,4924647751
4924647751,51.4965633959,25.2910901794,1468248712.0,4924647125,4924648398
4924648398,51.4965474142,25.2911014137,1468248722.0,4924647751,4924649234
4924649234,51.496562858,25.2911026081,1468248732.0,4924648398,4924649922
4924649922,51.4965779583,25.2911002752,1468248742.0,4924649234,4924650588
4924650588,51.496567809,25.2911111339,1468248752.0,4924649922,4924656627
4924656627,51.4967177007,25.2917169914,1468248818.0,4924650588,4924656697
4924656697,51.4967529797,25.2917776674,1468248819.0,4924656627,4924656733
4924656733,51.496795972,25.2918253401,1468248820.0,4924656697,4924656756
4924656756,51.4969016618,25.2919118007,1468248823.0,4924656733,4924656800
4924656800,51.4969835002,25.2919832176,1468248825.0,4924656756,4924656861
4924656861,51.4970292073,25.2920537456,1468248827.0,4924656800,4924656914
4924656914,51.4970577874,25.292120192,1468248828.0,4924656861,4924656983
4924656983,51.4970659191,25.2921761339,1468248829.0,4924656914,4924657040
4924657040,51.497063527,25.2922334971,1468248830.0,4924656983,4924657099
4924657099,51.4970422617,25.292300647,1468248831.0,4924657040,4924657137
4924657137,51.4970088363,25.2923680567,1468248833.0,4924657099,4924657177
4924657177,51.4969623586,25.2924234887,1468248834.0,4924657137,4924657216
4924657216,51.4969059862,25.2924665106,1468248835.0,4924657177,4924657405
4924657405,51.4968405633,25.2924960864,1468248836.0,4924657216,4924657460
4924657460,51.4967844693,25.2925089032,1468248836.0,4924657405,4924657503
4924657503,51.4967039887,25.2925164244,1468248837.0,4924657460,4924657546
4924657546,51.4965952967,25.2924968128,1468248839.0,4924657503,4924657614
4924657614,51.4962203345,25.2924333109,1468248842.0,4924657546,4924657650
4924657650,51.4958243214,25.2924951913,1468248846.0,4924657614,4924657770
4924657770,51.4951821917,25.2926399881,1468248852.0,4924657650,4924657819
4924657819,51.4951419844,25.2926671417,1468248852.0,4924657770,4924657850
4924657850,51.4951255387,25.2926903961,1468248853.0,4924657819,4924657913
4924657913,51.4951180117,25.2927139047,1468248853.0,4924657850,4924657965
4924657965,51.4951134525,25.2927460344,1468248854.0,4924657913,4924658013
4924658013,51.4951152941,25.2927818213,1468248855.0,4924657965,4924658527
4924658527,51.4952148344,25.2934547332,1468248864.0,4924658013,4924659307
4924659307,51.4953005511,25.294100545,1468248874.0,4924658527,4924659914
4924659914,51.4953210794,25.2942382829,1468248884.0,4924659307,4924660600
4924660600,51.4953470506,25.2944500892,1468248894.0,4924659914,4924661270
4924661270,51.4953637662,25.2945735072,1468248904.0,4924660600,4924661925
4924661925,51.4953890479,25.2947816111,1468248914.0,4924661270,4924662791
4924662791,51.4953952186,25.2948685746,1468248924.0,4924661925,4924663345
4924663345,51.4953721489,25.2949328547,1468248934.0,4924662791,4924663424
4924663424,51.4953427453,25.2949624427,1468248934.0,4924663345,4924663480
4924663480,51.4952961173,25.2949917957,1468248935.0,4924663424,4924663556
4924663556,51.4952063,25.2950266,1468248936.0,4924663480,4924664349
4924664349,51.494137,25.2953195,1468248945.0,4924663556,4924664798
4924664798,51.4936225,25.295476,1468248952.0,4924664349,4924664922
4924664922,51.4936111,25.2954891,1468248953.0,4924664798,4924665114
4924665114,51.4936028,25.2955088,1468248953.0,4924664922,4924665231
4924665231,51.4936015,25.2955248,1468248954.0,4924665114,4924665339
4924665339,51.4936041,25.295542,1468248954.0,4924665231,4924665402
4924665402,51.4936136,25.2955763,1468248955.0,4924665339,4924665596
4924665596,51.4937178,25.2959593,1468248964.0,4924665402,4924665704
4924665704,51.4937345,25.296031,1468248966.0,4924665596,4924666362
4924666362,51.4937721,25.296154,1468248975.0,4924665704,4924667027
4924667027,51.4937711,25.2961561,1468248985.0,4924666362,4924667696
4924667696,51.493772,25.2961578,1468248995.0,4924667027,4924668475
4924668475,51.4937748464,25.2961606126,1468249005.0,4924667696,4924668583
4924668583,51.4937625,25.2962023,1468249009.0,4924668475,4924668654
4924668654,51.493757,25.2962068,1468249009.0,4924668583,4924668710
4924668710,51.4937421,25.2962171,1468249010.0,4924668654,4924668790
4924668790,51.493718,25.2962285,1468249010.0,4924668710,4924668847
4924668847,51.4936661,25.296241,1468249011.0,4924668790,4924669037
4924669037,51.4932251,25.2963475,1468249016.0,4924668847,4924669107
4924669107,51.4932055,25.2963686,1468249016.0,4924669037,4924669153
4924669153,51.4931988,25.296383,1468249017.0,4924669107,4924669220
4924669220,51.4931945,25.2963976,1468249017.0,4924669153,4924669273
4924669273,51.4931893,25.29643,1468249017.0,4924669220,4924669341
4924669341,51.4931863,25.2965038,1468249018.0,4924669273,None
