4922058572,51.4438186,25.2977,1468205560.0,None,4922059665
4922059665,51.4457618,25.2972113,1468205570.0,4922058572,4922059752
4922059752,51.4463584462,25.2970335116,1468205579.0,4922059665,4922059787
4922059787,51.4464002204,25.297005734,1468205580.0,4922059752,4922060221
4922060221,51.4464391654,25.296962141,1468205581.0,4922059787,4922060266
4922060266,51.4464714166,25.2969063468,1468205582.0,4922060221,4922060332
4922060332,51.4465330329,25.2968054373,1468205583.0,4922060266,4922060369
4922060369,51.4465853221,25.2967652013,1468205584.0,4922060332,4922060409
4922060409,51.4466464023,25.2967337775,1468205585.0,4922060369,4922060637
4922060637,51.4467796671,25.2966940671,1468205587.0,4922060409,4922060952
4922060952,51.4469227856,25.296671849,1468205589.0,4922060637,4922061119
4922061119,51.4469861003,25.2966800933,1468205590.0,4922060952,4922061932
4922061932,51.4470461698,25.2967020183,1468205590.0,4922061119,4922061987
4922061987,51.4470988989,25.2967355366,1468205591.0,4922061932,4922062056
4922062056,51.4471431288,25.2967814406,1468205592.0,4922061987,4922062097
4922062097,51.4471811796,25.2968354645,1468205593.0,4922062056,4922062131
4922062131,51.447205711,25.2969005148,1468205593.0,4922062097,4922062178
4922062178,51.4472127935,25.2969702165,1468205594.0,4922062131,4922062221
4922062221,51.4472018814,25.2970389633,1468205595.0,4922062178,4922062285
4922062285,51.4471669551,25.2971267706,1468205596.0,4922062221,4922062337
4922062337,51.4469522025,25.2975456215,1468205600.0,4922062285,4922062382
4922062382,51.4469462941,25.2976544371,1468205601.0,4922062337,4922062431
4922062431,51.4469999342,25.2980072704,1468205604.0,4922062382,4922062477
4922062477,51.4472328975,25.2987407299,1468205609.0,4922062431,4922062513
4922062513,51.4475048401,25.2992115897,1468205612.0,4922062477,4922062543
4922062543,51.448018739,25.2997813556,1468205616.0,4922062513,4922062613
4922062613,51.4502303857,25.301686842,1468205629.0,4922062543,4922062710
4922062710,51.4517371009,25.3028526981,1468205639.0,4922062613,4922063541
4922063541,51.4530824039,25.3037624496,1468205649.0,4922062710,4922063736
4922063736,51.4535965641,25.3040775004,1468205655.0,4922063541,4922063863
4922063863,51.4537616127,25.3041467821,1468205658.0,4922063736,4922063979
4922063979,51.4538126103,25.3041887706,1468205659.0,4922063863,4922064935
4922064935,51.4538509687,25.3042394407,1468205660.0,4922063979,4922065040
4922065040,51.4538710934,25.3042851159,1468205660.0,4922064935,4922065099
4922065099,51.4538847928,25.3043530972,1468205661.0,4922065040,4922065185
4922065185,51.453915239,25.3048509108,1468205667.0,4922065099,4922065287
4922065287,51.4544718535,25.3060273755,1468205676.0,4922065185,4922066049
4922066049,51.4547054421,25.3070098289,1468205682.0,4922065287,4922066100
4922066100,51.4546998956,25.3079039739,1468205686.0,4922066049,4922066135
4922066135,51.4545062453,25.3088140742,1468205691.0,4922066100,4922066257
4922066257,51.4541341312,25.309642031,1468205696.0,4922066135,4922066321
4922066321,51.4534789546,25.3107913653,1468205705.0,4922066257,4922066666
4922066666,51.4527536146,25.312017862,1468205715.0,4922066321,4922067172
4922067172,51.4520015003,25.3131860998,1468205725.0,4922066666,4922067899
4922067899,51.4513561,25.314497,1468205735.0,4922067172,4922068362
4922068362,51.4507058,25.31577,1468205745.0,4922067899,4922081676
4922081676,51.4504058,25.3165185,1468205751.0,4922068362,4922081712
4922081712,51.4501528,25.3172771,1468205757.0,4922081676,4922081740
4922081740,51.4498165,25.3178021,1468205762.0,4922081712,4922081773
4922081773,51.4493538,25.3184428,1468205771.0,4922081740,4922081810
4922081810,51.449351,25.3184763,1468205781.0,4922081773,4922081839
4922081839,51.4493443,25.3184775,1468205791.0,4922081810,4922081873
4922081873,51.4493216,25.3185278,1468205801.0,4922081839,4922081902
4922081902,51.44931,25.3186041,1468205803.0,4922081873,4922081934
4922081934,51.4493146,25.3186783,1468205805.0,4922081902,4922082345
4922082345,51.4493378,25.3187535,1468205806.0,4922081934,4922082393
4922082393,51.4494563,25.3190948,1468205810.0,4922082345,4922082441
4922082441,51.4495031,25.3194106,1468205814.0,4922082393,4922082474
4922082474,51.4495515,25.3194886,1468205815.0,4922082441,4922082606
4922082606,51.4496008,25.3195398,1468205815.0,4922082474,4922082661
4922082661,51.4496618,25.3195819985,1468205816.0,4922082606,4922082706
4922082706,51.4497536,25.3196225,1468205817.0,4922082661,4922082730
4922082730,51.4498608,25.319647,1468205818.0,4922082706,4922082758
4922082758,51.4503923,25.3196778,1468205822.0,4922082730,4922082814
4922082814,51.4520893,25.3197311,1468205831.0,4922082758,4922082901
4922082901,51.4554683,25.319876,1468205845.0,4922082814,4922082960
4922082960,51.4581378,25.3199271,1468205855.0,4922082901,4922082998
4922082998,51.460612,25.3200013,1468205865.0,4922082960,4922083040
4922083040,51.4630911,25.3200648,1468205875.0,4922082998,4922083081
4922083081,51.4655138,25.3201131,1468205885.0,4922083040,4922083129
4922083129,51.4678401691,25.3202061741,1468205895.0,4922083081,4922083185
4922083185,51.4701523083,25.3205650993,1468205905.0,4922083129,4922083221
4922083221,51.4724031,25.3211635,1468205915.0,4922083185,4922083274
4922083274,51.4747188,25.3217905,1468205925.0,4922083221,4922083308
4922083308,51.4769901,25.3223621,1468205935.0,4922083274,4922083357
4922083357,51.4792266,25.3226961,1468205945.0,4922083308,4922083400
4922083400,51.4813921,25.3227601,1468205955.0,4922083357,4922083492
4922083492,51.483844,25.3225335,1468205965.0,4922083400,4922083534
4922083534,51.4860106,25.3220993,1468205975.0,4922083492,4922083567
4922083567,51.4877629167,25.3214721228,1468205985.0,4922083534,4922083598
4922083598,51.489562734,25.3206859281,1468205995.0,4922083567,4922083657
4922083657,51.4913751537,25.3198943097,1468206005.0,4922083598,4922083716
4922083716,51.49324311,25.3190771037,1468206015.0,4922083657,4922083765
4922083765,51.4949184077,25.3183472877,1468206025.0,4922083716,4922083816
4922083816,51.495236039,25.3181762696,1468206029.0,4922083765,4922083878
4922083878,51.4952978928,25.3181186893,1468206030.0,4922083816,4922083919
4922083919,51.4953420984,25.3180600584,1468206039.0,4922083878,4922083945
4922083945,51.4956556666,25.3176519495,1468206049.0,4922083919,4922083979
4922083979,51.4957858896,25.3175026621,1468206051.0,4922083945,4922084032
4922084032,51.4958622175,25.3174519518,1468206052.0,4922083979,4922084064
4922084064,51.4959295022,25.3174250168,1468206053.0,4922084032,4922084107
4922084107,51.496028819,25.317406381,1468206054.0,4922084064,4922084148
4922084148,51.4962209874,25.3174040907,1468206056.0,4922084107,4922084175
4922084175,51.4968661,25.3174448,1468206061.0,4922084148,4922084209
4922084209,51.4970105,25.3174053,1468206063.0,4922084175,4922084678
4922084678,51.4983371631,25.3168268944,1468206072.0,4922084209,4922085414
4922085414,51.5014827878,25.315456541,1468206087.0,4922084678,None
