4924860651,51.4433678,25.2939048,1468251589.0,None,4924860721
4924860721,51.4443123,25.2947348,1468251599.0,4924860651,4924860774
4924860774,51.4452462933,25.2954711966,1468251609.0,4924860721,4924860831
4924860831,51.4461024449,25.2960946957,1468251619.0,4924860774,4924860892
4924860892,51.4466813218,25.2965041298,1468251629.0,4924860831,4924860998
4924860998,51.4467086757,25.2965386866,1468251631.0,4924860892,4924861060
4924861060,51.446730376,25.2965541517,1468251632.0,4924860998,4924861123
4924861123,51.4467399233,25.2965597712,1468251633.0,4924861060,4924861174
4924861174,51.4467566991,25.2965598259,1468251633.0,4924861123,4924861218
4924861218,51.4468788829,25.2965796016,1468251637.0,4924861174,4924861279
4924861279,51.4471013388,25.2966186495,1468251642.0,4924861218,4924861357
4924861357,51.4471364013,25.2966404157,1468251643.0,4924861279,4924861393
4924861393,51.4471642142,25.2966685622,1468251643.0,4924861357,4924861455
4924861455,51.4471989415,25.2967070363,1468251644.0,4924861393,4924861527
4924861527,51.4472228313,25.2967551378,1468251645.0,4924861455,4924861567
4924861567,51.4472433367,25.296818989,1468251647.0,4924861527,4924861622
4924861622,51.4472475986,25.2968732534,1468251648.0,4924861567,4924861676
4924861676,51.4472404905,25.29692069,1468251648.0,4924861622,4924861731
4924861731,51.4472233345,25.296984009,1468251649.0,4924861676,4924861783
4924861783,51.4471890894,25.2970484101,1468251650.0,4924861731,4924861849
4924861849,51.4471451547,25.2971007106,1468251651.0,4924861783,4924861903
4924861903,51.4470802846,25.2971540606,1468251653.0,4924861849,4924861964
4924861964,51.4469938192,25.2971995605,1468251654.0,4924861903,4924861991
4924861991,51.446894754,25.2972319223,1468251656.0,4924861964,4924862035
4924862035,51.4467618406,25.2972540738,1468251658.0,4924861991,4924862085
4924862085,51.4466539375,25.2972475032,1468251660.0,4924862035,4924862146
4924862146,51.4465918151,25.2972322319,1468251661.0,4924862085,4924862211
4924862211,51.446325928,25.2971628074,1468251665.0,4924862146,4924862298
4924862298,51.4462523134,25.2971714627,1468251666.0,4924862211,4924862404
4924862404,51.4461330379,25.2971995906,1468251667.0,4924862298,4924862474
4924862474,51.4460143156,25.2972482954,1468251669.0,4924862404,4924862555
4924862555,51.4459037856,25.2973163259,1468251672.0,4924862474,4924862612
4924862612,51.4458713771,25.2973515069,1468251673.0,4924862555,4924862664
4924862664,51.4458569584,25.2973787962,1468251673.0,4924862612,4924862705
4924862705,51.4458494556,25.2974090531,1468251674.0,4924862664,4924862768
4924862768,51.4458510104,25.297429557,1468251675.0,4924862705,4924862823
4924862823,51.4458561183,25.2974451998,1468251675.0,4924862768,4924862867
4924862867,51.4458656112,25.2974655615,1468251676.0,4924862823,4924862927
4924862927,51.44587401,25.2974723552,1468251677.0,4924862867,4924862979
4924862979,51.4458801065,25.2974775363,1468251677.0,4924862927,4924863055
4924863055,51.4459326001,25.2975383006,1468251681.0,4924862979,4924863114
4924863114,51.4460223,25.2975861,1468251684.0,4924863055,4924863185
4924863185,51.4460498,25.297591,1468251685.0,4924863114,4924863241
4924863241,51.4463778,25.2976568,1468251695.0,4924863185,4924863308
4924863308,51.4464675,25.2976723,1468251699.0,4924863241,4924863379
4924863379,51.4465214993,25.2977093002,1468251709.0,4924863308,4924863428
4924863428,51.446554489,25.2977368144,1468251719.0,4924863379,4924863492
4924863492,51.4465498654,25.2977311534,1468251729.0,4924863428,4924863561
4924863561,51.4465199085,25.2977924642,1468251739.0,4924863492,4924863623
4924863623,51.4465595997,25.2978054272,1468251749.0,4924863561,4924863671
4924863671,51.4465602497,25.297827284,1468251759.0,4924863623,4924863720
4924863720,51.4465740388,25.2978172541,1468251769.0,4924863671,4924863772
4924863772,51.4465920665,25.2978375619,1468251779.0,4924863720,4924863798
4924863798,51.4465936892,25.2978342475,1468251789.0,4924863772,4924863871
4924863871,51.4465862541,25.2978955789,1468251799.0,4924863798,4924863928
4924863928,51.4466088549,25.2978884775,1468251809.0,4924863871,4924863968
4924863968,51.4466242099,25.2978771389,1468251819.0,4924863928,4924864051
4924864051,51.4466235796,25.2978901407,1468251829.0,4924863968,4924864111
4924864111,51.4466345539,25.2979075406,1468251839.0,4924864051,4924864171
4924864171,51.446639576,25.2979275126,1468251849.0,4924864111,4924873341
4924873341,51.4466745108,25.2979145456,1468252003.0,4924864171,4924873956
4924873956,51.4466815773,25.2980896378,1468252013.0,4924873341,4924874164
4924874164,51.4466953349,25.2981839411,1468252016.0,4924873956,4924874223
4924874223,51.4467060621,25.2981992426,1468252017.0,4924874164,4924874272
4924874272,51.4467177597,25.2982029771,1468252018.0,4924874223,4924874348
4924874348,51.446734271,25.2982142832,1468252018.0,4924874272,4924874396
4924874396,51.446770768,25.2982299524,1468252020.0,4924874348,4924874454
4924874454,51.4467831505,25.2982297208,1468252020.0,4924874396,4924874607
4924874607,51.4468047728,25.2982309306,1468252021.0,4924874454,4924874723
4924874723,51.4468239995,25.2982271002,1468252022.0,4924874607,4924875067
4924875067,51.4468505651,25.2982089138,1468252028.0,4924874723,4924875140
4924875140,51.4468494759,25.2982033534,1468252028.0,4924875067,4924875209
4924875209,51.4468535951,25.2981864468,1468252029.0,4924875140,4924875276
4924875276,51.4468524631,25.2981458211,1468252031.0,4924875209,4924875736
4924875736,51.4467948478,25.2979092416,1468252038.0,4924875276,4924876353
4924876353,51.4467028743,25.2975027792,1468252048.0,4924875736,4924877130
4924877130,51.4466518637,25.2973693114,1468252058.0,4924876353,4924877323
4924877323,51.4466167399,25.2973195048,1468252062.0,4924877130,4924877849
4924877849,51.4464628032,25.2971589568,1468252069.0,4924877323,4924877956
4924877956,51.4464358995,25.2970986568,1468252071.0,4924877849,4924878064
4924878064,51.4464200334,25.2970267094,1468252073.0,4924877956,4924878163
4924878163,51.4464216375,25.2969587665,1468252074.0,4924878064,4924878207
4924878207,51.44643687,25.2969114923,1468252075.0,4924878163,4924878268
4924878268,51.4464729454,25.2968465947,1468252077.0,4924878207,4924878352
4924878352,51.4465225843,25.296785304,1468252078.0,4924878268,4924878436
4924878436,51.4465658885,25.2967516604,1468252079.0,4924878352,4924879079
4924879079,51.4466168819,25.2967241625,1468252080.0,4924878436,4924879190
4924879190,51.4466900108,25.2966990475,1468252081.0,4924879079,4924879271
4924879271,51.4468668302,25.2966557635,1468252084.0,4924879190,4924879321
4924879321,51.4469469507,25.2966581208,1468252085.0,4924879271,4924879448
4924879448,51.4470360137,25.2966804089,1468252086.0,4924879321,4924879539
4924879539,51.4471183449,25.2967220403,1468252088.0,4924879448,4924879714
4924879714,51.4471524213,25.2967608288,1468252088.0,4924879539,4924879799
4924879799,51.4471858683,25.2968072162,1468252089.0,4924879714,4924879853
4924879853,51.4472084827,25.2968625197,1468252090.0,4924879799,4924879946
4924879946,51.4472160251,25.2969206506,1468252091.0,4924879853,4924880022
4924880022,51.4472124856,25.2969788387,1468252092.0,4924879946,4924880084
4924880084,51.4471879643,25.2970628488,1468252094.0,4924880022,4924880225
4924880225,51.4471129247,25.2972041103,1468252096.0,4924880084,4924880283
4924880283,51.4469926867,25.2974586822,1468252099.0,4924880225,4924880348
4924880348,51.4469769452,25.2976107355,1468252101.0,4924880283,4924880404
4924880404,51.4469961495,25.2977333284,1468252103.0,4924880348,4924880451
4924880451,51.4471187352,25.298259167,1468252108.0,4924880404,4924880922
4924880922,51.4475166897,25.299093602,1468252116.0,4924880451,4924881238
4924881238,51.4479392326,25.2996309596,1468252120.0,4924880922,4924881801
4924881801,51.4491367255,25.300714084,1468252130.0,4924881238,4924882397
4924882397,51.4504334048,25.3018093024,1468252140.0,4924881801,4924883172
4924883172,51.4517407745,25.302827056,1468252150.0,4924882397,4924883754
4924883754,51.4529385551,25.303629705,1468252160.0,4924883172,4924884301
4924884301,51.4535923323,25.3040303036,1468252170.0,4924883754,4924884637
4924884637,51.4538642047,25.3041678755,1468252176.0,4924884301,4924884807
4924884807,51.4538894872,25.3042064533,1468252177.0,4924884637,4924885011
4924885011,51.4539163073,25.3042592028,1468252178.0,4924884807,4924885077
4924885077,51.4539235958,25.3043141467,1468252178.0,4924885011,4924885117
4924885117,51.4539285323,25.3044416656,1468252180.0,4924885077,4924885353
4924885353,51.4539324262,25.3047782836,1468252185.0,4924885117,4924885418
4924885418,51.4539822926,25.3048939927,1468252186.0,4924885353,None
