4921841361,51.4463241073,25.3195763858,1468198974.0,None,4921841392
4921841392,51.4471703078,25.3195500608,1468198980.0,4921841361,4921841426
4921841426,51.4472705491,25.3195131205,1468198981.0,4921841392,4921841443
4921841443,51.4473406001,25.3194671684,1468198981.0,4921841426,4921841473
4921841473,51.4474200428,25.3193936245,1468198982.0,4921841443,4921841492
4921841492,51.4474995776,25.3192795461,1468198984.0,4921841473,4921841512
4921841512,51.4478139186,25.3189263418,1468198987.0,4921841492,4921841534
4921841534,51.4482481621,25.3185815441,1468198991.0,4921841512,4921841558
4921841558,51.4484393516,25.3184939098,1468198993.0,4921841534,4921841589
4921841589,51.4486027889,25.3184589007,1468198994.0,4921841558,4921841626
4921841626,51.4487925228,25.3184506356,1468198996.0,4921841589,4921841647
4921841647,51.4490956901,25.3184305729,1468198999.0,4921841626,4921841680
4921841680,51.4491875542,25.3183909362,1468199000.0,4921841647,4921841703
4921841703,51.4492513372,25.3183432523,1468199000.0,4921841680,4921841735
4921841735,51.4493460251,25.3182465701,1468199002.0,4921841703,4921841756
4921841756,51.4499681262,25.3174242852,1468199009.0,4921841735,4921841784
4921841784,51.4501738755,25.3169856828,1468199012.0,4921841756,4921841815
4921841815,51.4507553436,25.3154328709,1468199022.0,4921841784,4921841836
4921841836,51.4515877657,25.3138759485,1468199032.0,4921841815,4921841863
4921841863,51.4524261192,25.3123257302,1468199042.0,4921841836,4921841888
4921841888,51.4533883086,25.3107324439,1468199052.0,4921841863,4921841916
4921841916,51.4542212978,25.3091218438,1468199062.0,4921841888,4921841966
4921841966,51.454475346,25.3082949596,1468199067.0,4921841916,4921841985
4921841985,51.4545712764,25.3072906915,1468199072.0,4921841966,4921842006
4921842006,51.4544727366,25.3064700662,1468199077.0,4921841985,4921842030
4921842030,51.45417078,25.3055665962,1468199083.0,4921842006,4921842052
4921842052,51.453805528,25.3049171974,1468199088.0,4921842030,4921842077
4921842077,51.4537063451,25.3048187602,1468199089.0,4921842052,4921842102
4921842102,51.4535601674,25.3047265707,1468199091.0,4921842077,4921842124
4921842124,51.4533938212,25.3046075358,1468199093.0,4921842102,4921842147
4921842147,51.453355254,25.3045431846,1468199093.0,4921842124,4921842182
4921842182,51.4533359205,25.3044702926,1468199094.0,4921842147,4921842215
4921842215,51.4533345473,25.3043925011,1468199095.0,4921842182,4921842243
4921842243,51.4533483976,25.3043173639,1468199096.0,4921842215,4921842269
4921842269,51.4533861455,25.3042196732,1468199097.0,4921842243,4921842298
4921842298,51.4534351594,25.3041576331,1468199097.0,4921842269,4921842319
4921842319,51.4535012729,25.3041129484,1468199098.0,4921842298,4921842341
4921842341,51.4535542798,25.3040914348,1468199099.0,4921842319,4921842374
4921842374,51.4536384452,25.304081535,1468199099.0,4921842341,4921843029
4921843029,51.4542705,25.3039635,1468199104.0,4921842374,4921843045
4921843045,51.4558238,25.3032206,1468199114.0,4921843029,4921843072
4921843072,51.4575128,25.3024178,1468199124.0,4921843045,4921843102
4921843102,51.4579473023,25.3022026269,1468199128.0,4921843072,4921843118
4921843118,51.4579850003,25.3021597948,1468199129.0,4921843102,4921843138
4921843138,51.458015844,25.3020992415,1468199130.0,4921843118,4921843155
4921843155,51.4580262968,25.3020494831,1468199131.0,4921843138,4921843191
4921843191,51.4580325,25.3019478,1468199132.0,4921843155,4921843217
4921843217,51.4580219766,25.3019140892,1468199133.0,4921843191,4921843231
4921843231,51.4580104725,25.3019050375,1468199134.0,4921843217,4921843261
4921843261,51.4580024754,25.3018998982,1468199135.0,4921843231,4921843285
4921843285,51.457995277,25.3018956327,1468199136.0,4921843261,4921843306
4921843306,51.4579247886,25.3018751458,1468199145.0,4921843285,4921843332
4921843332,51.457912586,25.3018821115,1468199145.0,4921843306,4921843356
4921843356,51.457905584,25.3018867844,1468199146.0,4921843332,4921843379
4921843379,51.4578922782,25.3018970057,1468199147.0,4921843356,4921843400
4921843400,51.4578040094,25.3019714801,1468199151.0,4921843379,4921843424
4921843424,51.457772698,25.3019955494,1468199152.0,4921843400,4921843443
4921843443,51.4577183087,25.3020226193,1468199154.0,4921843424,4921843468
4921843468,51.4575385736,25.3021065898,1468199160.0,4921843443,4921843495
4921843495,51.4575320999,25.3021160997,1468199161.0,4921843468,4921843505
4921843505,51.4575255566,25.3021314689,1468199161.0,4921843495,4921843531
4921843531,51.4575215997,25.3021535988,1468199162.0,4921843505,4921843562
4921843562,51.4575220786,25.302169516,1468199163.0,4921843531,4921843592
4921843592,51.4575254819,25.3021880177,1468199163.0,4921843562,4921843620
4921843620,51.4575324807,25.302205618,1468199164.0,4921843592,4921843649
4921843649,51.4575429639,25.3022700634,1468199174.0,4921843620,4921843678
4921843678,51.4575642038,25.3022682986,1468199184.0,4921843649,4921843703
4921843703,51.4575479636,25.3022683998,1468199194.0,4921843678,4921843726
4921843726,51.4575464024,25.3022626272,1468199204.0,4921843703,4921843753
4921843753,51.4575449623,25.302261078,1468199214.0,4921843726,4921843786
4921843786,51.4575463455,25.3022582922,1468199224.0,4921843753,4921843807
4921843807,51.4575449714,25.302257683,1468199234.0,4921843786,None
