4921941921,51.5020783,25.2670091,1468203210.0,None,4921960959
4921960959,51.5018315,25.2811086,1468203622.0,4921941921,4921961168
4921961168,51.5003458965,25.2810268858,1468203632.0,4921960959,4921961910
4921961910,51.4990282183,25.2809470218,1468203642.0,4921961168,4921961967
4921961967,51.4987765309,25.2808954176,1468203645.0,4921961910,4921962273
4921962273,51.498265565,25.280692563,1468203653.0,4921961967,4921962505
4921962505,51.4979040308,25.2805763808,1468203658.0,4921962273,4921963018
4921963018,51.4969319359,25.2804746844,1468203668.0,4921962505,4921963478
4921963478,51.4959678,25.2804496,1468203677.0,4921963018,4921963593
4921963593,51.4958411162,25.2804903452,1468203679.0,4921963478,4921963760
4921963760,51.4957083267,25.2805453978,1468203683.0,4921963593,4921964252
4921964252,51.4955062737,25.2806620967,1468203692.0,4921963760,4921964380
4921964380,51.4954653169,25.2806765545,1468203694.0,4921964252,4921964436
4921964436,51.4954385282,25.2806764755,1468203695.0,4921964380,4921964966
4921964966,51.4954021501,25.2806741477,1468203705.0,4921964436,4921965494
4921965494,51.4954353,25.2806743,1468203715.0,4921964966,4921966069
4921966069,51.49549015,25.2806737285,1468203725.0,4921965494,4921966597
4921966597,51.4955107298,25.2806721956,1468203735.0,4921966069,4921967137
4921967137,51.4955390141,25.2806828216,1468203745.0,4921966597,4921967647
4921967647,51.4955710453,25.2806835661,1468203755.0,4921967137,4921968236
4921968236,51.4956082754,25.2806686089,1468203765.0,4921967647,4921968781
4921968781,51.4956462524,25.2806595808,1468203775.0,4921968236,4921969271
4921969271,51.4956622008,25.2806599797,1468203785.0,4921968781,4921969796
4921969796,51.4957254662,25.2806667622,1468203795.0,4921969271,4921970229
4921970229,51.4957987004,25.2806777791,1468203805.0,4921969796,None
