4924503846,51.5007194446,25.3020969527,1468246614.0,None,4924503847
4924503847,51.5006492229,25.3021019502,1468246625.0,4924503846,4924503848
4924503848,51.5006351908,25.3020960811,1468246627.0,4924503847,4924503849
4924503849,51.5006361464,25.3020955617,1468246629.0,4924503848,4924506299
4924506299,51.5007298834,25.3020709595,1468246646.0,4924503849,4924506300
4924506300,51.5007326278,25.3022240462,1468246648.0,4924506299,4924506301
4924506301,51.5007321545,25.3022236514,1468246650.0,4924506300,4924506307
4924506307,51.5007150872,25.3020872258,1468246652.0,4924506301,4924506309
4924506309,51.5007157174,25.3020876045,1468246654.0,4924506307,4924506310
4924506310,51.5007153256,25.3020876837,1468246656.0,4924506309,4924506313
4924506313,51.5007151859,25.3020873649,1468246658.0,4924506310,4924506316
4924506316,51.5007151142,25.3020871817,1468246660.0,4924506313,4924506318
4924506318,51.5007150616,25.3020870297,1468246662.0,4924506316,4924506319
4924506319,51.5007150188,25.3020868938,1468246664.0,4924506318,4924506320
4924506320,51.5007149838,25.3020867706,1468246666.0,4924506319,None
