4921841361,51.4463241101,25.3195765345,1468198974.0,None,4921841392
4921841392,51.4471703108,25.3195502322,1468198980.0,4921841361,4921841426
4921841426,51.4472706472,25.3195133255,1468198981.0,4921841392,4921841443
4921841443,51.4473406519,25.3194671256,1468198981.0,4921841426,4921841473
4921841473,51.4474202562,25.3193937595,1468198982.0,4921841443,4921841492
4921841492,51.4474991996,25.3192790796,1468198984.0,4921841473,4921841512
4921841512,51.4478137208,25.3189259137,1468198987.0,4921841492,4921841534
4921841534,51.4482478542,25.3185806145,1468198991.0,4921841512,4921841558
4921841558,51.4484392597,25.3184929374,1468198993.0,4921841534,4921841589
4921841589,51.448602783,25.3184581883,1468198994.0,4921841558,4921841626
4921841626,51.4487925294,25.3184498901,1468198996.0,4921841589,4921841647
4921841647,51.449095648,25.3184300004,1468198999.0,4921841626,4921841680
4921841680,51.4491872772,25.3183901309,1468199000.0,4921841647,4921841703
4921841703,51.4492508934,25.3183423595,1468199000.0,4921841680,4921841735
4921841735,51.4493454071,25.3182456218,1468199002.0,4921841703,4921841756
4921841756,51.4499673917,25.3174234955,1468199009.0,4921841735,4921841784
4921841784,51.4501732525,25.3169852523,1468199012.0,4921841756,4921841815
4921841815,51.4507552802,25.3154328135,1468199022.0,4921841784,4921841836
4921841836,51.4515869485,25.3138752065,1468199032.0,4921841815,4921841863
4921841863,51.4524251955,25.3123246568,1468199042.0,4921841836,4921841888
4921841888,51.453387223,25.3107314109,1468199052.0,4921841863,4921841916
4921841916,51.45422056,25.309121327,1468199062.0,4921841888,4921841966
4921841966,51.4544748815,25.3082949029,1468199067.0,4921841916,4921841985
4921841985,51.4545705641,25.3072907678,1468199072.0,4921841966,4921842006
4921842006,51.4544720154,25.3064704939,1468199077.0,4921841985,4921842030
4921842030,51.454170155,25.3055670065,1468199083.0,4921842006,4921842052
4921842052,51.4538048836,25.3049178936,1468199088.0,4921842030,4921842077
4921842077,51.4537058748,25.3048192627,1468199089.0,4921842052,4921842102
4921842102,51.4535598404,25.3047277231,1468199091.0,4921842077,4921842124
4921842124,51.4533934381,25.3046085419,1468199093.0,4921842102,4921842147
4921842147,51.4533542629,25.3045442767,1468199093.0,4921842124,4921842182
4921842182,51.4533350905,25.3044706133,1468199094.0,4921842147,4921842215
4921842215,51.4533337576,25.3043927877,1468199095.0,4921842182,4921842243
4921842243,51.4533479034,25.304317596,1468199096.0,4921842215,4921842269
4921842269,51.4533860826,25.3042197031,1468199097.0,4921842243,4921842298
4921842298,51.453435182,25.3041575695,1468199097.0,4921842269,4921842319
4921842319,51.4535015918,25.3041120617,1468199098.0,4921842298,4921842341
4921842341,51.4535548926,25.3040897113,1468199099.0,4921842319,4921842374
4921842374,51.4536386872,25.3040808702,1468199099.0,4921842341,4921843029
4921843029,51.4542705,25.3039635,1468199104.0,4921842374,4921843045
4921843045,51.4558238,25.3032206,1468199114.0,4921843029,4921843072
4921843072,51.4575127995,25.3024178009,1468199124.0,4921843045,4921843102
4921843102,51.4579473033,25.3022025569,1468199128.0,4921843072,4921843118
4921843118,51.4579850003,25.3021595902,1468199129.0,4921843102,4921843138
4921843138,51.4580158618,25.3020988138,1468199130.0,4921843118,4921843155
4921843155,51.4580262956,25.3020494362,1468199131.0,4921843138,4921843191
4921843191,51.4580325,25.3019478,1468199132.0,4921843155,4921843217
4921843217,51.4580219673,25.3019139258,1468199133.0,4921843191,4921843231
4921843231,51.4580104614,25.3019048531,1468199134.0,4921843217,4921843261
4921843261,51.4580024656,25.3018997378,1468199135.0,4921843231,4921843285
4921843285,51.4579952678,25.3018954862,1468199136.0,4921843261,4921843306
4921843306,51.457924784,25.3018750841,1468199145.0,4921843285,4921843332
4921843332,51.4579125804,25.3018820362,1468199145.0,4921843306,4921843356
4921843356,51.4579055776,25.3018866982,1468199146.0,4921843332,4921843379
4921843379,51.4578922695,25.301896888,1468199147.0,4921843356,4921843400
4921843400,51.4578039729,25.3019709524,1468199151.0,4921843379,4921843424
4921843424,51.4577726565,25.3019949637,1468199152.0,4921843400,4921843443
4921843443,51.4577182313,25.3020222163,1468199154.0,4921843424,4921843468
4921843468,51.4575385708,25.3021065211,1468199160.0,4921843443,4921843495
4921843495,51.4575320832,25.302116073,1468199161.0,4921843468,4921843505
4921843505,51.4575255555,25.3021314679,1468199161.0,4921843495,4921843531
4921843531,51.4575215996,25.3021535984,1468199162.0,4921843505,4921843562
4921843562,51.45752207,25.3021695224,1468199163.0,4921843531,4921843592
4921843592,51.4575254746,25.3021880248,1468199163.0,4921843562,4921843620
4921843620,51.4575324668,25.30220563,1468199164.0,4921843592,4921843649
4921843649,51.4575428341,25.3022704588,1468199174.0,4921843620,4921843678
4921843678,51.4575642878,25.3022685863,1468199184.0,4921843649,4921843703
4921843703,51.4575479397,25.3022681544,1468199194.0,4921843678,4921843726
4921843726,51.4575464467,25.3022624789,1468199204.0,4921843703,4921843753
4921843753,51.457545037,25.3022611048,1468199214.0,4921843726,4921843786
4921843786,51.4575464363,25.3022583515,1468199224.0,4921843753,4921843807
4921843807,51.4575449474,25.302257329,1468199234.0,4921843786,None
