4923522292,51.4588478,25.2929636,1468229059.0,None,4923522519
4923522519,51.4588941,25.2929746,1468229064.0,4923522292,4923522568
4923522568,51.4589046,25.2929866,1468229065.0,4923522519,4923522612
4923522612,51.4589186,25.2930093,1468229066.0,4923522568,4923522644
4923522644,51.4589221,25.2930288,1468229066.0,4923522612,4923522661
4923522661,51.4589233,25.2930621,1468229067.0,4923522644,4923523071
4923523071,51.4589145,25.2938721,1468229076.0,4923522661,4923523476
4923523476,51.458906,25.2949816,1468229086.0,4923523071,4923523518
4923523518,51.4589293,25.2950427998,1468229087.0,4923523476,4923523572
4923523572,51.4589615001,25.2950850949,1468229088.0,4923523518,4923523642
4923523642,51.4589840002,25.2951024837,1468229089.0,4923523572,4923523693
4923523693,51.4590113003,25.2951175602,1468229090.0,4923523642,4923523719
4923523719,51.4590425005,25.2951224464,1468229090.0,4923523693,4923524236
4923524236,51.4600915,25.2951653,1468229100.0,4923523719,4923524633
4923524633,51.4619315,25.2951006,1468229110.0,4923524236,4923524765
4923524765,51.4625761,25.2949466,1468229113.0,4923524633,4923525245
4923525245,51.464307,25.294383,1468229123.0,4923524765,4923525497
4923525497,51.4650238,25.2942096,1468229128.0,4923525245,4923525974
4923525974,51.4657445165,25.2941893281,1468229137.0,4923525497,4923526420
4923526420,51.4657433579,25.2941902623,1468229147.0,4923525974,4923526920
4923526920,51.4657427044,25.2941928004,1468229157.0,4923526420,4923527389
4923527389,51.4657410123,25.2941958416,1468229167.0,4923526920,4923527823
4923527823,51.4657400032,25.2941981743,1468229177.0,4923527389,4923528354
4923528354,51.4657418055,25.2942006718,1468229187.0,4923527823,4923528840
4923528840,51.4657441834,25.2942044395,1468229197.0,4923528354,4923529313
4923529313,51.4657408875,25.2942043064,1468229207.0,4923528840,4923529778
4923529778,51.4657399084,25.2942048124,1468229217.0,4923529313,4923530338
4923530338,51.4657394636,25.2942026255,1468229227.0,4923529778,4923530835
4923530835,51.4657369499,25.2941988136,1468229237.0,4923530338,4923531344
4923531344,51.4657340951,25.2941946778,1468229247.0,4923530835,4923531896
4923531896,51.4657895914,25.2941938128,1468229257.0,4923531344,4923531944
4923531944,51.4658183,25.2941991,1468229258.0,4923531896,4923531988
4923531988,51.4658340662,25.2942080766,1468229258.0,4923531944,4923532017
4923532017,51.4658439672,25.2942198749,1468229259.0,4923531988,4923532076
4923532076,51.4658459798,25.2942273461,1468229259.0,4923532017,4923532123
4923532123,51.4658459928,25.2942355165,1468229259.0,4923532076,4923532179
4923532179,51.4658430996,25.294245101,1468229259.0,4923532123,4923532233
4923532233,51.4658382534,25.2942538344,1468229260.0,4923532179,4923532345
4923532345,51.4658320014,25.2942620969,1468229260.0,4923532233,4923532400
4923532400,51.4658229233,25.2942687304,1468229260.0,4923532345,4923532456
4923532456,51.4658119589,25.2942744545,1468229260.0,4923532400,4923532507
4923532507,51.4657918,25.2942803,1468229261.0,4923532456,4923532565
4923532565,51.4657655165,25.2942833015,1468229261.0,4923532507,4923532631
4923532631,51.4657141247,25.2942782086,1468229262.0,4923532565,4923532684
4923532684,51.4650265,25.2942898,1468229269.0,4923532631,4923532732
4923532732,51.4644729551,25.2944124745,1468229273.0,4923532684,4923533181
4923533181,51.4630709796,25.2948796893,1468229282.0,4923532732,4923533712
4923533712,51.4616802937,25.2952623257,1468229290.0,4923533181,4923534013
4923534013,51.4599426,25.2953043,1468229299.0,4923533712,4923534508
4923534508,51.4578856,25.2953408,1468229309.0,4923534013,4923534994
4923534994,51.4557971,25.2954468,1468229319.0,4923534508,4923535464
4923535464,51.4537235,25.2956485,1468229329.0,4923534994,4923536042
4923536042,51.451625,25.2959588,1468229339.0,4923535464,4923536532
4923536532,51.4495261,25.2963818,1468229349.0,4923536042,4923537385
4923537385,51.4477378,25.2968406,1468229359.0,4923536532,4923537676
4923537676,51.4473927877,25.2969497949,1468229362.0,4923537385,4923537719
4923537719,51.4473023611,25.2970052427,1468229365.0,4923537676,4923537822
4923537822,51.447276036,25.2970205214,1468229374.0,4923537719,4923538009
4923538009,51.4471057421,25.2972295628,1468229379.0,4923537822,4923538062
4923538062,51.447020649,25.2972766203,1468229380.0,4923538009,4923538151
4923538151,51.4468959222,25.2973096717,1468229381.0,4923538062,4923538193
4923538193,51.4467539029,25.297328314,1468229383.0,4923538151,4923538243
4923538243,51.4466350983,25.2973182758,1468229384.0,4923538193,4923538421
4923538421,51.4461877865,25.2972262513,1468229387.0,4923538243,4923538517
4923538517,51.4459857378,25.2972574243,1468229389.0,4923538421,4923538985
4923538985,51.444531,25.2976133,1468229398.0,4923538517,None
