4922485312,51.5021240311,25.2955490135,1468212847.0,None,4922485369
4922485369,51.5020992822,25.2955699615,1468212848.0,4922485312,4922485422
4922485422,51.502078555,25.2955949886,1468212848.0,4922485369,4922485459
4922485459,51.502063512,25.2956228231,1468212849.0,4922485422,4922485534
4922485534,51.5020440314,25.2956666527,1468212850.0,4922485459,4922485588
4922485588,51.5020327853,25.2957272035,1468212851.0,4922485534,4922485625
4922485625,51.5020354916,25.2957742814,1468212851.0,4922485588,4922485678
4922485678,51.5020477905,25.2958062119,1468212852.0,4922485625,4922485740
4922485740,51.5020683401,25.2958337049,1468212852.0,4922485678,4922485788
4922485788,51.5020821684,25.2958478129,1468212853.0,4922485740,4922485822
4922485822,51.5021134049,25.2958666354,1468212853.0,4922485788,4922485876
4922485876,51.5021489134,25.2958833838,1468212854.0,4922485822,4922485930
4922485930,51.5022488,25.2959221,1468212855.0,4922485876,None
