4924860651,51.4433678,25.2939048,1468251589.0,None,4924860721
4924860721,51.4443123,25.2947348,1468251599.0,4924860651,4924860774
4924860774,51.4452464124,25.2954709495,1468251609.0,4924860721,4924860831
4924860831,51.4461023888,25.2960948386,1468251619.0,4924860774,4924860892
4924860892,51.4466812165,25.2965044441,1468251629.0,4924860831,4924860998
4924860998,51.446708746,25.2965386467,1468251631.0,4924860892,4924861060
4924861060,51.4467304884,25.2965542202,1468251632.0,4924860998,4924861123
4924861123,51.446740057,25.2965599685,1468251633.0,4924861060,4924861174
4924861174,51.4467567424,25.2965601579,1468251633.0,4924861123,4924861218
4924861218,51.4468788462,25.2965814687,1468251637.0,4924861174,4924861279
4924861279,51.4471009372,25.2966206852,1468251642.0,4924861218,4924861357
4924861357,51.4471360437,25.2966415517,1468251643.0,4924861279,4924861393
4924861393,51.4471634271,25.2966704664,1468251643.0,4924861357,4924861455
4924861455,51.4471982818,25.2967083167,1468251644.0,4924861393,4924861527
4924861527,51.4472219433,25.2967562175,1468251645.0,4924861455,4924861567
4924861567,51.4472419315,25.2968200744,1468251647.0,4924861527,4924861622
4924861622,51.4472467339,25.2968734915,1468251648.0,4924861567,4924861676
4924861676,51.4472400458,25.2969207177,1468251648.0,4924861622,4924861731
4924861731,51.4472237558,25.2969843582,1468251649.0,4924861676,4924861783
4924861783,51.4471901196,25.2970493638,1468251650.0,4924861731,4924861849
4924861849,51.4471468831,25.2971025443,1468251651.0,4924861783,4924861903
4924861903,51.4470816627,25.2971559572,1468251653.0,4924861849,4924861964
4924861964,51.4469940229,25.2972002702,1468251654.0,4924861903,4924861991
4924861991,51.446894813,25.2972325036,1468251656.0,4924861964,4924862035
4924862035,51.4467618579,25.2972546742,1468251658.0,4924861991,4924862085
4924862085,51.4466534647,25.297248746,1468251660.0,4924862035,4924862146
4924862146,51.4465911008,25.2972342862,1468251661.0,4924862085,4924862211
4924862211,51.4463261826,25.2971629289,1468251665.0,4924862146,4924862298
4924862298,51.4462522374,25.2971720547,1468251666.0,4924862211,4924862404
4924862404,51.446133055,25.2972000963,1468251667.0,4924862298,4924862474
4924862474,51.446014322,25.2972483727,1468251669.0,4924862404,4924862555
4924862555,51.445903701,25.2973158209,1468251672.0,4924862474,4924862612
4924862612,51.4458712876,25.2973509861,1468251673.0,4924862555,4924862664
4924862664,51.4458569016,25.2973784727,1468251673.0,4924862612,4924862705
4924862705,51.4458494379,25.2974089544,1468251674.0,4924862664,4924862768
4924862768,51.4458510146,25.2974295801,1468251675.0,4924862705,4924862823
4924862823,51.4458561257,25.2974452401,1468251675.0,4924862768,4924862867
4924862867,51.4458656158,25.2974655864,1468251676.0,4924862823,4924862927
4924862927,51.445874014,25.2974723775,1468251677.0,4924862867,4924862979
4924862979,51.4458801092,25.297477551,1468251677.0,4924862927,4924863055
4924863055,51.4459326001,25.2975383009,1468251681.0,4924862979,4924863114
4924863114,51.4460223,25.2975861,1468251684.0,4924863055,4924863185
4924863185,51.4460498,25.297591,1468251685.0,4924863114,4924863241
4924863241,51.4463778,25.2976568,1468251695.0,4924863185,4924863308
4924863308,51.4464675,25.2976723,1468251699.0,4924863241,4924863379
4924863379,51.446521499,25.2977093003,1468251709.0,4924863308,4924863428
4924863428,51.4465544466,25.2977374333,1468251719.0,4924863379,4924863492
4924863492,51.4465498974,25.2977308107,1468251729.0,4924863428,4924863561
4924863561,51.4465198899,25.2977924117,1468251739.0,4924863492,4924863623
4924863623,51.4465597196,25.2978056772,1468251749.0,4924863561,4924863671
4924863671,51.4465604362,25.297827396,1468251759.0,4924863623,4924863720
4924863720,51.4465741788,25.2978174837,1468251769.0,4924863671,4924863772
4924863772,51.446592173,25.2978380823,1468251779.0,4924863720,4924863798
4924863798,51.4465933426,25.2978335087,1468251789.0,4924863772,4924863871
4924863871,51.4465862525,25.2978955789,1468251799.0,4924863798,4924863928
4924863928,51.4466090454,25.2978885831,1468251809.0,4924863871,4924863968
4924863968,51.4466242163,25.2978771464,1468251819.0,4924863928,4924864051
4924864051,51.4466231606,25.2978900046,1468251829.0,4924863968,4924864111
4924864111,51.4466341359,25.2979074423,1468251839.0,4924864051,4924864171
4924864171,51.4466396114,25.2979275162,1468251849.0,4924864111,4924873341
4924873341,51.4466738025,25.2979146384,1468252003.0,4924864171,4924873956
4924873956,51.4466813721,25.298089692,1468252013.0,4924873341,4924874164
4924874164,51.4466951525,25.2981839967,1468252016.0,4924873956,4924874223
4924874223,51.4467058895,25.298199299,1468252017.0,4924874164,4924874272
4924874272,51.4467175457,25.2982030477,1468252018.0,4924874223,4924874348
4924874348,51.4467339435,25.2982143961,1468252018.0,4924874272,4924874396
4924874396,51.4467703609,25.2982300918,1468252020.0,4924874348,4924874454
4924874454,51.446782901,25.2982298055,1468252020.0,4924874396,4924874607
4924874607,51.4468045899,25.2982310111,1468252021.0,4924874454,4924874723
4924874723,51.4468239652,25.2982271278,1468252022.0,4924874607,4924875067
4924875067,51.4468504596,25.2982089653,1468252028.0,4924874723,4924875140
4924875140,51.4468484274,25.2982038717,1468252028.0,4924875067,4924875209
4924875209,51.4468527937,25.2981868239,1468252029.0,4924875140,4924875276
4924875276,51.4468515981,25.2981462325,1468252031.0,4924875209,4924875736
4924875736,51.4467940822,25.2979095311,1468252038.0,4924875276,4924876353
4924876353,51.4467024495,25.2975028889,1468252048.0,4924875736,4924877130
4924877130,51.4466520111,25.2973688345,1468252058.0,4924876353,4924877323
4924877323,51.4466167815,25.2973189087,1468252062.0,4924877130,4924877849
4924877849,51.4464624197,25.2971601989,1468252069.0,4924877323,4924877956
4924877956,51.4464353381,25.2970997286,1468252071.0,4924877849,4924878064
4924878064,51.4464188943,25.297027208,1468252073.0,4924877956,4924878163
4924878163,51.4464207263,25.296958972,1468252074.0,4924878064,4924878207
4924878207,51.446436604,25.2969118829,1468252075.0,4924878163,4924878268
4924878268,51.4464730629,25.2968469783,1468252077.0,4924878207,4924878352
4924878352,51.4465225781,25.2967853055,1468252078.0,4924878268,4924878436
4924878436,51.4465660361,25.2967519927,1468252079.0,4924878352,4924879079
4924879079,51.4466169903,25.2967244951,1468252080.0,4924878436,4924879190
4924879190,51.4466900926,25.2966993306,1468252081.0,4924879079,4924879271
4924879271,51.4468671705,25.2966544562,1468252084.0,4924879190,4924879321
4924879321,51.4469471987,25.296656958,1468252085.0,4924879271,4924879448
4924879448,51.4470361716,25.2966793951,1468252086.0,4924879321,4924879539
4924879539,51.4471186915,25.296721255,1468252088.0,4924879448,4924879714
4924879714,51.4471528674,25.296759945,1468252088.0,4924879539,4924879799
4924879799,51.4471864996,25.2968066859,1468252089.0,4924879714,4924879853
4924879853,51.4472095277,25.2968622893,1468252090.0,4924879799,4924879946
4924879946,51.4472168304,25.2969206874,1468252091.0,4924879853,4924880022
4924880022,51.4472136098,25.2969794105,1468252092.0,4924879946,4924880084
4924880084,51.4471891091,25.2970639666,1468252094.0,4924880022,4924880225
4924880225,51.4471136494,25.2972044987,1468252096.0,4924880084,4924880283
4924880283,51.4469935229,25.297459317,1468252099.0,4924880225,4924880348
4924880348,51.4469773933,25.297610598,1468252101.0,4924880283,4924880404
4924880404,51.4469962636,25.2977331546,1468252103.0,4924880348,4924880451
4924880451,51.4471187007,25.2982591969,1468252108.0,4924880404,4924880922
4924880922,51.4475165281,25.2990937989,1468252116.0,4924880451,4924881238
4924881238,51.4479391275,25.2996311408,1468252120.0,4924880922,4924881801
4924881801,51.4491368113,25.3007139248,1468252130.0,4924881238,4924882397
4924882397,51.4504333397,25.3018094718,1468252140.0,4924881801,4924883172
4924883172,51.45174085,25.3028268264,1468252150.0,4924882397,4924883754
4924883754,51.4529385402,25.3036297392,1468252160.0,4924883172,4924884301
4924884301,51.4535922327,25.3040313535,1468252170.0,4924883754,4924884637
4924884637,51.4538636846,25.3041685161,1468252176.0,4924884301,4924884807
4924884807,51.4538888476,25.3042071166,1468252177.0,4924884637,4924885011
4924885011,51.4539159001,25.3042595594,1468252178.0,4924884807,4924885077
4924885077,51.4539231197,25.30431476,1468252178.0,4924885011,4924885117
4924885117,51.453927748,25.3044415087,1468252180.0,4924885077,4924885353
4924885353,51.4539324014,25.3047782753,1468252185.0,4924885117,4924885418
4924885418,51.4539820864,25.3048941891,1468252186.0,4924885353,None
