4924626973,51.4973658075,25.2897769036,1468248429.0,None,4924627605
4924627605,51.4973017435,25.2897770294,1468248440.0,4924626973,4924628333
4924628333,51.4973104781,25.2898010701,1468248450.0,4924627605,4924629277
4924629277,51.4972371183,25.2898364187,1468248459.0,4924628333,4924629772
4924629772,51.4971025456,25.2898832855,1468248467.0,4924629277,4924630464
4924630464,51.4969588365,25.2899094313,1468248477.0,4924629772,4924631448
4924631448,51.4967515358,25.2899489006,1468248487.0,4924630464,4924632220
4924632220,51.4966526697,25.2899825733,1468248496.0,4924631448,4924632607
4924632607,51.4965572879,25.2900387162,1468248502.0,4924632220,4924633010
4924633010,51.4965148294,25.2900931821,1468248508.0,4924632607,4924633153
4924633153,51.496491315,25.2901347389,1468248511.0,4924633010,4924633381
4924633381,51.4964831688,25.2901562914,1468248512.0,4924633153,4924633642
4924633642,51.4964784882,25.2902011746,1468248515.0,4924633381,4924633782
4924633782,51.4964787228,25.2902435146,1468248517.0,4924633642,4924634387
4924634387,51.4964804822,25.2903234608,1468248526.0,4924633782,4924634999
4924634999,51.4964876352,25.2903621888,1468248536.0,4924634387,4924635762
4924635762,51.4964912015,25.2903541688,1468248546.0,4924634999,4924636432
4924636432,51.4965075587,25.2903636757,1468248556.0,4924635762,4924637241
4924637241,51.496497593,25.2903672269,1468248565.0,4924636432,4924637795
4924637795,51.4965006707,25.290362836,1468248576.0,4924637241,4924638493
4924638493,51.4964927464,25.2903634959,1468248585.0,4924637795,4924639289
4924639289,51.4964817037,25.2903729286,1468248595.0,4924638493,4924640089
4924640089,51.4964580665,25.2903948636,1468248606.0,4924639289,4924640792
4924640792,51.496463954,25.2904130619,1468248616.0,4924640089,4924641321
4924641321,51.4964866821,25.2904796547,1468248623.0,4924640792,4924641937
4924641937,51.4965515718,25.2908936543,1468248632.0,4924641321,4924642860
4924642860,51.496555241,25.2909974561,1468248642.0,4924641937,4924643485
4924643485,51.4965354348,25.2910156595,1468248652.0,4924642860,4924644126
4924644126,51.4965442523,25.2910502097,1468248662.0,4924643485,4924644984
4924644984,51.496571129,25.2910714829,1468248672.0,4924644126,4924645644
4924645644,51.4965866404,25.2910737098,1468248682.0,4924644984,4924646276
4924646276,51.4965952308,25.2910794638,1468248692.0,4924645644,4924647125
4924647125,51.4965944005,25.2910771818,1468248702.0,4924646276,4924647751
4924647751,51.4965634909,25.291090227,1468248712.0,4924647125,4924648398
4924648398,51.4965477524,25.2911010452,1468248722.0,4924647751,4924649234
4924649234,51.4965630616,25.2911026785,1468248732.0,4924648398,4924649922
4924649922,51.4965787169,25.2910997963,1468248742.0,4924649234,4924650588
4924650588,51.4965684311,25.2911106122,1468248752.0,4924649922,4924656627
4924656627,51.4967166523,25.2917169566,1468248818.0,4924650588,4924656697
4924656697,51.4967528881,25.29177783,1468248819.0,4924656627,4924656733
4924656733,51.4967960411,25.2918244212,1468248820.0,4924656697,4924656756
4924656756,51.4969022142,25.2919112207,1468248823.0,4924656733,4924656800
4924656800,51.4969840645,25.2919820696,1468248825.0,4924656756,4924656861
4924656861,51.4970299335,25.2920520174,1468248827.0,4924656800,4924656914
4924656914,51.4970599523,25.2921186597,1468248828.0,4924656861,4924656983
4924656983,51.4970683796,25.2921761877,1468248829.0,4924656914,4924657040
4924657040,51.4970655856,25.2922348609,1468248830.0,4924656983,4924657099
4924657099,51.4970434668,25.2923025578,1468248831.0,4924657040,4924657137
4924657137,51.4970100156,25.2923697887,1468248833.0,4924657099,4924657177
4924657177,51.4969629262,25.2924248721,1468248834.0,4924657137,4924657216
4924657216,51.4969066432,25.2924686813,1468248835.0,4924657177,4924657405
4924657405,51.4968411123,25.2924984301,1468248836.0,4924657216,4924657460
4924657460,51.4967845274,25.2925106799,1468248836.0,4924657405,4924657503
4924657503,51.4967036715,25.2925187243,1468248837.0,4924657460,4924657546
4924657546,51.4965947969,25.2924988981,1468248839.0,4924657503,4924657614
4924657614,51.4962202268,25.2924351121,1468248842.0,4924657546,4924657650
4924657650,51.4958244103,25.2924965042,1468248846.0,4924657614,4924657770
4924657770,51.4951821512,25.292639362,1468248852.0,4924657650,4924657819
4924657819,51.4951419295,25.2926658671,1468248852.0,4924657770,4924657850
4924657850,51.4951255485,25.2926890839,1468248853.0,4924657819,4924657913
4924657913,51.4951180892,25.2927131325,1468248853.0,4924657850,4924657965
4924657965,51.4951135854,25.2927458047,1468248854.0,4924657913,4924658013
4924658013,51.4951154063,25.2927819067,1468248855.0,4924657965,4924658527
4924658527,51.4952149225,25.2934547082,1468248864.0,4924658013,4924659307
4924659307,51.4953006457,25.2941005242,1468248874.0,4924658527,4924659914
4924659914,51.4953211072,25.294238277,1468248884.0,4924659307,4924660600
4924660600,51.4953470679,25.2944500855,1468248894.0,4924659914,4924661270
4924661270,51.495363751,25.2945735105,1468248904.0,4924660600,4924661925
4924661925,51.4953890262,25.2947816157,1468248914.0,4924661270,4924662791
4924662791,51.4953952643,25.2948685647,1468248924.0,4924661925,4924663345
4924663345,51.4953724083,25.2949327965,1468248934.0,4924662791,4924663424
4924663424,51.4953428436,25.2949624197,1468248934.0,4924663345,4924663480
4924663480,51.4952961242,25.294991794,1468248935.0,4924663424,4924663556
4924663556,51.4952063,25.2950266,1468248936.0,4924663480,4924664349
4924664349,51.494137,25.2953195,1468248945.0,4924663556,4924664798
4924664798,51.4936225,25.295476,1468248952.0,4924664349,4924664922
4924664922,51.4936111,25.2954891,1468248953.0,4924664798,4924665114
4924665114,51.4936028,25.2955088,1468248953.0,4924664922,4924665231
4924665231,51.4936015,25.2955248,1468248954.0,4924665114,4924665339
4924665339,51.4936041,25.295542,1468248954.0,4924665231,4924665402
4924665402,51.4936136,25.2955763,1468248955.0,4924665339,4924665596
4924665596,51.4937178,25.2959593,1468248964.0,4924665402,4924665704
4924665704,51.4937345,25.296031,1468248966.0,4924665596,4924666362
4924666362,51.4937721,25.296154,1468248975.0,4924665704,4924667027
4924667027,51.4937711,25.2961561,1468248985.0,4924666362,4924667696
4924667696,51.493772,25.2961578,1468248995.0,4924667027,4924668475
4924668475,51.4937747862,25.2961605392,1468249005.0,4924667696,4924668583
4924668583,51.4937625,25.2962023,1468249009.0,4924668475,4924668654
4924668654,51.493757,25.2962068,1468249009.0,4924668583,4924668710
4924668710,51.4937421,25.2962171,1468249010.0,4924668654,4924668790
4924668790,51.493718,25.2962285,1468249010.0,4924668710,4924668847
4924668847,51.4936661,25.296241,1468249011.0,4924668790,4924669037
4924669037,51.4932251,25.2963475,1468249016.0,4924668847,4924669107
4924669107,51.4932055,25.2963686,1468249016.0,4924669037,4924669153
4924669153,51.4931988,25.296383,1468249017.0,4924669107,4924669220
4924669220,51.4931945,25.2963976,1468249017.0,4924669153,4924669273
4924669273,51.4931893,25.29643,1468249017.0,4924669220,4924669341
4924669341,51.4931863,25.2965038,1468249018.0,4924669273,None
