4923460273,51.5004557356,25.2947219143,1468227797.0,None,4923460757
4923460757,51.5004452589,25.2947148062,1468227807.0,4923460273,4923461243
4923461243,51.5004463862,25.2947203965,1468227817.0,4923460757,4923461691
4923461691,51.5004588574,25.2947366253,1468227827.0,4923461243,4923462143
4923462143,51.5004676109,25.2947381859,1468227837.0,4923461691,4923462591
4923462591,51.500460786,25.2947190223,1468227847.0,4923462143,4923463055
4923463055,51.5004503638,25.2947046974,1468227857.0,4923462591,4923463521
4923463521,51.5004401835,25.2946959929,1468227867.0,4923463055,4923463991
4923463991,51.5004297702,25.2946848833,1468227877.0,4923463521,4923464458
4923464458,51.5004283262,25.2946415869,1468227887.0,4923463991,4923464877
4923464877,51.5004316186,25.2946221611,1468227897.0,4923464458,None
