4925257259,51.4966020684,25.2901446396,1468258155.0,None,4925257788
4925257788,51.4965954448,25.2901497984,1468258165.0,4925257259,4925258119
4925258119,51.4965295247,25.2902026704,1468258171.0,4925257788,4925258240
4925258240,51.4965123739,25.290217882,1468258172.0,4925258119,4925258747
4925258747,51.4964898647,25.2902502661,1468258182.0,4925258240,4925259291
4925259291,51.4964764649,25.2902461752,1468258192.0,4925258747,4925259932
4925259932,51.4964666707,25.2902529358,1468258202.0,4925259291,4925260473
4925260473,51.496461007,25.2902567356,1468258212.0,4925259932,4925261112
4925261112,51.4964707002,25.2902579551,1468258222.0,4925260473,4925261659
4925261659,51.4964737349,25.2902614832,1468258232.0,4925261112,4925262288
4925262288,51.496472003,25.2902743617,1468258242.0,4925261659,4925262856
4925262856,51.4964880361,25.2902731148,1468258252.0,4925262288,4925263402
4925263402,51.4965231965,25.2902668715,1468258262.0,4925262856,4925263935
4925263935,51.4965897691,25.290217333,1468258272.0,4925263402,4925264505
4925264505,51.4965179366,25.2902811401,1468258282.0,4925263935,4925269467
4925269467,51.4963929575,25.2904305622,1468258373.0,4925264505,4925269921
4925269921,51.4964566863,25.2909069003,1468258383.0,4925269467,4925270445
4925270445,51.496601515,25.2916784554,1468258393.0,4925269921,4925271052
4925271052,51.4966837488,25.2918470399,1468258395.0,4925270445,4925271113
4925271113,51.4967141552,25.2918781672,1468258396.0,4925271052,4925271151
4925271151,51.4967702524,25.2919120217,1468258397.0,4925271113,4925271236
4925271236,51.4968677804,25.2919501651,1468258399.0,4925271151,4925271287
4925271287,51.4970149347,25.292038317,1468258401.0,4925271236,4925271339
4925271339,51.497053066,25.2920875219,1468258402.0,4925271287,4925271390
4925271390,51.4970632137,25.2921370997,1468258403.0,4925271339,4925271431
4925271431,51.497077029,25.2922224427,1468258404.0,4925271390,4925271464
4925271464,51.4970633684,25.2922525939,1468258405.0,4925271431,4925271497
4925271497,51.4970195858,25.292389023,1468258407.0,4925271464,4925271530
4925271530,51.4969866366,25.2924365418,1468258408.0,4925271497,4925271573
4925271573,51.4969188537,25.2924986584,1468258410.0,4925271530,4925271611
4925271611,51.4968750792,25.2925235637,1468258410.0,4925271573,4925271670
4925271670,51.4968090014,25.2925492141,1468258411.0,4925271611,4925271733
4925271733,51.4967204813,25.2925641576,1468258413.0,4925271670,4925271774
4925271774,51.4966397436,25.2925622895,1468258414.0,4925271733,4925271817
4925271817,51.4965512949,25.2925354971,1468258415.0,4925271774,4925271895
4925271895,51.4962039742,25.2924541902,1468258420.0,4925271817,4925271948
4925271948,51.4960991734,25.2924668028,1468258421.0,4925271895,4925272465
4925272465,51.495148784,25.292641762,1468258431.0,4925271948,4925273067
4925273067,51.4940277119,25.2928271285,1468258441.0,4925272465,4925273595
4925273595,51.492663052,25.2930443627,1468258451.0,4925273067,4925274168
4925274168,51.4912590625,25.2932010048,1468258461.0,4925273595,4925274696
4925274696,51.4898826187,25.2931359198,1468258471.0,4925274168,4925275173
4925275173,51.4886267955,25.2930231602,1468258480.0,4925274696,4925275457
4925275457,51.4879242232,25.2931215116,1468258484.0,4925275173,4925275674
4925275674,51.4872802011,25.2933359281,1468258489.0,4925275457,4925276171
4925276171,51.4858933601,25.2939634635,1468258499.0,4925275674,4925276472
4925276472,51.4850338102,25.2942011753,1468258505.0,4925276171,4925276938
4925276938,51.4836096509,25.2944270823,1468258514.0,4925276472,4925277444
4925277444,51.4819360959,25.294691623,1468258524.0,4925276938,4925278380
4925278380,51.4801614961,25.29491824,1468258534.0,4925277444,4925278610
4925278610,51.4783393856,25.2950935103,1468258544.0,4925278380,4925279179
4925279179,51.476536732,25.295196112,1468258554.0,4925278610,4925280498
4925280498,51.4747640868,25.295242853,1468258564.0,4925279179,4925280534
4925280534,51.4729815363,25.2952322303,1468258574.0,4925280498,4925280806
4925280806,51.4710979055,25.2951635258,1468258584.0,4925280534,4925281177
4925281177,51.4699872954,25.2950978157,1468258590.0,4925280806,4925281357
4925281357,51.469499074,25.294929559,1468258593.0,4925281177,4925281926
4925281926,51.4682425817,25.2944681489,1468258603.0,4925281357,4925282319
4925282319,51.4672548217,25.2943312508,1468258610.0,4925281926,4925282635
4925282635,51.4664933117,25.2943443959,1468258615.0,4925282319,4925282689
4925282689,51.4663945852,25.2943665013,1468258616.0,4925282635,4925282744
4925282744,51.4663304435,25.2943968558,1468258617.0,4925282689,4925282789
4925282789,51.4662563526,25.2944537314,1468258618.0,4925282744,4925282839
4925282839,51.4662157589,25.2945085637,1468258619.0,4925282789,4925282888
4925282888,51.4661909092,25.294572194,1468258620.0,4925282839,4925282935
4925282935,51.4661694622,25.294686266,1468258621.0,4925282888,4925283495
4925283495,51.4660315607,25.2958030126,1468258631.0,4925282935,4925283923
4925283923,51.4658493145,25.2967428399,1468258638.0,4925283495,4925284272
4925284272,51.4655108177,25.2974987004,1468258643.0,4925283923,4925284588
4925284588,51.4649871,25.2982076,1468258649.0,4925284272,4925284975
4925284975,51.4643101,25.2989276,1468258656.0,4925284588,4925285110
4925285110,51.4642238,25.299123,1468258658.0,4925284975,4925285180
4925285180,51.4641992941,25.2992343257,1468258660.0,4925285110,4925285230
4925285230,51.4642029524,25.2993060019,1468258661.0,4925285180,4925285321
4925285321,51.4642325267,25.2994082778,1468258662.0,4925285230,4925285553
4925285553,51.4643292698,25.2996685725,1468258666.0,4925285321,4925285624
4925285624,51.4643222622,25.2997249453,1468258667.0,4925285553,4925285664
4925285664,51.464301054,25.2997772689,1468258668.0,4925285624,4925285703
4925285703,51.4642653901,25.2998231569,1468258668.0,4925285664,4925285757
4925285757,51.4642191153,25.2998600921,1468258669.0,4925285703,4925285821
4925285821,51.4641485,25.2999021,1468258670.0,4925285757,4925285883
4925285883,51.4640858,25.299918,1468258671.0,4925285821,4925285942
4925285942,51.464021,25.2999243,1468258672.0,4925285883,4925286030
4925286030,51.4639316,25.2999163,1468258673.0,4925285942,4925286096
4925286096,51.4636606,25.299909,1468258675.0,4925286030,4925286159
4925286159,51.4635318,25.2999431,1468258677.0,4925286096,4925286695
4925286695,51.4624426,25.3003691,1468258686.0,4925286159,4925287365
4925287365,51.4610048,25.3009966,1468258696.0,4925286695,4925287864
4925287864,51.4594665,25.301706,1468258706.0,4925287365,4925288384
4925288384,51.457894,25.3024355,1468258716.0,4925287864,4925288976
4925288976,51.4563676,25.3031478,1468258726.0,4925288384,4925289522
4925289522,51.4549626,25.303809,1468258736.0,4925288976,4925290128
4925290128,51.4540765989,25.3042268003,1468258746.0,4925289522,4925290230
4925290230,51.454009278,25.3042830943,1468258747.0,4925290128,4925290308
4925290308,51.4539578459,25.3043480753,1468258749.0,4925290230,4925290398
4925290398,51.4539265756,25.3044244719,1468258750.0,4925290308,4925290493
4925290493,51.4539072505,25.3045317707,1468258752.0,4925290398,4925290657
4925290657,51.4539067855,25.3047109677,1468258754.0,4925290493,None
