4924251858,51.4992741375,25.2994542172,1468242952.0,None,4924252127
4924252127,51.499244634,25.299472647,1468242956.0,4924251858,4924252187
4924252187,51.4992366811,25.2994863275,1468242957.0,4924252127,4924252429
4924252429,51.4991735161,25.2995491736,1468242960.0,4924252187,4924252488
4924252488,51.4991516061,25.2995535692,1468242961.0,4924252429,4924252561
4924252561,51.4991338418,25.2995506464,1468242961.0,4924252488,4924252657
4924252657,51.4991048838,25.2995401607,1468242962.0,4924252561,4924252712
4924252712,51.4990885346,25.2995256546,1468242963.0,4924252657,4924252767
4924252767,51.4990727925,25.2995082821,1468242963.0,4924252712,4924252816
4924252816,51.4990325379,25.2994595285,1468242964.0,4924252767,4924253356
4924253356,51.4988036,25.299164,1468242973.0,4924252816,4924253461
4924253461,51.4987965039,25.2991482105,1468242975.0,4924253356,4924253696
4924253696,51.4987964249,25.2990975205,1468242978.0,4924253461,4924253765
4924253765,51.4988039649,25.2990839866,1468242979.0,4924253696,4924253847
4924253847,51.4988213897,25.2990635724,1468242979.0,4924253765,4924253886
4924253886,51.4988470124,25.2990431447,1468242980.0,4924253847,4924253966
4924253966,51.498930353,25.29898531,1468242982.0,4924253886,4924254455
4924254455,51.4991161877,25.2988605546,1468242989.0,4924253966,4924255080
4924255080,51.4991195587,25.2988936939,1468242998.0,4924254455,4924255754
4924255754,51.4991518537,25.2989208935,1468243008.0,4924255080,4924256411
4924256411,51.4991715094,25.2989050252,1468243018.0,4924255754,4924257044
4924257044,51.4991804272,25.2988863305,1468243028.0,4924256411,4924257725
4924257725,51.4991740014,25.2988712641,1468243038.0,4924257044,4924258428
4924258428,51.4991784709,25.2988639909,1468243048.0,4924257725,4924259086
4924259086,51.4991892737,25.2988641897,1468243058.0,4924258428,4924259770
4924259770,51.4992054454,25.298865744,1468243068.0,4924259086,4924260526
4924260526,51.4992202321,25.2988842446,1468243078.0,4924259770,4924261123
4924261123,51.4992275153,25.2988895858,1468243088.0,4924260526,4924261805
4924261805,51.49924631,25.2989019817,1468243098.0,4924261123,4924262498
4924262498,51.4992552972,25.2989018389,1468243108.0,4924261805,4924263542
4924263542,51.4997529356,25.2984849255,1468243125.0,4924262498,4924263622
4924263622,51.4997545531,25.298443733,1468243126.0,4924263542,4924263702
4924263702,51.4997510369,25.2984204414,1468243127.0,4924263622,4924263761
4924263761,51.4997436257,25.2983961999,1468243127.0,4924263702,4924263958
4924263958,51.499726296,25.2983539159,1468243128.0,4924263761,4924264042
4924264042,51.4996930538,25.2983207282,1468243129.0,4924263958,4924264070
4924264070,51.499648155,25.298284553,1468243129.0,4924264042,4924265091
4924265091,51.4988644325,25.2975052382,1468243138.0,4924264070,4924265159
4924265159,51.4981623916,25.2964297141,1468243148.0,4924265091,4924266000
4924266000,51.4973094782,25.2948519528,1468243158.0,4924265159,4924266266
4924266266,51.4968863982,25.2936434815,1468243168.0,4924266000,4924266875
4924266875,51.4968217394,25.2934460309,1468243178.0,4924266266,4924267583
4924267583,51.4968086984,25.2934489562,1468243188.0,4924266875,4924268232
4924268232,51.4968015835,25.2934540672,1468243198.0,4924267583,4924268972
4924268972,51.4967990513,25.2934594741,1468243208.0,4924268232,4924269638
4924269638,51.4968076873,25.2934613419,1468243218.0,4924268972,4924270266
4924270266,51.4968186014,25.2934613898,1468243228.0,4924269638,4924270934
4924270934,51.4967895279,25.2933384585,1468243238.0,4924270266,4924271669
4924271669,51.4967235221,25.2930354431,1468243248.0,4924270934,4924272408
4924272408,51.4967049844,25.2929409113,1468243258.0,4924271669,4924273142
4924273142,51.4967027046,25.2929368941,1468243268.0,4924272408,4924273774
4924273774,51.4966932368,25.2928767295,1468243278.0,4924273142,4924274475
4924274475,51.4966969549,25.2928731025,1468243288.0,4924273774,4924275109
4924275109,51.4966890869,25.2928802198,1468243298.0,4924274475,4924275771
4924275771,51.4966920669,25.2928781022,1468243308.0,4924275109,4924276385
4924276385,51.4966918387,25.2928770743,1468243318.0,4924275771,4924277003
4924277003,51.4966965156,25.2928732902,1468243328.0,4924276385,4924277741
4924277741,51.4967016092,25.2928678821,1468243338.0,4924277003,4924278340
4924278340,51.4966769526,25.2927804445,1468243348.0,4924277741,4924278494
4924278494,51.4966433775,25.2926588774,1468243351.0,4924278340,4924278617
4924278617,51.4966000975,25.2925816636,1468243353.0,4924278494,4924278690
4924278690,51.4965620368,25.2925450738,1468243354.0,4924278617,4924279031
4924279031,51.4963870437,25.2923889749,1468243358.0,4924278690,4924279141
4924279141,51.4963455169,25.2922929764,1468243360.0,4924279031,4924279216
4924279216,51.4963395067,25.2922377649,1468243360.0,4924279141,4924279409
4924279409,51.4963453109,25.2921814701,1468243361.0,4924279216,4924296656
4924296656,51.4963780254,25.2920928362,1468243362.0,4924279409,4924296706
4924296706,51.4964384004,25.2919022109,1468243365.0,4924296656,4924296767
4924296767,51.4964325845,25.2917488411,1468243366.0,4924296706,4924296862
4924296862,51.4961724892,25.2902909713,1468243375.0,4924296767,4924296945
4924296945,51.4958019231,25.288450637,1468243385.0,4924296862,4924297022
4924297022,51.4954402974,25.2866463885,1468243395.0,4924296945,4924297086
4924297086,51.4950767387,25.2846693618,1468243405.0,4924297022,4924297128
4924297128,51.4947016249,25.2828300778,1468243415.0,4924297086,4924297191
4924297191,51.4943573274,25.2812659775,1468243425.0,4924297128,4924297231
4924297231,51.494260921,25.2809742855,1468243435.0,4924297191,4924297278
4924297278,51.494278573,25.2809648914,1468243445.0,4924297231,4924297401
4924297401,51.4942765134,25.2809675998,1468243455.0,4924297278,4924297449
4924297449,51.4942740407,25.280976794,1468243465.0,4924297401,4924297520
4924297520,51.4942750375,25.2809791671,1468243475.0,4924297449,4924297607
4924297607,51.4942878639,25.280968664,1468243485.0,4924297520,4924297659
4924297659,51.494273398,25.2809845423,1468243495.0,4924297607,4924297713
4924297713,51.4940424968,25.280434047,1468243505.0,4924297659,4924297800
4924297800,51.4933118,25.2791968,1468243515.0,4924297713,4924297842
4924297842,51.4923273,25.2780786,1468243524.0,4924297800,4924297873
4924297873,51.4909996,25.276962,1468243533.0,4924297842,4924297923
4924297923,51.4898768,25.2761523,1468243543.0,4924297873,None
