4922485312,51.5021229914,25.2955482773,1468212847.0,None,4922485369
4922485369,51.5020984242,25.2955691095,1468212848.0,4922485312,4922485422
4922485422,51.5020778642,25.2955941083,1468212848.0,4922485369,4922485459
4922485459,51.5020624987,25.2956219144,1468212849.0,4922485422,4922485534
4922485534,51.5020440096,25.2956658118,1468212850.0,4922485459,4922485588
4922485588,51.5020311896,25.2957272268,1468212851.0,4922485534,4922485625
4922485625,51.5020347665,25.2957750568,1468212851.0,4922485588,4922485678
4922485678,51.5020472772,25.2958068895,1468212852.0,4922485625,4922485740
4922485740,51.5020675977,25.2958365034,1468212852.0,4922485678,4922485788
4922485788,51.5020812882,25.2958496904,1468212853.0,4922485740,4922485822
4922485822,51.5021128316,25.2958688611,1468212853.0,4922485788,4922485876
4922485876,51.5021483184,25.2958856545,1468212854.0,4922485822,4922485930
4922485930,51.5022488,25.2959221,1468212855.0,4922485876,None
