4924131593,51.5004766,25.3161788,1468241096.0,None,4924132293
4924132293,51.4988286,25.3168965,1468241106.0,4924131593,4924133266
4924133266,51.497411,25.3175353,1468241116.0,4924132293,4924133493
4924133493,51.4971098,25.3176706,1468241126.0,4924133266,4924134047
4924134047,51.4969121,25.3177691,1468241135.0,4924133493,4924134297
4924134297,51.4967276,25.3179336,1468241139.0,4924134047,4924134653
4924134653,51.4963196,25.318309,1468241144.0,4924134297,4924134715
4924134715,51.4962373,25.3183473,1468241145.0,4924134653,4924134782
4924134782,51.4961716,25.3183593,1468241146.0,4924134715,4924134873
4924134873,51.496111,25.318359,1468241147.0,4924134782,4924135493
4924135493,51.4958116,25.318336,1468241157.0,4924134873,4924135999
4924135999,51.4956913,25.3183135,1468241165.0,4924135493,4924136034
4924136034,51.4956233,25.3182733,1468241166.0,4924135999,4924136110
4924136110,51.4955628,25.3182186,1468241167.0,4924136034,4924136170
4924136170,51.4955226,25.3181621,1468241168.0,4924136110,4924136250
4924136250,51.4954840867,25.3180749775,1468241170.0,4924136170,4924136307
4924136307,51.4954741273,25.318016329,1468241170.0,4924136250,4924136351
4924136351,51.4954787088,25.3179325023,1468241171.0,4924136307,4924136416
4924136416,51.4954976961,25.3178700205,1468241172.0,4924136351,4924136740
4924136740,51.4956529882,25.3174828217,1468241177.0,4924136416,4924136801
4924136801,51.4956478052,25.3173973088,1468241178.0,4924136740,4924137297
4924137297,51.4954575,25.3163881,1468241187.0,4924136801,4924137823
4924137823,51.4953268,25.3149406,1468241196.0,4924137297,4924138413
4924138413,51.4954843,25.3133405,1468241206.0,4924137823,4924139034
4924139034,51.4958266,25.3120983,1468241216.0,4924138413,4924139640
4924139640,51.4958938,25.3119188,1468241226.0,4924139034,4924140317
4924140317,51.4959295,25.3118315,1468241236.0,4924139640,4924140931
4924140931,51.4961968,25.3112195,1468241246.0,4924140317,4924141636
4924141636,51.4967810624,25.3102650751,1468241256.0,4924140931,4924142203
4924142203,51.4974942418,25.3090905533,1468241266.0,4924141636,4924142829
4924142829,51.4981897409,25.307600547,1468241276.0,4924142203,4924143461
4924143461,51.4986970735,25.3060033396,1468241286.0,4924142829,4924144130
4924144130,51.4992285396,25.3045286928,1468241296.0,4924143461,4924144785
4924144785,51.499870272,25.3033120377,1468241306.0,4924144130,4924145393
4924145393,51.5005828147,25.3022121917,1468241316.0,4924144785,4924146019
4924146019,51.501088,25.3014428,1468241326.0,4924145393,4924146586
4924146586,51.5013451,25.301063,1468241336.0,4924146019,4924147195
4924147195,51.501531,25.300753,1468241346.0,4924146586,4924147596
4924147596,51.5015826,25.3006291,1468241352.0,4924147195,4924148108
4924148108,51.5016396,25.300478,1468241362.0,4924147596,4924148703
4924148703,51.501761,25.3002223,1468241372.0,4924148108,4924149144
4924149144,51.5018925,25.299904,1468241379.0,4924148703,4924149241
4924149241,51.5018891,25.2998576,1468241380.0,4924149144,4924149451
4924149451,51.5018698,25.2997825,1468241381.0,4924149241,4924149534
4924149534,51.501841,25.2997346,1468241382.0,4924149451,4924149599
4924149599,51.5017983,25.2996946,1468241382.0,4924149534,4924150035
4924150035,51.5008245,25.2990603,1468241392.0,4924149599,4924150572
4924150572,51.4994512562,25.2979574327,1468241402.0,4924150035,4924151140
4924151140,51.4983882177,25.2967644739,1468241410.0,4924150572,4924152996
4924152996,51.4977637024,25.2957884103,1468241420.0,4924151140,4924153033
4924153033,51.4977446343,25.2957313767,1468241430.0,4924152996,4924153077
4924153077,51.4977381259,25.2956974824,1468241440.0,4924153033,4924153126
4924153126,51.4977234477,25.2956581588,1468241443.0,4924153077,4924153449
4924153449,51.4976603113,25.2955195911,1468241448.0,4924153126,4924154098
4924154098,51.4973494887,25.294882786,1468241457.0,4924153449,4924154693
4924154693,51.4970795699,25.2941953187,1468241467.0,4924154098,4924155412
4924155412,51.4967784926,25.2932876917,1468241477.0,4924154693,4924155908
4924155908,51.496627557,25.2927485426,1468241485.0,4924155412,4924156327
4924156327,51.4965803068,25.2926912206,1468241485.0,4924155908,4924157930
4924157930,51.4964985845,25.2926206571,1468241486.0,4924156327,4924157983
4924157983,51.4963738003,25.292549788,1468241488.0,4924157930,4924158027
4924158027,51.4962601492,25.2925151555,1468241489.0,4924157983,4924158060
4924158060,51.4961034153,25.2924958175,1468241490.0,4924158027,4924158092
4924158092,51.4958304893,25.2925073903,1468241492.0,4924158060,4924158134
4924158134,51.4943599269,25.2927075053,1468241501.0,4924158092,4924158210
4924158210,51.4923840361,25.2930361061,1468241511.0,4924158134,4924158276
4924158276,51.4909151131,25.2931661625,1468241518.0,4924158210,4924158607
4924158607,51.4889177115,25.2929770345,1468241528.0,4924158276,4924158788
4924158788,51.4882451969,25.2930173871,1468241531.0,4924158607,4924159001
4924159001,51.4876463437,25.2931584992,1468241534.0,4924158788,4924159679
4924159679,51.4858748871,25.2939357162,1468241544.0,4924159001,4924159984
4924159984,51.4849740799,25.294203847,1468241549.0,4924159679,4924160565
4924160565,51.4831170703,25.2944876293,1468241558.0,4924159984,4924162293
4924162293,51.4810913098,25.2947939436,1468241568.0,4924160565,4924162404
4924162404,51.4791665669,25.2950244891,1468241578.0,4924162293,4924162601
4924162601,51.4772427791,25.2951606052,1468241588.0,4924162404,4924163185
4924163185,51.4754169817,25.2952273219,1468241598.0,4924162601,4924164146
4924164146,51.4736369774,25.2952484341,1468241608.0,4924163185,4924164406
4924164406,51.4716986044,25.2951896794,1468241618.0,4924164146,4924165022
4924165022,51.4699981087,25.2950738447,1468241627.0,4924164406,4924165231
4924165231,51.4694973425,25.2949117345,1468241631.0,4924165022,4924165775
4924165775,51.4681421777,25.2944444909,1468241640.0,4924165231,4924166231
4924166231,51.4671730112,25.2943306648,1468241647.0,4924165775,4924166691
4924166691,51.4664136072,25.2943586454,1468241654.0,4924166231,4924166735
4924166735,51.4663325361,25.2943864398,1468241655.0,4924166691,4924166770
4924166770,51.4662996609,25.2944084526,1468241655.0,4924166735,4924166814
4924166814,51.4662545361,25.2944483855,1468241656.0,4924166770,4924166852
4924166852,51.4662228425,25.2944920569,1468241657.0,4924166814,4924166909
4924166909,51.466191675,25.2945556508,1468241658.0,4924166852,4924166971
4924166971,51.4661769031,25.2946115303,1468241658.0,4924166909,4924167484
4924167484,51.4660496598,25.2955801344,1468241668.0,4924166971,4924168112
4924168112,51.4658028371,25.2968423296,1468241678.0,4924167484,4924168407
4924168407,51.4654840195,25.2975326259,1468241683.0,4924168112,4924168727
4924168727,51.4650326417,25.2981391552,1468241688.0,4924168407,None
