4921846029,51.4460381,25.3195936,1468201160.0,None,4921846405
4921846405,51.4472074495,25.3195597656,1468201169.0,4921846029,4921846510
4921846510,51.4472736265,25.3195273087,1468201170.0,4921846405,4921846557
4921846557,51.4473132544,25.3194880248,1468201171.0,4921846510,4921846606
4921846606,51.4473748021,25.319418161,1468201172.0,4921846557,4921846860
4921846860,51.4474235796,25.3193356888,1468201173.0,4921846606,4921847435
4921847435,51.4475867372,25.3191107527,1468201177.0,4921846860,4921847475
4921847475,51.4481450032,25.3186106928,1468201186.0,4921847435,4921847499
4921847499,51.4483379509,25.3185050928,1468201188.0,4921847475,4921847583
4921847583,51.4484740458,25.3184656069,1468201189.0,4921847499,4921847737
4921847737,51.4486313049,25.318450198,1468201191.0,4921847583,4921847801
4921847801,51.4490850108,25.3184282534,1468201196.0,4921847737,4921847823
4921847823,51.4491561596,25.3183906813,1468201197.0,4921847801,4921847866
4921847866,51.4491872726,25.3183578957,1468201198.0,4921847823,4921847897
4921847897,51.4492400345,25.3182980478,1468201199.0,4921847866,4921848125
4921848125,51.4497075638,25.3177407486,1468201209.0,4921847897,4921848314
4921848314,51.449993712,25.317311085,1468201214.0,4921848125,4921848506
4921848506,51.4501776065,25.3168890488,1468201219.0,4921848314,4921849110
4921849110,51.4505632775,25.315764317,1468201228.0,4921848506,4921861339
4921861339,51.451195314,25.3144965551,1468201238.0,4921849110,4921861377
4921861377,51.4516914565,25.3134748621,1468201246.0,4921861339,4921861410
4921861410,51.45194623,25.3129655547,1468201250.0,4921861377,4921861448
4921861448,51.4526752335,25.3118786401,1468201259.0,4921861410,4921861493
4921861493,51.4534397819,25.3105765246,1468201269.0,4921861448,4921861537
4921861537,51.454144723,25.3092134429,1468201279.0,4921861493,4921861576
4921861576,51.4544180225,25.3083904932,1468201285.0,4921861537,4921861620
4921861620,51.4545244539,25.3074731193,1468201291.0,4921861576,4921861673
4921861673,51.4544532258,25.306520149,1468201297.0,4921861620,4921861703
4921861703,51.4541114205,25.305525451,1468201304.0,4921861673,4921861724
4921861724,51.4537356468,25.3048795348,1468201309.0,4921861703,4921861757
4921861757,51.4536220154,25.3047843719,1468201311.0,4921861724,4921861799
4921861799,51.4535089813,25.3047242644,1468201312.0,4921861757,4921861829
4921861829,51.4533493917,25.3045991232,1468201315.0,4921861799,4921861859
4921861859,51.453318231,25.3045367829,1468201316.0,4921861829,4921861891
4921861891,51.4533086851,25.3044900643,1468201316.0,4921861859,4921861990
4921861990,51.4532977978,25.3043643401,1468201318.0,4921861891,4921862096
4921862096,51.4532545017,25.3040906016,1468201321.0,4921861990,4921862165
4921862165,51.4531988881,25.3040046091,1468201322.0,4921862096,4921862221
4921862221,51.4531508388,25.3039630395,1468201323.0,4921862165,4921862261
4921862261,51.4530623925,25.3039035824,1468201324.0,4921862221,4921862307
4921862307,51.4526277962,25.3037162835,1468201329.0,4921862261,4921862356
4921862356,51.451574,25.3032348,1468201339.0,4921862307,4921862402
4921862402,51.4504563,25.3023865,1468201349.0,4921862356,4921862445
4921862445,51.4493346007,25.3013989984,1468201359.0,4921862402,4921862491
4921862491,51.4481261565,25.3002928757,1468201369.0,4921862445,4921862530
4921862530,51.4474527416,25.2996323553,1468201375.0,4921862491,4921862565
4921862565,51.4470434311,25.2989642451,1468201380.0,4921862530,4921862622
4921862622,51.4468407533,25.2983053273,1468201384.0,4921862565,4921863024
4921863024,51.446685074,25.2974964397,1468201393.0,4921862622,4921863086
4921863086,51.446646998,25.2973801286,1468201396.0,4921863024,4921863135
4921863135,51.4465875773,25.2972950045,1468201399.0,4921863086,4921863182
4921863182,51.4465391414,25.2972574234,1468201400.0,4921863135,4921863222
4921863222,51.4464184193,25.2971341833,1468201404.0,4921863182,4921863263
4921863263,51.4463946781,25.2970752242,1468201406.0,4921863222,4921863303
4921863303,51.4463859966,25.2970136808,1468201407.0,4921863263,4921863351
4921863351,51.4463883678,25.2969467641,1468201408.0,4921863303,4921863406
4921863406,51.4463705863,25.2967360412,1468201412.0,4921863351,4921863448
4921863448,51.4463304935,25.2966365041,1468201413.0,4921863406,4921863499
4921863499,51.4462939051,25.2965906811,1468201414.0,4921863448,4921863543
4921863543,51.4461862059,25.2964745203,1468201416.0,4921863499,4921863581
4921863581,51.4454913527,25.2960391842,1468201425.0,4921863543,4921863627
4921863627,51.4444325003,25.2952919994,1468201435.0,4921863581,4921863673
4921863673,51.4432425,25.294272,1468201445.0,4921863627,None
