4922720755,51.4988596,25.2944213,1468216307.0,None,4922720830
4922720830,51.4988873,25.2944126,1468216309.0,4922720755,4922721291
4922721291,51.4989972823,25.2944358031,1468216316.0,4922720830,4922721718
4922721718,51.4991076913,25.2944882072,1468216321.0,4922721291,4922721836
4922721836,51.4991440645,25.2945094503,1468216323.0,4922721718,4922721905
4922721905,51.4991507642,25.2945117185,1468216324.0,4922721836,4922722498
4922722498,51.4991628317,25.2944959805,1468216333.0,4922721905,4922723268
4922723268,51.4991532312,25.2944537298,1468216343.0,4922722498,4922724023
4922724023,51.4991381093,25.2944307388,1468216353.0,4922723268,4922724726
4922724726,51.4991383095,25.2944444933,1468216363.0,4922724023,4922725458
4922725458,51.4991301126,25.2944372193,1468216373.0,4922724726,4922726253
4922726253,51.4991223228,25.294439178,1468216383.0,4922725458,4922726914
4922726914,51.4991184841,25.2944528381,1468216393.0,4922726253,4922727580
4922727580,51.4991173782,25.2944602829,1468216403.0,4922726914,4922728342
4922728342,51.4991115619,25.2944575676,1468216413.0,4922727580,4922729057
4922729057,51.4991176728,25.2944651097,1468216423.0,4922728342,4922729828
4922729828,51.4991227633,25.2944743735,1468216433.0,4922729057,4922730644
4922730644,51.4991173682,25.2944597467,1468216443.0,4922729828,4922749832
4922749832,51.4991121735,25.2943990387,1468216726.0,4922730644,4922749909
4922749909,51.4991501607,25.2944031705,1468216728.0,4922749832,4922750024
4922750024,51.4991708254,25.2944127433,1468216729.0,4922749909,4922750080
4922750080,51.4991774345,25.2944194363,1468216730.0,4922750024,4922750150
4922750150,51.4991836157,25.2944288778,1468216730.0,4922750080,4922750212
4922750212,51.4991866324,25.2944392321,1468216730.0,4922750150,4922750271
4922750271,51.4991901125,25.2944569747,1468216731.0,4922750212,4922750360
4922750360,51.4991986956,25.2945042123,1468216732.0,4922750271,4922750676
4922750676,51.4992648155,25.2948378278,1468216739.0,4922750360,4922750744
4922750744,51.4992950536,25.2948803407,1468216740.0,4922750676,4922750785
4922750785,51.4993248272,25.294901961,1468216741.0,4922750744,4922750898
4922750898,51.4993546535,25.2949140681,1468216742.0,4922750785,4922750955
4922750955,51.4993855147,25.2949247805,1468216742.0,4922750898,4922751019
4922751019,51.4994423297,25.294935285,1468216744.0,4922750955,4922751112
4922751112,51.4994895561,25.2949366113,1468216745.0,4922751019,4922751424
4922751424,51.4997219135,25.2949257456,1468216749.0,4922751112,4922752070
4922752070,51.5002163301,25.2949152678,1468216759.0,4922751424,4922752176
4922752176,51.5002736642,25.2948943702,1468216761.0,4922752070,4922752244
4922752244,51.5002906894,25.2948762538,1468216761.0,4922752176,4922752311
4922752311,51.5002979291,25.294859536,1468216762.0,4922752244,4922752487
4922752487,51.5003786319,25.2947975124,1468216765.0,4922752311,4922752581
4922752581,51.5004533518,25.2947663457,1468216767.0,4922752487,4922752641
4922752641,51.5004806013,25.2947663237,1468216767.0,4922752581,4922752691
4922752691,51.5005141074,25.2947740359,1468216768.0,4922752641,4922752766
4922752766,51.5005609899,25.294789397,1468216769.0,4922752691,4922753062
4922753062,51.500715025,25.2948286479,1468216774.0,4922752766,4922753837
4922753837,51.5011550152,25.2948262196,1468216784.0,4922753062,4922753928
4922753928,51.5012303113,25.2948267246,1468216786.0,4922753837,4922754167
4922754167,51.5013645002,25.2947649003,1468216790.0,4922753928,4922754420
4922754420,51.5014933013,25.2947514019,1468216793.0,4922754167,4922755094
4922755094,51.5020471337,25.294758602,1468216802.0,4922754420,4922759803
4922759803,51.5022302618,25.2954888302,1468216869.0,4922755094,4922759868
4922759868,51.5021932245,25.2955030098,1468216870.0,4922759803,4922759923
4922759923,51.5021630104,25.2955224939,1468216870.0,4922759868,4922759984
4922759984,51.5021387657,25.2955526747,1468216871.0,4922759923,4922760046
4922760046,51.5021281356,25.2955794494,1468216872.0,4922759984,4922760147
4922760147,51.5020845019,25.2956887106,1468216874.0,4922760046,4922760241
4922760241,51.5020854147,25.2957282425,1468216875.0,4922760147,4922760290
4922760290,51.5020964404,25.2957658507,1468216875.0,4922760241,4922760367
4922760367,51.5021165696,25.2957951228,1468216876.0,4922760290,4922760410
4922760410,51.5021439348,25.295811222,1468216877.0,4922760367,4922760475
4922760475,51.5021929832,25.2958405744,1468216878.0,4922760410,4922760541
4922760541,51.5022464161,25.2958598778,1468216879.0,4922760475,None
