4924041064,51.5003665324,25.3021104043,1468239635.0,None,4924041065
4924041065,51.5003671196,25.3021104133,1468239635.0,4924041064,4924042887
4924042887,51.5004814088,25.3021981757,1468239637.0,4924041065,4924042891
4924042891,51.5004820264,25.3021983671,1468239639.0,4924042887,4924042893
4924042893,51.500481761,25.302198323,1468239642.0,4924042891,4924042895
4924042895,51.5004820715,25.3021984012,1468239644.0,4924042893,4924042897
4924042897,51.5004800994,25.3021975374,1468239646.0,4924042895,4924042900
4924042900,51.5004820715,25.3021984052,1468239648.0,4924042897,4924042901
4924042901,51.5004820715,25.3021984052,1468239650.0,4924042900,4924042902
4924042902,51.5004793728,25.302197294,1468239652.0,4924042901,4924042903
4924042903,51.5004765022,25.3021961763,1468239654.0,4924042902,4924042905
4924042905,51.5004734041,25.3021955753,1468239656.0,4924042903,4924042906
4924042906,51.500470082,25.3021955758,1468239658.0,4924042905,4924042909
4924042909,51.5004706966,25.3021970765,1468239660.0,4924042906,4924042910
4924042910,51.5004416807,25.3021086183,1468239662.0,4924042909,4924042911
4924042911,51.5004486882,25.3021059584,1468239664.0,4924042910,4924042912
4924042912,51.5004468457,25.302106537,1468239666.0,4924042911,4924045892
4924045892,51.5004487036,25.3021059304,1468239668.0,4924042912,4924045893
4924045893,51.5004486724,25.30210599,1468239670.0,4924045892,4924045894
4924045894,51.5004487108,25.3021059225,1468239672.0,4924045893,4924045895
4924045895,51.5004487108,25.3021059225,1468239674.0,4924045894,4924045896
4924045896,51.5004487108,25.3021059225,1468239676.0,4924045895,4924045897
4924045897,51.5004487108,25.3021059225,1468239678.0,4924045896,4924045899
4924045899,51.500447527,25.3021065404,1468239680.0,4924045897,4924045900
4924045900,51.5004461559,25.3021069264,1468239682.0,4924045899,4924045902
4924045902,51.5004445326,25.3021069849,1468239684.0,4924045900,4924045904
4924045904,51.500443594,25.3021072213,1468239686.0,4924045902,4924045907
4924045907,51.5004459479,25.3021085628,1468239688.0,4924045904,4924045908
4924045908,51.5004796177,25.3020090791,1468239690.0,4924045907,4924045910
4924045910,51.5004796636,25.3020093041,1468239692.0,4924045908,4924045911
4924045911,51.5004796554,25.3020088213,1468239694.0,4924045910,4924045912
4924045912,51.5004796387,25.3020084406,1468239696.0,4924045911,4924046684
4924046684,51.5004796091,25.3020082173,1468239698.0,4924045912,4924046686
4924046686,51.500479556,25.3020082483,1468239700.0,4924046684,4924046687
4924046687,51.500479556,25.3020082483,1468239702.0,4924046686,4924046688
4924046688,51.500479556,25.3020082483,1468239704.0,4924046687,4924046689
4924046689,51.500479556,25.3020082483,1468239706.0,4924046688,4924046691
4924046691,51.500479556,25.3020082483,1468239708.0,4924046689,4924046692
4924046692,51.500479556,25.3020082483,1468239710.0,4924046691,4924046693
4924046693,51.500479556,25.3020082483,1468239712.0,4924046692,4924046696
4924046696,51.500479556,25.3020082483,1468239714.0,4924046693,4924046704
4924046704,51.500479556,25.3020082483,1468239716.0,4924046696,4924046718
4924046718,51.500479556,25.3020082483,1468239718.0,4924046704,4924046720
4924046720,51.500479556,25.3020082483,1468239720.0,4924046718,4924046722
4924046722,51.500479556,25.3020082483,1468239722.0,4924046720,4924046724
4924046724,51.500479556,25.3020082483,1468239724.0,4924046722,4924046725
4924046725,51.500479556,25.3020082483,1468239726.0,4924046724,4924048551
4924048551,51.500479556,25.3020082483,1468239728.0,4924046725,4924048552
4924048552,51.500479556,25.3020082483,1468239730.0,4924048551,4924048553
4924048553,51.500479556,25.3020082483,1468239732.0,4924048552,4924048555
4924048555,51.500479556,25.3020082483,1468239734.0,4924048553,4924048557
4924048557,51.500479556,25.3020082483,1468239736.0,4924048555,4924048558
4924048558,51.500479556,25.3020082483,1468239738.0,4924048557,4924048560
4924048560,51.500479556,25.3020082483,1468239740.0,4924048558,4924048562
4924048562,51.500479556,25.3020082483,1468239742.0,4924048560,4924048564
4924048564,51.500479556,25.3020082483,1468239744.0,4924048562,4924048566
4924048566,51.500479556,25.3020082483,1468239746.0,4924048564,4924048568
4924048568,51.500479556,25.3020082483,1468239748.0,4924048566,4924048570
4924048570,51.500479556,25.3020082483,1468239750.0,4924048568,4924048571
4924048571,51.500479556,25.3020082483,1468239752.0,4924048570,4924048572
4924048572,51.500479556,25.3020082483,1468239754.0,4924048571,4924048574
4924048574,51.5004795673,25.3020083278,1468239756.0,4924048572,4924050311
4924050311,51.5004795801,25.3020085187,1468239758.0,4924048574,4924050312
4924050312,51.500479592,25.3020088341,1468239760.0,4924050311,4924050313
4924050313,51.5004795901,25.3020092465,1468239762.0,4924050312,4924050315
4924050315,51.5004796347,25.3020095045,1468239764.0,4924050313,4924050316
4924050316,51.5004878892,25.3019594174,1468239766.0,4924050315,4924050317
4924050317,51.5004886393,25.301954474,1468239768.0,4924050316,4924050321
4924050321,51.50048773,25.3019600022,1468239770.0,4924050317,4924050324
4924050324,51.5004869247,25.3019648489,1468239772.0,4924050321,4924050327
4924050327,51.5004861991,25.3019691822,1468239779.0,4924050324,4924050329
4924050329,51.5004855614,25.301972983,1468239781.0,4924050327,4924050335
4924050335,51.5004855614,25.301972983,1468239785.0,4924050329,4924050348
4924050348,51.5004855614,25.301972983,1468239787.0,4924050335,4924052045
4924052045,51.5004855614,25.301972983,1468239789.0,4924050348,4924052046
4924052046,51.5004859435,25.3019708006,1468239791.0,4924052045,4924052047
4924052047,51.5004863685,25.3019683579,1468239793.0,4924052046,4924052048
4924052048,51.5004868347,25.3019656521,1468239795.0,4924052047,4924052050
4924052050,51.5004873628,25.3019625508,1468239797.0,4924052048,4924052052
4924052052,51.5004884067,25.3019557362,1468239799.0,4924052050,4924052053
4924052053,51.5004975067,25.302164077,1468239805.0,4924052052,4924052056
4924052056,51.5004970578,25.3021632262,1468239807.0,4924052053,4924052058
4924052058,51.5004967928,25.302166679,1468239809.0,4924052056,4924052059
4924052059,51.5004971899,25.3021700331,1468239811.0,4924052058,4924052060
4924052060,51.5004970715,25.3021677196,1468239813.0,4924052059,4924052061
4924052061,51.500497443,25.3021651151,1468239816.0,4924052060,4924052063
4924052063,51.5005229239,25.302383304,1468239818.0,4924052061,4924052064
4924052064,51.5005227499,25.3023834418,1468239818.0,4924052063,4924053707
4924053707,51.5005226504,25.3023826352,1468239820.0,4924052064,4924053708
4924053708,51.5005226208,25.3023822004,1468239822.0,4924053707,4924053709
4924053709,51.5005225986,25.3023818275,1468239824.0,4924053708,4924053711
4924053711,51.5005225781,25.3023814813,1468239826.0,4924053709,4924053713
4924053713,51.5005226451,25.3023817535,1468239828.0,4924053711,4924053716
4924053716,51.5005227134,25.302382058,1468239830.0,4924053713,4924053720
4924053720,51.5005227838,25.3023824334,1468239832.0,4924053716,4924053722
4924053722,51.5005228677,25.302383144,1468239834.0,4924053720,4924053724
4924053724,51.5005226616,25.3023833357,1468239836.0,4924053722,4924053727
4924053727,51.5005211795,25.3022261044,1468239841.0,4924053724,4924053729
4924053729,51.5005222789,25.3022269353,1468239843.0,4924053727,4924053731
4924053731,51.5005201955,25.3022251926,1468239847.0,4924053729,4924055484
4924055484,51.5005187473,25.3022241095,1468239849.0,4924053731,4924055486
4924055486,51.5005178046,25.3022234599,1468239854.0,4924055484,4924055488
4924055488,51.5005172536,25.3022230397,1468239856.0,4924055486,4924055490
4924055490,51.5005172536,25.3022230397,1468239858.0,4924055488,4924055491
4924055491,51.5005172536,25.3022230397,1468239860.0,4924055490,4924055492
4924055492,51.5005172536,25.3022230397,1468239862.0,4924055491,4924055493
4924055493,51.5005172536,25.3022230397,1468239864.0,4924055492,4924055496
4924055496,51.5005172536,25.3022230397,1468239866.0,4924055493,4924055497
4924055497,51.5005172536,25.3022230397,1468239868.0,4924055496,4924055498
4924055498,51.5005172536,25.3022230397,1468239870.0,4924055497,4924055499
4924055499,51.5005172536,25.3022230397,1468239873.0,4924055498,4924055500
4924055500,51.5005172536,25.3022230397,1468239875.0,4924055499,4924055503
4924055503,51.5005172536,25.3022230397,1468239877.0,4924055500,4924057216
4924057216,51.5005172536,25.3022230397,1468239879.0,4924055503,4924057217
4924057217,51.5005172536,25.3022230397,1468239884.0,4924057216,4924057220
4924057220,51.5005172536,25.3022230397,1468239886.0,4924057217,4924057223
4924057223,51.5005172536,25.3022230397,1468239888.0,4924057220,4924057225
4924057225,51.5005172536,25.3022230397,1468239890.0,4924057223,4924057227
4924057227,51.5005172536,25.3022230397,1468239892.0,4924057225,4924057230
4924057230,51.5005172536,25.3022230397,1468239894.0,4924057227,4924057231
4924057231,51.5005172536,25.3022230397,1468239897.0,4924057230,None
