4925040875,51.4926495,25.3020053,1468254595.0,None,4925040921
4925040921,51.492664,25.3020143,1468254596.0,4925040875,4925040994
4925040994,51.4926801,25.3020221,1468254597.0,4925040921,4925041028
4925041028,51.4927018,25.3020271,1468254598.0,4925040994,4925041115
4925041115,51.4927306,25.3020275,1468254598.0,4925041028,4925041151
4925041151,51.4927641,25.302021,1468254599.0,4925041115,4925041538
4925041538,51.4931736,25.3019016,1468254609.0,4925041151,4925042654
4925042654,51.4938636,25.30168,1468254619.0,4925041538,4925042861
4925042861,51.4948195,25.301318,1468254629.0,4925042654,4925043365
4925043365,51.4958077488,25.3008984004,1468254639.0,4925042861,4925044047
4925044047,51.4966273,25.3004808,1468254649.0,4925043365,4925044535
4925044535,51.4971068,25.3001635999,1468254656.0,4925044047,4925044599
4925044599,51.4971295,25.3001263,1468254656.0,4925044535,4925044678
4925044678,51.4971316,25.3001,1468254657.0,4925044599,4925044742
4925044742,51.4971301,25.3000776,1468254657.0,4925044678,4925044780
4925044780,51.4971238,25.3000348,1468254658.0,4925044742,4925044876
4925044876,51.4971283004,25.2999618035,1468254661.0,4925044780,4925045456
4925045456,51.497153226,25.29971659,1468254670.0,4925044876,4925045655
4925045655,51.4971522703,25.299696489,1468254671.0,4925045456,4925045729
4925045729,51.4971454175,25.2996858898,1468254672.0,4925045655,4925045776
4925045776,51.4971391982,25.2996808772,1468254672.0,4925045729,4925045821
4925045821,51.4971240369,25.2996699159,1468254673.0,4925045776,4925045866
4925045866,51.497111499,25.2996647106,1468254674.0,4925045821,4925046135
4925046135,51.4970839901,25.2996615569,1468254680.0,4925045866,4925046332
4925046332,51.4970603057,25.2996599971,1468254681.0,4925046135,4925046387
4925046387,51.4970289583,25.2996666469,1468254682.0,4925046332,4925046436
4925046436,51.4970121484,25.2996771205,1468254683.0,4925046387,4925046484
4925046484,51.4970030968,25.2996846081,1468254684.0,4925046436,4925046559
4925046559,51.496998614,25.2996915477,1468254685.0,4925046484,4925046611
4925046611,51.4969918163,25.2997041014,1468254686.0,4925046559,4925046656
4925046656,51.4969914628,25.2997112028,1468254686.0,4925046611,4925046697
4925046697,51.4969920733,25.2997218757,1468254687.0,4925046656,4925046755
4925046755,51.496993653,25.299727332,1468254687.0,4925046697,4925046800
4925046800,51.4969955255,25.2997346026,1468254688.0,4925046755,4925047347
4925047347,51.4969745013,25.2997001005,1468254698.0,4925046800,4925047890
4925047890,51.4970056097,25.2997304942,1468254706.0,4925047347,4925048935
4925048935,51.4970161593,25.2997348333,1468254707.0,4925047890,4925049027
4925049027,51.4970362768,25.2997389761,1468254708.0,4925048935,4925049161
4925049161,51.4970881047,25.2997555809,1468254718.0,4925049027,4925049383
4925049383,51.4971042671,25.2997633313,1468254728.0,4925049161,4925050058
4925050058,51.4971145751,25.299752264,1468254738.0,4925049383,4925050668
4925050668,51.4971180212,25.299744701,1468254748.0,4925050058,4925051381
4925051381,51.4971211341,25.2997386774,1468254758.0,4925050668,4925052114
4925052114,51.4971217657,25.2997332281,1468254768.0,4925051381,4925052836
4925052836,51.4971044771,25.2997325468,1468254778.0,4925052114,4925053525
4925053525,51.4970963393,25.2997406054,1468254788.0,4925052836,4925054223
4925054223,51.497090043,25.2997445491,1468254798.0,4925053525,4925054891
4925054891,51.4970917765,25.2997492781,1468254808.0,4925054223,4925055564
4925055564,51.497096283,25.2997520827,1468254818.0,4925054891,4925056174
4925056174,51.4971046799,25.2997535479,1468254828.0,4925055564,None
