4924251858,51.4992741179,25.2994541455,1468242952.0,None,4924252127
4924252127,51.499244616,25.2994725758,1468242956.0,4924251858,4924252187
4924252187,51.4992366604,25.2994862452,1468242957.0,4924252127,4924252429
4924252429,51.4991735615,25.299549074,1468242960.0,4924252187,4924252488
4924252488,51.4991516345,25.299553525,1468242961.0,4924252429,4924252561
4924252561,51.4991338565,25.2995506267,1468242961.0,4924252488,4924252657
4924252657,51.4991048677,25.2995401855,1468242962.0,4924252561,4924252712
4924252712,51.4990885102,25.299525691,1468242963.0,4924252657,4924252767
4924252767,51.4990727649,25.2995083225,1468242963.0,4924252712,4924252816
4924252816,51.4990325079,25.2994595716,1468242964.0,4924252767,4924253356
4924253356,51.4988036,25.299164,1468242973.0,4924252816,4924253461
4924253461,51.4987965094,25.2991482272,1468242975.0,4924253356,4924253696
4924253696,51.4987964462,25.299097582,1468242978.0,4924253461,4924253765
4924253765,51.4988040011,25.2990840902,1468242979.0,4924253696,4924253847
4924253847,51.4988214242,25.2990636704,1468242979.0,4924253765,4924253886
4924253886,51.4988470455,25.299043238,1468242980.0,4924253847,4924253966
4924253966,51.4989303781,25.298985393,1468242982.0,4924253886,4924254455
4924254455,51.4991162046,25.2988606059,1468242989.0,4924253966,4924255080
4924255080,51.4991195839,25.2988937685,1468242998.0,4924254455,4924255754
4924255754,51.4991518815,25.2989209717,1468243008.0,4924255080,4924256411
4924256411,51.4991715384,25.2989051184,1468243018.0,4924255754,4924257044
4924257044,51.4991804434,25.2988863887,1468243028.0,4924256411,4924257725
4924257725,51.4991739207,25.298871306,1468243038.0,4924257044,4924258428
4924258428,51.4991784987,25.2988641077,1468243048.0,4924257725,4924259086
4924259086,51.4991893219,25.2988642943,1468243058.0,4924258428,4924259770
4924259770,51.4992054953,25.298865823,1468243068.0,4924259086,4924260526
4924260526,51.4992202479,25.2988842953,1468243078.0,4924259770,4924261123
4924261123,51.4992275322,25.29888964,1468243088.0,4924260526,4924261805
4924261805,51.4992463213,25.2989020185,1468243098.0,4924261123,4924262498
4924262498,51.4992553093,25.2989018784,1468243108.0,4924261805,4924263542
4924263542,51.4997529963,25.2984850172,1468243125.0,4924262498,4924263622
4924263622,51.4997546095,25.2984437735,1468243126.0,4924263542,4924263702
4924263702,51.4997510655,25.298420461,1468243127.0,4924263622,4924263761
4924263761,51.4997436355,25.2983962058,1468243127.0,4924263702,4924263958
4924263958,51.4997262511,25.2983539776,1468243128.0,4924263761,4924264042
4924264042,51.499693022,25.2983207899,1468243129.0,4924263958,4924264070
4924264070,51.4996481171,25.2982846418,1468243129.0,4924264042,4924265091
4924265091,51.4988644076,25.2975052707,1468243138.0,4924264070,4924265159
4924265159,51.4981623017,25.2964298152,1468243148.0,4924265091,4924266000
4924266000,51.4973093558,25.2948520393,1468243158.0,4924265159,4924266266
4924266266,51.4968862925,25.2936435385,1468243168.0,4924266000,4924266875
4924266875,51.4968216443,25.2934460635,1468243178.0,4924266266,4924267583
4924267583,51.4968086764,25.2934490076,1468243188.0,4924266875,4924268232
4924268232,51.4968016286,25.293454062,1468243198.0,4924267583,4924268972
4924268972,51.4967992921,25.2934593526,1468243208.0,4924268232,4924269638
4924269638,51.496807777,25.2934612462,1468243218.0,4924268972,4924270266
4924270266,51.4968184382,25.2934614705,1468243228.0,4924269638,4924270934
4924270934,51.4967894161,25.2933384953,1468243238.0,4924270266,4924271669
4924271669,51.4967234782,25.2930354472,1468243248.0,4924270934,4924272408
4924272408,51.4967049602,25.2929409056,1468243258.0,4924271669,4924273142
4924273142,51.4967026791,25.2929368895,1468243268.0,4924272408,4924273774
4924273774,51.496693227,25.2928767168,1468243278.0,4924273142,4924274475
4924274475,51.4966969722,25.2928730974,1468243288.0,4924273774,4924275109
4924275109,51.4966891131,25.2928802122,1468243298.0,4924274475,4924275771
4924275771,51.4966920513,25.2928781022,1468243308.0,4924275109,4924276385
4924276385,51.4966918257,25.2928770756,1468243318.0,4924275771,4924277003
4924277003,51.4966965029,25.2928732913,1468243328.0,4924276385,4924277741
4924277741,51.4967016022,25.2928678659,1468243338.0,4924277003,4924278340
4924278340,51.4966769892,25.2927804359,1468243348.0,4924277741,4924278494
4924278494,51.4966433641,25.2926590265,1468243351.0,4924278340,4924278617
4924278617,51.4966000684,25.2925820803,1468243353.0,4924278494,4924278690
4924278690,51.4965620127,25.2925454115,1468243354.0,4924278617,4924279031
4924279031,51.4963869891,25.2923887507,1468243358.0,4924278690,4924279141
4924279141,51.4963453973,25.292292991,1468243360.0,4924279031,4924279216
4924279216,51.496339421,25.2922377493,1468243360.0,4924279141,4924279409
4924279409,51.496345267,25.2921814582,1468243361.0,4924279216,4924296656
4924296656,51.4963779103,25.2920927184,1468243362.0,4924279409,4924296706
4924296706,51.4964384123,25.2919021869,1468243365.0,4924296656,4924296767
4924296767,51.4964326152,25.2917488387,1468243366.0,4924296706,4924296862
4924296862,51.4961725775,25.2902909322,1468243375.0,4924296767,4924296945
4924296945,51.4958018448,25.2884506585,1468243385.0,4924296862,4924297022
4924297022,51.4954402799,25.286646395,1468243395.0,4924296945,4924297086
4924297086,51.4950767129,25.2846693699,1468243405.0,4924297022,4924297128
4924297128,51.4947015883,25.2828300908,1468243415.0,4924297086,4924297191
4924297191,51.4943573258,25.2812659788,1468243425.0,4924297128,4924297231
4924297231,51.4942608977,25.2809743027,1468243435.0,4924297191,4924297278
4924297278,51.4942785603,25.2809648643,1468243445.0,4924297231,4924297401
4924297401,51.4942765121,25.2809675937,1468243455.0,4924297278,4924297449
4924297449,51.4942740378,25.2809767815,1468243465.0,4924297401,4924297520
4924297520,51.4942750456,25.2809792061,1468243475.0,4924297449,4924297607
4924297607,51.4942878705,25.28096866,1468243485.0,4924297520,4924297659
4924297659,51.4942734202,25.2809845289,1468243495.0,4924297607,4924297713
4924297713,51.494042497,25.2804340443,1468243505.0,4924297659,4924297800
4924297800,51.4933118,25.2791968,1468243515.0,4924297713,4924297842
4924297842,51.4923273,25.2780786,1468243524.0,4924297800,4924297873
4924297873,51.4909996,25.276962,1468243533.0,4924297842,4924297923
4924297923,51.4898768,25.2761523,1468243543.0,4924297873,None
