4922485312,51.5021239501,25.2955489561,1468212847.0,None,4922485369
4922485369,51.5020992155,25.2955698939,1468212848.0,4922485312,4922485422
4922485422,51.5020785018,25.2955949172,1468212848.0,4922485369,4922485459
4922485459,51.5020634358,25.2956227491,1468212849.0,4922485422,4922485534
4922485534,51.5020440293,25.2956665868,1468212850.0,4922485459,4922485588
4922485588,51.5020326614,25.2957271962,1468212851.0,4922485534,4922485625
4922485625,51.5020354344,25.2957743467,1468212851.0,4922485588,4922485678
4922485678,51.5020477327,25.2958062807,1468212852.0,4922485625,4922485740
4922485740,51.5020682862,25.2958339297,1468212852.0,4922485678,4922485788
4922485788,51.5020821014,25.295847967,1468212853.0,4922485740,4922485822
4922485822,51.5021133598,25.2958668113,1468212853.0,4922485788,4922485876
4922485876,51.5021488663,25.2958835619,1468212854.0,4922485822,4922485930
4922485930,51.5022488,25.2959221,1468212855.0,4922485876,None
