4921226560,51.4959599639,25.3104689849,1468185103.0,None,4921226595
4921226595,51.4964569341,25.3107956877,1468185108.0,4921226560,4921226628
4921226628,51.4965106887,25.3108737273,1468185109.0,4921226595,4921226657
4921226657,51.4965431151,25.3109439462,1468185110.0,4921226628,4921226687
4921226687,51.4965565684,25.3110223083,1468185111.0,4921226657,4921226724
4921226724,51.4965482529,25.3111277548,1468185112.0,4921226687,4921226769
4921226769,51.4965029294,25.3112595347,1468185113.0,4921226724,4921226806
4921226806,51.4959821935,25.3125149663,1468185122.0,4921226769,4921226845
4921226845,51.4957598148,25.3134287327,1468185128.0,4921226806,4921226866
4921226866,51.4956640309,25.3146754954,1468185137.0,4921226845,4921226912
4921226912,51.4958003611,25.3160237749,1468185147.0,4921226866,4921226938
4921226938,51.4958967926,25.316313761,1468185149.0,4921226912,4921226973
4921226973,51.4959725827,25.3164177177,1468185150.0,4921226938,4921227014
4921227014,51.4960831318,25.3165191689,1468185152.0,4921226973,4921227059
4921227059,51.4961775229,25.3165730991,1468185153.0,4921227014,4921227762
4921227762,51.4962485054,25.3165953947,1468185153.0,4921227059,4921227787
4921227787,51.4963394826,25.3166015764,1468185154.0,4921227762,4921227815
4921227815,51.4963802694,25.3165923798,1468185155.0,4921227787,4921228556
4921228556,51.4964362279,25.3165732769,1468185156.0,4921227815,4921228585
4921228585,51.4965586174,25.3165522697,1468185157.0,4921228556,4921228617
4921228617,51.4966211652,25.3165603418,1468185158.0,4921228585,4921228649
4921228649,51.4966632072,25.3165751513,1468185158.0,4921228617,4921228694
4921228694,51.496698594,25.3165988413,1468185159.0,4921228649,4921228727
4921228727,51.4970738807,25.3168618824,1468185164.0,4921228694,4921228754
4921228754,51.4973250579,25.3170359554,1468185167.0,4921228727,4921228806
4921228806,51.4974319978,25.3170726331,1468185168.0,4921228754,4921228843
4921228843,51.4975233482,25.3170801375,1468185169.0,4921228806,4921228876
4921228876,51.4975896293,25.3170688924,1468185170.0,4921228843,4921229591
4921229591,51.4976801569,25.3170372181,1468185171.0,4921228876,4921229631
4921229631,51.4987782912,25.3165703479,1468185180.0,4921229591,4921229666
4921229666,51.5004122446,25.315857721,1468185190.0,4921229631,4921242823
4921242823,51.5021788,25.3150856,1468185200.0,4921229666,None
