4924503846,51.5007194547,25.3020969777,1468246614.0,None,4924503847
4924503847,51.5006493181,25.3021019145,1468246625.0,4924503846,4924503848
4924503848,51.5006352015,25.3020959569,1468246627.0,4924503847,4924503849
4924503849,51.500636137,25.3020950145,1468246629.0,4924503848,4924506299
4924506299,51.5007298244,25.3020709345,1468246646.0,4924503849,4924506300
4924506300,51.50073277,25.3022242103,1468246648.0,4924506299,4924506301
4924506301,51.5007321405,25.3022236342,1468246650.0,4924506300,4924506307
4924506307,51.5007149254,25.3020870406,1468246652.0,4924506301,4924506309
4924506309,51.5007158498,25.3020874239,1468246654.0,4924506307,4924506310
4924506310,51.5007153191,25.3020878031,1468246656.0,4924506309,4924506313
4924506313,51.5007151311,25.3020873673,1468246658.0,4924506310,4924506316
4924506316,51.5007150455,25.3020871591,1468246660.0,4924506313,4924506318
4924506318,51.5007149801,25.302086984,1468246662.0,4924506316,4924506319
4924506319,51.5007149252,25.3020868272,1468246664.0,4924506318,4924506320
4924506320,51.5007148831,25.302086691,1468246666.0,4924506319,None
