4921841361,51.4463241096,25.3195765048,1468198974.0,None,4921841392
4921841392,51.4471703102,25.3195501982,1468198980.0,4921841361,4921841426
4921841426,51.4472706274,25.3195132842,1468198981.0,4921841392,4921841443
4921841443,51.447340641,25.3194671338,1468198981.0,4921841426,4921841473
4921841473,51.4474202134,25.3193937321,1468198982.0,4921841443,4921841492
4921841492,51.4474992744,25.3192791721,1468198984.0,4921841473,4921841512
4921841512,51.4478137591,25.3189259967,1468198987.0,4921841492,4921841534
4921841534,51.4482479151,25.3185807978,1468198991.0,4921841512,4921841558
4921841558,51.4484392779,25.3184931306,1468198993.0,4921841534,4921841589
4921841589,51.4486027842,25.3184583298,1468198994.0,4921841558,4921841626
4921841626,51.4487925282,25.3184500386,1468198996.0,4921841589,4921841647
4921841647,51.4490956564,25.3184301142,1468198999.0,4921841626,4921841680
4921841680,51.4491873321,25.3183902907,1468199000.0,4921841647,4921841703
4921841703,51.4492509817,25.3183425372,1468199000.0,4921841680,4921841735
4921841735,51.449345531,25.3182458118,1468199002.0,4921841703,4921841756
4921841756,51.4499675391,25.317423654,1468199009.0,4921841735,4921841784
4921841784,51.450173377,25.3169853384,1468199012.0,4921841756,4921841815
4921841815,51.4507552912,25.3154328235,1468199022.0,4921841784,4921841836
4921841836,51.4515871135,25.3138753562,1468199032.0,4921841815,4921841863
4921841863,51.4524253804,25.3123248716,1468199042.0,4921841836,4921841888
4921841888,51.4533874422,25.3107316196,1468199052.0,4921841863,4921841916
4921841916,51.4542207096,25.3091214319,1468199062.0,4921841888,4921841966
4921841966,51.4544749754,25.3082949144,1468199067.0,4921841916,4921841985
4921841985,51.4545707088,25.3072907525,1468199072.0,4921841966,4921842006
4921842006,51.4544721616,25.3064704076,1468199077.0,4921841985,4921842030
4921842030,51.4541702818,25.3055669232,1468199083.0,4921842006,4921842052
4921842052,51.4538050142,25.3049177524,1468199088.0,4921842030,4921842077
4921842077,51.4537059701,25.3048191615,1468199089.0,4921842052,4921842102
4921842102,51.453559906,25.3047274924,1468199091.0,4921842077,4921842124
4921842124,51.453393515,25.3046083394,1468199093.0,4921842102,4921842147
4921842147,51.4533544631,25.3045440571,1468199093.0,4921842124,4921842182
4921842182,51.4533352577,25.3044705485,1468199094.0,4921842147,4921842215
4921842215,51.4533339172,25.3043927296,1468199095.0,4921842182,4921842243
4921842243,51.4533480037,25.3043175489,1468199096.0,4921842215,4921842269
4921842269,51.4533860954,25.304219697,1468199097.0,4921842243,4921842298
4921842298,51.4534351775,25.3041575822,1468199097.0,4921842269,4921842319
4921842319,51.453501527,25.3041122418,1468199098.0,4921842298,4921842341
4921842341,51.4535547681,25.3040900613,1468199099.0,4921842319,4921842374
4921842374,51.4536386391,25.3040810023,1468199099.0,4921842341,4921843029
4921843029,51.4542705,25.3039635,1468199104.0,4921842374,4921843045
4921843045,51.4558238,25.3032206,1468199114.0,4921843029,4921843072
4921843072,51.4575127995,25.3024178009,1468199124.0,4921843045,4921843102
4921843102,51.4579473031,25.302202571,1468199128.0,4921843072,4921843118
4921843118,51.4579850003,25.3021596316,1468199129.0,4921843102,4921843138
4921843138,51.4580158582,25.3020989003,1468199130.0,4921843118,4921843155
4921843155,51.4580262958,25.3020494456,1468199131.0,4921843138,4921843191
4921843191,51.4580325,25.3019478,1468199132.0,4921843155,4921843217
4921843217,51.4580219692,25.3019139587,1468199133.0,4921843191,4921843231
4921843231,51.4580104637,25.3019048903,1468199134.0,4921843217,4921843261
4921843261,51.4580024675,25.3018997701,1468199135.0,4921843231,4921843285
4921843285,51.4579952696,25.3018955157,1468199136.0,4921843261,4921843306
4921843306,51.4579247849,25.3018750965,1468199145.0,4921843285,4921843332
4921843332,51.4579125815,25.3018820514,1468199145.0,4921843306,4921843356
4921843356,51.4579055789,25.3018867156,1468199146.0,4921843332,4921843379
4921843379,51.4578922712,25.3018969118,1468199147.0,4921843356,4921843400
4921843400,51.4578039802,25.3019710588,1468199151.0,4921843379,4921843424
4921843424,51.4577726649,25.3019950821,1468199152.0,4921843400,4921843443
4921843443,51.4577182469,25.3020222981,1468199154.0,4921843424,4921843468
4921843468,51.4575385713,25.3021065349,1468199160.0,4921843443,4921843495
4921843495,51.4575320916,25.3021160863,1468199161.0,4921843468,4921843505
4921843505,51.4575255557,25.3021314681,1468199161.0,4921843495,4921843531
4921843531,51.4575215996,25.3021535985,1468199162.0,4921843505,4921843562
4921843562,51.4575220717,25.3021695211,1468199163.0,4921843531,4921843592
4921843592,51.4575254761,25.3021880233,1468199163.0,4921843562,4921843620
4921843620,51.4575324699,25.3022056274,1468199164.0,4921843592,4921843649
4921843649,51.4575428631,25.3022703706,1468199174.0,4921843620,4921843678
4921843678,51.4575642708,25.3022685279,1468199184.0,4921843649,4921843703
4921843703,51.4575479444,25.3022682046,1468199194.0,4921843678,4921843726
4921843726,51.4575464375,25.3022625092,1468199204.0,4921843703,4921843753
4921843753,51.4575450213,25.3022610994,1468199214.0,4921843726,4921843786
4921843786,51.4575464182,25.3022583396,1468199224.0,4921843753,4921843807
4921843807,51.4575449512,25.3022573994,1468199234.0,4921843786,None
