4923716512,51.502312,25.3001825,1468233213.0,None,4923716547
4923716547,51.5022216,25.300234,1468233214.0,4923716512,4923716575
4923716575,51.5021473,25.3003055,1468233215.0,4923716547,4923716639
4923716639,51.5018148,25.3007103,1468233220.0,4923716575,4923716677
4923716677,51.500913099,25.3020863,1468233230.0,4923716639,4923717016
4923717016,51.49992,25.3036741,1468233240.0,4923716677,4923717645
4923717645,51.4992456,25.305012,1468233255.0,4923717016,4923718068
4923718068,51.498819,25.3062905,1468233265.0,4923717645,4923718514
4923718514,51.498247,25.3079023,1468233275.0,4923718068,4923718921
4923718921,51.4975113,25.3093346,1468233285.0,4923718514,4923719314
4923719314,51.4970935193,25.3099918559,1468233294.0,4923718921,4923719751
4923719751,51.4970997524,25.3100009825,1468233304.0,4923719314,4923720206
4923720206,51.4970971663,25.3100067358,1468233314.0,4923719751,4923720614
4923720614,51.4970971457,25.3100183788,1468233324.0,4923720206,4923721003
4923721003,51.4971042087,25.3100225026,1468233334.0,4923720614,4923721412
4923721412,51.4971117584,25.3100257558,1468233344.0,4923721003,4923721718
4923721718,51.4971198986,25.3100267303,1468233354.0,4923721412,4923722185
4923722185,51.4971281295,25.3100262608,1468233364.0,4923721718,4923722619
4923722619,51.4970285,25.310159,1468233374.0,4923722185,4923723053
4923723053,51.4967267999,25.3106436001,1468233384.0,4923722619,4923723185
4923723185,51.4966628428,25.3107294417,1468233386.0,4923723053,4923723228
4923723228,51.4966379834,25.3107412717,1468233387.0,4923723185,4923723251
4923723251,51.4966115,25.3107476,1468233388.0,4923723228,4923723273
4923723273,51.4965956579,25.310740225,1468233388.0,4923723251,4923723293
4923723293,51.4965875577,25.3107353415,1468233389.0,4923723273,4923723315
4923723315,51.4965815593,25.310729309,1468233389.0,4923723293,4923723352
4923723352,51.4965732112,25.310715356,1468233389.0,4923723315,4923723370
4923723370,51.4965711836,25.3107080536,1468233390.0,4923723352,4923723398
4923723398,51.496570319,25.3106895553,1468233390.0,4923723370,4923723437
4923723437,51.4965755559,25.3106720082,1468233391.0,4923723398,4923723474
4923723474,51.496584486,25.3106505344,1468233391.0,4923723437,4923723494
4923723494,51.4966310518,25.3105719558,1468233393.0,4923723474,4923723776
4923723776,51.4971526265,25.3096760864,1468233402.0,4923723494,4923724152
4923724152,51.4978270643,25.3084171882,1468233412.0,4923723776,4923724569
4923724569,51.4984377061,25.3068817974,1468233422.0,4923724152,4923724983
4923724983,51.4989309242,25.3052466701,1468233432.0,4923724569,4923725640
4923725640,51.499584212,25.3037853543,1468233442.0,4923724983,4923725689
4923725689,51.4998582204,25.3031808616,1468233449.0,4923725640,4923726036
4923726036,51.5000144446,25.3029541179,1468233458.0,4923725689,4923726225
4923726225,51.5000665781,25.3028915622,1468233463.0,4923726036,4923726636
4923726636,51.5004474501,25.3022681422,1468233473.0,4923726225,4923726858
4923726858,51.5005664752,25.3020519321,1468233479.0,4923726636,4923727256
4923727256,51.5006304606,25.3020270934,1468233488.0,4923726858,4923727675
4923727675,51.5006367922,25.3020246833,1468233498.0,4923727256,4923728130
4923728130,51.5006190162,25.3020085087,1468233508.0,4923727675,4923728624
4923728624,51.5006015835,25.3019944531,1468233518.0,4923728130,4923729076
4923729076,51.5005898751,25.3019943248,1468233528.0,4923728624,4923729499
4923729499,51.5005981676,25.3020032197,1468233538.0,4923729076,4923729974
4923729974,51.5006101455,25.3020100453,1468233548.0,4923729499,4923730347
4923730347,51.500618988,25.3020170659,1468233558.0,4923729974,4923730781
4923730781,51.5006323963,25.3020371109,1468233568.0,4923730347,4923731155
4923731155,51.5006222307,25.302029847,1468233578.0,4923730781,4923731586
4923731586,51.5006405115,25.3020487851,1468233588.0,4923731155,4923731967
4923731967,51.5006371672,25.3020455024,1468233598.0,4923731586,4923733604
4923733604,51.5006189547,25.3019931751,1468233634.0,4923731967,4923733631
4923733631,51.5006271902,25.3019831744,1468233635.0,4923733604,4923733971
4923733971,51.5009209341,25.301550591,1468233645.0,4923733631,4923734204
4923734204,51.5010426,25.3013881,1468233650.0,4923733971,4923734265
4923734265,51.5010441,25.3013766,1468233651.0,4923734204,4923734333
4923734333,51.5010531202,25.3013255381,1468233653.0,4923734265,4923734376
4923734376,51.5010430744,25.3013094565,1468233653.0,4923734333,4923734400
4923734400,51.5010307607,25.3012930326,1468233654.0,4923734376,4923734438
4923734438,51.5010232428,25.3012919011,1468233654.0,4923734400,4923734511
4923734511,51.5010142627,25.3012897353,1468233655.0,4923734438,4923734563
4923734563,51.5010045844,25.3012887728,1468233655.0,4923734511,4923734599
4923734599,51.5009469868,25.3012485795,1468233657.0,4923734563,4923734905
4923734905,51.5009287983,25.3012199973,1468233665.0,4923734599,4923735058
4923735058,51.5008823,25.3011878,1468233668.0,4923734905,4923735450
4923735450,51.5007785,25.301093,1468233678.0,4923735058,4923735840
4923735840,51.5005513,25.3009476,1468233688.0,4923735450,4923736381
4923736381,51.5001975,25.3006883,1468233698.0,4923735840,4923736466
4923736466,51.5001293,25.3006438,1468233699.0,4923736381,4923736837
4923736837,51.4997085,25.3003661,1468233709.0,4923736466,4923737119
4923737119,51.4994953,25.3002316,1468233716.0,4923736837,4923737162
4923737162,51.499487,25.3002171,1468233717.0,4923737119,4923737195
4923737195,51.4994848,25.300207,1468233717.0,4923737162,4923737232
4923737232,51.499487,25.3001851,1468233718.0,4923737195,4923737281
4923737281,51.4994981,25.300163,1468233719.0,4923737232,4923737316
4923737316,51.499531,25.3001158,1468233720.0,4923737281,4923737736
4923737736,51.4999738,25.2995186,1468233730.0,4923737316,4923737875
4923737875,51.5000688,25.2993111,1468233734.0,4923737736,4923737957
4923737957,51.5000508,25.2992386,1468233735.0,4923737875,4923738017
4923738017,51.5000376,25.299219,1468233736.0,4923737957,4923738035
4923738035,51.5000241,25.299205,1468233737.0,4923738017,4923738103
4923738103,51.500012,25.2991953,1468233738.0,4923738035,4923738264
4923738264,51.4999291,25.299124,1468233742.0,4923738103,4923738303
4923738303,51.499901,25.2991131,1468233743.0,4923738264,4923738329
4923738329,51.4998738,25.2991098,1468233744.0,4923738303,4923738365
4923738365,51.499847,25.2991123,1468233745.0,4923738329,4923738394
4923738394,51.49982,25.2991218,1468233745.0,4923738365,4923738432
4923738432,51.499791,25.29914,1468233746.0,4923738394,4923738500
4923738500,51.4997328,25.2991898,1468233748.0,4923738432,4923738915
4923738915,51.4993353,25.2995295,1468233757.0,4923738500,4923739066
4923739066,51.4992249552,25.2996117822,1468233761.0,4923738915,4923739110
4923739110,51.4991903,25.299625,1468233763.0,4923739066,4923739131
4923739131,51.4991813,25.299619,1468233763.0,4923739110,4923739153
4923739153,51.4991736399,25.2996102674,1468233763.0,4923739131,4923739180
4923739180,51.4991678077,25.2996039631,1468233763.0,4923739153,4923739237
4923739237,51.4991541,25.2995911,1468233764.0,4923739180,4923739285
4923739285,51.4991210053,25.2995465719,1468233765.0,4923739237,4923739597
4923739597,51.4989993116,25.2993936805,1468233775.0,4923739285,4923740034
4923740034,51.4989711306,25.299388819,1468233785.0,4923739597,4923740475
4923740475,51.4989437663,25.2993948468,1468233795.0,4923740034,4923740890
4923740890,51.4989351832,25.2993895347,1468233805.0,4923740475,None
