4921894974,51.4576666545,25.3021179175,1468202234.0,None,4921895021
4921895021,51.4576619033,25.3021026119,1468202244.0,4921894974,4921895340
4921895340,51.4576550506,25.3020812339,1468202254.0,4921895021,4921895784
4921895784,51.4576505317,25.3020668355,1468202264.0,4921895340,4921896247
4921896247,51.4576525863,25.3020608117,1468202274.0,4921895784,4921896651
4921896651,51.457658058,25.3020560388,1468202284.0,4921896247,4921899291
4921899291,51.4580289882,25.3020357993,1468202329.0,4921896651,4921899316
4921899316,51.4580443166,25.3020460062,1468202330.0,4921899291,4921899345
4921899345,51.4580469863,25.3020466664,1468202331.0,4921899316,4921899391
4921899391,51.4580450757,25.3020588141,1468202340.0,4921899345,4921899418
4921899418,51.458085297,25.3020689263,1468202346.0,4921899391,4921899447
4921899447,51.4580991,25.3020626,1468202347.0,4921899418,4921899516
4921899516,51.4582791,25.3020146,1468202350.0,4921899447,4921899649
4921899649,51.4584038,25.3019596,1468202352.0,4921899516,4921900084
4921900084,51.459237,25.301586,1468202361.0,4921899649,4921900559
4921900559,51.4606,25.30095,1468202371.0,4921900084,4921901022
4921901022,51.462179,25.300242,1468202381.0,4921900559,4921901487
4921901487,51.4635353,25.2997163,1468202391.0,4921901022,4921901814
4921901814,51.4636521,25.2996233,1468202393.0,4921901487,4921901862
4921901862,51.463906,25.299403,1468202396.0,4921901814,4921901896
4921901896,51.4639718,25.2993806,1468202397.0,4921901862,4921901927
4921901927,51.4640415,25.2993731,1468202398.0,4921901896,4921901982
4921901982,51.4640891,25.2993775,1468202398.0,4921901927,4921902040
4921902040,51.4641572611,25.2993990795,1468202399.0,4921901982,4921902130
4921902130,51.4641965511,25.2994224001,1468202400.0,4921902040,4921902183
4921902183,51.4642471615,25.299469346,1468202400.0,4921902130,4921902233
4921902233,51.4642856438,25.2995288325,1468202401.0,4921902183,4921902280
4921902280,51.4643085466,25.2995964668,1468202402.0,4921902233,4921902336
4921902336,51.4643165142,25.299668095,1468202403.0,4921902280,4921902644
4921902644,51.4645005,25.3007206,1468202412.0,4921902336,4921903320
4921903320,51.4646288,25.302126,1468202422.0,4921902644,4921903467
4921903467,51.4647486,25.3037031,1468202432.0,4921903320,4921903911
4921903911,51.4646431,25.3051306,1468202441.0,4921903467,4921904310
4921904310,51.4642403,25.3065258,1468202450.0,4921903911,4921904738
4921904738,51.4635086,25.3078888,1468202459.0,4921904310,4921905207
4921905207,51.4626556,25.3092175,1468202469.0,4921904738,4921905681
4921905681,51.4617796,25.3106003,1468202479.0,4921905207,4921906222
4921906222,51.4609873,25.3118066,1468202489.0,4921905681,4921906348
4921906348,51.4608993,25.311985,1468202492.0,4921906222,4921906410
4921906410,51.460883,25.3120655,1468202493.0,4921906348,4921906483
4921906483,51.4608854512,25.3121612454,1468202494.0,4921906410,4921906603
4921906603,51.4609158181,25.3122794464,1468202496.0,4921906483,4921906767
4921906767,51.4609912328,25.3124506295,1468202499.0,4921906603,4921906844
4921906844,51.4610705383,25.3125504637,1468202500.0,4921906767,4921906941
4921906941,51.4611286739,25.3126010849,1468202501.0,4921906844,4921907006
4921907006,51.4612202657,25.3126553666,1468202503.0,4921906941,4921907041
4921907041,51.4613353474,25.3126963259,1468202504.0,4921907006,4921907541
4921907541,51.4625903116,25.3129593737,1468202513.0,4921907041,4921908103
4921908103,51.4642316008,25.3130809458,1468202523.0,4921907541,4921908628
4921908628,51.4658372995,25.3130789644,1468202533.0,4921908103,4921909152
4921909152,51.4675596039,25.3131183463,1468202543.0,4921908628,4921909565
4921909565,51.4692647995,25.3131023622,1468202553.0,4921909152,4921910029
4921910029,51.4707634145,25.3131700286,1468202563.0,4921909565,4921911005
4921911005,51.473701485,25.3135860435,1468202583.0,4921910029,4921911456
4921911456,51.4753028112,25.313711302,1468202593.0,4921911005,4921911947
4921911947,51.476913827,25.3138485362,1468202603.0,4921911456,4921912424
4921912424,51.478273827,25.3139644421,1468202613.0,4921911947,4921912609
4921912609,51.4785183043,25.3139735461,1468202618.0,4921912424,4921912688
4921912688,51.4786044726,25.3139549807,1468202619.0,4921912609,4921912773
4921912773,51.4787162298,25.3139321914,1468202621.0,4921912688,4921912825
4921912825,51.4787706542,25.3139405416,1468202622.0,4921912773,4921912877
4921912877,51.4788466993,25.3139646686,1468202623.0,4921912825,4921913027
4921913027,51.4790271251,25.3140183358,1468202625.0,4921912877,4921913437
4921913437,51.4800862612,25.3141037569,1468202634.0,4921913027,4921913900
4921913900,51.481641954,25.3142300369,1468202644.0,4921913437,4921914406
4921914406,51.4832214535,25.314356578,1468202654.0,4921913900,4921914692
4921914692,51.4839128083,25.3143960779,1468202661.0,4921914406,4921914894
4921914894,51.4841415929,25.3143769121,1468202664.0,4921914692,4921914948
4921914948,51.4842200532,25.3143970591,1468202665.0,4921914894,4921915069
4921915069,51.4844700653,25.3144595545,1468202668.0,4921914948,4921915513
4921915513,51.4855217462,25.3145391832,1468202677.0,4921915069,4921915923
4921915923,51.486616581,25.3146120965,1468202687.0,4921915513,4921915998
4921915998,51.4867347328,25.3145865588,1468202688.0,4921915923,4921916691
4921916691,51.4869905234,25.3145165973,1468202692.0,4921915998,4921916730
4921916730,51.4870749577,25.3145260039,1468202693.0,4921916691,4921916749
4921916749,51.4871349159,25.3145488795,1468202693.0,4921916730,4921916779
4921916779,51.4871843873,25.3145852125,1468202694.0,4921916749,4921916800
4921916800,51.4872238154,25.3146313471,1468202695.0,4921916779,4921916827
4921916827,51.48724311,25.3146681087,1468202695.0,4921916800,4921916851
4921916851,51.487255067,25.3147325491,1468202696.0,4921916827,4921916888
4921916888,51.4872535962,25.3147950111,1468202697.0,4921916851,4921916923
4921916923,51.4872310009,25.3148793006,1468202698.0,4921916888,4921916954
4921916954,51.4871361256,25.3152881041,1468202702.0,4921916923,4921917098
4921917098,51.4870296095,25.3164561016,1468202711.0,4921916954,4921917617
4921917617,51.4869051624,25.3178260235,1468202721.0,4921917098,4921918074
4921918074,51.4867862278,25.3192236756,1468202731.0,4921917617,4921918543
4921918543,51.4866695655,25.3206701365,1468202741.0,4921918074,4921918926
4921918926,51.4866563403,25.3214977919,1468202749.0,4921918543,4921918971
4921918971,51.4866780522,25.3215647001,1468202750.0,4921918926,4921919007
4921919007,51.4867047358,25.3216096822,1468202751.0,4921918971,4921919059
4921919059,51.4867412725,25.3216422678,1468202751.0,4921919007,4921919085
4921919085,51.4867895571,25.3216697997,1468202752.0,4921919059,4921919115
4921919115,51.4868426594,25.3216867601,1468202753.0,4921919085,4921919148
4921919148,51.4868829133,25.3216892321,1468202753.0,4921919115,4921919197
4921919197,51.4869244656,25.3216868355,1468202754.0,4921919148,4921919298
4921919298,51.4870547524,25.3216560356,1468202755.0,4921919197,4921919669
4921919669,51.4880781197,25.3212775373,1468202764.0,4921919298,4921920145
4921920145,51.4895919027,25.3206340464,1468202774.0,4921919669,4921920594
4921920594,51.4911898046,25.3199201392,1468202784.0,4921920145,4921921093
4921921093,51.4927852651,25.3192171875,1468202794.0,4921920594,4921921560
4921921560,51.4943126398,25.3185448725,1468202804.0,4921921093,4921921890
4921921890,51.4951640191,25.3181515632,1468202812.0,4921921560,4921922059
4921922059,51.4952464138,25.3180925425,1468202814.0,4921921890,4921922477
4921922477,51.4958044532,25.3174695051,1468202823.0,4921922059,4921922531
4921922531,51.4958721238,25.3174389757,1468202824.0,4921922477,4921922566
4921922566,51.4959486023,25.3174210215,1468202825.0,4921922531,4921922591
4921922591,51.4961159993,25.3174087898,1468202826.0,4921922566,4921922670
4921922670,51.4963835264,25.3174253643,1468202829.0,4921922591,4921922722
4921922722,51.4965016823,25.317459853,1468202830.0,4921922670,4921922770
4921922770,51.496563097,25.3174962613,1468202831.0,4921922722,4921922815
4921922815,51.4966146517,25.3175436239,1468202831.0,4921922770,4921922841
4921922841,51.4966571079,25.3176026797,1468202832.0,4921922815,4921922861
4921922861,51.4966871003,25.3176689971,1468202833.0,4921922841,4921922898
4921922898,51.4966970108,25.317733527,1468202834.0,4921922861,4921922948
4921922948,51.4966936265,25.3178012896,1468202834.0,4921922898,None
