4925257259,51.4966021304,25.2901448165,1468258155.0,None,4925257788
4925257788,51.4965955151,25.2901499766,1468258165.0,4925257259,4925258119
4925258119,51.4965296592,25.2902028058,1468258171.0,4925257788,4925258240
4925258240,51.4965125472,25.2902181787,1468258172.0,4925258119,4925258747
4925258747,51.4964899721,25.2902502868,1468258182.0,4925258240,4925259291
4925259291,51.4964764155,25.2902462339,1468258192.0,4925258747,4925259932
4925259932,51.4964666373,25.2902528686,1468258202.0,4925259291,4925260473
4925260473,51.4964610981,25.2902566496,1468258212.0,4925259932,4925261112
4925261112,51.4964707112,25.2902579055,1468258222.0,4925260473,4925261659
4925261659,51.4964738418,25.2902614579,1468258232.0,4925261112,4925262288
4925262288,51.4964721563,25.290274251,1468258242.0,4925261659,4925262856
4925262856,51.4964880165,25.2902730133,1468258252.0,4925262288,4925263402
4925263402,51.4965230417,25.29026648,1468258262.0,4925262856,4925263935
4925263935,51.4965899158,25.2902174857,1468258272.0,4925263402,4925264505
4925264505,51.4965182876,25.2902815929,1468258282.0,4925263935,4925269467
4925269467,51.49639281,25.2904306477,1468258373.0,4925264505,4925269921
4925269921,51.4964565761,25.290906936,1468258383.0,4925269467,4925270445
4925270445,51.4966014431,25.2916784938,1468258393.0,4925269921,4925271052
4925271052,51.4966835927,25.2918471451,1468258395.0,4925270445,4925271113
4925271113,51.4967140635,25.2918780327,1468258396.0,4925271052,4925271151
4925271151,51.4967702301,25.2919119775,1468258397.0,4925271113,4925271236
4925271236,51.4968677037,25.2919503341,1468258399.0,4925271151,4925271287
4925271287,51.4970147646,25.2920387221,1468258401.0,4925271236,4925271339
4925271339,51.4970527231,25.2920880049,1468258402.0,4925271287,4925271390
4925271390,51.4970628474,25.2921372972,1468258403.0,4925271339,4925271431
4925271431,51.4970766205,25.2922221734,1468258404.0,4925271390,4925271464
4925271464,51.4970631071,25.2922522497,1468258405.0,4925271431,4925271497
4925271497,51.4970193986,25.2923887698,1468258407.0,4925271464,4925271530
4925271530,51.4969865427,25.2924364464,1468258408.0,4925271497,4925271573
4925271573,51.4969188768,25.2924987134,1468258410.0,4925271530,4925271611
4925271611,51.4968750858,25.2925237172,1468258410.0,4925271573,4925271670
4925271670,51.4968090046,25.2925492833,1468258411.0,4925271611,4925271733
4925271733,51.4967205543,25.2925642162,1468258413.0,4925271670,4925271774
4925271774,51.496639763,25.2925624416,1468258414.0,4925271733,4925271817
4925271817,51.4965512653,25.2925357901,1468258415.0,4925271774,4925271895
4925271895,51.4962040026,25.292454092,1468258420.0,4925271817,4925271948
4925271948,51.4960991789,25.292466742,1468258421.0,4925271895,4925272465
4925272465,51.4951487483,25.2926417477,1468258431.0,4925271948,4925273067
4925273067,51.4940277339,25.2928272945,1468258441.0,4925272465,4925273595
4925273595,51.4926630662,25.2930445137,1468258451.0,4925273067,4925274168
4925274168,51.4912590761,25.2932012423,1468258461.0,4925273595,4925274696
4925274696,51.4898826172,25.2931360465,1468258471.0,4925274168,4925275173
4925275173,51.4886268117,25.2930232561,1468258480.0,4925274696,4925275457
4925275457,51.4879242431,25.2931216149,1468258484.0,4925275173,4925275674
4925275674,51.4872802208,25.2933359954,1468258489.0,4925275457,4925276171
4925276171,51.485893385,25.2939635684,1468258499.0,4925275674,4925276472
4925276472,51.4850338098,25.2942011726,1468258505.0,4925276171,4925276938
4925276938,51.4836096481,25.29442705,1468258514.0,4925276472,4925277444
4925277444,51.4819360902,25.2946915749,1468258524.0,4925276938,4925278380
4925278380,51.4801615018,25.2949183374,1468258534.0,4925277444,4925278610
4925278610,51.478339392,25.295093657,1468258544.0,4925278380,4925279179
4925279179,51.4765367358,25.2951962505,1468258554.0,4925278610,4925280498
4925280498,51.4747640875,25.2952429778,1468258564.0,4925279179,4925280534
4925280534,51.4729815342,25.2952323645,1468258574.0,4925280498,4925280806
4925280806,51.4710978993,25.2951636994,1468258584.0,4925280534,4925281177
4925281177,51.4699872842,25.2950979907,1468258590.0,4925280806,4925281357
4925281357,51.4694990462,25.2949297195,1468258593.0,4925281177,4925281926
4925281926,51.4682425652,25.294468234,1468258603.0,4925281357,4925282319
4925282319,51.4672548204,25.294331272,1468258610.0,4925281926,4925282635
4925282635,51.4664933111,25.294344362,1468258615.0,4925282319,4925282689
4925282689,51.4663945859,25.2943665065,1468258616.0,4925282635,4925282744
4925282744,51.4663304522,25.2943968801,1468258617.0,4925282689,4925282789
4925282789,51.4662563608,25.2944537461,1468258618.0,4925282744,4925282839
4925282839,51.4662157609,25.2945085654,1468258619.0,4925282789,4925282888
4925282888,51.4661909196,25.2945721997,1468258620.0,4925282839,4925282935
4925282935,51.4661694694,25.2946862678,1468258621.0,4925282888,4925283495
4925283495,51.466031631,25.2958030402,1468258631.0,4925282935,4925283923
4925283923,51.4658493878,25.2967428661,1468258638.0,4925283495,4925284272
4925284272,51.4655108449,25.2974987229,1468258643.0,4925283923,4925284588
4925284588,51.4649871,25.2982076,1468258649.0,4925284272,4925284975
4925284975,51.4643101,25.2989276,1468258656.0,4925284588,4925285110
4925285110,51.4642238,25.299123,1468258658.0,4925284975,4925285180
4925285180,51.4641992945,25.2992343242,1468258660.0,4925285110,4925285230
4925285230,51.464202961,25.2993059608,1468258661.0,4925285180,4925285321
4925285321,51.4642325599,25.2994081936,1468258662.0,4925285230,4925285553
4925285553,51.4643293096,25.2996685579,1468258666.0,4925285321,4925285624
4925285624,51.4643222515,25.2997249489,1468258667.0,4925285553,4925285664
4925285664,51.4643010101,25.2997772881,1468258668.0,4925285624,4925285703
4925285703,51.4642653734,25.2998231651,1468258668.0,4925285664,4925285757
4925285757,51.4642191145,25.2998600925,1468258669.0,4925285703,4925285821
4925285821,51.4641485,25.2999021,1468258670.0,4925285757,4925285883
4925285883,51.4640858,25.299918,1468258671.0,4925285821,4925285942
4925285942,51.464021,25.2999243,1468258672.0,4925285883,4925286030
4925286030,51.4639316,25.2999163,1468258673.0,4925285942,4925286096
4925286096,51.4636606,25.299909,1468258675.0,4925286030,4925286159
4925286159,51.4635318,25.2999431,1468258677.0,4925286096,4925286695
4925286695,51.4624426,25.3003691,1468258686.0,4925286159,4925287365
4925287365,51.4610048,25.3009966,1468258696.0,4925286695,4925287864
4925287864,51.4594665,25.301706,1468258706.0,4925287365,4925288384
4925288384,51.457894,25.3024355,1468258716.0,4925287864,4925288976
4925288976,51.4563676,25.3031478,1468258726.0,4925288384,4925289522
4925289522,51.4549626,25.303809,1468258736.0,4925288976,4925290128
4925290128,51.4540765989,25.3042268003,1468258746.0,4925289522,4925290230
4925290230,51.4540092965,25.3042830889,1468258747.0,4925290128,4925290308
4925290308,51.4539580091,25.3043480708,1468258749.0,4925290230,4925290398
4925290398,51.4539266949,25.3044244897,1468258750.0,4925290308,4925290493
4925290493,51.4539071755,25.3045317997,1468258752.0,4925290398,4925290657
4925290657,51.4539066151,25.3047109869,1468258754.0,4925290493,None
