4922058572,51.4438186,25.2977,1468205560.0,None,4922059665
4922059665,51.4457618,25.2972113,1468205570.0,4922058572,4922059752
4922059752,51.446358426,25.2970335157,1468205579.0,4922059665,4922059787
4922059787,51.4464001142,25.2970057946,1468205580.0,4922059752,4922060221
4922060221,51.4464383987,25.296962029,1468205581.0,4922059787,4922060266
4922060266,51.4464710408,25.2969061092,1468205582.0,4922060221,4922060332
4922060332,51.4465327967,25.296804926,1468205583.0,4922060266,4922060369
4922060369,51.4465852668,25.2967649255,1468205584.0,4922060332,4922060409
4922060409,51.4466463719,25.2967335257,1468205585.0,4922060369,4922060637
4922060637,51.4467796915,25.2966934337,1468205587.0,4922060409,4922060952
4922060952,51.4469230384,25.2966703297,1468205589.0,4922060637,4922061119
4922061119,51.4469863483,25.2966786777,1468205590.0,4922060952,4922061932
4922061932,51.447046441,25.2967005982,1468205590.0,4922061119,4922061987
4922061987,51.4470995428,25.2967335016,1468205591.0,4922061932,4922062056
4922062056,51.4471439606,25.2967799181,1468205592.0,4922061987,4922062097
4922062097,51.4471826822,25.2968342027,1468205593.0,4922062056,4922062131
4922062131,51.4472072411,25.2969002342,1468205593.0,4922062097,4922062178
4922062178,51.447213984,25.2969704245,1468205594.0,4922062131,4922062221
4922062221,51.4472023373,25.297039444,1468205595.0,4922062178,4922062285
4922062285,51.4471671127,25.2971268583,1468205596.0,4922062221,4922062337
4922062337,51.4469530888,25.2975456629,1468205600.0,4922062285,4922062382
4922062382,51.4469472809,25.2976542282,1468205601.0,4922062337,4922062431
4922062431,51.447000814,25.2980068278,1468205604.0,4922062382,4922062477
4922062477,51.4472333575,25.2987403756,1468205609.0,4922062431,4922062513
4922062513,51.4475052456,25.2992110295,1468205612.0,4922062477,4922062543
4922062543,51.4480193732,25.2997801658,1468205616.0,4922062513,4922062613
4922062613,51.4502309427,25.3016856687,1468205629.0,4922062543,4922062710
4922062710,51.4517375062,25.3028515832,1468205639.0,4922062613,4922063541
4922063541,51.4530828467,25.3037612364,1468205649.0,4922062710,4922063736
4922063736,51.4535968991,25.3040764796,1468205655.0,4922063541,4922063863
4922063863,51.4537618486,25.3041455565,1468205658.0,4922063736,4922063979
4922063979,51.4538130703,25.304187299,1468205659.0,4922063863,4922064935
4922064935,51.453851636,25.3042384758,1468205660.0,4922063979,4922065040
4922065040,51.4538722472,25.3042843272,1468205660.0,4922064935,4922065099
4922065099,51.4538862103,25.3043529585,1468205661.0,4922065040,4922065185
4922065185,51.4539158035,25.3048502994,1468205667.0,4922065099,4922065287
4922065287,51.4544721898,25.3060271769,1468205676.0,4922065185,4922066049
4922066049,51.4547053841,25.3070098395,1468205682.0,4922065287,4922066100
4922066100,51.4546998535,25.3079039633,1468205686.0,4922066049,4922066135
4922066135,51.4545061265,25.3088139985,1468205691.0,4922066100,4922066257
4922066257,51.4541341349,25.3096420346,1468205696.0,4922066135,4922066321
4922066321,51.4534790622,25.3107914761,1468205705.0,4922066257,4922066666
4922066666,51.4527537088,25.3120179703,1468205715.0,4922066321,4922067172
4922067172,51.4520015004,25.3131860997,1468205725.0,4922066666,4922067899
4922067899,51.4513561,25.314497,1468205735.0,4922067172,4922068362
4922068362,51.4507058,25.31577,1468205745.0,4922067899,4922081676
4922081676,51.4504058,25.3165185,1468205751.0,4922068362,4922081712
4922081712,51.4501528,25.3172771,1468205757.0,4922081676,4922081740
4922081740,51.4498165,25.3178021,1468205762.0,4922081712,4922081773
4922081773,51.4493538,25.3184428,1468205771.0,4922081740,4922081810
4922081810,51.449351,25.3184763,1468205781.0,4922081773,4922081839
4922081839,51.4493443,25.3184775,1468205791.0,4922081810,4922081873
4922081873,51.4493216,25.3185278,1468205801.0,4922081839,4922081902
4922081902,51.44931,25.3186041,1468205803.0,4922081873,4922081934
4922081934,51.4493146,25.3186783,1468205805.0,4922081902,4922082345
4922082345,51.4493378,25.3187535,1468205806.0,4922081934,4922082393
4922082393,51.4494563,25.3190948,1468205810.0,4922082345,4922082441
4922082441,51.4495031,25.3194106,1468205814.0,4922082393,4922082474
4922082474,51.4495515,25.3194886,1468205815.0,4922082441,4922082606
4922082606,51.4496008,25.3195398,1468205815.0,4922082474,4922082661
4922082661,51.4496618,25.319581998,1468205816.0,4922082606,4922082706
4922082706,51.4497536,25.3196225,1468205817.0,4922082661,4922082730
4922082730,51.4498608,25.319647,1468205818.0,4922082706,4922082758
4922082758,51.4503923,25.3196778,1468205822.0,4922082730,4922082814
4922082814,51.4520893,25.3197311,1468205831.0,4922082758,4922082901
4922082901,51.4554683,25.319876,1468205845.0,4922082814,4922082960
4922082960,51.4581378,25.3199271,1468205855.0,4922082901,4922082998
4922082998,51.460612,25.3200013,1468205865.0,4922082960,4922083040
4922083040,51.4630911,25.3200648,1468205875.0,4922082998,4922083081
4922083081,51.4655138,25.3201131,1468205885.0,4922083040,4922083129
4922083129,51.4678401915,25.320205742,1468205895.0,4922083081,4922083185
4922083185,51.470152311,25.3205650991,1468205905.0,4922083129,4922083221
4922083221,51.4724031,25.3211635,1468205915.0,4922083185,4922083274
4922083274,51.4747188,25.3217905,1468205925.0,4922083221,4922083308
4922083308,51.4769901,25.3223621,1468205935.0,4922083274,4922083357
4922083357,51.4792266,25.3226961,1468205945.0,4922083308,4922083400
4922083400,51.4813921,25.3227601,1468205955.0,4922083357,4922083492
4922083492,51.483844,25.3225335,1468205965.0,4922083400,4922083534
4922083534,51.4860106,25.3220993,1468205975.0,4922083492,4922083567
4922083567,51.4877627262,25.3214711856,1468205985.0,4922083534,4922083598
4922083598,51.4895625599,25.3206851987,1468205995.0,4922083567,4922083657
4922083657,51.4913749499,25.319893433,1468206005.0,4922083598,4922083716
4922083716,51.4932428906,25.3190761841,1468206015.0,4922083657,4922083765
4922083765,51.4949181824,25.3183463736,1468206025.0,4922083716,4922083816
4922083816,51.495235726,25.3181753836,1468206029.0,4922083765,4922083878
4922083878,51.4952976959,25.3181182667,1468206030.0,4922083816,4922083919
4922083919,51.4953418729,25.3180596614,1468206039.0,4922083878,4922083945
4922083945,51.4956553097,25.3176516248,1468206049.0,4922083919,4922083979
4922083979,51.4957858269,25.3175025614,1468206051.0,4922083945,4922084032
4922084032,51.4958621923,25.3174518465,1468206052.0,4922083979,4922084064
4922084064,51.495929503,25.317425023,1468206053.0,4922084032,4922084107
4922084107,51.4960288249,25.3174064996,1468206054.0,4922084064,4922084148
4922084148,51.4962209835,25.317404242,1468206056.0,4922084107,4922084175
4922084175,51.4968661,25.3174448,1468206061.0,4922084148,4922084209
4922084209,51.4970105,25.3174053,1468206063.0,4922084175,4922084678
4922084678,51.4983369581,25.3168259644,1468206072.0,4922084209,4922085414
4922085414,51.5014825582,25.3154555893,1468206087.0,4922084678,None
