4922720755,51.4988596,25.2944213,1468216307.0,None,4922720830
4922720830,51.4988873,25.2944126,1468216309.0,4922720755,4922721291
4922721291,51.4989972181,25.2944358136,1468216316.0,4922720830,4922721718
4922721718,51.4991062394,25.294490327,1468216321.0,4922721291,4922721836
4922721836,51.4991449118,25.2945087466,1468216323.0,4922721718,4922721905
4922721905,51.4991507575,25.2945115527,1468216324.0,4922721836,4922722498
4922722498,51.4991629155,25.2944956409,1468216333.0,4922721905,4922723268
4922723268,51.4991538118,25.2944505757,1468216343.0,4922722498,4922724023
4922724023,51.4991386766,25.2944268055,1468216353.0,4922723268,4922724726
4922724726,51.4991388396,25.2944417969,1468216363.0,4922724023,4922725458
4922725458,51.4991311184,25.2944317945,1468216373.0,4922724726,4922726253
4922726253,51.4991223301,25.2944368028,1468216383.0,4922725458,4922726914
4922726914,51.4991184002,25.2944529724,1468216393.0,4922726253,4922727580
4922727580,51.4991177659,25.2944589723,1468216403.0,4922726914,4922728342
4922728342,51.4991115326,25.294457822,1468216413.0,4922727580,4922729057
4922729057,51.4991158216,25.2944667749,1468216423.0,4922728342,4922729828
4922729828,51.4991247212,25.2944719026,1468216433.0,4922729057,4922730644
4922730644,51.4991178761,25.2944584706,1468216443.0,4922729828,4922749832
4922749832,51.4991124136,25.2944004368,1468216726.0,4922730644,4922749909
4922749909,51.4991493051,25.2944061932,1468216728.0,4922749832,4922750024
4922750024,51.4991707035,25.2944136847,1468216729.0,4922749909,4922750080
4922750080,51.4991774054,25.2944203507,1468216730.0,4922750024,4922750150
4922750150,51.4991826303,25.2944297866,1468216730.0,4922750080,4922750212
4922750212,51.4991854689,25.2944400357,1468216730.0,4922750150,4922750271
4922750271,51.4991904704,25.2944568941,1468216731.0,4922750212,4922750360
4922750360,51.4991977395,25.2945049093,1468216732.0,4922750271,4922750676
4922750676,51.4992648741,25.2948379109,1468216739.0,4922750360,4922750744
4922750744,51.4992936419,25.2948830651,1468216740.0,4922750676,4922750785
4922750785,51.4993239502,25.294903473,1468216741.0,4922750744,4922750898
4922750898,51.4993531828,25.2949165713,1468216742.0,4922750785,4922750955
4922750955,51.49938402,25.2949303391,1468216742.0,4922750898,4922751019
4922751019,51.4994424225,25.2949397465,1468216744.0,4922750955,4922751112
4922751112,51.4994897369,25.2949399077,1468216745.0,4922751019,4922751424
4922751424,51.4997222691,25.2949293923,1468216749.0,4922751112,4922752070
4922752070,51.5002164101,25.2949159716,1468216759.0,4922751424,4922752176
4922752176,51.5002738468,25.294895972,1468216761.0,4922752070,4922752244
4922752244,51.5002909617,25.2948785209,1468216761.0,4922752176,4922752311
4922752311,51.5002983309,25.294862727,1468216762.0,4922752244,4922752487
4922752487,51.5003796719,25.2948007982,1468216765.0,4922752311,4922752581
4922752581,51.5004544354,25.2947696162,1468216767.0,4922752487,4922752641
4922752641,51.5004815137,25.2947688653,1468216767.0,4922752581,4922752691
4922752691,51.5005144236,25.294775335,1468216768.0,4922752641,4922752766
4922752766,51.5005609635,25.2947888074,1468216769.0,4922752691,4922753062
4922753062,51.5007151016,25.294825074,1468216774.0,4922752766,4922753837
4922753837,51.5011550571,25.2948244018,1468216784.0,4922753062,4922753928
4922753928,51.5012303419,25.2948249169,1468216786.0,4922753837,4922754167
4922754167,51.5013645016,25.2947652051,1468216790.0,4922753928,4922754420
4922754420,51.5014933071,25.294752304,1468216793.0,4922754167,4922755094
4922755094,51.5020472411,25.2947589263,1468216802.0,4922754420,4922759803
4922759803,51.5022291843,25.2954889277,1468216869.0,4922755094,4922759868
4922759868,51.5021929845,25.2955030411,1468216870.0,4922759803,4922759923
4922759923,51.5021630398,25.2955224748,1468216870.0,4922759868,4922759984
4922759984,51.5021386721,25.295552899,1468216871.0,4922759923,4922760046
4922760046,51.5021276244,25.2955777678,1468216872.0,4922759984,4922760147
4922760147,51.502079184,25.2956853702,1468216874.0,4922760046,4922760241
4922760241,51.5020758025,25.2957306342,1468216875.0,4922760147,4922760290
4922760290,51.5020908177,25.2957739691,1468216875.0,4922760241,4922760367
4922760367,51.5021150704,25.2957992548,1468216876.0,4922760290,4922760410
4922760410,51.5021433868,25.29581475,1468216877.0,4922760367,4922760475
4922760475,51.5021925969,25.2958438895,1468216878.0,4922760410,4922760541
4922760541,51.5022461332,25.2958616929,1468216879.0,4922760475,None
