4922485312,51.5021241937,25.295549129,1468212847.0,None,4922485369
4922485369,51.5020994158,25.2955700977,1468212848.0,4922485312,4922485422
4922485422,51.5020786611,25.2955951332,1468212848.0,4922485369,4922485459
4922485459,51.5020636635,25.2956229729,1468212849.0,4922485422,4922485534
4922485534,51.5020440357,25.2956667852,1468212850.0,4922485459,4922485588
4922485588,51.5020330324,25.2957272221,1468212851.0,4922485534,4922485625
4922485625,51.5020356065,25.2957741483,1468212851.0,4922485588,4922485678
4922485678,51.502047907,25.2958060727,1468212852.0,4922485625,4922485740
4922485740,51.5020684463,25.2958332514,1468212852.0,4922485678,4922485788
4922485788,51.5020823022,25.2958475007,1468212853.0,4922485740,4922485822
4922485822,51.5021134953,25.2958662814,1468212853.0,4922485788,4922485876
4922485876,51.5021490082,25.2958830259,1468212854.0,4922485822,4922485930
4922485930,51.5022488,25.2959221,1468212855.0,4922485876,None
