4921941921,51.5020783,25.2670091,1468203210.0,None,4921960959
4921960959,51.5018315,25.2811086,1468203622.0,4921941921,4921961168
4921961168,51.5003458368,25.281027631,1468203632.0,4921960959,4921961910
4921961910,51.499028173,25.2809478717,1468203642.0,4921961168,4921961967
4921961967,51.4987763753,25.2808962323,1468203645.0,4921961910,4921962273
4921962273,51.4982654281,25.2806931832,1468203653.0,4921961967,4921962505
4921962505,51.497903875,25.2805771224,1468203658.0,4921962273,4921963018
4921963018,51.4969318988,25.2804753744,1468203668.0,4921962505,4921963478
4921963478,51.4959678,25.2804496,1468203677.0,4921963018,4921963593
4921963593,51.4958411865,25.2804912196,1468203679.0,4921963478,4921963760
4921963760,51.4957084534,25.2805458421,1468203683.0,4921963593,4921964252
4921964252,51.4955062592,25.2806621375,1468203692.0,4921963760,4921964380
4921964380,51.4954653258,25.2806767208,1468203694.0,4921964252,4921964436
4921964436,51.4954385431,25.2806767411,1468203695.0,4921964380,4921964966
4921964966,51.4954021776,25.2806744937,1468203705.0,4921964436,4921965494
4921965494,51.4954353,25.2806743,1468203715.0,4921964966,4921966069
4921966069,51.4954901789,25.2806738589,1468203725.0,4921965494,4921966597
4921966597,51.4955108042,25.2806724235,1468203735.0,4921966069,4921967137
4921967137,51.4955393185,25.2806838388,1468203745.0,4921966597,4921967647
4921967647,51.4955714823,25.2806850045,1468203755.0,4921967137,4921968236
4921968236,51.4956087297,25.2806700735,1468203765.0,4921967647,4921968781
4921968781,51.4956466841,25.2806610776,1468203775.0,4921968236,4921969271
4921969271,51.4956624947,25.2806610663,1468203785.0,4921968781,4921969796
4921969796,51.4957257225,25.2806678493,1468203795.0,4921969271,4921970229
4921970229,51.4957988087,25.2806783154,1468203805.0,4921969796,None
