4925185099,51.4991945,25.2901461,1468256903.0,None,4925185742
4925185742,51.4992048,25.2901528,1468256913.0,4925185099,4925186356
4925186356,51.4992076,25.2901546,1468256923.0,4925185742,4925186924
4925186924,51.4992185,25.2901566,1468256933.0,4925186356,4925187473
4925187473,51.499294,25.290196,1468256943.0,4925186924,4925187547
4925187547,51.4993271,25.290198,1468256944.0,4925187473,4925187588
4925187588,51.4993448,25.2901918,1468256945.0,4925187547,4925187622
4925187622,51.4993595,25.2901831,1468256946.0,4925187588,4925187689
4925187689,51.4993748,25.2901695,1468256947.0,4925187622,4925187763
4925187763,51.4993856,25.2901535,1468256948.0,4925187689,4925187809
4925187809,51.499395,25.2901296,1468256949.0,4925187763,4925188452
4925188452,51.4995363,25.2898533,1468256959.0,4925187809,4925188576
4925188576,51.499589,25.2897973,1468256961.0,4925188452,4925188677
4925188677,51.4996423,25.2897663,1468256963.0,4925188576,4925188828
4925188828,51.4997055,25.289742,1468256965.0,4925188677,4925188890
4925188890,51.4997538223,25.2897318158,1468256966.0,4925188828,4925189042
4925189042,51.4998378,25.2897156,1468256969.0,4925188890,4925189089
4925189089,51.4998791,25.2896956,1468256970.0,4925189042,4925189139
4925189139,51.499902,25.289676,1468256971.0,4925189089,4925189371
4925189371,51.5000093602,25.2895970481,1468256975.0,4925189139,4925189465
4925189465,51.5000494476,25.2895785735,1468256977.0,4925189371,4925189542
4925189542,51.5000666713,25.2895786051,1468256977.0,4925189465,4925189626
4925189626,51.5000988929,25.289576999,1468256979.0,4925189542,4925189937
4925189937,51.5002083224,25.2895792517,1468256985.0,4925189626,4925189999
4925189999,51.500232449,25.2895722342,1468256986.0,4925189937,4925190049
4925190049,51.5002524517,25.2895585395,1468256987.0,4925189999,4925190078
4925190078,51.5002597538,25.2895467963,1468256988.0,4925190049,4925190367
4925190367,51.500253,25.2895268,1468256993.0,4925190078,4925190525
4925190525,51.5002343359,25.2895274754,1468256994.0,4925190367,4925190595
4925190595,51.5002189934,25.2895336716,1468256995.0,4925190525,4925190662
4925190662,51.5001944173,25.289548715,1468256997.0,4925190595,4925190729
4925190729,51.5001880625,25.2895567604,1468256998.0,4925190662,4925190747
4925190747,51.5001786555,25.2895682282,1468256999.0,4925190729,4925191271
4925191271,51.5001592836,25.289586558,1468257009.0,4925190747,4925191759
4925191759,51.5001719478,25.2895436411,1468257017.0,4925191271,4925192318
4925192318,51.5001732667,25.2895390769,1468257027.0,4925191759,4925192822
4925192822,51.500183002,25.2895640871,1468257037.0,4925192318,4925193388
4925193388,51.5001831905,25.289563321,1468257047.0,4925192822,4925193916
4925193916,51.5001840373,25.289558219,1468257057.0,4925193388,4925194485
4925194485,51.5001948351,25.2895588806,1468257067.0,4925193916,4925195064
4925195064,51.5002022107,25.2895518244,1468257077.0,4925194485,4925195649
4925195649,51.500199166,25.2895431188,1468257087.0,4925195064,4925196207
4925196207,51.5001947271,25.2895479209,1468257097.0,4925195649,4925196687
4925196687,51.5001929908,25.2895563557,1468257107.0,4925196207,4925197389
4925197389,51.5001908251,25.28956772,1468257117.0,4925196687,4925197951
4925197951,51.5001922502,25.2895946297,1468257127.0,4925197389,4925198509
4925198509,51.5001914786,25.2895969471,1468257137.0,4925197951,4925214331
4925214331,51.5000852993,25.2899037987,1468257407.0,4925198509,4925214884
4925214884,51.5001326858,25.2898322989,1468257417.0,4925214331,4925215238
4925215238,51.5001451794,25.2897411623,1468257423.0,4925214884,4925215327
4925215327,51.5001469899,25.2897127401,1468257424.0,4925215238,4925215393
4925215393,51.5001428419,25.2896982442,1468257425.0,4925215327,4925215555
4925215555,51.5001207903,25.2896699225,1468257427.0,4925215393,4925215618
4925215618,51.5001124145,25.2896616427,1468257428.0,4925215555,4925215662
4925215662,51.5000844516,25.2896514423,1468257429.0,4925215618,4925215709
4925215709,51.5000611636,25.2896490636,1468257430.0,4925215662,4925215769
4925215769,51.5000371898,25.2896459216,1468257430.0,4925215709,4925215817
4925215817,51.5000131577,25.2896509902,1468257431.0,4925215769,4925215854
4925215854,51.4999969126,25.2896591286,1468257432.0,4925215817,4925215909
4925215909,51.4999856138,25.2896677416,1468257432.0,4925215854,4925215958
4925215958,51.4999730687,25.2896838538,1468257433.0,4925215909,4925216092
4925216092,51.4999130005,25.2897645003,1468257437.0,4925215958,4925216138
4925216138,51.4998840698,25.2897782082,1468257438.0,4925216092,4925216227
4925216227,51.4998435051,25.2897921403,1468257439.0,4925216138,4925216597
4925216597,51.4996305517,25.2898510987,1468257446.0,4925216227,4925216677
4925216677,51.499593214,25.2898879411,1468257448.0,4925216597,4925216765
4925216765,51.4995724801,25.2899210409,1468257449.0,4925216677,4925217120
4925217120,51.4994725971,25.2900783041,1468257455.0,4925216765,4925217404
4925217404,51.4993902357,25.2902339081,1468257461.0,4925217120,4925217464
4925217464,51.4993681802,25.2902462179,1468257462.0,4925217404,4925217508
4925217508,51.4993358,25.2902618,1468257463.0,4925217464,4925217567
4925217567,51.4993001348,25.2902654213,1468257464.0,4925217508,4925217614
4925217614,51.4992826098,25.2902618203,1468257464.0,4925217567,4925217655
4925217655,51.4992556,25.2902535,1468257465.0,4925217614,4925217693
4925217693,51.4992331122,25.2902387127,1468257466.0,4925217655,4925217717
4925217717,51.4992172355,25.2902227403,1468257466.0,4925217693,4925218276
4925218276,51.499181512,25.2902072467,1468257476.0,4925217717,4925218867
4925218867,51.4991652235,25.2902207032,1468257486.0,4925218276,4925219448
4925219448,51.4991456843,25.2902331334,1468257496.0,4925218867,None
