4921894974,51.4576666406,25.3021180124,1468202234.0,None,4921895021
4921895021,51.4576618846,25.3021025471,1468202244.0,4921894974,4921895340
4921895340,51.4576550413,25.3020811846,1468202254.0,4921895021,4921895784
4921895784,51.4576505379,25.3020668431,1468202264.0,4921895340,4921896247
4921896247,51.4576526042,25.302060876,1468202274.0,4921895784,4921896651
4921896651,51.4576580706,25.3020560896,1468202284.0,4921896247,4921899291
4921899291,51.458028986,25.3020357991,1468202329.0,4921896651,4921899316
4921899316,51.4580443197,25.3020460073,1468202330.0,4921899291,4921899345
4921899345,51.4580469835,25.3020466978,1468202331.0,4921899316,4921899391
4921899391,51.4580450914,25.3020586911,1468202340.0,4921899345,4921899418
4921899418,51.4580853517,25.3020689497,1468202346.0,4921899391,4921899447
4921899447,51.4580991,25.3020626,1468202347.0,4921899418,4921899516
4921899516,51.4582791,25.3020146,1468202350.0,4921899447,4921899649
4921899649,51.4584038,25.3019596,1468202352.0,4921899516,4921900084
4921900084,51.459237,25.301586,1468202361.0,4921899649,4921900559
4921900559,51.4606,25.30095,1468202371.0,4921900084,4921901022
4921901022,51.462179,25.300242,1468202381.0,4921900559,4921901487
4921901487,51.4635353,25.2997163,1468202391.0,4921901022,4921901814
4921901814,51.4636521,25.2996233,1468202393.0,4921901487,4921901862
4921901862,51.463906,25.299403,1468202396.0,4921901814,4921901896
4921901896,51.4639718,25.2993806,1468202397.0,4921901862,4921901927
4921901927,51.4640415,25.2993731,1468202398.0,4921901896,4921901982
4921901982,51.4640891,25.2993775,1468202398.0,4921901927,4921902040
4921902040,51.4641573848,25.2993989831,1468202399.0,4921901982,4921902130
4921902130,51.4641967446,25.2994222732,1468202400.0,4921902040,4921902183
4921902183,51.4642472229,25.299469303,1468202400.0,4921902130,4921902233
4921902233,51.4642855757,25.2995288771,1468202401.0,4921902183,4921902280
4921902280,51.4643084972,25.2995964993,1468202402.0,4921902233,4921902336
4921902336,51.4643167244,25.2996680591,1468202403.0,4921902280,4921902644
4921902644,51.4645005,25.3007206,1468202412.0,4921902336,4921903320
4921903320,51.4646288,25.302126,1468202422.0,4921902644,4921903467
4921903467,51.4647486,25.3037031,1468202432.0,4921903320,4921903911
4921903911,51.4646431,25.3051306,1468202441.0,4921903467,4921904310
4921904310,51.4642403,25.3065258,1468202450.0,4921903911,4921904738
4921904738,51.4635086,25.3078888,1468202459.0,4921904310,4921905207
4921905207,51.4626556,25.3092175,1468202469.0,4921904738,4921905681
4921905681,51.4617796,25.3106003,1468202479.0,4921905207,4921906222
4921906222,51.4609873,25.3118066,1468202489.0,4921905681,4921906348
4921906348,51.4608993,25.311985,1468202492.0,4921906222,4921906410
4921906410,51.460883,25.3120655,1468202493.0,4921906348,4921906483
4921906483,51.4608854421,25.3121612726,1468202494.0,4921906410,4921906603
4921906603,51.4609157278,25.3122796987,1468202496.0,4921906483,4921906767
4921906767,51.4609912211,25.3124506519,1468202499.0,4921906603,4921906844
4921906844,51.4610706181,25.3125503114,1468202500.0,4921906767,4921906941
4921906941,51.4611287423,25.3126009542,1468202501.0,4921906844,4921907006
4921907006,51.4612202523,25.3126554639,1468202503.0,4921906941,4921907041
4921907041,51.4613353208,25.3126964525,1468202504.0,4921907006,4921907541
4921907541,51.4625903139,25.3129593287,1468202513.0,4921907041,4921908103
4921908103,51.4642316009,25.3130810031,1468202523.0,4921907541,4921908628
4921908628,51.4658372994,25.3130790807,1468202533.0,4921908103,4921909152
4921909152,51.4675596046,25.3131182311,1468202543.0,4921908628,4921909565
4921909565,51.4692647994,25.3131024622,1468202553.0,4921909152,4921910029
4921910029,51.4707633983,25.3131703168,1468202563.0,4921909565,4921911005
4921911005,51.4737014825,25.3135860838,1468202583.0,4921910029,4921911456
4921911456,51.4753028131,25.3137112504,1468202593.0,4921911005,4921911947
4921911947,51.4769138317,25.3138484378,1468202603.0,4921911456,4921912424
4921912424,51.4782738318,25.3139643434,1468202613.0,4921911947,4921912609
4921912609,51.4785183051,25.3139734482,1468202618.0,4921912424,4921912688
4921912688,51.4786044677,25.3139548904,1468202619.0,4921912609,4921912773
4921912773,51.4787162179,25.3139320871,1468202621.0,4921912688,4921912825
4921912825,51.4787706811,25.3139403559,1468202622.0,4921912773,4921912877
4921912877,51.4788467345,25.313964505,1468202623.0,4921912825,4921913027
4921913027,51.4790271473,25.3140182172,1468202625.0,4921912877,4921913437
4921913437,51.4800862544,25.3141038895,1468202634.0,4921913027,4921913900
4921913900,51.4816419459,25.314230219,1468202644.0,4921913437,4921914406
4921914406,51.4832214454,25.3143567659,1468202654.0,4921913900,4921914692
4921914692,51.4839128095,25.3143962665,1468202661.0,4921914406,4921914894
4921914894,51.4841415917,25.3143769327,1468202664.0,4921914692,4921914948
4921914948,51.484220045,25.3143971042,1468202665.0,4921914894,4921915069
4921915069,51.4844700595,25.3144595967,1468202668.0,4921914948,4921915513
4921915513,51.4855217367,25.3145393911,1468202677.0,4921915069,4921915923
4921915923,51.4866165776,25.3146122714,1468202687.0,4921915513,4921915998
4921915998,51.4867347739,25.3145867813,1468202688.0,4921915923,4921916691
4921916691,51.4869905633,25.3145168677,1468202692.0,4921915998,4921916730
4921916730,51.4870749501,25.3145260751,1468202693.0,4921916691,4921916749
4921916749,51.4871349008,25.3145489291,1468202693.0,4921916730,4921916779
4921916779,51.4871843674,25.3145852501,1468202694.0,4921916749,4921916800
4921916800,51.4872237654,25.3146314082,1468202695.0,4921916779,4921916827
4921916827,51.4872430232,25.3146681632,1468202695.0,4921916800,4921916851
4921916851,51.4872549902,25.3147325578,1468202696.0,4921916827,4921916888
4921916888,51.4872535599,25.3147949953,1468202697.0,4921916851,4921916923
4921916923,51.4872310011,25.3148793008,1468202698.0,4921916888,4921916954
4921916954,51.4871361354,25.3152881057,1468202702.0,4921916923,4921917098
4921917098,51.4870296112,25.3164561019,1468202711.0,4921916954,4921917617
4921917617,51.4869050862,25.3178260102,1468202721.0,4921917098,4921918074
4921918074,51.4867863382,25.319223689,1468202731.0,4921917617,4921918543
4921918543,51.4866697588,25.3206701611,1468202741.0,4921918074,4921918926
4921918926,51.4866563857,25.3214977904,1468202749.0,4921918543,4921918971
4921918971,51.4866780099,25.3215647342,1468202750.0,4921918926,4921919007
4921919007,51.4867046897,25.3216097834,1468202751.0,4921918971,4921919059
4921919059,51.4867412326,25.3216424028,1468202751.0,4921919007,4921919085
4921919085,51.4867895505,25.321669982,1468202752.0,4921919059,4921919115
4921919115,51.4868426909,25.3216870334,1468202753.0,4921919085,4921919148
4921919148,51.486882973,25.321689594,1468202753.0,4921919115,4921919197
4921919197,51.4869245349,25.321687271,1468202754.0,4921919148,4921919298
4921919298,51.4870548363,25.3216564484,1468202755.0,4921919197,4921919669
4921919669,51.488078213,25.3212779031,1468202764.0,4921919298,4921920145
4921920145,51.4895920082,25.3206344378,1468202774.0,4921919669,4921920594
4921920594,51.4911899313,25.3199206504,1468202784.0,4921920145,4921921093
4921921093,51.4927853859,25.3192176762,1468202794.0,4921920594,4921921560
4921921560,51.4943127568,25.3185453433,1468202804.0,4921921093,4921921890
4921921890,51.4951641503,25.3181519774,1468202812.0,4921921560,4921922059
4921922059,51.4952465637,25.3180928672,1468202814.0,4921921890,4921922477
4921922477,51.4958045162,25.3174696663,1468202823.0,4921922059,4921922531
4921922531,51.4958721454,25.3174390594,1468202824.0,4921922477,4921922566
4921922566,51.4959486028,25.317421026,1468202825.0,4921922531,4921922591
4921922591,51.4961159992,25.3174087553,1468202826.0,4921922566,4921922670
4921922670,51.4963835309,25.3174252525,1468202829.0,4921922591,4921922722
4921922722,51.4965016971,25.3174595346,1468202830.0,4921922670,4921922770
4921922770,51.4965631148,25.3174959184,1468202831.0,4921922722,4921922815
4921922815,51.4966146614,25.3175434596,1468202831.0,4921922770,4921922841
4921922841,51.4966571094,25.3176026572,1468202832.0,4921922815,4921922861
4921922861,51.4966871003,25.3176689966,1468202833.0,4921922841,4921922898
4921922898,51.4966970128,25.3177335319,1468202834.0,4921922861,4921922948
4921922948,51.4966936501,25.3178013435,1468202834.0,4921922898,None
