4924860651,51.4433678,25.2939048,1468251589.0,None,4924860721
4924860721,51.4443123,25.2947348,1468251599.0,4924860651,4924860774
4924860774,51.445246461,25.2954708484,1468251609.0,4924860721,4924860831
4924860831,51.446102367,25.2960948943,1468251619.0,4924860774,4924860892
4924860892,51.4466811746,25.2965045691,1468251629.0,4924860831,4924860998
4924860998,51.4467087746,25.2965386314,1468251631.0,4924860892,4924861060
4924861060,51.4467305343,25.2965542494,1468251632.0,4924860998,4924861123
4924861123,51.446740112,25.2965600502,1468251633.0,4924861060,4924861174
4924861174,51.4467567605,25.2965602932,1468251633.0,4924861123,4924861218
4924861218,51.446878833,25.2965822299,1468251637.0,4924861174,4924861279
4924861279,51.4471007717,25.2966215274,1468251642.0,4924861218,4924861357
4924861357,51.4471358987,25.2966420145,1468251643.0,4924861279,4924861393
4924861393,51.4471631021,25.2966712515,1468251643.0,4924861357,4924861455
4924861455,51.447198008,25.2967088471,1468251644.0,4924861393,4924861527
4924861527,51.4472215798,25.2967566593,1468251645.0,4924861455,4924861567
4924861567,51.4472413598,25.2968205146,1468251647.0,4924861527,4924861622
4924861622,51.4472462551,25.2968736736,1468251648.0,4924861567,4924861676
4924861676,51.4472398658,25.2969207274,1468251648.0,4924861622,4924861731
4924861731,51.4472239275,25.2969844985,1468251649.0,4924861676,4924861783
4924861783,51.4471905361,25.2970497485,1468251650.0,4924861731,4924861849
4924861849,51.4471475803,25.2971032847,1468251651.0,4924861783,4924861903
4924861903,51.4470822328,25.297156739,1468251653.0,4924861849,4924861964
4924861964,51.446994105,25.2972005595,1468251654.0,4924861903,4924861991
4924861991,51.4468948365,25.2972327416,1468251656.0,4924861964,4924862035
4924862035,51.4467618651,25.2972549196,1468251658.0,4924861991,4924862085
4924862085,51.4466532711,25.2972492567,1468251660.0,4924862035,4924862146
4924862146,51.4465908119,25.2972351192,1468251661.0,4924862085,4924862211
4924862211,51.4463262961,25.2971629724,1468251665.0,4924862146,4924862298
4924862298,51.4462522063,25.2971722962,1468251666.0,4924862211,4924862404
4924862404,51.4461330622,25.2972003,1468251667.0,4924862298,4924862474
4924862474,51.4460143246,25.297248404,1468251669.0,4924862404,4924862555
4924862555,51.4459036668,25.2973156166,1468251672.0,4924862474,4924862612
4924862612,51.4458712512,25.297350774,1468251673.0,4924862555,4924862664
4924862664,51.4458568784,25.297378341,1468251673.0,4924862612,4924862705
4924862705,51.4458494307,25.2974089144,1468251674.0,4924862664,4924862768
4924862768,51.4458510163,25.2974295895,1468251675.0,4924862705,4924862823
4924862823,51.4458561287,25.2974452565,1468251675.0,4924862768,4924862867
4924862867,51.4458656176,25.2974655966,1468251676.0,4924862823,4924862927
4924862927,51.4458740157,25.2974723867,1468251677.0,4924862867,4924862979
4924862979,51.4458801102,25.297477557,1468251677.0,4924862927,4924863055
4924863055,51.4459326001,25.297538301,1468251681.0,4924862979,4924863114
4924863114,51.4460223,25.2975861,1468251684.0,4924863055,4924863185
4924863185,51.4460498,25.297591,1468251685.0,4924863114,4924863241
4924863241,51.4463778,25.2976568,1468251695.0,4924863185,4924863308
4924863308,51.4464675,25.2976723,1468251699.0,4924863241,4924863379
4924863379,51.4465214988,25.2977093003,1468251709.0,4924863308,4924863428
4924863428,51.4465544306,25.2977376878,1468251719.0,4924863379,4924863492
4924863492,51.4465499111,25.2977306702,1468251729.0,4924863428,4924863561
4924863561,51.4465198182,25.2977923954,1468251739.0,4924863492,4924863623
4924863623,51.4465597671,25.2978057778,1468251749.0,4924863561,4924863671
4924863671,51.4465605129,25.2978274411,1468251759.0,4924863623,4924863720
4924863720,51.4465742131,25.297817555,1468251769.0,4924863671,4924863772
4924863772,51.4465922162,25.2978382964,1468251779.0,4924863720,4924863798
4924863798,51.4465931996,25.2978332065,1468251789.0,4924863772,4924863871
4924863871,51.4465862515,25.2978955777,1468251799.0,4924863798,4924863928
4924863928,51.4466091224,25.2978886252,1468251809.0,4924863871,4924863968
4924863968,51.4466242333,25.2978771672,1468251819.0,4924863928,4924864051
4924864051,51.4466229887,25.2978899507,1468251829.0,4924863968,4924864111
4924864111,51.4466339661,25.2979074033,1468251839.0,4924864051,4924864171
4924864171,51.4466396265,25.2979275174,1468251849.0,4924864111,4924873341
4924873341,51.4466735158,25.2979146754,1468252003.0,4924864171,4924873956
4924873956,51.4466812892,25.2980897139,1468252013.0,4924873341,4924874164
4924874164,51.4466950788,25.2981840192,1468252016.0,4924873956,4924874223
4924874223,51.4467058197,25.2981993218,1468252017.0,4924874164,4924874272
4924874272,51.4467174589,25.2982030764,1468252018.0,4924874223,4924874348
4924874348,51.4467338108,25.2982144419,1468252018.0,4924874272,4924874396
4924874396,51.4467701955,25.2982301485,1468252020.0,4924874348,4924874454
4924874454,51.4467827995,25.2982298399,1468252020.0,4924874396,4924874607
4924874607,51.4468045333,25.298231034,1468252021.0,4924874454,4924874723
4924874723,51.4468239648,25.2982271281,1468252022.0,4924874607,4924875067
4924875067,51.4468504148,25.2982089872,1468252028.0,4924874723,4924875140
4924875140,51.4468480035,25.2982041017,1468252028.0,4924875067,4924875209
4924875209,51.4468524686,25.2981869766,1468252029.0,4924875140,4924875276
4924875276,51.4468512454,25.2981463998,1468252031.0,4924875209,4924875736
4924875736,51.4467937732,25.2979096473,1468252038.0,4924875276,4924876353
4924876353,51.4467022809,25.2975029331,1468252048.0,4924875736,4924877130
4924877130,51.44665207,25.2973686417,1468252058.0,4924876353,4924877323
4924877323,51.4466167962,25.2973186669,1468252062.0,4924877130,4924877849
4924877849,51.4464622664,25.2971607001,1468252069.0,4924877323,4924877956
4924877956,51.4464351099,25.2971001655,1468252071.0,4924877849,4924878064
4924878064,51.4464183458,25.2970274253,1468252073.0,4924877956,4924878163
4924878163,51.446420349,25.2969590584,1468252074.0,4924878064,4924878207
4924878207,51.4464364937,25.2969120406,1468252075.0,4924878163,4924878268
4924878268,51.44647311,25.2968471322,1468252077.0,4924878207,4924878352
4924878352,51.4465225756,25.2967853061,1468252078.0,4924878268,4924878436
4924878436,51.4465660949,25.2967521258,1468252079.0,4924878352,4924879079
4924879079,51.4466170337,25.2967246283,1468252080.0,4924878436,4924879190
4924879190,51.4466901254,25.2966994431,1468252081.0,4924879079,4924879271
4924879271,51.4468673098,25.2966539248,1468252084.0,4924879190,4924879321
4924879321,51.4469472973,25.2966564918,1468252085.0,4924879271,4924879448
4924879448,51.4470362344,25.296678988,1468252086.0,4924879321,4924879539
4924879539,51.4471188338,25.2967209356,1468252088.0,4924879448,4924879714
4924879714,51.4471530478,25.2967595838,1468252088.0,4924879539,4924879799
4924879799,51.4471867558,25.2968064743,1468252089.0,4924879714,4924879853
4924879853,51.4472099462,25.2968621966,1468252090.0,4924879799,4924879946
4924879946,51.4472171556,25.2969207052,1468252091.0,4924879853,4924880022
4924880022,51.4472140603,25.2969796362,1468252092.0,4924879946,4924880084
4924880084,51.4471895662,25.2970644155,1468252094.0,4924880022,4924880225
4924880225,51.4471139424,25.2972046535,1468252096.0,4924880084,4924880283
4924880283,51.4469938621,25.2974595745,1468252099.0,4924880225,4924880348
4924880348,51.4469775734,25.2976105435,1468252101.0,4924880283,4924880404
4924880404,51.4469963061,25.2977330863,1468252103.0,4924880348,4924880451
4924880451,51.4471186855,25.2982592094,1468252108.0,4924880404,4924880922
4924880922,51.4475164629,25.2990938781,1468252116.0,4924880451,4924881238
4924881238,51.4479390854,25.2996312136,1468252120.0,4924880922,4924881801
4924881801,51.4491368455,25.3007138609,1468252130.0,4924881238,4924882397
4924882397,51.4504333154,25.3018095353,1468252140.0,4924881801,4924883172
4924883172,51.4517408816,25.3028267312,1468252150.0,4924882397,4924883754
4924883754,51.4529385348,25.3036297517,1468252160.0,4924883172,4924884301
4924884301,51.4535921936,25.3040317737,1468252170.0,4924883754,4924884637
4924884637,51.4538634732,25.3041687761,1468252176.0,4924884301,4924884807
4924884807,51.45388859,25.3042073865,1468252177.0,4924884637,4924885011
4924885011,51.4539157334,25.3042597033,1468252178.0,4924884807,4924885077
4924885077,51.4539229278,25.3043150078,1468252178.0,4924885011,4924885117
4924885117,51.4539274366,25.3044414474,1468252180.0,4924885077,4924885353
4924885353,51.4539323921,25.3047782717,1468252185.0,4924885117,4924885418
4924885418,51.4539820023,25.3048942686,1468252186.0,4924885353,None
