4923652016,51.498216,25.2994215,1468231815.0,None,4923652048
4923652048,51.49827,25.2993903,1468231817.0,4923652016,4923652481
4923652481,51.4985125,25.2992205,1468231826.0,4923652048,4923653307
4923653307,51.4988534438,25.2990003203,1468231835.0,4923652481,4923653415
4923653415,51.4994383352,25.298649339,1468231844.0,4923653307,4923653601
4923653601,51.4997013906,25.2984814949,1468231849.0,4923653415,4923653647
4923653647,51.4997285533,25.2984431172,1468231850.0,4923653601,4923653677
4923653677,51.4997391608,25.2984082974,1468231851.0,4923653647,4923653739
4923653739,51.4997395923,25.2983715567,1468231852.0,4923653677,4923653804
4923653804,51.4997325193,25.2983475016,1468231852.0,4923653739,4923653841
4923653841,51.4997132029,25.2983258423,1468231853.0,4923653804,4923653871
4923653871,51.4996739579,25.2982813854,1468231854.0,4923653841,4923654356
4923654356,51.4992167701,25.2978562918,1468231863.0,4923653871,4923654649
4923654649,51.498883739,25.2975230794,1468231871.0,4923654356,4923655153
4923655153,51.4985526677,25.2969920365,1468231880.0,4923654649,4923655661
4923655661,51.4980073823,25.2961198557,1468231890.0,4923655153,4923656202
4923656202,51.4976411091,25.2954637502,1468231900.0,4923655661,4923656491
4923656491,51.4976298918,25.295447484,1468231910.0,4923656202,4923656910
4923656910,51.4976071132,25.295425548,1468231920.0,4923656491,4923657396
4923657396,51.4976025668,25.2954236089,1468231930.0,4923656910,4923657857
4923657857,51.4975971583,25.2954210516,1468231940.0,4923657396,4923658332
4923658332,51.4975878879,25.2954134602,1468231950.0,4923657857,4923658757
4923658757,51.4975870879,25.2954124779,1468231960.0,4923658332,4923659273
4923659273,51.4975693091,25.2953784615,1468231970.0,4923658757,4923659769
4923659769,51.4974357125,25.2951045297,1468231980.0,4923659273,4923660208
4923660208,51.4971121027,25.2943037589,1468231990.0,4923659769,4923660693
4923660693,51.4968640478,25.2934688963,1468232000.0,4923660208,4923661217
4923661217,51.4967457987,25.2928369559,1468232010.0,4923660693,4923661744
4923661744,51.4967418172,25.2927902475,1468232020.0,4923661217,4923662334
4923662334,51.4967473299,25.2927870066,1468232030.0,4923661744,4923662764
4923662764,51.4967509554,25.2927821408,1468232040.0,4923662334,4923663329
4923663329,51.4967538443,25.2927799158,1468232050.0,4923662764,4923664105
4923664105,51.4967542367,25.2927830594,1468232060.0,4923663329,4923664151
4923664151,51.4967565889,25.2927834985,1468232070.0,4923664105,4923664551
4923664551,51.4967596521,25.2927817754,1468232080.0,4923664151,4923665047
4923665047,51.4967613601,25.2927809875,1468232090.0,4923664551,4923665480
4923665480,51.4967638707,25.2927801266,1468232100.0,4923665047,4923665707
4923665707,51.4967296078,25.2926323463,1468232105.0,4923665480,4923665784
4923665784,51.4966881318,25.2925653892,1468232106.0,4923665707,4923666102
4923666102,51.4966131808,25.2925014488,1468232108.0,4923665784,4923666132
4923666132,51.4964649361,25.2923611564,1468232110.0,4923666102,4923666178
4923666178,51.4964386518,25.2923002197,1468232111.0,4923666132,4923666303
4923666303,51.496425878,25.2922394202,1468232112.0,4923666178,4923666338
4923666338,51.4964316939,25.2921818695,1468232113.0,4923666303,4923666388
4923666388,51.4964477979,25.2921227097,1468232115.0,4923666338,4923666428
4923666428,51.4964633426,25.2920918731,1468232116.0,4923666388,4923666714
4923666714,51.4964680615,25.2920721451,1468232126.0,4923666428,4923667138
4923667138,51.4964483478,25.2920713711,1468232136.0,4923666714,4923667551
4923667551,51.4964352111,25.292070082,1468232146.0,4923667138,4923668022
4923668022,51.4964341558,25.2920729638,1468232156.0,4923667551,4923668238
4923668238,51.4965070083,25.2920025346,1468232160.0,4923668022,4923668356
4923668356,51.4965630178,25.2919742238,1468232161.0,4923668238,4923668401
4923668401,51.4966123603,25.2919593237,1468232162.0,4923668356,4923668424
4923668424,51.4966808142,25.291951594,1468232163.0,4923668401,4923668792
4923668792,51.4967503574,25.2919574257,1468232164.0,4923668424,4923669101
4923669101,51.4968206506,25.2919834665,1468232165.0,4923668792,4923669176
4923669176,51.496867485,25.2920167291,1468232166.0,4923669101,4923669214
4923669214,51.4968957423,25.2920464132,1468232166.0,4923669176,4923669260
4923669260,51.4969291515,25.2921016863,1468232167.0,4923669214,4923669305
4923669305,51.4969527866,25.2921607706,1468232168.0,4923669260,4923669341
4923669341,51.4969613903,25.2922256905,1468232168.0,4923669305,4923669405
4923669405,51.4969527489,25.292291032,1468232169.0,4923669341,4923669460
4923669460,51.496860808,25.2926879464,1468232173.0,4923669405,4923669486
4923669486,51.4969980769,25.2933399404,1468232179.0,4923669460,4923669531
4923669531,51.4973921077,25.2944858498,1468232188.0,4923669486,4923670006
4923670006,51.497902487,25.2955885775,1468232198.0,4923669531,4923670560
4923670560,51.4985246454,25.2965492304,1468232208.0,4923670006,4923670920
4923670920,51.499266801,25.2974242203,1468232218.0,4923670560,4923671446
4923671446,51.5001383662,25.2982438282,1468232228.0,4923670920,4923672115
4923672115,51.5011813262,25.2989443288,1468232238.0,4923671446,4923672241
4923672241,51.5020015341,25.2993767243,1468232246.0,4923672115,4923672308
4923672308,51.5021159514,25.2994038737,1468232248.0,4923672241,4923672336
4923672336,51.5021865076,25.2994040955,1468232248.0,4923672308,4923672381
4923672381,51.5022564934,25.2993904497,1468232249.0,4923672336,4923672436
4923672436,51.5023263741,25.2993644982,1468232250.0,4923672381,4923672474
4923672474,51.5024171,25.2993085,1468232251.0,4923672436,None
