4923460273,51.5004556918,25.2947213504,1468227797.0,None,4923460757
4923460757,51.5004452328,25.2947144174,1468227807.0,4923460273,4923461243
4923461243,51.5004463723,25.2947206392,1468227817.0,4923460757,4923461691
4923461691,51.5004589226,25.2947371155,1468227827.0,4923461243,4923462143
4923462143,51.5004676925,25.2947384532,1468227837.0,4923461691,4923462591
4923462591,51.5004607907,25.294718588,1468227847.0,4923462143,4923463055
4923463055,51.500450289,25.2947046206,1468227857.0,4923462591,4923463521
4923463521,51.500440147,25.2946958744,1468227867.0,4923463055,4923463991
4923463991,51.5004297668,25.2946848699,1468227877.0,4923463521,4923464458
4923464458,51.5004283292,25.2946415971,1468227887.0,4923463991,4923464877
4923464877,51.5004316207,25.2946221683,1468227897.0,4923464458,None
