4924131593,51.5004766,25.3161788,1468241096.0,None,4924132293
4924132293,51.4988286,25.3168965,1468241106.0,4924131593,4924133266
4924133266,51.497411,25.3175353,1468241116.0,4924132293,4924133493
4924133493,51.4971098,25.3176706,1468241126.0,4924133266,4924134047
4924134047,51.4969120999,25.3177691,1468241135.0,4924133493,4924134297
4924134297,51.4967276,25.3179336,1468241139.0,4924134047,4924134653
4924134653,51.4963196,25.318309,1468241144.0,4924134297,4924134715
4924134715,51.4962373,25.3183473,1468241145.0,4924134653,4924134782
4924134782,51.4961716,25.3183593,1468241146.0,4924134715,4924134873
4924134873,51.496111,25.318359,1468241147.0,4924134782,4924135493
4924135493,51.4958116,25.318336,1468241157.0,4924134873,4924135999
4924135999,51.4956913,25.3183135,1468241165.0,4924135493,4924136034
4924136034,51.4956233,25.3182733,1468241166.0,4924135999,4924136110
4924136110,51.4955628,25.3182186,1468241167.0,4924136034,4924136170
4924136170,51.4955226,25.3181621,1468241168.0,4924136110,4924136250
4924136250,51.4954840463,25.3180749092,1468241170.0,4924136170,4924136307
4924136307,51.4954735853,25.3180154775,1468241170.0,4924136250,4924136351
4924136351,51.4954774681,25.3179306078,1468241171.0,4924136307,4924136416
4924136416,51.4954967502,25.3178685314,1468241172.0,4924136351,4924136740
4924136740,51.4956535947,25.3174838614,1468241177.0,4924136416,4924136801
4924136801,51.4956478212,25.3173973362,1468241178.0,4924136740,4924137297
4924137297,51.4954575,25.3163881,1468241187.0,4924136801,4924137823
4924137823,51.4953268,25.3149406,1468241196.0,4924137297,4924138413
4924138413,51.4954843,25.3133405,1468241206.0,4924137823,4924139034
4924139034,51.4958266,25.3120983,1468241216.0,4924138413,4924139640
4924139640,51.4958938,25.3119188,1468241226.0,4924139034,4924140317
4924140317,51.4959295,25.3118315,1468241236.0,4924139640,4924140931
4924140931,51.4961968,25.3112195,1468241246.0,4924140317,4924141636
4924141636,51.4967818567,25.3102659084,1468241256.0,4924140931,4924142203
4924142203,51.4974934335,25.3090897809,1468241266.0,4924141636,4924142829
4924142829,51.4981886129,25.3075997524,1468241276.0,4924142203,4924143461
4924143461,51.4986973067,25.3060034656,1468241286.0,4924142829,4924144130
4924144130,51.4992293035,25.3045293074,1468241296.0,4924143461,4924144785
4924144785,51.4998692167,25.3033111943,1468241306.0,4924144130,4924145393
4924145393,51.5005727377,25.3022129995,1468241316.0,4924144785,4924146019
4924146019,51.501088,25.3014428,1468241326.0,4924145393,4924146586
4924146586,51.5013451,25.301063,1468241336.0,4924146019,4924147195
4924147195,51.501531,25.300753,1468241346.0,4924146586,4924147596
4924147596,51.5015826,25.3006291,1468241352.0,4924147195,4924148108
4924148108,51.5016396,25.300478,1468241362.0,4924147596,4924148703
4924148703,51.501761,25.3002223,1468241372.0,4924148108,4924149144
4924149144,51.5018925,25.299904,1468241379.0,4924148703,4924149241
4924149241,51.5018891,25.2998576,1468241380.0,4924149144,4924149451
4924149451,51.5018698,25.2997825,1468241381.0,4924149241,4924149534
4924149534,51.501841,25.2997346,1468241382.0,4924149451,4924149599
4924149599,51.5017983,25.2996946,1468241382.0,4924149534,4924150035
4924150035,51.5008245,25.2990603,1468241392.0,4924149599,4924150572
4924150572,51.4994501302,25.2979595026,1468241402.0,4924150035,4924151140
4924151140,51.4983885934,25.2967640678,1468241410.0,4924150572,4924152996
4924152996,51.4977659219,25.2957862342,1468241420.0,4924151140,4924153033
4924153033,51.4977466157,25.2957294328,1468241430.0,4924152996,4924153077
4924153077,51.49773975,25.295695887,1468241440.0,4924153033,4924153126
4924153126,51.4977248207,25.2956568086,1468241443.0,4924153077,4924153449
4924153449,51.4976609733,25.2955189387,1468241448.0,4924153126,4924154098
4924154098,51.4973486283,25.2948835853,1468241457.0,4924153449,4924154693
4924154693,51.4970795424,25.2941953366,1468241467.0,4924154098,4924155412
4924155412,51.4967797527,25.2932873463,1468241477.0,4924154693,4924155908
4924155908,51.4966290062,25.2927477492,1468241485.0,4924155412,4924156327
4924156327,51.496582154,25.2926873774,1468241485.0,4924155908,4924157930
4924157930,51.4964995014,25.2926143884,1468241486.0,4924156327,4924157983
4924157983,51.4963748097,25.2925423203,1468241488.0,4924157930,4924158027
4924158027,51.4962602837,25.2925075812,1468241489.0,4924157983,4924158060
4924158060,51.4961028917,25.2924905566,1468241490.0,4924158027,4924158092
4924158092,51.4958304913,25.2925079291,1468241492.0,4924158060,4924158134
4924158134,51.4943603348,25.2927123379,1468241501.0,4924158092,4924158210
4924158210,51.4923841453,25.2930395715,1468241511.0,4924158134,4924158276
4924158276,51.490915163,25.2931687215,1468241518.0,4924158210,4924158607
4924158607,51.4889174264,25.2929820056,1468241528.0,4924158276,4924158788
4924158788,51.4882455073,25.2930223941,1468241531.0,4924158607,4924159001
4924159001,51.4876471095,25.2931631725,1468241534.0,4924158788,4924159679
4924159679,51.4858751463,25.2939383921,1468241544.0,4924159001,4924159984
4924159984,51.4849743146,25.2942054332,1468241549.0,4924159679,4924160565
4924160565,51.4831172851,25.29449014,1468241558.0,4924159984,4924162293
4924162293,51.481091345,25.2947944817,1468241568.0,4924160565,4924162404
4924162404,51.4791664621,25.2950229318,1468241578.0,4924162293,4924162601
4924162601,51.4772427164,25.2951591102,1468241588.0,4924162404,4924163185
4924163185,51.4754169295,25.2952264793,1468241598.0,4924162601,4924164146
4924164146,51.4736369087,25.2952464179,1468241608.0,4924163185,4924164406
4924164406,51.4716986221,25.2951877299,1468241618.0,4924164146,4924165022
4924165022,51.4699981395,25.2950732786,1468241627.0,4924164406,4924165231
4924165231,51.4694974878,25.2949108292,1468241631.0,4924165022,4924165775
4924165775,51.4681424304,25.2944434796,1468241640.0,4924165231,4924166231
4924166231,51.4671730475,25.294330235,1468241647.0,4924165775,4924166691
4924166691,51.466413629,25.2943587852,1468241654.0,4924166231,4924166735
4924166735,51.4663326432,25.294386856,1468241655.0,4924166691,4924166770
4924166770,51.4662998441,25.294408909,1468241655.0,4924166735,4924166814
4924166814,51.4662546437,25.2944486394,1468241656.0,4924166770,4924166852
4924166852,51.4662229709,25.2944922281,1468241657.0,4924166814,4924166909
4924166909,51.4661918999,25.2945558041,1468241658.0,4924166852,4924166971
4924166971,51.4661772136,25.2946116218,1468241658.0,4924166909,4924167484
4924167484,51.4660501232,25.2955802346,1468241668.0,4924166971,4924168112
4924168112,51.4658029237,25.2968423988,1468241678.0,4924167484,4924168407
4924168407,51.4654840693,25.2975326919,1468241683.0,4924168112,4924168727
4924168727,51.4650327683,25.2981393226,1468241688.0,4924168407,None
